5.159370737639211359e-05
4.329964871036122599e-05
3.779776233147879032e-05
4.413210595613811349e-05
3.499438739746223756e-05
3.606695946986710578e-05
3.851562423597740920e-05
3.528969926282035007e-05
4.920632037199066479e-05
3.465732108556616564e-05
3.493512031696743858e-05
3.397021228430945641e-05
3.618332471514122543e-05
3.546710925919785109e-05
3.551110093731277441e-05
3.761919551075465360e-05
4.374043635062866916e-05
3.336700626522508820e-05
3.467191783283068046e-05
4.014690009639779763e-05
3.409431610994727562e-05
4.277561462837169262e-05
3.355474062051583408e-05
3.404740756371408173e-05
3.656002617515206145e-05
3.319307387414904538e-05
4.508939127477816337e-05
4.136016743549400797e-05
3.624092671377202350e-05
5.986104501926877108e-05
3.499968753223351911e-05
6.394633859130476115e-05
3.637503310347494089e-05
3.666834126794921134e-05
5.277837256900806982e-05
5.137093910178824039e-05
4.506170726599776293e-05
3.456107810278665870e-05
3.513304263193760268e-05
4.990426870950759547e-05
3.869849664366548450e-05
4.090003376334648680e-05
3.618434764795372340e-05
3.435265402597962681e-05
3.911147259371933156e-05
3.514730413496699454e-05
3.557946327592377360e-05
3.517660865659026729e-05
4.033335750286295393e-05
3.521374016912487382e-05
4.709047091141261860e-05
3.326703134677910019e-05
3.780262766926575983e-05
3.526262443317269916e-05
3.860789312397342366e-05
4.927745600787829076e-05
5.796500631764165941e-05
3.433069799745016079e-05
3.588447070868553437e-05
3.327689922430673560e-05
4.160865232699057317e-05
3.588042650677255566e-05
3.852633028828594190e-05
3.658434039451282288e-05
3.644772246744128500e-05
4.181543501707752107e-05
3.885947091042574089e-05
3.420129302893537885e-05
4.771633663877752473e-05
3.373528984071970437e-05
3.748665681418359439e-05
3.779510216021785289e-05
3.350569396274428953e-05
5.205106983196836697e-05
3.581915829814839018e-05
3.998898473117194779e-05
3.664016021331030531e-05
3.665852056269182987e-05
3.487552398521127982e-05
3.528140338514451120e-05
4.841230683436884962e-05
3.696404236937526813e-05
3.592081224994743166e-05
3.374013736532233566e-05
3.389350559270374626e-05
3.495195777548114259e-05
3.372341658955271913e-05
3.430724994706077881e-05
3.767292282934551351e-05
3.499527940154592575e-05
4.057058967813771910e-05
3.353945441373869848e-05
3.831002006446744605e-05
3.745525462714760669e-05
3.513432833175571051e-05
4.397615566219911407e-05
4.085160345936056527e-05
3.513266446030704961e-05
3.731642684125477155e-05
4.558515988969201986e-05
3.370158607972689252e-05
3.903889021667046128e-05
3.903262515282468421e-05
4.561957797154073574e-05
3.404666547598514154e-05
4.643254375988874481e-05
4.307242403773245496e-05
4.055416878940343225e-05
3.744478523053182422e-05
3.808880406196738330e-05
3.328591090450360411e-05
3.508160945226993297e-05
4.254347727445308185e-05
3.472938177871275501e-05
3.602467010496108931e-05
3.917903549758869970e-05
3.411950752676799759e-05
4.624923006229718586e-05
4.105710427380775861e-05
4.300270439169759802e-05
3.443247580179270513e-05
3.535428822969019719e-05
3.348502442779010830e-05
4.868691015531190398e-05
3.642425231276470493e-05
3.370670123842314206e-05
3.462248746469067106e-05
3.448361329933785066e-05
4.224061419568179038e-05
3.388228561505403309e-05
3.326014541927617928e-05
3.617913916163821374e-05
4.251721130063897965e-05
3.491077147707370135e-05
3.565492488183436866e-05
3.431830721231634229e-05
4.715366534459317565e-05
3.339793704665169693e-05
3.522475853050983376e-05
3.428575306589039587e-05
3.446813186626192433e-05
3.522973872368461774e-05
3.636829468126834096e-05
3.567821743613445225e-05
4.072591099250255148e-05
3.977092248409894919e-05
4.047716990605397384e-05
3.334473142337348521e-05
4.069761897808269732e-05
3.358168812688390025e-05
3.688669210618923937e-05
3.548412048109827078e-05
4.335878018122345896e-05
3.358919311419551257e-05
3.664316963195616102e-05
4.975325013767806345e-05
3.581141071050270979e-05
4.569808920204286243e-05
3.388192351014013558e-05
3.374098266766609579e-05
5.183835707486925300e-05
4.086854623990504267e-05
5.881127904761809138e-05
3.363784928871605128e-05
3.394075118457704236e-05
3.817853618271614582e-05
3.325231707301581208e-05
3.640144943091834983e-05
3.369041574469143778e-05
3.592351600660753424e-05
3.409385064045032454e-05
3.497244991213709032e-05
3.354918941963668715e-05
3.436069669591041803e-05
4.342254894877247101e-05
3.361116789332648679e-05
3.412024526601047564e-05
5.367683582369066727e-05
3.735569223688201018e-05
3.322010011037118210e-05
4.647768304082921479e-05
3.360834843951207357e-05
3.750670199012039408e-05
3.649608255331236202e-05
3.508279910050232897e-05
3.399971364796040575e-05
3.515480645101045227e-05
3.384225039049561527e-05
3.521198637358858685e-05
3.530269282905820484e-05
3.783645186211479102e-05
3.794242854709693508e-05
3.344658190528162827e-05
3.885339356823873125e-05
3.482425078687188450e-05
3.841607980268500815e-05
3.442743852190315772e-05
3.396365607231663158e-05
3.668388713472134311e-05
3.554540054693157983e-05
3.455477286558718362e-05
5.785701892014345879e-05
3.825562879391488437e-05
3.558245806421097787e-05
3.554857409631111825e-05
3.970503477544532058e-05
3.550186874519172182e-05
3.482171913377947329e-05
3.749043202793713570e-05
3.337336714911030893e-05
4.009262811294375222e-05
3.347834748797001887e-05
3.461865486612331001e-05
3.443735123772643326e-05
3.899329214504791713e-05
3.466370597233117538e-05
3.423940072552654143e-05
4.261312971778876346e-05
3.608898982600426621e-05
5.671630260711481200e-05
4.385993686753829535e-05
3.789937015571767946e-05
6.196872743676467437e-05
3.859043438715390693e-05
3.609069914723666807e-05
3.641468354018515430e-05
3.542560404477836902e-05
3.825596790425835498e-05
3.323494174144483689e-05
4.159994184328086921e-05
3.891734213897501564e-05
3.519435992057590276e-05
4.788057636124416105e-05
3.350126978078243379e-05
4.756105361685725885e-05
3.402102239456968361e-05
3.740100157102963234e-05
4.259140717466753750e-05
3.522490871540066355e-05
3.936489637226697102e-05
4.999412712096418243e-05
4.107849005533136590e-05
3.553311400616420974e-05
3.914192308392946067e-05
3.476402571554161548e-05
3.447116061457327279e-05
3.324885573897479559e-05
3.633912403227131636e-05
3.546502120023234530e-05
4.614747238239873809e-05
3.562093902827069677e-05
3.332614746385646640e-05
3.529577452115108558e-05
5.478026344230064228e-05
5.290678805210544881e-05
3.428060232111968100e-05
3.334493516470154735e-05
3.791250423754823952e-05
3.578790062433811581e-05
3.404474133765999605e-05
3.622341527220457184e-05
4.442464155236280264e-05
3.722112982254176320e-05
3.714081045801698199e-05
4.011860794771889807e-05
3.496849203571411472e-05
3.449976477136878778e-05
3.669820734092083361e-05
6.587179001434106170e-05
3.805148473710325907e-05
3.552524252835172712e-05
3.469132780950698710e-05
4.655458605367251865e-05
3.374895382207473152e-05
3.340654070610348572e-05
3.769261378806102386e-05
3.485773462909689564e-05
3.893120748352698598e-05
4.252630956470930128e-05
3.814089484878328622e-05
4.013786585932734415e-05
3.513773103041330632e-05
3.538621421788210383e-05
4.066195423778207608e-05
3.757355887209529080e-05
6.080015082145660881e-05
3.413619156807438487e-05
3.978448674861557929e-05
3.629608834434286087e-05
3.715709409827687638e-05
4.846421913870485154e-05
3.459729169789984437e-05
3.532836745496572461e-05
3.794867076174512118e-05
3.900976819950599289e-05
4.741088870553636874e-05
3.564111827330259627e-05
3.618130186387199078e-05
3.338596289513525502e-05
4.177264315738479122e-05
3.403607901219281583e-05
3.673255789172386618e-05
4.045234917668356434e-05
3.322227606399962387e-05
3.630210335831668932e-05
4.248448789466751269e-05
3.622373976978088294e-05
3.466773411372498111e-05
3.356935052335361188e-05
3.773410705308649665e-05
4.265654282129590757e-05
4.585153538862661945e-05
3.849883429506977960e-05
3.698610154201974150e-05
3.347898080323461617e-05
4.389134034647070959e-05
3.699450386055959026e-05
4.166891806425720621e-05
3.886785640806075895e-05
3.451729831734291662e-05
3.711971852334181938e-05
3.486803541712939252e-05
3.327959172780196146e-05
3.589657203631496679e-05
3.754313357807947477e-05
3.413316225510490713e-05
3.922601668668423400e-05
3.415481514539908182e-05
4.044885860953575431e-05
3.476654298918819115e-05
3.494100828753984693e-05
4.572278475045178908e-05
3.428351504558073247e-05
3.649426598335080938e-05
3.338773221784766481e-05
3.516901856544115784e-05
3.514614566689887721e-05
3.402135290092062899e-05
3.416979189694998263e-05
3.970525087917163110e-05
3.318835722148939647e-05
4.594341173239744757e-05
3.325794695736142607e-05
3.618172041034143271e-05
3.348364329235036229e-05
3.580406537669134293e-05
4.287860071937747209e-05
4.010028847866113752e-05
3.456624656509438547e-05
3.608456328837396154e-05
3.964788797407965085e-05
3.587116770226530561e-05
3.963757854576491836e-05
4.408691825535284971e-05
3.859553606311187451e-05
4.961570082379321598e-05
4.091193014786807217e-05
3.532754805190379524e-05
3.749429052357931879e-05
3.705953166372476969e-05
3.885356560443801630e-05
3.685165226399568728e-05
3.514198942820774178e-05
4.000638638940568983e-05
4.717452902101301011e-05
3.507338012377369293e-05
3.350695771970927067e-05
5.356933639313159326e-05
3.683351128236374798e-05
3.338866028403826016e-05
3.604752330606514327e-05
3.363134075696737877e-05
3.512989085957223651e-05
3.872701282354162335e-05
3.355911684881915581e-05
3.873031056321865932e-05
3.594027155732648258e-05
3.542488938856356776e-05
3.460770190411459254e-05
3.729543590171481034e-05
3.619334138313321907e-05
3.627689572723213549e-05
3.474891153682573664e-05
3.718880488594462073e-05
3.712084541448963860e-05
4.346393116232798984e-05
3.416140714070344187e-05
3.528137846451916056e-05
3.442519908010226691e-05
4.964582761703554875e-05
4.574744367256713783e-05
4.355067417947758605e-05
4.394313381408069549e-05
3.377508428713550648e-05
3.821775603169612015e-05
3.634204169866577953e-05
3.912408070180873406e-05
3.400732616058828523e-05
3.536432004253914411e-05
4.818440212501365143e-05
4.142652809250416032e-05
3.392355152163611384e-05
3.769066051164844124e-05
3.994168688605473106e-05
3.464066328981613862e-05
4.046267913939800506e-05
3.600908262328737612e-05
3.487714463944434758e-05
3.365011797202437284e-05
3.736514503325652828e-05
3.455722674395357721e-05
3.703791967440815967e-05
4.308971926172631002e-05
3.360225163893638755e-05
3.739781720619410733e-05
4.893918962063756491e-05
3.333416128510734296e-05
4.292277723675911103e-05
3.964897274831199190e-05
3.461610790535597136e-05
3.410315671190840563e-05
4.278843357617990046e-05
3.741559764716701218e-05
3.585785111489941653e-05
3.735411613113504470e-05
5.019673232210209390e-05
3.416459292570899907e-05
3.503502476541314194e-05
3.719578896043508132e-05
3.343049454637453155e-05
3.454703869458216546e-05
3.790692071334815218e-05
3.648470218395152614e-05
4.214000221192069624e-05
3.642553067048957078e-05
3.421756948083185689e-05
3.448685056447871414e-05
3.484745124668500407e-05
3.935255473179980086e-05
3.788171558842493990e-05
3.950034106347620597e-05
4.036437065789724667e-05
3.882233539698917544e-05
3.888928462542933146e-05
3.375227595470639010e-05
3.623673627817900638e-05
3.683745129077691069e-05
3.598684661048767860e-05
3.648188397815886586e-05
3.661579033607800988e-05
3.548941809840870995e-05
3.612500238669938293e-05
4.365508884419119442e-05
4.046690138995097689e-05
3.498885557604063589e-05
3.495643207000622663e-05
3.914171704964329135e-05
3.484446002533479487e-05
3.551616726623112923e-05
3.821999611089328821e-05
3.942475623223074736e-05
3.863269117045199311e-05
3.765732881255681508e-05
3.721194197832684955e-05
4.932809481067154721e-05
4.685281804839597518e-05
3.396824855212377887e-05
4.225279157156242878e-05
3.356083258847050206e-05
4.099911185369556810e-05
3.684165563943022042e-05
4.154445722315548267e-05
3.544968202985690633e-05
4.639186192667084141e-05
3.374802459014821204e-05
4.060273322008320899e-05
5.586303410886767762e-05
4.227050895939352430e-05
3.349322169475528563e-05
3.368478429793091958e-05
3.550392635700456176e-05
3.684734047563266072e-05
3.524834101039507102e-05
3.931637245995538914e-05
3.325102652193587629e-05
3.748891363189023280e-05
3.679582346259839819e-05
3.879598864584840541e-05
3.424689469213764082e-05
3.616270962299510084e-05
3.437130509970599758e-05
3.343875750051447714e-05
3.352770479741881075e-05
4.829835639291205979e-05
3.397455351364690805e-05
3.422970869558631296e-05
4.810575269421147107e-05
3.432212520778226040e-05
3.635907535968380019e-05
3.546258879940463235e-05
3.462217250059322469e-05
4.379452336793094458e-05
3.353558688764079056e-05
3.677442723526743162e-05
3.989547870158659997e-05
3.445678083440926673e-05
3.679791015121960235e-05
3.955298015593313880e-05
3.407828842660391125e-05
5.133827550503426820e-05
3.765874529078499681e-05
4.058787383773409515e-05
3.350135598149132427e-05
3.524984001886932445e-05
3.494254383121267969e-05
3.337978274521657078e-05
3.368786917986941315e-05
3.398447454560449770e-05
3.858447359212408988e-05
4.290378283751974221e-05
4.021707866818452021e-05
3.641306141610625539e-05
3.324471843822498352e-05
3.813391375505937204e-05
3.318720725793626960e-05
3.391641494807700951e-05
4.026550325747431684e-05
4.093900580910085613e-05
3.455448259021473285e-05
3.611696658513493423e-05
3.586726227723463311e-05
3.711371407492642207e-05
5.185340216064237282e-05
4.024816519203986841e-05
3.609772141865793578e-05
4.851867712903210392e-05
3.364597298767900679e-05
3.396639516638726961e-05
3.450776649750076513e-05
3.807304760478891193e-05
3.423720849644987962e-05
3.518572588956774954e-05
3.365735413353063246e-05
4.238249850669423226e-05
3.632657301993975012e-05
3.403814202054661727e-05
3.789562403522159760e-05
3.335145308040188408e-05
4.087212205906981251e-05
3.515145864596444470e-05
3.801576945064824472e-05
3.452949378243287112e-05
3.357740564950714935e-05
3.525031466834281088e-05
3.445289732519327049e-05
3.372601220088899634e-05
3.509142705766074604e-05
3.897266537849212358e-05
3.827520386527150185e-05
4.566619970155709571e-05
3.542503725172299449e-05
4.359381239358967687e-05
4.170635658605413137e-05
3.792954760566643512e-05
3.714176249910325448e-05
3.360988640404138358e-05
3.363270527763185467e-05
3.609058207754190265e-05
3.469597341264040184e-05
3.605271379728954505e-05
4.656179234925508607e-05
5.262171989522416510e-05
4.319022006982751913e-05
3.322162919980580897e-05
3.517271364264296037e-05
4.428307396412708925e-05
3.419846961016124385e-05
3.467278055222214377e-05
3.396102707743172300e-05
3.668151386610307409e-05
4.837301033909495614e-05
3.452282874897733429e-05
4.083582497827788205e-05
3.465397034279902645e-05
3.547697997260411314e-05
3.524471768264816343e-05
3.636288312237441142e-05
3.688585416205659946e-05
3.474696251793335983e-05
3.331016228304782399e-05
3.880105472291165743e-05
3.750238349124658549e-05
3.921657320248792136e-05
3.340318107951863348e-05
3.531149707980786519e-05
4.115674712640993708e-05
3.764897277592571881e-05
3.402991544582633070e-05
3.631550628702071704e-05
3.366614527779251460e-05
3.868085992240392310e-05
3.420932540679983081e-05
4.209949209109004222e-05
3.651684190873467055e-05
3.717711358012612565e-05
4.270468502718049130e-05
3.824513223362424158e-05
3.343696670740684245e-05
3.786393576328107131e-05
4.423702518910926549e-05
3.333925823231066412e-05
3.493304607741090851e-05
3.585038883550951668e-05
4.567798782400887380e-05
3.381348982910929707e-05
3.785527337092712126e-05
4.473822030540523662e-05
4.557500663571235504e-05
3.354715716304231454e-05
4.139552018277161235e-05
3.432083474844255223e-05
4.080162797782524231e-05
3.651729530282684505e-05
4.374410674372055882e-05
4.366707178819463170e-05
3.405273829396688809e-05
3.507368407032278833e-05
3.861279401520544176e-05
3.394388338075446138e-05
3.430881093370228668e-05
4.242795872438134266e-05
3.834649357773125991e-05
3.377086892217070362e-05
4.137241123477210225e-05
4.164222784635498856e-05
4.247632238196618590e-05
3.386505991947473863e-05
4.969651036937474596e-05
3.363881532573270142e-05
3.868819190282639294e-05
3.830401799435113094e-05
3.646173000018865012e-05
3.501936534950011542e-05
3.360202366216410075e-05
4.215216800029854033e-05
3.375630072421394987e-05
3.417825258575719118e-05
4.171160979488118986e-05
3.345815048790299278e-05
3.618048798539685125e-05
4.389708070448515136e-05
3.721037059818003073e-05
3.397046118581490792e-05
3.664959044706069788e-05
3.557486017666508017e-05
3.890224409290268413e-05
4.011514197383900769e-05
5.127072576167334290e-05
3.445521161602536339e-05
3.610962728548661833e-05
3.663670078800304608e-05
5.136960882139374662e-05
3.368031125442458079e-05
3.450175243136691485e-05
4.264721008338609199e-05
3.905921376259753440e-05
3.400517527336445678e-05
3.541623643832607219e-05
3.486249978391532932e-05
4.166229330315927523e-05
3.624169057224519477e-05
3.504662979714222911e-05
3.838364281211583458e-05
3.962784112322361466e-05
3.627350181983631883e-05
3.341279408777501219e-05
3.720205862145813862e-05
3.547469712083255622e-05
3.498589748658503411e-05
3.910133297275327581e-05
4.541630699861387463e-05
3.365817679865209573e-05
3.385641011587339294e-05
3.325469250011398498e-05
4.177373948182335828e-05
3.893785954823790756e-05
3.632944747278018773e-05
3.655778893052300421e-05
3.529385763953223011e-05
3.368990647407386500e-05
3.972117962112161422e-05
3.662496799605467805e-05
3.664285524687792842e-05
4.065959264700239414e-05
3.699032523838330019e-05
3.449093575550944604e-05
3.328509193806833459e-05
3.569847670865509048e-05
4.003086523023631558e-05
3.555587030461478012e-05
3.535854961012018096e-05
3.638192840979972509e-05
3.407236526922555322e-05
3.425146460934849269e-05
4.465819273799547022e-05
3.400023784798576586e-05
3.828850398081438733e-05
3.623094619135418026e-05
3.879729371843333849e-05
3.711360566683291872e-05
6.116600968920103741e-05
3.698684570913619293e-05
3.365218993777507802e-05
3.934995222034659833e-05
3.603857016420559923e-05
3.647483584320075428e-05
4.183561608958364124e-05
3.341325717321748194e-05
3.701319331986301981e-05
3.342818222499598313e-05
3.977930981834121565e-05
3.340871238398837703e-05
3.462547923070395656e-05
3.319059786133452813e-05
3.907011766246989282e-05
3.578715776072994361e-05
3.390638344292760037e-05
3.505221269837460171e-05
3.412232162987812904e-05
3.830775468621914137e-05
4.482301803636547260e-05
4.014349325555501756e-05
3.422797524680903941e-05
3.531361019629617978e-05
3.575976201928188387e-05
3.498564244666894777e-05
3.437200129614290990e-05
3.370415805619567589e-05
3.389183577166220265e-05
3.781564840543354220e-05
3.704467714622596583e-05
3.854390804049110622e-05
3.517052688916450420e-05
3.646487112182943775e-05
3.477818858677934915e-05
4.432498702174543411e-05
3.477754045008583694e-05
3.617997637887025150e-05
3.321830612410662012e-05
3.621945112080649561e-05
3.494443741287769738e-05
3.676964562208127533e-05
3.569229844711199767e-05
3.413856537777011776e-05
3.501974689524439428e-05
3.578749325277174491e-05
3.534330618866043505e-05
4.047508602802229934e-05
4.283719274246222561e-05
3.834070546426627060e-05
3.332250306530392926e-05
3.432553890472998478e-05
3.440182099140358184e-05
3.986840239368176226e-05
3.449939370662130991e-05
3.698500710380839214e-05
3.624768416711070137e-05
5.541170011693681850e-05
4.097442469786340222e-05
3.332920791189624869e-05
4.058027740744816255e-05
3.713319171222626545e-05
3.988918556809226156e-05
3.338651402330216223e-05
4.262792040828486997e-05
3.430342739644936785e-05
3.681598855905239244e-05
4.952217301159369682e-05
4.268617510952870178e-05
3.320376795094788286e-05
3.478741445108047409e-05
3.526923636361167731e-05
3.348151373489240894e-05
3.447118717930320111e-05
4.912427352737688152e-05
4.066138074327047810e-05
3.817831553332040498e-05
4.435736628829436214e-05
3.510871601023446387e-05
3.457075404950855257e-05
3.809887476043994671e-05
3.592823438156574967e-05
4.000007054730210710e-05
3.485742547610005986e-05
3.476031376881661246e-05
4.285228283218111265e-05
4.371719386900275555e-05
3.367374027915135472e-05
3.477435113369911894e-05
3.834009083165478801e-05
3.821617575864252495e-05
4.287804680931408657e-05
4.329350330929759383e-05
3.452396628683102828e-05
3.695061829375465224e-05
4.835458603211368331e-05
3.353764972085642197e-05
3.356180473387723853e-05
3.326653334735914604e-05
4.128301650413925293e-05
3.682418788324639419e-05
3.965932823307488295e-05
3.669330887497683361e-05
3.336750015185700388e-05
3.489899039070669146e-05
3.617311427768777737e-05
4.384761858925368181e-05
3.357260749096218039e-05
3.579932579615126103e-05
3.347474848022831558e-05
3.506212900569800108e-05
3.753369846523658406e-05
3.627534895256708550e-05
3.630466063724383381e-05
3.397513407197931388e-05
3.594978918700086901e-05
4.034671842605810818e-05
4.123605782123528372e-05
3.329468206952533403e-05
3.404946868517056752e-05
3.350598119174661799e-05
3.737642017313102535e-05
3.668012553210973946e-05
4.177906336107049421e-05
3.684853464824981625e-05
3.469138001679888923e-05
3.734535902429858117e-05
3.394429909925664570e-05
3.732165883027962886e-05
4.224034077720469511e-05
3.816856333963887803e-05
3.714747333681975376e-05
3.504759429118925619e-05
3.365253050131227446e-05
3.337397692172839556e-05
4.985869076633361473e-05
3.388128283691318825e-05
3.478539362944697627e-05
5.174470411100401710e-05
3.557683313404174237e-05
3.733830235635006103e-05
3.334775808505292745e-05
4.272340846808311230e-05
5.231615306916181604e-05
3.565349645879666555e-05
3.623835704665333897e-05
3.524006832744212825e-05
3.657590205357810894e-05
4.481783031356343690e-05
3.504404053108040290e-05
3.421176665591691384e-05
3.920939793522864979e-05
3.568447486590084586e-05
3.834383768698982416e-05
3.670243333912696031e-05
3.739318793290787572e-05
4.000629819819933794e-05
3.325583605787037461e-05
4.249420311926023865e-05
4.346843827022218152e-05
3.321457024848613771e-05
3.911819080409671868e-05
4.600238095641071543e-05
3.687047520811461657e-05
3.360017119319048647e-05
3.399954810649271242e-05
3.547926242048423832e-05
3.494604929383907809e-05
3.547098969434670987e-05
3.449775028793913682e-05
3.514838695582213763e-05
3.561622924912786570e-05
3.546784614047905089e-05
3.478899461230642822e-05
3.758713395400411638e-05
4.142011679337640904e-05
3.519498716675882756e-05
3.794681471186802952e-05
4.286071989879406655e-05
3.581141071050270979e-05
3.873998718880230515e-05
3.704149501731407917e-05
3.675172716818817290e-05
3.354148795396026732e-05
3.679058310760629981e-05
3.567212622795721134e-05
3.504602060539629163e-05
3.389965414973811599e-05
3.767648052428095924e-05
3.453811076286244429e-05
3.497548770419169143e-05
3.366197736100441315e-05
3.710308594025788084e-05
3.534444697270349778e-05
3.648586111099994325e-05
5.405165780729995841e-05
3.768118109017423549e-05
3.552379971889763587e-05
3.671916766823572580e-05
4.325037547937723948e-05
3.909992412005432367e-05
3.331538603965990329e-05
4.599012285946451662e-05
3.359523940674296461e-05
3.609002012846976808e-05
3.353203341224815758e-05
3.672756044530411370e-05
3.458803094422031865e-05
3.715283586473246998e-05
3.864357992019139943e-05
3.451293046521052010e-05
3.472032178820358617e-05
3.631249066291340332e-05
4.348816455710056555e-05
4.267330102715113249e-05
3.333949118439761937e-05
3.588311485125033820e-05
3.757565467232980072e-05
3.479650415587416299e-05
3.486185594873903517e-05
3.419499375298194727e-05
3.465046157910888034e-05
3.425130239247328598e-05
3.356031789190267215e-05
3.967666108976585388e-05
3.784300943591852810e-05
6.648999999912802569e-05
4.511230097643767906e-05
4.313749120010396500e-05
3.354412245963350763e-05
4.619896257471971387e-05
3.477352126097750447e-05
3.549272800521828856e-05
3.355554161623771915e-05
4.144135978894970308e-05
3.463589238017086662e-05
3.324835699053436012e-05
3.934766309562879477e-05
3.935875455413763533e-05
3.949992092595481428e-05
4.307724617365420286e-05
3.611147418339552523e-05
4.731153030886753319e-05
3.321812965204834701e-05
3.504459904473078381e-05
3.590208404902817037e-05
3.432991889617608512e-05
3.516366257899586903e-05
3.847917801241949079e-05
3.702199351191365172e-05
3.916155757397437053e-05
3.574349399753234686e-05
3.458234483140340342e-05
3.813938626451472626e-05
3.427725724240845637e-05
3.413455419341102640e-05
4.358185759350391013e-05
3.573221217723083880e-05
3.687051936234971467e-05
3.404270692334092737e-05
3.796094296184412221e-05
3.696029287438574578e-05
4.405259523814466024e-05
3.771569953736851599e-05
3.533330759621708118e-05
3.982051270711505988e-05
3.593806873011968632e-05
3.555667531950719353e-05
3.447163877109878918e-05
4.049945918846834284e-05
3.693054491300021394e-05
3.704709593311748106e-05
3.907439031113757585e-05
6.341264202898409005e-05
4.053437830715929597e-05
4.021080124962277867e-05
3.407573852537526906e-05
3.725683215813447793e-05
5.162741585799881952e-05
3.327736752882072497e-05
3.465878675542782069e-05
3.529746711365508601e-05
4.923993081230107754e-05
4.242552755364004276e-05
3.576249938952601637e-05
3.970885213184587964e-05
4.092215973361868522e-05
3.786643904157085971e-05
3.349859725621958902e-05
3.923029865237432425e-05
3.536060546882344120e-05
3.983420908577475430e-05
4.189621672424953563e-05
3.468171798824730900e-05
3.687418365706872614e-05
3.743797051137088096e-05
3.331710734306484963e-05
3.511566038394280006e-05
3.470716281430049884e-05
3.728846023441368925e-05
3.407170696581075537e-05
3.446977917103242084e-05
3.860258189379669103e-05
3.546696187788927779e-05
3.496031703676998265e-05
3.427536849502391624e-05
3.657161314434363963e-05
3.477372873426388538e-05
3.409615043723685272e-05
5.161560289214059562e-05
3.329105742514489735e-05
4.009569624827787808e-05
3.492328492281741306e-05
4.119088884969399896e-05
3.511871471231921933e-05
5.210982451620850813e-05
3.444986415891739944e-05
3.552829879579197153e-05
3.725260520639989630e-05
3.696235412973951259e-05
3.771688184306724677e-05
3.370876365426896045e-05
3.483672083166114181e-05
3.457175549325962506e-05
3.491382404879549796e-05
4.158616904760038552e-05
3.375652584716925468e-05
4.215699495849841057e-05
3.370882015392907447e-05
3.737741959261759345e-05
4.057242252109324431e-05
3.443292879113246939e-05
5.398701435771228129e-05
3.460880551191350971e-05
3.543607290970243609e-05
3.905420156416418605e-05
4.760735853443274725e-05
3.928775732614009814e-05
3.341253359445713050e-05
4.171730133866510798e-05
3.725970659013540459e-05
5.995854001841426729e-05
4.198460630964348609e-05
4.394997245929051823e-05
3.436313528275374539e-05
4.020332047347738031e-05
3.416380336283992029e-05
3.608994988314383429e-05
3.408470198719310029e-05
3.560947719706168213e-05
3.597348212072483566e-05
3.529876129851348737e-05
3.582042521195871444e-05
3.815852306227402515e-05
3.656411551796506418e-05
3.745070830216196058e-05
3.365758108115619429e-05
3.506304162843621879e-05
3.599161296625592009e-05
3.414500239292900735e-05
4.195928501294368212e-05
3.504134916760004448e-05
5.255078501025289069e-05
4.195684032028510629e-05
4.553391117865515040e-05
3.370856590340769469e-05
3.735126163630673806e-05
3.380082281470513203e-05
4.056137109881996104e-05
4.539755495288885832e-05
3.364810243584759900e-05
3.374647571389463265e-05
3.628933258978570643e-05
5.535920696052744740e-05
4.069994085861534607e-05
3.722493653903392755e-05
3.532193497730783197e-05
5.769982267738738566e-05
3.401639437826145350e-05
4.150081216626656409e-05
3.478990117308412172e-05
3.565954801975558422e-05
3.370381892535715215e-05
3.650899573926041062e-05
3.769668568210571882e-05
4.346890154491842885e-05
3.368767109152705994e-05
4.145056219428993927e-05
3.319890818128868644e-05
3.484845675734774673e-05
3.590828228289029563e-05
4.647908440353504413e-05
3.776597157396840841e-05
4.500691298663128567e-05
6.163557022164548418e-05
4.132745772870578794e-05
3.353679024942112294e-05
3.328588165665649249e-05
3.442218586557244136e-05
4.642844484825748371e-05
3.668402145805507611e-05
4.532862707717428874e-05
5.176737962783987973e-05
3.427215696744332913e-05
3.364779013997384720e-05
5.155888469884995569e-05
3.378328605055198403e-05
3.562416690829628283e-05
3.370079459374683773e-05
3.596457274980765405e-05
3.431134039390792945e-05
3.600267271739512063e-05
4.038932309006112976e-05
3.841101093855616778e-05
3.758996039965521144e-05
3.782974716109181241e-05
4.876372865087319345e-05
3.347595786552975315e-05
4.535080630875547205e-05
3.910642246402792736e-05
3.807326993592622468e-05
4.324395447999302100e-05
3.456825009104640150e-05
3.709290544947646025e-05
3.600809306324660768e-05
3.522548440783666694e-05
3.672854223415121365e-05
4.024488598886737133e-05
3.801812357938119907e-05
4.050474495526469528e-05
3.762030262328628223e-05
3.476519358523278791e-05
3.446143414012142964e-05
4.283367010459743641e-05
3.324468909060943213e-05
3.342650551690440688e-05
4.238662175080791988e-05
4.270484716798972021e-05
3.440128673475071426e-05
3.752293152924929010e-05
3.392033085570894636e-05
5.357960753511503997e-05
4.123573323345346029e-05
3.459655529656922363e-05
3.421933148539813691e-05
4.677496282432190816e-05
3.843631719803245053e-05
4.473550932959130435e-05
4.436242465915864040e-05
3.401124091815195446e-05
3.733798248089333831e-05
3.473109931972367275e-05
3.502000125272308409e-05
3.645783670811300511e-05
3.342630313994071574e-05
3.543164007588790179e-05
3.613623025752191257e-05
3.625612611506530370e-05
3.703043890565271043e-05
3.352305914354732286e-05
3.423715436245336593e-05
3.337981176735750312e-05
3.517422153068385822e-05
3.418621832257524965e-05
3.497293498644046036e-05
3.405320531046865943e-05
3.608102566902773742e-05
3.932883777383967475e-05
3.415617741467176282e-05
3.370333847393840388e-05
3.482825389906321118e-05
3.411508016984020255e-05
3.348933946663097721e-05
3.479598639938865062e-05
3.695467763938991922e-05
3.752244765885469178e-05
3.360712362561829266e-05
3.669203363680207752e-05
3.479800552988778075e-05
3.744070104132269028e-05
3.664999445084487362e-05
3.466252867496266162e-05
3.874624839355524770e-05
3.393171047983074059e-05
5.239014860855520150e-05
4.530878552143399182e-05
3.370085113015498150e-05
3.407529977978345024e-05
3.646605453988843346e-05
3.923405827547218666e-05
3.493430090477388418e-05
3.642436645686362214e-05
3.955474542885050338e-05
3.331357694877454012e-05
4.007129110321225795e-05
5.416076717275983835e-05
3.381354584885389920e-05
3.542681147726635990e-05
4.209024517900580587e-05
3.329789657182199601e-05
3.334577919944996482e-05
3.597041060932851687e-05
3.403153918299701053e-05
5.677377342939542566e-05
3.383078779844642505e-05
3.398187760776734710e-05
3.589053466243330844e-05
3.875741532733907103e-05
3.359421288874569849e-05
3.639129202402985357e-05
3.431983992829124003e-05
3.351643172153395179e-05
3.456640474980694723e-05
4.305326477598771809e-05
3.415132705502067848e-05
3.677311524186709665e-05
3.491431136625411450e-05
3.505312603125416998e-05
3.715030622768627003e-05
3.605320690448663513e-05
3.683981916521891060e-05
3.800693789551273381e-05
3.471172440811175718e-05
3.681405988045958290e-05
4.412907585006318627e-05
3.503553286549252035e-05
3.347178209798984443e-05
5.545263341375225244e-05
3.836898889326417349e-05
3.338544075063428575e-05
3.350520565789967130e-05
3.519922654485618406e-05
3.608072106117510378e-05
3.544532769045696704e-05
3.413540019728854085e-05
3.918099692041142383e-05
3.759220020442647107e-05
3.659002310474482940e-05
3.787179288792320896e-05
3.818755974426110613e-05
3.456292422617798310e-05
3.542614617132308147e-05
3.421277014161431027e-05
3.490545979180739619e-05
3.844745791380412399e-05
3.957356759838380293e-05
3.537990954727574720e-05
3.735865226557133159e-05
3.361355964722694911e-05
4.268204239374963913e-05
3.646446145250810367e-05
3.380581271025837693e-05
3.426686558781632153e-05
4.011964057868867167e-05
3.601381733989282455e-05
3.351247076221694905e-05
3.489762934286470223e-05
3.680534410921698911e-05
3.518680546209437945e-05
3.738332955022751120e-05
3.669827443071076102e-05
3.504459904473078381e-05
4.367100865223839278e-05
3.414538414491964923e-05
3.584177687327310703e-05
3.884262758149307202e-05
3.485989848897983097e-05
3.466231936614019697e-05
4.741741121476214884e-05
3.451057384098128381e-05
3.419455920251195135e-05
3.407524493549213751e-05
4.814618150612375274e-05
3.703667680244603246e-05
3.391341468835104637e-05
3.943443029496861748e-05
3.844243978568499001e-05
3.443367485549802940e-05
3.930035874896954326e-05
4.129883074340649649e-05
3.617806930652477793e-05
4.461116277229982673e-05
3.912092972228587800e-05
3.694350599717567977e-05
3.400771217767220377e-05
3.783949463607160521e-05
3.321710018032070130e-05
4.494236932435560761e-05
3.802832693365904156e-05
3.692394973096656496e-05
4.007338056174844255e-05
5.226268737585162711e-05
3.345590110159004380e-05
3.391971994488028087e-05
4.148377213371529857e-05
3.594943417600419489e-05
3.518507308059150112e-05
3.628178880482517621e-05
3.425919449773039268e-05
4.044844790011368222e-05
3.345339167995324808e-05
3.337252503178870041e-05
3.586428479578958616e-05
3.445638189921376720e-05
3.784586583412886843e-05
3.797528067883211334e-05
3.455680460545919661e-05
3.673367313794001661e-05
3.688523669603901327e-05
4.300073758144658422e-05
3.581009507585107288e-05
4.241272006520843441e-05
3.327388408003802318e-05
3.836123052397071530e-05
3.396567586716410557e-05
3.786126783463587391e-05
6.004740395259532815e-05
3.649217662043750912e-05
3.577617760531827406e-05
3.446055679180870269e-05
3.476688031767322817e-05
3.393071171356686056e-05
4.861398895478961880e-05
3.604388168967045849e-05
3.505606854766780419e-05
3.622471321454904896e-05
3.429804153475765762e-05
3.863525398852269685e-05
4.069608768361456495e-05
3.572980540444369555e-05
3.508125506752094943e-05
3.795234133410345682e-05
4.130093158715715502e-05
3.408692129282829347e-05
3.609868083734309949e-05
3.408130376164834327e-05
3.813033131103350819e-05
3.433730497074179578e-05
3.374278578471711672e-05
4.014503080011946309e-05
3.561355799473274843e-05
3.405735274304476444e-05
3.849728555021568948e-05
3.545823881776849701e-05
3.531492761059267535e-05
3.722461397745701191e-05
3.838407764612349597e-05
3.365738250221397078e-05
3.932046094883997979e-05
3.511631674753398422e-05
3.979044956590517703e-05
3.405205147299524400e-05
3.407716434127021257e-05
3.431403074619414839e-05
3.844637572478872879e-05
3.558231199305828647e-05
3.721454619289963782e-05
3.421624103550166307e-05
4.796292186587247647e-05
3.500172545801627028e-05
3.490481813346634540e-05
4.048183194172007098e-05
3.724857013381731335e-05
4.064153087523053430e-05
3.799789747278296186e-05
3.582128568691750391e-05
3.426613649716677334e-05
3.525808143364180566e-05
3.562050211052392965e-05
4.092106581880640897e-05
3.678993902404779893e-05
4.018378282066731593e-05
3.586807203461232741e-05
3.357720576387702722e-05
3.452822452500615025e-05
3.529460451056942093e-05
3.321242233230220693e-05
3.564962197690821338e-05
3.391949778798593952e-05
3.519087187103230730e-05
3.630583543716880463e-05
3.638946103145513885e-05
3.328108405321052686e-05
3.649303965803976218e-05
3.376637093741120051e-05
4.016959207708036466e-05
4.964650951888511024e-05
3.372488374172305509e-05
3.461513624844562423e-05
3.790286970890112606e-05
3.337644473606541208e-05
3.546804263504381075e-05
3.453678952392019589e-05
3.788827212856130328e-05
3.325337287600271330e-05
3.365834699832543400e-05
3.928373364930211976e-05
4.193815178588187494e-05
3.363000451627823567e-05
4.936236854172838432e-05
3.359281554507311039e-05
3.692443348772842047e-05
3.726470321810270743e-05
4.946076414918815765e-05
4.042323577011922356e-05
4.245022662569205055e-05
3.638682853567952474e-05
3.937287864123068383e-05
3.421591568032942952e-05
3.351565685252268429e-05
3.513417707966892754e-05
3.324172461438307941e-05
3.751903904207778918e-05
5.968799113225157441e-05
3.330984119658968900e-05
3.457481203872842586e-05
3.608599212244913390e-05
3.418216812505338147e-05
5.161569042292728476e-05
3.336691910667373623e-05
3.857714574720121390e-05
3.725281980425627448e-05
3.805603879698954292e-05
3.414044773171350216e-05
3.573404102644080351e-05
3.996975870281057502e-05
3.719917192202704402e-05
3.377039108951058598e-05
3.414374798231244878e-05
4.147704974979010581e-05
3.649095010201785773e-05
3.716841403982594391e-05
3.365551002805177686e-05
3.816256012694089426e-05
3.549993331097680210e-05
4.427641592878701844e-05
3.764255120820121718e-05
4.951079134952011826e-05
3.760552677963525611e-05
4.403098229747784556e-05
3.928764608763553871e-05
3.359110429428037621e-05
3.750891337473611541e-05
3.560075260814716749e-05
3.446443792824680109e-05
3.652271216479659703e-05
3.762564892454525652e-05
3.334577919944996482e-05
3.430189266280200301e-05
3.321236347990695972e-05
3.438778918608110342e-05
5.206876665741507994e-05
3.371127763712626418e-05
3.955716550247972312e-05
3.451904503268554702e-05
3.573360790120576477e-05
3.428346111242306927e-05
4.122544015711507358e-05
3.355393957220824630e-05
4.306085925768153837e-05
4.548487057974609689e-05
3.330087652978175702e-05
3.435557679493406608e-05
3.357672031372287846e-05
4.492988886713940750e-05
3.675591400086103595e-05
3.502966307453599218e-05
3.440101959786769932e-05
3.540742960664297937e-05
3.443553982195495043e-05
4.162159792415684874e-05
3.422946494393882530e-05
3.510752877560885111e-05
3.590956430882933818e-05
3.755701172257263292e-05
3.543821489951242586e-05
3.696217871605831929e-05
5.240610537362621940e-05
3.570431439410131784e-05
4.240698102288463853e-05
3.534779434136897972e-05
3.433878166147530159e-05
3.423111694498349376e-05
4.992576788048811814e-05
3.377311729687365382e-05
3.336418782152555896e-05
3.561720047777636248e-05
3.323755550690936632e-05
4.428599515872394087e-05
3.902552643826501683e-05
3.920134242482354892e-05
3.626333796321624530e-05
4.388686963784768831e-05
3.763009562260259992e-05
3.587804697878103823e-05
3.791187032479726029e-05
3.471055158429431673e-05
3.732720894004171094e-05
3.403178685299040445e-05
3.321745315194007530e-05
4.224401632966002688e-05
3.638902613348521424e-05
3.904298365924683271e-05
4.041918958333270951e-05
3.424148433856701447e-05
3.820310661475656713e-05
3.388047498405151502e-05
3.891121347521621035e-05
3.764519942740074371e-05
3.616268633713200172e-05
3.581349153394012094e-05
3.344966986028836351e-05
3.415974585179511625e-05
3.378648662317662105e-05
3.737625005185657656e-05
3.543732860208391781e-05
3.379911232816312111e-05
4.030841329280598543e-05
3.621047521193326087e-05
4.342121132340794710e-05
3.475327624857299156e-05
3.381309768375060422e-05
3.881926989088651755e-05
3.811065161905738391e-05
4.048978643930151015e-05
3.482419912554120782e-05
3.464328389975486743e-05
3.634475202411535335e-05
3.356414900132053802e-05
3.325738995022563054e-05
3.531863056086643001e-05
3.486551249802836245e-05
3.513180722983130473e-05
4.202970333425524378e-05
3.333317077239446991e-05
3.881854173534945079e-05
3.617827863284950470e-05
4.174392260444583375e-05
3.998532879582489426e-05
5.996792948072762497e-05
3.518437001828855201e-05
3.344935244312210895e-05
3.389628812513673420e-05
3.415950072478597134e-05
3.371511823334824711e-05
3.510682143441174136e-05
3.564104556802380068e-05
4.901280807728719731e-05
3.866924474502129257e-05
3.583089046495731197e-05
3.864132910592833254e-05
3.521399069173680653e-05
3.752509821664871243e-05
3.459297787681268367e-05
3.481872182887578974e-05
3.487328559835245207e-05
6.214739971762003271e-05
3.545268246987175875e-05
3.909331003888111072e-05
3.350098244068085162e-05
4.609211989142902454e-05
3.884551588945804292e-05
3.767261070676109597e-05
4.124968416799211425e-05
3.634270784711664699e-05
3.497086690938554416e-05
3.690852634752398971e-05
3.799718617734827996e-05
3.344863100966409200e-05
4.562944599128114401e-05
3.335133671976476172e-05
3.499163453349509449e-05
3.751432448964329221e-05
3.902716927574793697e-05
4.656446487268364531e-05
3.928657073743457037e-05
3.578164486710664905e-05
4.012321046837875681e-05
3.913993753850973666e-05
3.379630773676203700e-05
3.701555224835897820e-05
3.707025941935945714e-05
3.567096567347673874e-05
3.524221823896406302e-05
3.347497884859711929e-05
3.703591357861128725e-05
3.389723404308765561e-05
3.350876696174180858e-05
3.460155145969457573e-05
4.035119807577555598e-05
4.487378856890539411e-05
3.390780113129133696e-05
3.734199104206949524e-05
3.534010649314295500e-05
3.838077652176724504e-05
3.331246801758401343e-05
3.369853292351364274e-05
3.529667062733958549e-05
4.139224402100278525e-05
3.345656442540672151e-05
3.368495412815279271e-05
4.920172769684827375e-05
3.354772966394068047e-05
3.362585270943961569e-05
3.356586403373704256e-05
3.503067968219509675e-05
3.394044623806550501e-05
3.892765209885734948e-05
6.857351673621484792e-05
3.621516107490651008e-05
3.660090818703050488e-05
4.353334679694487831e-05
3.769533544313208344e-05
4.111559217451042506e-05
3.569118797898216685e-05
3.573745739721659223e-05
3.750480623217329298e-05
4.486340512803933171e-05
3.417335642626584104e-05
3.705957520128642100e-05
3.877878110832281200e-05
3.390671703132549928e-05
3.668417816690161152e-05
3.564431690186505318e-05
3.866221290184219624e-05
4.100113979530741956e-05
3.544153797209393715e-05
3.821105363875384293e-05
3.557956067831842225e-05
3.826854903870246881e-05
3.401851576733098297e-05
4.067422843380486198e-05
3.430205422260486532e-05
3.446515554098097684e-05
3.511005467429407123e-05
4.023790873120104092e-05
3.838107306186047327e-05
3.587276287489693890e-05
4.048270270780303479e-05
3.407151495405927246e-05
3.383811390583909667e-05
3.481502589864487340e-05
3.412958616855009788e-05
3.704284642416522935e-05
3.438618454827857454e-05
3.903373872466352982e-05
4.245187482250623560e-05
3.584244504068940010e-05
4.475246819996565574e-05
4.303933438813274231e-05
5.657566155174848768e-05
3.347062990996837990e-05
4.351572049157852759e-05
3.402237190658980099e-05
4.346636038638361141e-05
3.866279417923984454e-05
3.623782453042948676e-05
3.503042553788641728e-05
4.267959176400299575e-05
3.557174180327086376e-05
3.421401760557052661e-05
5.474991864404029355e-05
3.512562842657123140e-05
3.978452256866869325e-05
3.318853412923374339e-05
3.319431169011186576e-05
3.389723404308765561e-05
3.570511023877949458e-05
3.515646744236580713e-05
3.397524465142576520e-05
3.740830156680197138e-05
4.647593117403077758e-05
3.605715109453824535e-05
3.759312113916543467e-05
3.326424814597371137e-05
3.639849909575241718e-05
3.488676140485032668e-05
4.020987940724973976e-05
5.182096244588100311e-05
4.528825535646564533e-05
3.618641651897045293e-05
3.613406012830651875e-05
3.780942800973353425e-05
3.386104270190294017e-05
3.901154518340183079e-05
3.366104151113627279e-05
3.348027611821567857e-05
3.745901741337632525e-05
3.932922598449145753e-05
3.573928550843190349e-05
3.340462930836676390e-05
3.729030078960290494e-05
4.649017442613495035e-05
3.737188996761021199e-05
3.404713272159331280e-05
3.346158144293198629e-05
3.361854096525445328e-05
3.380250502830029304e-05
4.259577193369447069e-05
3.688197247478441026e-05
3.535664207373074300e-05
4.063195086949024690e-05
3.328930317528021554e-05
3.401179219291297683e-05
3.790867986974453077e-05
3.400478917707859376e-05
4.836149740937795502e-05
3.445193956254565074e-05
3.787679613457789436e-05
3.511523120489096493e-05
3.695388780876275505e-05
3.336293819885533240e-05
3.416238746926225097e-05
5.224339269296351566e-05
3.819619681694032070e-05
3.433553271130422959e-05
3.695746361563436632e-05
4.146287662277078304e-05
3.654951463421610012e-05
3.548421860489011813e-05
3.455324224717110684e-05
3.799295829458955356e-05
3.723243930278885360e-05
3.917800797785526398e-05
3.840493376660034433e-05
3.810139633426232484e-05
3.330846918583695834e-05
3.451608076591785186e-05
3.902631955596651552e-05
3.404595083094469706e-05
3.321718842419253963e-05
3.447278096008541656e-05
4.284647056891291309e-05
3.638403522837050958e-05
3.995374706658346960e-05
3.457394257986948509e-05
3.422209597432021881e-05
3.377435372752698420e-05
3.890224409290268413e-05
3.420294877445058770e-05
3.452904426843472372e-05
4.048922327934674443e-05
3.984191764565861134e-05
4.228688846749299832e-05
3.394149965770842969e-05
3.816615433544930759e-05
3.796175800395684810e-05
3.479829025313994456e-05
3.364520629560168884e-05
4.254460919672480181e-05
3.591680301918488591e-05
3.883298285825920664e-05
3.366563499687039022e-05
3.393340264924792993e-05
3.622584880919954233e-05
4.291309385469443651e-05
3.798732588343865004e-05
3.879408839784194511e-05
3.415835673477849756e-05
4.493692471181718728e-05
4.502764479658387094e-05
3.364725070105304832e-05
3.463961489316950829e-05
3.650985768398524073e-05
3.452478630832531240e-05
4.722020583526249541e-05
3.377825890684506066e-05
3.756781473166872137e-05
3.605895845186017466e-05
3.607244708184690208e-05
3.371819548995039743e-05
3.332142411306509671e-05
4.875953223654412220e-05
4.144649782456692516e-05
3.340981255262514470e-05
3.865248262562237741e-05
3.684568172597194231e-05
3.411065123228174128e-05
3.576689238463407280e-05
3.898160922358483361e-05
4.103088420608711070e-05
3.646828454073362341e-05
3.619919446651615629e-05
4.035388520928727125e-05
5.361062510567348561e-05
3.564894382350937299e-05
3.351677609194854185e-05
4.428087271400107803e-05
4.107565241620516895e-05
4.159580656742556431e-05
3.803031398746844474e-05
3.384412253117731934e-05
4.120906057452464226e-05
4.243031449349905158e-05
3.375545647635785690e-05
3.527207969291864306e-05
3.713669860071559093e-05
3.484314469588787200e-05
3.756745826381016054e-05
4.153736413386733124e-05
3.910317366326515956e-05
5.495606550301492519e-05
3.418246717804489894e-05
3.532794534476395884e-05
3.428594179622245820e-05
3.501501491978740668e-05
3.350779057877609218e-05
3.869579068823009464e-05
4.156919334956788429e-05
4.957085629489461171e-05
3.369021769752242779e-05
3.406023590084572154e-05
3.872840143963150869e-05
3.417583194798841606e-05
3.842778835448294836e-05
3.817372121743184058e-05
3.625675037324574391e-05
3.350371189805243102e-05
3.411387740493653067e-05
3.326407234336887001e-05
4.164715589689871219e-05
3.566878935391247935e-05
5.377944682823793121e-05
3.397933539534365381e-05
5.887049836379073658e-05
3.446305574349084932e-05
3.373743200638603290e-05
3.488411366475829004e-05
4.617389123560026667e-05
3.733508193278098841e-05
3.732451955489032505e-05
3.374177156398097395e-05
3.380107516142195776e-05
3.332343613571669283e-05
3.466982614682441574e-05
4.422982609583884969e-05
4.027449362663381859e-05
3.405136461392573168e-05
3.672367720946327814e-05
3.956102222190417672e-05
3.935462163769207645e-05
4.167624924425190457e-05
3.987354757986148187e-05
3.877732057400600548e-05
3.943542119659463539e-05
4.017039437857707393e-05
3.391555383709709062e-05
3.643805661314526890e-05
3.944567484264015613e-05
3.605276076067883822e-05
3.424178196911150578e-05
3.377075649262925784e-05
3.538386578008423161e-05
3.348090933316310105e-05
4.297319071347936151e-05
3.800862343252339867e-05
3.806667933388365908e-05
4.003084762168277074e-05
4.048145630123278164e-05
3.998667117839552860e-05
5.089452643360632651e-05
4.515295472843979690e-05
3.586383215908929578e-05
4.292813976853944067e-05
3.733252211090033203e-05
3.456302971075303737e-05
4.079290339440490862e-05
3.570484496264033166e-05
3.369366891850348477e-05
4.976515742412998116e-05
4.194467292267013849e-05
3.781315646554680283e-05
3.318526091609842759e-05
3.524651698032081094e-05
5.879813089141801318e-05
3.399278660261063911e-05
3.456490191465542392e-05
3.422721678704777507e-05
3.592806843749178365e-05
3.821337483326386897e-05
3.486203622588443339e-05
3.421418030903942915e-05
4.030070566969051857e-05
3.566351631026452846e-05
3.517869388623627819e-05
3.655216025628888258e-05
3.553433585530165443e-05
4.109591413278441420e-05
3.371619112609977646e-05
4.498279485214104646e-05
3.553880683815981877e-05
3.503700624114191805e-05
3.605733888351985551e-05
3.477142040220448623e-05
3.723076282810455144e-05
3.350793416941328219e-05
3.726922647230667253e-05
3.629784012555437858e-05
4.657967859934608384e-05
3.385426067377854734e-05
4.926890280167192464e-05
4.796549225193695148e-05
3.898971444467266178e-05
3.370280147653355465e-05
3.642098737508664001e-05
3.461298257929101602e-05
4.375087956902946038e-05
3.485358619817205487e-05
4.206959965970355920e-05
3.445356239506730100e-05
4.812666849128248431e-05
4.271542688113364546e-05
4.106469045792853493e-05
3.508998525386214747e-05
3.466422918031250312e-05
4.009497748591098583e-05
3.363054471626599135e-05
3.482427661745819805e-05
3.469652137661916605e-05
3.858427875216560515e-05
3.543077795885021054e-05
3.351381992916035670e-05
3.620653037126293837e-05
3.324621507215629865e-05
4.249956629519066614e-05
3.558051031323997008e-05
3.951963587719721618e-05
4.974995730971928319e-05
3.936382681568230825e-05
3.557205854736829922e-05
3.341363341714397202e-05
3.365156554667267797e-05
4.458939647490857758e-05
6.620772036291964959e-05
3.859166129540198665e-05
5.830623584575426289e-05
3.416393949794918893e-05
3.611360130086633532e-05
3.392577218073066414e-05
3.384789389014418578e-05
4.407862474245072515e-05
3.549549786733731399e-05
4.483939627237234690e-05
3.637358944483674362e-05
4.126021987585970149e-05
3.402259222110477776e-05
3.520935522979505697e-05
3.776065906211201157e-05
3.391574828676734366e-05
3.904219147214653152e-05
3.559562204096368090e-05
4.831075076152483729e-05
3.861948136056325009e-05
3.864416196865599418e-05
3.827819152473237505e-05
3.886951763595657632e-05
3.364318995007910631e-05
3.397181622825917995e-05
3.866589391954560091e-05
3.501043391368619656e-05
3.520832768398582038e-05
3.488035961028204804e-05
4.412454982617985142e-05
3.491007877459351345e-05
3.816509022546119451e-05
3.451406890040775391e-05
3.375103729852503640e-05
3.603276262669060178e-05
5.367534245917563823e-05
3.336430405895171705e-05
3.510826133767801644e-05
4.866603267247377384e-05
3.400208616546423313e-05
5.403623067361861616e-05
3.981370434176187569e-05
3.983959837155528328e-05
4.340564429710811275e-05
3.805834561542054031e-05
3.962233602576222951e-05
3.775484808696156358e-05
3.591371815784290646e-05
3.774367417858369477e-05
3.336319975843712610e-05
3.570252959533228070e-05
3.373715016385261072e-05
3.516036740709244996e-05
3.381587044321136576e-05
4.055379498866536176e-05
3.522866276551172464e-05
3.343887302649745601e-05
4.180893641356854323e-05
