Fracture Radii List After Isolated Fracture and Cluster Removal
Format: xRadius yRadius Family# (-2 = userPolygon, -1 = userRectangle, 0 = userEllipse, > 0 is family in order of famProb)
156.999 156.999 1
81.3721 81.3721 2
48.8829 48.8829 2
87.3955 87.3955 2
36.6145 36.6145 1
41.0034 41.0034 1
52.4563 52.4563 1
37.7867 37.7867 3
131.443 131.443 1
35.3094 35.3094 3
36.3825 36.3825 3
32.755 32.755 1
41.5017 41.5017 3
38.504 38.504 3
38.6834 38.6834 3
48.0225 48.0225 1
84.5222 84.5222 3
30.6266 30.6266 1
35.3652 35.3652 3
61.285 61.285 2
33.206 33.206 2
77.7401 77.7401 3
31.2778 31.2778 3
33.035 33.035 3
43.1453 43.1453 1
30.0322 30.0322 3
94.7192 94.7192 1
68.524 68.524 3
41.75 41.75 1
274.126 274.126 2
36.6353 36.6353 1
351.13 351.13 2
42.3323 42.3323 2
43.6266 43.6266 2
170.95 170.95 3
154.472 154.472 2
94.5013 94.5013 3
34.9431 34.9431 1
37.1615 37.1615 3
138.572 138.572 3
53.3964 53.3964 1
65.7087 65.7087 2
41.5061 41.5061 3
34.1594 34.1594 3
55.5648 55.5648 3
37.2181 37.2181 2
38.9634 38.9634 2
37.3346 37.3346 1
62.3592 62.3592 3
37.4826 37.4826 3
111.47 111.47 2
30.2839 30.2839 2
48.9065 48.9065 3
37.6781 37.6781 2
52.9291 52.9291 3
132.157 132.157 2
242.958 242.958 2
34.0776 34.0776 3
40.2308 40.2308 2
30.3176 30.3176 2
70.0806 70.0806 2
40.2138 40.2138 3
52.511 52.511 2
43.253 43.253 1
42.6504 42.6504 2
71.3956 71.3956 1
54.2341 54.2341 2
33.5984 33.5984 1
117.128 117.128 2
31.9136 31.9136 3
47.3911 47.3911 3
48.87 48.87 2
31.1067 31.1067 1
162.282 162.282 3
39.9569 39.9569 1
60.3859 60.3859 3
43.501 43.501 1
43.5828 43.5828 1
36.1503 36.1503 3
37.7534 37.7534 1
123.664 123.664 2
44.9606 44.9606 3
40.3838 40.3838 3
31.9308 31.9308 3
32.4785 32.4785 3
36.4483 36.4483 3
31.8715 31.8715 1
33.9904 33.9904 3
48.2802 48.2802 3
36.618 36.618 2
63.7458 63.7458 3
31.2244 31.2244 3
51.4139 51.4139 3
47.2424 47.2424 1
37.1666 37.1666 3
86.243 86.243 1
65.4174 65.4174 2
37.16 37.16 3
46.5891 46.5891 3
98.6841 98.6841 1
31.7942 31.7942 1
55.1791 55.1791 3
55.1459 55.1459 2
98.9638 98.9638 2
33.0323 33.0323 2
105.741 105.741 3
79.7823 79.7823 3
63.6491 63.6491 3
47.1929 47.1929 3
50.3094 50.3094 2
30.3484 30.3484 3
36.9579 36.9579 1
76.1698 76.1698 3
35.5855 35.5855 3
40.8234 40.8234 3
55.9256 55.9256 1
33.2981 33.2981 1
104.184 104.184 3
66.66 66.66 1
79.2991 79.2991 3
34.458 34.458 3
38.0467 38.0467 2
31.0348 31.0348 3
126.315 126.315 1
42.5475 42.5475 2
31.8123 31.8123 1
35.1765 35.1765 1
34.6503 34.6503 2
74.1562 74.1562 3
32.4382 32.4382 1
30.2604 30.2604 1
41.4837 41.4837 2
75.9936 75.9936 3
36.2875 36.2875 3
39.2742 39.2742 3
34.0315 34.0315 1
112.032 112.032 3
30.7332 30.7332 3
37.5266 37.5266 3
33.9106 33.9106 3
34.592 34.592 3
37.5465 37.5465 3
42.3029 42.3029 3
39.3705 39.3705 2
64.6658 64.6658 2
59.1603 59.1603 3
63.1971 63.1971 3
30.55 30.55 3
64.4975 64.4975 3
31.3721 31.3721 3
44.6088 44.6088 2
38.5733 38.5733 3
81.7896 81.7896 1
31.3984 31.3984 3
43.5144 43.5144 3
137.006 137.006 3
39.9245 39.9245 3
99.604 99.604 2
32.4369 32.4369 3
31.9338 31.9338 1
159.809 159.809 3
65.5192 65.5192 3
256.529 256.529 2
31.5693 31.5693 3
32.6486 32.6486 1
50.7553 50.7553 1
30.2337 30.2337 3
42.4477 42.4477 3
31.7547 31.7547 3
40.3952 40.3952 3
33.2043 33.2043 3
36.5285 36.5285 2
31.2584 31.2584 3
34.1894 34.1894 1
82.2416 82.2416 2
31.4755 31.4755 3
33.3008 33.3008 2
182.121 182.121 2
46.7732 46.7732 1
30.124 30.124 3
106.127 106.127 2
31.4656 31.4656 3
47.4862 47.4862 3
42.863 42.863 3
36.9626 36.9626 3
32.8618 32.8618 2
37.2479 37.2479 3
32.2947 32.2947 3
37.4756 37.4756 3
37.8389 37.8389 3
49.0708 49.0708 3
49.5882 49.5882 3
30.9014 30.9014 3
54.2023 54.2023 1
35.9514 35.9514 2
51.9497 51.9497 3
34.4391 34.4391 1
32.7313 32.7313 3
43.696 43.696 3
38.8237 38.8237 2
34.9192 34.9192 2
241.265 241.265 3
51.1407 51.1407 1
38.9757 38.9757 3
38.8367 38.8367 1
58.7936 58.7936 3
38.6457 38.6457 3
35.9416 35.9416 3
47.409 47.409 3
30.6485 30.6485 3
60.9749 60.9749 3
31.0116 31.0116 2
35.1619 35.1619 2
34.4763 34.4763 3
54.9378 54.9378 3
35.3338 35.3338 3
33.739 33.739 3
76.6385 76.6385 2
41.0974 41.0974 3
223.905 223.905 1
85.3914 85.3914 3
49.3775 49.3775 1
312.109 312.109 3
52.8394 52.8394 3
41.1047 41.1047 3
42.5056 42.5056 1
38.3353 38.3353 1
51.1424 51.1424 2
30.1745 30.1745 2
70.0256 70.0256 3
54.5376 54.5376 2
37.4053 37.4053 2
118.647 118.647 3
31.0913 31.0913 3
115.705 115.705 3
32.9391 32.9391 2
46.9863 46.9863 3
76.4921 76.4921 2
37.5272 37.5272 2
56.927 56.927 3
139.51 139.51 3
66.7903 66.7903 3
38.7734 38.7734 3
55.7272 55.7272 2
35.7188 35.7188 2
34.6034 34.6034 2
30.2219 30.2219 3
42.1758 42.1758 3
38.4955 38.4955 2
103.327 103.327 3
39.134 39.134 2
30.4862 30.4862 2
37.8111 37.8111 1
196.562 196.562 3
172.515 172.515 3
33.8915 33.8915 1
30.5507 30.5507 2
49.4417 49.4417 1
39.8263 39.8263 3
33.0253 33.0253 3
41.6744 41.6744 3
89.5878 89.5878 3
46.1445 46.1445 1
45.7722 45.7722 3
61.1232 61.1232 3
36.513 36.513 3
34.7112 34.7112 3
43.76 43.76 2
392.448 392.448 3
50.1248 50.1248 2
38.7412 38.7412 3
35.4395 35.4395 3
106.787 106.787 2
31.9621 31.9621 3
30.7629 30.7629 3
48.3749 48.3749 3
36.0812 36.0812 3
54.6105 54.6105 1
76.0546 76.0546 3
50.5679 50.5679 2
61.2333 61.2333 2
37.1801 37.1801 3
38.1757 38.1757 1
64.2858 64.2858 3
47.8044 47.8044 3
290.604 290.604 3
33.3592 33.3592 3
59.236 59.236 3
41.9888 41.9888 3
45.8475 45.8475 3
124.162 124.162 3
35.0806 35.0806 3
37.9422 37.9422 3
49.6188 49.6188 3
55.0249 55.0249 3
114.341 114.341 1
39.2172 39.2172 3
41.493 41.493 2
30.6919 30.6919 3
71.122 71.122 1
32.9938 32.9938 2
43.9138 43.9138 3
63.0519 63.0519 3
30.1314 30.1314 3
42.0149 42.0149 3
75.7745 75.7745 3
41.6758 41.6758 3
35.3492 35.3492 1
31.3289 31.3289 2
48.5749 48.5749 3
76.9317 76.9317 2
100.864 100.864 3
52.3706 52.3706 3
45.0613 45.0613 2
31.0138 31.0138 2
85.6209 85.6209 3
45.0997 45.0997 3
70.462 70.462 3
54.278 54.278 3
34.7774 34.7774 3
45.6748 45.6748 1
36.1212 36.1212 3
30.3268 30.3268 1
40.2817 40.2817 3
47.6594 47.6594 3
33.3481 33.3481 3
56.1775 56.1775 3
33.4275 33.4275 3
63.0315 63.0315 3
35.7285 35.7285 3
36.4055 36.4055 3
99.806 99.806 3
33.9023 33.9023 2
42.855 42.855 3
30.698 30.698 1
37.3044 37.3044 3
37.2135 37.2135 1
32.9403 32.9403 2
33.4825 33.4825 3
58.7948 58.7948 3
30.0162 30.0162 2
101.624 101.624 1
30.2529 30.2529 2
41.4948 41.4948 3
31.03 31.03 1
39.8938 39.8938 2
78.4443 78.4443 3
61.0186 61.0186 3
34.9627 34.9627 3
41.0785 41.0785 3
58.4769 58.4769 3
40.1749 40.1749 2
58.4199 58.4199 2
87.0604 87.0604 3
52.8656 52.8656 3
135.591 135.591 1
65.7804 65.7804 2
37.9389 37.9389 3
47.4273 47.4273 3
45.3977 45.3977 3
54.2032 54.2032 3
44.4501 44.4501 3
37.197 37.197 3
60.4845 60.4845 3
112.218 112.218 3
36.9254 36.9254 1
31.1111 31.1111 3
180.757 180.757 1
44.3681 44.3681 2
30.7012 30.7012 3
40.9206 40.9206 2
31.5464 31.5464 3
37.149 37.149 3
53.5441 53.5441 3
31.2931 31.2931 3
53.5612 53.5612 3
40.4659 40.4659 3
38.3324 38.3324 3
35.1202 35.1202 3
46.4909 46.4909 2
41.5448 41.5448 3
41.9056 41.9056 1
35.6606 35.6606 2
45.9944 45.9944 3
45.68 45.68 3
82.5359 82.5359 3
33.4517 33.4517 3
37.7533 37.7533 3
34.4307 34.4307 2
135.9 135.9 3
100.008 100.008 2
83.1553 83.1553 2
86.0004 86.0004 3
32.055 32.055 3
50.9511 50.9511 1
42.1885 42.1885 3
55.632 55.632 2
32.8894 32.8894 3
38.0872 38.0872 3
121.495 121.495 3
68.9372 68.9372 3
32.5866 32.5866 3
48.3655 48.3655 1
60.1185 60.1185 3
35.2458 35.2458 3
63.1123 63.1123 2
40.7572 40.7572 3
36.1566 36.1566 3
31.6125 31.6125 2
46.8176 46.8176 3
34.9285 34.9285 3
45.2985 45.2985 2
79.9025 79.9025 3
31.4442 31.4442 1
46.9713 46.9713 3
128.787 128.787 3
30.5137 30.5137 2
78.7478 78.7478 3
58.4829 58.4829 1
35.1522 35.1522 2
33.2383 33.2383 2
77.8275 77.8275 3
47.0551 47.0551 3
40.119 40.119 2
46.7658 46.7658 3
141.642 141.642 1
33.4634 33.4634 3
36.7742 36.7742 3
46.0268 46.0268 3
30.8457 30.8457 3
34.8899 34.8899 1
49.4144 49.4144 1
42.8129 42.8129 3
73.496 73.496 3
42.5531 42.5531 3
33.6584 33.6584 3
34.6625 34.6625 1
36.0413 36.0413 2
56.8601 56.8601 3
49.2913 49.2913 3
57.665 57.665 1
62.5392 62.5392 3
54.04 54.04 2
54.3903 54.3903 3
31.9739 31.9739 3
41.7319 41.7319 3
44.3859 44.3859 1
40.6629 40.6629 1
42.8005 42.8005 3
43.3926 43.3926 3
38.5949 38.5949 3
41.2514 41.2514 3
83.9054 83.9054 3
63.137 63.137 3
36.5928 36.5928 3
36.4658 36.4658 3
55.7261 55.7261 3
36.0297 36.0297 1
38.7041 38.7041 3
50.9623 50.9623 1
57.2523 57.2523 1
53.0567 53.0567 2
48.2053 48.2053 3
46.1018 46.1018 3
132.667 132.667 2
109.375 109.375 1
32.7479 32.7479 3
74.2364 74.2364 3
31.2991 31.2991 3
66.3076 66.3076 2
44.4049 44.4049 3
69.676 69.676 3
38.4331 38.4331 3
105.394 105.394 2
31.9588 31.9588 3
63.9354 63.9354 2
211.532 211.532 1
74.3532 74.3532 3
31.0633 31.0633 2
31.7348 31.7348 3
38.6541 38.6541 3
44.4306 44.4306 3
37.6209 37.6209 1
56.6643 56.6643 1
30.2293 30.2293 3
47.4018 47.4018 3
44.1981 44.1981 1
53.9026 53.9026 3
33.7667 33.7667 2
41.4131 41.4131 2
34.229 34.229 1
30.8743 30.8743 2
31.1834 31.1834 1
122.576 122.576 2
32.7707 32.7707 3
33.7032 33.7032 3
120.753 120.753 3
34.0457 34.0457 3
42.2627 42.2627 2
38.4856 38.4856 2
35.1753 35.1753 1
84.9148 84.9148 1
31.2109 31.2109 3
44.1018 44.1018 3
59.8581 59.8581 1
34.5493 34.5493 1
44.2075 44.2075 3
57.9537 57.9537 3
33.1475 33.1475 3
154.104 154.104 2
48.2121 48.2121 3
63.8477 63.8477 3
31.0916 31.0916 3
37.6269 37.6269 2
36.4115 36.4115 2
30.6706 30.6706 2
31.7457 31.7457 1
32.8066 32.8066 3
52.8088 52.8088 3
78.6172 78.6172 2
61.6877 61.6877 3
42.4985 42.4985 1
30.2078 30.2078 3
50.5332 50.5332 1
30.0123 30.0123 3
32.5609 32.5609 3
61.9667 61.9667 3
65.9438 65.9438 1
34.9181 34.9181 3
41.217 41.217 2
40.1585 40.1585 1
45.6471 45.6471 3
159.983 159.983 3
61.8667 61.8667 3
41.1347 41.1347 1
124.686 124.686 2
31.5979 31.5979 3
32.7412 32.7412 1
34.7414 34.7414 3
50.2314 50.2314 3
33.7309 33.7309 3
37.3709 37.3709 2
31.638 31.638 3
75.0946 75.0946 3
42.1212 42.1212 3
33.0013 33.0013 1
49.3592 49.3592 2
30.5731 30.5731 3
65.5407 65.5407 3
37.2346 37.2346 3
49.9486 49.9486 3
34.8235 34.8235 3
31.3571 31.3571 2
37.6288 37.6288 2
34.5347 34.5347 3
31.8807 31.8807 3
36.9967 36.9967 2
54.8289 54.8289 2
51.2389 51.2389 1
99.3436 99.3436 3
38.333 38.333 3
83.4646 83.4646 2
70.6997 70.6997 3
49.5251 49.5251 3
45.7766 45.7766 3
31.471 31.471 2
31.5512 31.5512 3
41.1042 41.1042 3
35.4573 35.4573 1
40.9427 40.9427 3
106.849 106.849 1
169.055 169.055 3
80.6036 80.6036 2
30.1292 30.1292 1
37.3191 37.3191 3
88.5219 88.5219 1
33.588 33.588 1
35.3685 35.3685 3
32.7218 32.7218 2
43.6854 43.6854 3
123.288 123.288 2
34.7983 34.7983 3
65.3227 65.3227 1
35.2966 35.2966 3
38.5442 38.5442 3
37.6064 37.6064 2
42.2793 42.2793 3
44.605 44.605 1
35.6531 35.6531 3
30.4314 30.4314 2
53.929 53.929 3
47.4657 47.4657 2
56.1268 56.1268 3
30.7513 30.7513 3
37.8743 37.8743 3
67.2687 67.2687 3
48.1652 48.1652 3
32.9714 32.9714 2
42.0731 42.0731 3
31.669 31.669 2
53.3052 53.3052 2
33.628 33.628 2
73.2314 73.2314 3
42.9545 42.9545 3
45.9402 45.9402 2
77.2578 77.2578 2
51.0881 51.0881 3
30.8681 30.8681 3
49.2046 49.2046 3
88.1772 88.1772 2
30.5312 30.5312 2
36.3744 36.3744 1
40.0877 40.0877 3
99.4398 99.4398 3
32.1919 32.1919 2
49.1624 49.1624 1
91.9823 91.9823 3
98.6017 98.6017 3
31.2513 31.2513 1
68.7439 68.7439 3
34.0409 34.0409 2
65.1178 65.1178 2
42.9565 42.9565 3
84.5488 84.5488 2
83.9918 83.9918 3
33.0544 33.0544 3
36.9266 36.9266 2
52.9543 52.9543 3
32.6599 32.6599 2
33.9962 33.9962 1
75.3971 75.3971 3
51.5977 51.5977 3
32.04 32.04 3
68.6001 68.6001 1
70.2929 70.2929 2
75.7199 75.7199 1
32.3764 32.3764 2
136.421 136.421 1
31.5727 31.5727 2
53.3431 53.3431 1
51.3837 51.3837 2
42.7119 42.7119 2
36.7126 36.7126 3
31.4434 31.4434 3
73.5756 73.5756 3
31.9882 31.9882 3
33.5136 33.5136 3
70.7331 70.7331 2
30.9415 30.9415 3
41.4895 41.4895 1
85.6629 85.6629 1
46.0945 46.0945 1
32.7559 32.7559 3
43.543 43.543 3
38.9445 38.9445 3
54.4583 54.4583 1
61.1034 61.1034 3
153.345 153.345 3
34.5434 34.5434 3
41.1856 41.1856 2
43.4856 43.4856 3
154.457 154.457 2
31.719 31.719 2
34.7187 34.7187 1
76.8686 76.8686 1
55.2869 55.2869 3
32.8816 32.8816 3
38.2973 38.2973 3
36.0997 36.0997 1
70.42 70.42 2
41.7533 41.7533 3
36.8199 36.8199 2
51.7854 51.7854 3
58.3661 58.3661 1
41.8909 41.8909 3
30.7845 30.7845 1
46.0559 46.0559 1
38.5349 38.5349 1
36.5812 36.5812 2
55.5108 55.5108 3
97.3203 97.3203 1
31.6409 31.6409 2
32.3454 32.3454 1
30.2418 30.2418 3
71.129 71.129 3
54.6455 54.6455 3
42.1337 42.1337 1
43.1354 43.1354 3
37.8034 37.8034 3
31.7529 31.7529 3
58.8833 58.8833 3
43.4334 43.4334 2
43.513 43.513 1
64.2718 64.2718 3
45.0806 45.0806 3
34.6779 34.6779 2
30.3456 30.3456 3
39.4544 39.4544 2
60.6234 60.6234 2
38.8666 38.8666 2
38.0639 38.0639 3
42.3624 42.3624 1
33.1259 33.1259 1
33.7836 33.7836 1
91.3668 91.3668 2
32.8637 32.8637 3
51.3057 51.3057 3
41.7069 41.7069 1
53.9094 53.9094 2
45.6466 45.6466 3
297.216 297.216 3
45.0647 45.0647 3
31.6198 31.6198 3
56.846 56.846 3
40.8825 40.8825 3
42.7695 42.7695 2
71.5249 71.5249 2
30.7861 30.7861 2
45.1852 45.1852 2
30.8377 30.8377 3
59.2071 59.2071 3
30.7704 30.7704 3
35.1879 35.1879 1
30.0238 30.0238 3
55.3448 55.3448 3
39.8232 39.8232 3
32.5248 32.5248 1
36.8419 36.8419 3
33.3084 33.3084 3
51.4025 51.4025 3
92.6378 92.6378 3
61.2655 61.2655 3
33.6968 33.6968 2
37.8828 37.8828 3
39.709 39.709 2
36.5802 36.5802 2
34.2316 34.2316 3
31.8033 31.8033 2
32.4725 32.4725 1
48.9697 48.9697 2
45.3295 45.3295 1
52.6009 52.6009 3
37.3104 37.3104 3
42.7257 42.7257 3
35.7734 35.7734 2
88.8365 88.8365 3
35.7709 35.7709 2
41.4873 41.4873 1
30.1179 30.1179 3
41.6573 41.6573 3
36.4189 36.4189 2
44.0803 44.0803 1
39.4288 39.4288 3
33.3679 33.3679 2
36.7141 36.7141 1
39.8246 39.8246 2
38.0024 38.0024 3
63.1849 63.1849 2
78.1606 78.1606 3
51.5685 51.5685 2
30.4737 30.4737 3
34.0584 34.0584 1
34.3431 34.3431 1
59.7059 59.7059 1
34.7098 34.7098 1
45.0563 45.0563 3
41.7792 41.7792 1
205.194 205.194 2
66.158 66.158 2
30.4967 30.4967 3
63.8029 63.8029 1
45.737 45.737 3
59.8227 59.8227 3
30.6938 30.6938 2
76.7383 76.7383 3
33.9762 33.9762 3
44.289 44.289 2
134.635 134.635 3
77.1323 77.1323 3
30.0685 30.0685 2
35.809 35.809 3
37.7046 37.7046 3
31.0226 31.0226 3
34.6035 34.6035 3
130.623 130.623 3
64.2824 64.2824 1
50.7542 50.7542 3
89.0801 89.0801 3
37.0651 37.0651 2
34.9798 34.9798 1
50.3593 50.3593 3
40.4151 40.4151 3
60.4487 60.4487 1
36.08 36.08 1
35.7045 35.7045 3
78.2639 78.2639 3
84.3539 84.3539 1
31.6958 31.6958 3
35.7586 35.7586 2
51.5654 51.5654 2
50.9432 50.9432 3
78.4405 78.4405 1
81.3288 81.3288 3
34.8026 34.8026 3
44.8994 44.8994 2
123.112 123.112 3
31.2181 31.2181 3
31.3025 31.3025 3
30.2822 30.2822 3
68.0459 68.0459 3
44.326 44.326 3
58.5402 58.5402 3
43.7381 43.7381 3
30.6283 30.6283 3
36.2416 36.2416 3
41.4578 41.4578 1
85.3015 85.3015 1
31.3403 31.3403 3
39.874 39.874 2
30.9991 30.9991 2
36.881 36.881 3
47.6145 47.6145 2
41.8989 41.8989 1
42.026 42.026 3
32.7728 32.7728 1
40.5061 40.5061 3
62.4367 62.4367 2
67.7561 67.7561 3
30.3784 30.3784 3
33.0425 33.0425 3
31.1077 31.1077 3
46.8706 46.8706 3
43.6792 43.6792 1
71.163 71.163 2
44.436 44.436 3
35.4397 35.4397 3
46.7247 46.7247 1
32.6614 32.6614 3
46.6136 46.6136 3
74.1544 74.1544 2
50.7056 50.7056 3
45.803 45.803 3
36.8237 36.8237 3
31.621 31.621 3
30.6506 30.6506 2
138.098 138.098 3
32.4346 32.4346 3
35.8012 35.8012 2
158.729 158.729 3
38.9526 38.9526 2
46.6916 46.6916 1
30.5604 30.5604 1
77.3849 77.3849 3
165.403 165.403 3
39.2683 39.2683 3
41.7389 41.7389 2
37.5878 37.5878 3
43.2156 43.2156 1
92.5976 92.5976 3
36.8097 36.8097 3
33.637 33.637 2
56.0883 56.0883 3
39.3964 39.3964 2
51.5843 51.5843 2
43.7789 43.7789 3
46.9495 46.9495 3
60.484 60.484 2
30.2457 30.2457 3
75.8395 75.8395 3
82.568 82.568 3
30.1052 30.1052 3
55.6006 55.6006 3
102.114 102.114 1
44.5353 44.5353 2
31.4369 31.4369 3
32.8612 32.8612 3
38.5535 38.5535 3
36.4252 36.4252 1
38.5198 38.5198 3
34.7036 34.7036 3
37.2224 37.2224 2
39.1146 39.1146 1
38.507 38.507 2
35.8151 35.8151 2
47.8692 47.8692 3
68.8972 68.8972 2
37.4078 37.4078 3
49.6097 49.6097 3
78.3217 78.3217 3
39.9245 39.9245 3
53.6114 53.6114 1
45.3149 45.3149 1
43.9998 43.9998 3
31.2315 31.2315 3
44.1745 44.1745 3
39.3453 39.3453 3
36.8175 36.8175 3
32.5006 32.5006 1
48.2973 48.2973 3
34.8561 34.8561 3
36.5404 36.5404 3
31.6543 31.6543 1
45.5981 45.5981 3
38.007 38.007 3
42.818 42.818 3
186.936 186.936 3
48.3199 48.3199 3
38.7353 38.7353 2
43.8538 43.8538 3
81.0254 81.0254 3
55.5033 55.5033 3
30.4493 30.4493 3
102.012 102.012 3
31.4196 31.4196 2
41.1018 41.1018 3
31.1985 31.1985 2
43.8914 43.8914 2
35.0454 35.0454 2
45.8278 45.8278 2
53.1128 53.1128 3
34.7609 34.7609 3
35.5507 35.5507 1
42.06 42.06 3
82.7086 82.7086 2
77.0451 77.0451 2
30.532 30.532 3
40.2251 40.2251 1
47.8144 47.8144 1
35.8441 35.8441 2
36.0972 36.0972 1
33.5752 33.5752 2
35.2832 35.2832 2
33.783 33.783 2
31.2973 31.2973 1
58.6362 58.6362 3
49.1027 49.1027 3
406.439 406.439 2
94.8998 94.8998 2
80.2352 80.2352 3
31.2407 31.2407 2
103.76 103.76 3
35.7554 35.7554 3
38.6084 38.6084 3
31.2806 31.2806 2
69.0298 69.0298 2
35.2276 35.2276 3
30.2202 30.2202 3
56.8336 56.8336 3
56.8937 56.8937 1
57.6627 57.6627 3
79.8158 79.8158 3
41.1935 41.1935 3
113.445 113.445 3
30.1173 30.1173 1
36.8119 36.8119 2
40.3049 40.3049 3
34.0747 34.0747 3
37.2831 37.2831 1
52.2704 52.2704 3
45.2255 45.2255 3
55.8321 55.8321 2
39.6413 39.6413 3
35.0238 35.0238 3
50.5604 50.5604 3
33.8791 33.8791 3
33.3532 33.3532 3
83.3788 83.3788 3
39.5944 39.5944 3
44.5355 44.5355 3
33.0179 33.0179 3
49.679 49.679 3
44.9435 44.9435 3
86.8065 86.8065 3
48.4861 48.4861 1
37.9621 37.9621 2
59.4374 59.4374 3
40.4566 40.4566 1
38.8699 38.8699 3
34.6052 34.6052 1
63.3277 63.3277 3
44.808 44.808 3
45.3406 45.3406 3
55.3675 55.3675 3
340.266 340.266 1
63.5327 63.5327 2
61.6516 61.6516 1
33.1382 33.1382 3
46.3107 46.3107 1
157.384 157.384 1
30.3192 30.3192 3
35.315 35.315 3
37.8179 37.8179 3
131.78 131.78 3
75.3809 75.3809 3
39.7204 39.7204 2
58.8148 58.8148 2
65.8421 65.8421 3
49.2168 49.2168 1
31.082 31.082 1
56.2005 56.2005 2
38.0722 38.0722 2
59.5141 59.5141 2
71.9142 71.9142 3
35.4027 35.4027 3
44.5521 44.5521 1
47.1607 47.1607 3
30.4552 30.4552 3
37.0926 37.0926 3
35.5002 35.5002 2
46.4583 46.4583 3
33.1235 33.1235 2
34.5982 34.5982 3
52.9018 52.9018 3
38.5034 38.5034 2
36.481 36.481 2
33.8721 33.8721 2
43.1966 43.1966 2
35.7562 35.7562 3
33.2127 33.2127 3
157.249 157.249 2
30.366 30.366 3
60.9924 60.9924 2
36.3363 36.3363 1
67.4782 67.4782 3
37.1047 37.1047 3
162.97 162.97 1
34.5233 34.5233 1
38.7537 38.7537 3
46.291 46.291 3
44.9529 44.9529 3
48.4918 48.4918 1
31.8196 31.8196 3
35.9997 35.9997 3
34.9836 34.9836 1
36.2994 36.2994 1
69.9387 69.9387 2
31.989 31.989 3
73.6072 73.6072 3
31.8198 31.8198 1
46.8753 46.8753 3
63.7566 63.7566 3
34.4597 34.4597 1
186.099 186.099 3
35.1244 35.1244 3
38.3778 38.3778 3
55.2603 55.2603 3
116.128 116.128 1
56.5098 56.5098 3
30.7836 30.7836 3
70.7693 70.7693 3
46.3241 46.3241 3
275.804 275.804 1
72.4848 72.4848 3
86.0506 86.0506 3
34.1985 34.1985 3
61.6086 61.6086 3
33.4605 33.4605 2
41.1015 41.1015 3
33.1709 33.1709 3
39.0868 39.0868 2
40.6063 40.6063 2
37.8231 37.8231 3
39.9622 39.9622 2
50.6556 50.6556 3
43.1634 43.1634 3
47.2209 47.2209 3
31.6388 31.6388 2
36.8846 36.8846 2
40.6831 40.6831 3
33.3915 33.3915 3
72.321 72.321 1
36.7991 36.7991 3
168.202 168.202 3
72.3052 72.3052 3
98.2687 98.2687 2
31.8189 31.8189 3
46.7524 46.7524 3
32.1467 32.1467 2
63.6915 63.6915 1
97.1697 97.1697 2
31.6054 31.6054 3
31.9533 31.9533 2
41.9595 41.9595 3
204.466 204.466 3
64.5113 64.5113 3
46.1622 46.1622 3
37.9163 37.9163 3
238.816 238.816 3
32.9223 32.9223 1
69.4019 69.4019 1
35.8186 35.8186 3
39.2933 39.2933 3
31.8021 31.8021 3
42.9199 42.9199 1
48.3945 48.3945 2
82.5713 82.5713 3
31.745 31.745 2
69.0873 69.0873 3
30.052 30.052 3
36.0452 36.0452 1
40.331 40.331 1
106.139 106.139 3
48.7289 48.7289 1
94.0711 94.0711 3
305.863 305.863 3
68.321 68.321 1
31.2151 31.2151 3
30.3483 30.3483 1
34.4194 34.4194 3
105.706 105.706 3
43.6966 43.6966 2
96.6176 96.6176 2
158.99 158.99 3
33.8602 33.8602 3
31.6043 31.6043 3
156.602 156.602 3
32.0842 32.0842 3
39.1473 39.1473 1
31.7914 31.7914 1
40.5686 40.5686 3
34.0056 34.0056 2
40.73 40.73 3
62.6843 62.6843 1
51.924 51.924 1
47.8827 47.8827 3
49.0382 49.0382 1
127.064 127.064 3
31.0033 31.0033 2
96.795 96.795 3
55.5379 55.5379 3
50.2325 50.2325 1
80.9803 80.9803 3
34.9703 34.9703 1
45.5512 45.5512 1
40.753 40.753 3
37.5295 37.5295 3
43.8958 43.8958 3
61.8478 61.8478 3
49.9602 49.9602 3
63.3587 63.3587 1
48.0278 48.0278 3
35.7233 35.7233 2
34.5668 34.5668 1
78.1365 78.1365 1
30.2077 30.2077 2
30.8319 30.8319 3
75.122 75.122 3
77.2589 77.2589 3
34.3411 34.3411 3
47.5633 47.5633 2
32.575 32.575 3
180.887 180.887 1
67.7541 67.7541 3
35.0778 35.0778 2
33.6649 33.6649 3
108.695 108.695 1
52.0524 52.0524 3
91.9614 91.9614 1
89.1182 89.1182 3
32.9036 32.9036 1
46.6901 46.6901 3
35.5921 35.5921 3
36.7151 36.7151 1
42.6948 42.6948 1
30.8312 30.8312 1
38.3598 38.3598 3
41.2995 41.2995 2
41.8157 41.8157 3
45.2642 45.2642 3
31.1672 31.1672 3
33.7307 33.7307 3
30.6707 30.6707 1
37.3251 37.3251 2
33.5429 33.5429 3
36.5304 36.5304 2
33.0561 33.0561 2
41.0634 41.0634 3
56.7317 56.7317 1
33.4325 33.4325 1
31.8004 31.8004 2
35.9669 35.9669 1
33.2819 33.2819 3
31.0498 31.0498 3
35.8421 35.8421 3
44.9179 44.9179 3
47.561 47.561 3
31.4613 31.4613 3
43.7324 43.7324 3
35.8499 35.8499 1
47.1736 47.1736 3
43.5448 43.5448 2
35.3293 35.3293 3
53.6439 53.6439 1
32.616 32.616 3
166.282 166.282 3
96.4591 96.4591 3
31.7916 31.7916 1
33.1366 33.1366 2
42.7309 42.7309 1
56.2207 56.2207 2
36.3793 36.3793 1
42.548 42.548 2
57.9634 57.9634 3
30.4431 30.4431 2
60.8533 60.8533 3
188.355 188.355 3
32.1921 32.1921 1
38.3402 38.3402 2
73.1711 73.1711 3
30.3894 30.3894 2
30.5536 30.5536 1
40.5933 40.5933 1
32.9773 32.9773 1
224.757 224.757 1
32.2537 32.2537 3
32.7972 32.7972 3
40.2563 40.2563 2
53.7019 53.7019 3
31.416 31.416 2
42.4033 42.4033 2
34.0372 34.0372 3
31.1441 31.1441 3
34.9633 34.9633 2
79.6493 79.6493 3
33.4147 33.4147 3
44.0959 44.0959 3
36.3013 36.3013 2
36.8455 36.8455 3
45.8161 45.8161 2
40.9448 40.9448 2
44.3966 44.3966 2
49.9051 49.9051 3
35.5177 35.5177 3
44.2803 44.2803 3
87.373 87.373 3
36.7762 36.7762 3
30.9888 30.9888 2
205.763 205.763 1
51.7113 51.7113 1
30.6901 30.6901 2
31.105 31.105 3
37.4247 37.4247 3
41.0621 41.0621 1
38.4154 38.4154 3
33.3563 33.3563 2
55.9361 55.9361 1
47.8934 47.8934 2
43.2782 43.2782 2
49.2429 49.2429 3
50.8003 50.8003 2
34.9501 34.9501 3
38.3375 38.3375 2
33.6407 33.6407 1
36.2668 36.2668 1
52.109 52.109 3
58.0669 58.0669 1
38.1502 38.1502 1
46.7871 46.7871 2
31.4839 31.4839 2
77.1043 77.1043 2
42.7239 42.7239 3
32.1645 32.1645 3
33.8406 33.8406 2
61.1291 61.1291 1
40.7773 40.7773 3
31.1303 31.1303 2
36.2363 36.2363 2
44.241 44.241 3
37.3752 37.3752 2
46.9031 46.9031 3
43.7603 43.7603 1
36.8119 36.8119 2
84.0202 84.0202 1
33.3929 33.3929 3
40.0516 40.0516 3
54.146 54.146 3
36.0896 36.0896 3
35.3285 35.3285 1
114.4 114.4 3
34.752 34.752 3
33.5736 33.5736 2
33.1364 33.1364 2
121.134 121.134 2
45.2928 45.2928 3
32.5501 32.5501 3
57.305 57.305 3
52.0835 52.0835 3
34.4625 34.4625 1
56.5778 56.5778 1
68.1437 68.1437 2
41.4791 41.4791 3
91.0065 91.0065 3
55.6152 55.6152 3
44.867 44.867 3
32.8908 32.8908 3
49.0856 49.0856 3
30.1138 30.1138 3
93.5662 93.5662 2
50.0105 50.0105 2
44.778 44.778 3
60.8652 60.8652 2
164.77 164.77 3
30.9337 30.9337 3
32.5728 32.5728 3
69.2951 69.2951 2
40.5046 40.5046 3
37.3683 37.3683 3
41.9268 41.9268 2
33.8122 33.8122 2
63.0291 63.0291 2
30.925 30.925 1
30.6456 30.6456 3
40.146 40.146 2
34.5478 34.5478 2
49.1166 49.1166 3
49.7494 49.7494 3
34.9269 34.9269 3
43.9188 43.9188 3
44.6022 44.6022 3
79.2855 79.2855 3
39.919 39.919 3
75.2956 75.2956 1
30.3073 30.3073 1
51.6721 51.6721 3
32.7386 32.7386 3
49.1916 49.1916 2
277.34 277.34 3
42.8458 42.8458 3
39.7774 39.7774 2
34.5635 34.5635 3
35.7298 35.7298 3
32.6124 32.6124 2
125.607 125.607 3
40.9051 40.9051 1
36.8571 36.8571 1
41.68 41.68 1
33.9562 33.9562 2
53.0699 53.0699 3
64.4884 64.4884 3
39.5844 39.5844 3
36.9565 36.9565 3
49.6368 49.6368 3
68.1567 68.1567 1
33.179 33.179 3
41.1388 41.1388 3
33.1585 33.1585 1
50.5154 50.5154 3
34.1022 34.1022 3
31.9402 31.9402 3
61.2743 61.2743 1
39.1036 39.1036 3
33.0712 33.0712 3
52.3627 52.3627 3
38.4679 38.4679 3
37.8881 37.8881 3
46.1607 46.1607 2
51.7876 51.7876 1
31.6381 31.6381 3
56.6864 56.6864 3
37.0952 37.0952 3
59.2693 59.2693 3
33.0519 33.0519 3
33.1434 33.1434 3
34.0156 34.0156 3
52.1035 52.1035 3
38.9751 38.9751 2
46.1139 46.1139 3
33.6535 33.6535 2
119.414 119.414 1
36.6433 36.6433 1
36.2643 36.2643 1
63.2244 63.2244 2
46.2722 46.2722 3
64.1648 64.1648 1
49.8606 49.8606 2
39.9658 39.9658 2
33.8379 33.8379 3
37.6599 37.6599 3
39.1322 39.1322 2
65.8355 65.8355 2
44.1716 44.1716 3
61.4964 61.4964 3
40.1619 40.1619 2
31.3564 31.3564 3
34.8187 34.8187 3
37.8064 37.8064 3
30.0979 30.0979 3
39.2523 39.2523 3
32.572 32.572 1
37.3914 37.3914 3
42.0311 42.0311 2
42.3953 42.3953 3
30.3319 30.3319 2
42.8496 42.8496 3
32.024 32.024 3
61.415 61.415 3
135.907 135.907 2
31.8767 31.8767 3
35.1485 35.1485 2
49.3946 49.3946 3
30.6591 30.6591 3
38.5078 38.5078 3
34.8511 34.8511 3
49.3233 49.3233 3
30.2373 30.2373 3
31.6415 31.6415 3
56.4881 56.4881 3
72.1845 72.1845 2
31.5417 31.5417 2
133.013 133.013 3
31.4111 31.4111 1
44.7802 44.7802 1
46.3474 46.3474 2
134.01 134.01 3
62.8819 62.8819 2
75.5456 75.5456 1
42.3838 42.3838 2
56.9703 56.9703 2
33.6523 33.6523 1
31.1414 31.1414 3
37.166 37.166 3
30.1976 30.1976 2
47.5448 47.5448 2
271.166 271.166 1
30.4303 30.4303 3
34.9952 34.9952 3
41.0846 41.0846 2
33.528 33.528 3
157.25 157.25 3
30.6263 30.6263 2
52.7712 52.7712 2
46.292 46.292 2
50.1473 50.1473 1
33.3748 33.3748 2
39.602 39.602 3
60.2771 60.2771 3
46.0425 46.0425 3
32.0383 32.0383 1
33.3869 33.3869 3
69.253 69.253 1
42.8404 42.8404 2
45.8999 45.8999 3
31.6315 31.6315 3
50.6757 50.6757 3
38.6378 38.6378 3
88.472 88.472 2
48.1344 48.1344 2
134.519 134.519 2
47.9571 47.9571 2
86.6469 86.6469 3
56.5092 56.5092 3
31.4051 31.4051 3
47.4967 47.4967 3
39.0509 39.0509 1
34.5781 34.5781 1
42.9804 42.9804 3
48.0534 48.0534 3
30.5536 30.5536 3
33.9705 33.9705 3
30.0977 30.0977 3
34.2906 34.2906 3
162.489 162.489 2
31.8285 31.8285 3
57.9767 57.9767 2
34.784 34.784 3
39.6002 39.6002 1
33.9021 33.9021 1
67.6907 67.6907 3
31.275 31.275 3
79.702 79.702 3
97.8724 97.8724 1
30.3996 30.3996 3
34.1703 34.1703 3
31.3547 31.3547 1
93.4688 93.4688 3
44.0186 44.0186 2
36.7531 36.7531 2
34.3401 34.3401 1
38.2616 38.2616 1
34.4695 34.4695 1
70.1624 70.1624 2
33.7023 33.7023 3
37.0604 37.0604 2
40.3364 40.3364 3
47.7255 47.7255 3
38.3865 38.3865 3
44.9521 44.9521 2
166.472 166.472 1
39.4786 39.4786 3
75.2574 75.2574 2
38.0205 38.0205 3
34.1077 34.1077 2
33.7084 33.7084 3
138.796 138.796 1
32.048 32.048 1
30.6169 30.6169 3
39.1186 39.1186 2
30.1834 30.1834 3
88.5438 88.5438 1
55.1083 55.1083 3
56.0451 56.0451 3
41.8469 41.8469 2
85.5882 85.5882 1
48.0747 48.0747 3
40.2038 40.2038 1
49.4386 49.4386 1
35.5132 35.5132 2
46.6396 46.6396 1
32.9782 32.9782 3
30.115 30.115 1
74.1786 74.1786 3
42.3934 42.3934 3
55.2008 55.2008 3
62.8583 62.8583 3
33.7467 33.7467 3
50.8779 50.8779 1
32.4317 32.4317 1
54.5054 54.5054 2
48.1471 48.1471 1
41.413 41.413 1
39.9332 39.9332 3
30.9121 30.9121 3
33.4456 33.4456 3
32.0956 32.0956 3
46.8698 46.8698 2
38.3829 38.3829 2
32.1406 32.1406 2
62.2147 62.2147 3
41.6186 41.6186 3
82.2321 82.2321 1
35.6774 35.6774 1
32.1905 32.1905 3
54.024 54.024 3
50.4177 50.4177 2
63.271 63.271 2
35.9512 35.9512 3
35.2558 35.2558 3
42.2003 42.2003 1
31.3107 31.3107 3
30.251 30.251 3
37.903 37.903 3
36.1114 36.1114 3
37.1566 37.1566 3
72.7772 72.7772 3
30.5103 30.5103 1
54.0202 54.0202 1
41.48 41.48 3
70.9388 70.9388 2
60.3652 60.3652 2
275.966 275.966 3
37.3655 37.3655 3
30.911 30.911 2
32.4885 32.4885 3
33.4447 33.4447 2
31.8421 31.8421 3
37.0576 37.0576 2
39.2169 39.2169 2
129.515 129.515 3
53.2452 53.2452 3
40.006 40.006 3
53.1012 53.1012 1
37.4836 37.4836 3
47.5736 47.5736 2
35.0642 35.0642 2
35.93 35.93 2
36.1416 36.1416 2
315.497 315.497 3
38.4453 38.4453 3
55.4681 55.4681 3
31.0903 31.0903 1
102.863 102.863 1
54.1611 54.1611 1
48.2787 48.2787 1
67.8401 67.8401 1
42.1914 42.1914 3
36.5223 36.5223 2
44.7079 44.7079 3
49.8571 49.8571 1
30.9085 30.9085 3
99.0441 99.0441 3
30.5727 30.5727 2
36.6037 36.6037 3
47.5224 47.5224 1
55.117 55.117 3
106.872 106.872 3
56.5034 56.5034 2
39.8002 39.8002 1
61.1495 61.1495 1
55.7166 55.7166 2
32.1306 32.1306 2
45.196 45.196 2
45.447 45.447 3
39.3405 39.3405 1
37.5964 37.5964 1
30.9999 30.9999 1
45.2893 45.2893 3
32.4919 32.4919 2
31.1174 31.1174 2
35.0968 35.0968 1
62.4627 62.4627 3
93.0319 93.0319 3
32.5299 32.5299 3
46.7089 46.7089 2
37.9895 37.9895 3
51.7709 51.7709 3
30.4393 30.4393 1
31.7834 31.7834 1
37.8147 37.8147 3
68.7235 68.7235 2
30.936 30.936 1
31.7354 31.7354 1
131.397 131.397 1
31.2533 31.2533 3
31.5271 31.5271 3
31.3167 31.3167 1
36.7571 36.7571 1
32.6475 32.6475 1
54.5918 54.5918 3
456.295 456.295 3
41.6388 41.6388 1
43.3265 43.3265 3
83.0313 83.0313 2
48.388 48.388 2
67.0168 67.0168 2
39.4242 39.4242 3
39.6162 39.6162 1
47.4772 47.4772 2
92.9512 92.9512 2
33.4956 33.4956 3
45.3979 45.3979 2
53.813 53.813 3
32.526 32.526 2
43.6973 43.6973 3
39.2304 39.2304 2
53.2089 53.2089 3
66.3199 66.3199 1
38.4 38.4 1
50.9176 50.9176 1
38.9638 38.9638 3
51.2055 51.2055 2
32.93 32.93 3
64.3586 64.3586 3
33.9711 33.9711 3
34.5808 34.5808 1
37.0704 37.0704 2
61.8076 61.8076 1
51.7724 51.7724 1
40.1816 40.1816 3
63.2295 63.2295 3
33.1228 33.1228 3
32.2799 32.2799 1
35.9157 35.9157 3
33.335 33.335 3
45.3211 45.3211 1
34.2846 34.2846 3
55.1518 55.1518 3
75.5566 75.5566 3
40.0544 40.0544 3
92.0922 92.0922 3
79.5527 79.5527 3
221.83 221.83 3
30.9848 30.9848 2
82.9053 82.9053 1
32.944 32.944 3
82.5532 82.5532 1
53.2119 53.2119 3
41.7366 41.7366 3
36.7561 36.7561 2
77.0877 77.0877 1
38.9317 38.9317 3
33.6453 33.6453 1
196.154 196.154 3
37.1321 37.1321 1
59.2362 59.2362 3
30.0168 30.0168 2
30.0364 30.0364 1
32.4919 32.4919 1
39.4819 39.4819 1
37.2545 37.2545 2
32.7732 32.7732 1
47.0207 47.0207 3
106.112 106.112 3
40.9616 40.9616 1
47.8978 47.8978 3
30.2744 30.2744 2
42.4348 42.4348 2
36.194 36.194 3
61.6463 61.6463 3
159.608 159.608 3
96.2953 96.2953 2
41.515 41.515 2
41.2902 41.2902 3
48.9395 48.9395 3
32.362 32.362 2
55.0343 55.0343 2
31.651 31.651 1
31.0183 31.0183 3
47.2602 47.2602 1
56.7338 56.7338 3
39.6238 39.6238 3
30.7563 30.7563 3
46.4669 46.4669 3
106.234 106.234 2
46.8493 46.8493 1
33.034 33.034 3
30.9534 30.9534 1
31.5014 31.5014 3
32.1527 32.1527 1
76.5215 76.5215 2
44.5874 44.5874 1
38.0562 38.0562 3
64.1081 64.1081 2
30.36 30.36 3
32.9056 32.9056 2
49.423 49.423 3
32.8802 32.8802 2
123.178 123.178 2
34.5311 34.5311 3
49.2673 49.2673 1
37.0909 37.0909 3
44.9143 44.9143 3
30.6126 30.6126 3
33.4553 33.4553 3
164.542 164.542 2
50.8434 50.8434 1
34.0956 34.0956 3
44.9306 44.9306 1
69.1643 69.1643 1
43.0988 43.0988 3
38.5737 38.5737 3
34.9134 34.9134 3
49.8363 49.8363 2
46.1971 46.1971 3
55.9201 55.9201 3
51.8932 51.8932 1
50.3718 50.3718 3
30.4256 30.4256 3
34.7728 34.7728 2
55.1125 55.1125 3
33.0297 33.0297 3
30.1141 30.1141 2
34.6095 34.6095 2
78.2241 78.2241 1
42.3716 42.3716 3
60.1866 60.1866 2
34.9919 34.9919 1
33.6751 33.6751 1
32.0524 32.0524 3
54.4583 54.4583 3
33.6045 33.6045 3
34.8218 34.8218 3
63.2677 63.2677 1
59.5573 59.5573 3
74.4613 74.4613 3
32.6513 32.6513 1
50.6936 50.6936 1
49.683 49.683 1
35.851 35.851 3
31.5952 31.5952 3
76.1774 76.1774 3
40.3669 40.3669 2
54.0956 54.0956 3
31.6672 31.6672 2
32.6221 32.6221 3
41.6849 41.6849 2
78.6812 78.6812 2
49.8086 49.8086 3
53.8927 53.8927 2
33.4405 33.4405 3
93.5237 93.5237 1
94.2337 94.2337 2
31.6024 31.6024 3
35.2418 35.2418 3
42.9237 42.9237 3
34.8057 34.8057 3
112.626 112.626 1
32.0663 32.0663 2
47.777 47.777 3
40.9693 40.9693 2
41.0268 41.0268 3
31.853 31.853 2
30.47 30.47 1
127.023 127.023 1
69.0619 69.0619 3
30.7742 30.7742 2
53.1587 53.1587 3
44.4231 44.4231 3
33.2657 33.2657 3
39.7387 39.7387 3
54.8761 54.8761 3
66.5005 66.5005 2
42.7407 42.7407 2
41.57 41.57 3
62.4783 62.4783 2
181.28 181.28 1
39.2495 39.2495 3
31.1453 31.1453 3
88.5054 88.5054 3
66.773 66.773 3
69.9995 69.9995 1
50.0203 50.0203 1
32.3014 32.3014 1
67.5899 67.5899 3
75.4128 75.4128 2
31.9852 31.9852 3
37.716 37.716 3
45.7532 45.7532 3
36.0246 36.0246 2
47.7753 47.7753 2
69.6314 69.6314 1
55.5206 55.5206 1
198.938 198.938 1
33.5291 33.5291 3
37.9405 37.9405 3
33.9113 33.9113 2
36.6955 36.6955 3
31.114 31.114 3
53.3824 53.3824 2
69.8317 69.8317 3
135.132 135.132 3
31.754 31.754 2
33.0817 33.0817 2
53.5513 53.5513 3
33.5047 33.5047 3
52.0091 52.0091 1
50.7313 50.7313 2
41.8184 41.8184 2
31.0998 31.0998 2
33.2775 33.2775 2
30.2738 30.2738 3
70.3241 70.3241 3
39.3315 39.3315 3
183.43 183.43 2
32.788 32.788 3
257.499 257.499 3
34.5729 34.5729 2
31.9212 31.9212 1
36.1837 36.1837 2
103.549 103.549 1
46.6765 46.6765 2
46.627 46.627 2
31.9366 31.9366 1
32.1476 32.1476 2
30.4769 30.4769 2
35.3572 35.3572 3
88.1234 88.1234 3
62.0186 62.0186 2
33.0494 33.0494 3
43.874 43.874 2
57.9979 57.9979 1
56.8713 56.8713 3
70.5085 70.5085 3
59.7348 59.7348 3
53.8054 53.8054 1
57.3104 57.3104 3
61.4196 61.4196 2
32.5578 32.5578 3
42.608 42.608 2
57.3663 57.3663 1
40.9429 40.9429 1
33.7478 33.7478 1
32.0396 32.0396 2
38.1662 38.1662 3
31.0205 31.0205 3
79.0952 79.0952 2
49.9134 49.9134 3
50.1999 50.1999 3
60.6233 60.6233 1
63.2222 63.2222 3
60.3728 60.3728 2
149.168 149.168 3
95.2209 95.2209 2
40.1441 40.1441 3
78.7847 78.7847 3
46.6645 46.6645 1
34.9505 34.9505 3
65.0656 65.0656 1
39.4808 39.4808 2
31.7662 31.7662 3
137.129 137.129 3
72.2266 72.2266 3
48.9576 48.9576 1
30.0057 30.0057 1
37.6136 37.6136 2
256.314 256.314 1
32.8367 32.8367 3
34.9576 34.9576 3
33.694 33.694 1
40.4144 40.4144 3
50.9292 50.9292 1
36.0979 36.0979 3
33.6459 33.6459 2
62.1701 62.1701 2
39.3097 39.3097 2
37.3429 37.3429 2
43.1105 43.1105 3
38.7784 38.7784 2
66.8966 66.8966 1
31.8459 31.8459 3
93.8822 93.8822 3
38.7967 38.7967 3
36.782 36.782 3
40.9624 40.9624 2
35.7473 35.7473 3
46.1893 46.1893 2
31.1145 31.1145 3
46.3685 46.3685 2
41.9964 41.9964 3
107.003 107.003 3
32.3377 32.3377 2
132.071 132.071 3
119.438 119.438 3
54.9189 54.9189 1
31.7985 31.7985 3
42.5332 42.5332 1
35.1403 35.1403 1
84.5979 84.5979 3
36.0651 36.0651 3
73.0366 73.0366 3
34.5372 34.5372 1
120.95 120.95 3
77.3307 77.3307 1
66.7062 66.7062 3
36.991 36.991 3
35.3358 35.3358 3
60.9883 60.9883 3
31.5436 31.5436 1
35.9515 35.9515 3
35.4594 35.4594 1
52.8078 52.8078 3
38.3563 38.3563 3
31.135 31.135 3
41.6016 41.6016 3
30.2129 30.2129 2
75.8754 75.8754 1
38.9677 38.9677 2
57.7707 57.7707 2
136.972 136.972 2
56.9212 56.9212 2
38.933 38.933 2
30.7874 30.7874 2
31.6176 31.6176 2
90.8401 90.8401 2
400.006 400.006 2
52.8457 52.8457 2
248.365 248.365 2
33.461 33.461 2
41.2026 41.2026 2
32.5946 32.5946 2
32.3149 32.3149 2
86.999 86.999 2
38.6197 38.6197 2
92.7648 92.7648 2
42.326 42.326 2
67.9051 67.9051 2
32.9448 32.9448 2
37.4651 37.4651 2
48.7032 48.7032 2
32.5585 32.5585 2
55.1966 55.1966 2
39.0298 39.0298 2
122.694 122.694 2
52.9887 52.9887 2
53.1158 53.1158 2
51.2539 51.2539 2
54.2867 54.2867 2
31.5881 31.5881 2
32.7608 32.7608 2
53.2279 53.2279 2
36.6775 36.6775 2
37.461 37.461 2
36.1691 36.1691 2
87.3394 87.3394 2
36.2848 36.2848 2
50.6883 50.6883 2
34.7652 34.7652 2
31.9695 31.9695 2
40.8578 40.8578 2
182.102 182.102 2
30.6173 30.6173 2
37.0633 37.0633 2
126.112 126.112 2
32.8704 32.8704 2
186.736 186.736 2
59.3993 59.3993 2
59.5443 59.5443 2
82.1216 82.1216 2
50.1587 50.1587 2
58.3357 58.3357 2
48.6751 48.6751 2
40.3539 40.3539 2
48.6211 48.6211 2
30.6135 30.6135 2
39.4712 39.4712 2
31.9202 31.9202 2
37.27 37.27 2
32.2004 32.2004 2
63.6469 63.6469 2
37.5422 37.5422 2
30.8747 30.8747 2
71.354 71.354 2
