4.690243651130309555e-05
3.426054538437630574e-05
3.333887967562217905e-05
3.895104040792991850e-05
3.413586411041999539e-05
3.828060110282674043e-05
3.464737096302401370e-05
3.329900683795414040e-05
3.710571121727177375e-05
3.556162627868517595e-05
3.482040144057209759e-05
4.198817388463216895e-05
3.724251527014638184e-05
3.649065481213281843e-05
3.538136854971388521e-05
4.097019605680172984e-05
3.370938513620741614e-05
3.776280911993055642e-05
4.105475538780644778e-05
3.706418938537310267e-05
3.514649825525314916e-05
4.187113711646535061e-05
3.681570038335643311e-05
3.605219718890360599e-05
3.357123624208886020e-05
4.041407882348531919e-05
3.549059505142019384e-05
3.336747110025867121e-05
3.482784073314148832e-05
3.475351002987858500e-05
4.669536612370239298e-05
4.907144442567099290e-05
4.064092280550536061e-05
3.866630070973212465e-05
3.320300229888516983e-05
3.375427443179810304e-05
3.332194902074936388e-05
3.412215771904718954e-05
3.838030204451230095e-05
5.614724088408972337e-05
3.394468709056024114e-05
3.404251446143315445e-05
3.444352939097849152e-05
3.445255147490560550e-05
3.466912012446407619e-05
3.319881980373058671e-05
3.378999506492692503e-05
3.687895015631463173e-05
3.356863615987900116e-05
3.726279485236502846e-05
3.432903227350694918e-05
3.532973301060423433e-05
5.394945906302457428e-05
4.596016088344584140e-05
3.416505574957933280e-05
3.384314458276770890e-05
3.784615349605129477e-05
4.479348274425420126e-05
3.359176030208619256e-05
3.403613403021173801e-05
3.407790460405188209e-05
4.319706297645346555e-05
3.605463915831432577e-05
4.497047309849255603e-05
4.028335733387607148e-05
3.754153700181832987e-05
3.456885635832971244e-05
5.358055536759447432e-05
3.682006668844109529e-05
3.352429242180371031e-05
3.469824339420841220e-05
3.621557854615417192e-05
3.702867170338634486e-05
3.347595786552975315e-05
4.634484438569242494e-05
3.781103487156885646e-05
3.467837372464570154e-05
3.634472905759072265e-05
3.420324732805376660e-05
3.923802155768400237e-05
3.476083298777370747e-05
3.416949253878681929e-05
3.331278903442110880e-05
3.325175980649254791e-05
3.459410908274761692e-05
3.679486880505780416e-05
3.324788756144220442e-05
3.400092755100198852e-05
3.434584051511393397e-05
5.160816128283188199e-05
3.394477022996721436e-05
3.464975447112589405e-05
3.433445849223239394e-05
3.413578224465664085e-05
3.334182045911590760e-05
3.908876107237606258e-05
3.615698005765734794e-05
3.834245008019262487e-05
4.235903220315943586e-05
3.475356198069252923e-05
5.900608455945228543e-05
3.646154788335888866e-05
3.767040483777941247e-05
4.033054584931615433e-05
3.328172774461818416e-05
3.616117266757534835e-05
3.457122842754551989e-05
3.591160579402934275e-05
3.487966524557982369e-05
3.654254757155778839e-05
3.334152932424778179e-05
4.643008453232420245e-05
3.348571493676698942e-05
4.161004553912272814e-05
3.800969963176217348e-05
3.357629195932233080e-05
6.013009911334157972e-05
3.917780246501526215e-05
4.009182152447943859e-05
3.812837869060305048e-05
3.894857230438534705e-05
3.719012006448260194e-05
3.649873883921760532e-05
3.348488056682440638e-05
3.457865801421158646e-05
3.482724678351354340e-05
3.642434362812252738e-05
3.430942989156794047e-05
3.377592718653525260e-05
3.567026445482349357e-05
3.647181081748224391e-05
3.694131008329564679e-05
3.781449516707746726e-05
3.378609361530581298e-05
3.388337186594775086e-05
3.391663716050583277e-05
3.493642614591825494e-05
3.559165722427791483e-05
3.481086345476068776e-05
4.099028792117373162e-05
3.725685361137828175e-05
3.801213599968334517e-05
4.101888487968760979e-05
3.571395771010391133e-05
3.363432544821156933e-05
3.836732674872899920e-05
3.961387508225722138e-05
3.494287650788406699e-05
4.067389136666829007e-05
5.111170116213198926e-05
3.410239059339731339e-05
3.798203705342678384e-05
3.862037535725729967e-05
3.412393330439783448e-05
3.403151166380287949e-05
3.507446923205029298e-05
3.352391958339595969e-05
4.551967059724395620e-05
4.293898998966220955e-05
4.199485891240441426e-05
3.398950110864744551e-05
3.676228081731104631e-05
3.477512908991581129e-05
3.525281253382854421e-05
4.306813324786951341e-05
4.540140422116414431e-05
4.587116202351770535e-05
3.848384937049184498e-05
3.419958276525752804e-05
5.212158770226324987e-05
3.388261985629836804e-05
3.480882051267567587e-05
3.503736185801379868e-05
3.333838462211594729e-05
4.475455442386139313e-05
3.529789022690797565e-05
3.416088971388319323e-05
3.787415120193644592e-05
3.406937519319591743e-05
4.000277011146290921e-05
4.077329615007360502e-05
3.610181600940545819e-05
4.029666013788664409e-05
3.319154116420506965e-05
4.374174730253299278e-05
3.471005635929403363e-05
3.416121651227714892e-05
3.799255169921102605e-05
3.561906988790945733e-05
3.340905981642650221e-05
3.618160414876883186e-05
3.650538857397454812e-05
4.247608303443269393e-05
3.346071658748751723e-05
3.381040835003036772e-05
3.396894004272862656e-05
4.039739646314306987e-05
3.387303467610694208e-05
3.711358398510972265e-05
3.969981128483015544e-05
3.498730011474111211e-05
3.338517966996210827e-05
3.421423454305622922e-05
3.351287265735170841e-05
3.366824287593199585e-05
5.113874879043091596e-05
3.440056545207396060e-05
5.481612668057970724e-05
4.247651684910621565e-05
3.709407800831659736e-05
3.466875402322905527e-05
3.796461027245460497e-05
3.780394678613393280e-05
3.461941622856945527e-05
3.594413153109584985e-05
3.929253976268939452e-05
3.814556036423194654e-05
4.094321021313653420e-05
4.133690734744743946e-05
3.598148828674488608e-05
3.379877581098504510e-05
3.610544158071910767e-05
3.366424579103330714e-05
3.594342119206759011e-05
4.550708864397366146e-05
3.796210438228318545e-05
3.496445628692095226e-05
3.852492154967248185e-05
3.507120162816874096e-05
3.403561134915717232e-05
3.439711874956739927e-05
4.873751037284475995e-05
3.500745537554700906e-05
3.427723026231800592e-05
4.352345889838535922e-05
3.655586776346619779e-05
3.349304917755894281e-05
4.080849372558700470e-05
3.331223454544998583e-05
3.656393480009634820e-05
4.458362298204039507e-05
4.143599579578662116e-05
3.484680664659964554e-05
3.401231588117716449e-05
3.590868589722461256e-05
3.673871288960077160e-05
3.658325769825371233e-05
4.241348611085789483e-05
3.384638548523038006e-05
3.701583616558129112e-05
4.148519287173258244e-05
3.848149425881637636e-05
3.818537457526057372e-05
3.543065479456408793e-05
3.782176307134292522e-05
4.675785568894272331e-05
3.774686173893793242e-05
3.347019781133870302e-05
3.551638749632221018e-05
3.925707831209412132e-05
3.813391375505937204e-05
3.986261410242169096e-05
3.509365268051844794e-05
3.399005335356440318e-05
3.764163359542265646e-05
4.063832133587317935e-05
3.443215603474426666e-05
3.411688409857546652e-05
4.697120701062097422e-05
4.007262558188999974e-05
4.792045569808176295e-05
3.513168116167446185e-05
3.539357811689036298e-05
3.522936339970183465e-05
3.473273857282545572e-05
3.449263310590827599e-05
3.963504527716966389e-05
3.330534509220590348e-05
3.570983606884612645e-05
3.520925498505366868e-05
3.530351381952857512e-05
3.688638339602012388e-05
4.024497274973667325e-05
3.343375995111335340e-05
3.601468871810966710e-05
4.371250811432574507e-05
4.132260160353505010e-05
3.764532452744594838e-05
3.362855438778247042e-05
3.679848726296606890e-05
3.759092335135337542e-05
4.957300825247486301e-05
6.689509344724187676e-05
3.799442193888141289e-05
4.582872979900135766e-05
3.476981210158498650e-05
3.388974817715274617e-05
3.592024296669980063e-05
3.480002433825197335e-05
3.915989278144584685e-05
4.179790117188807527e-05
3.373819294888585354e-05
3.456184295823596579e-05
4.168154440672718725e-05
3.525838102164498755e-05
3.786321752565428151e-05
3.483615310468396345e-05
3.458147589328453670e-05
4.206724937022789286e-05
3.375950833662697616e-05
3.413673731163625809e-05
3.892221272382488759e-05
5.466645533419390782e-05
3.557488453599810552e-05
3.968155024402525178e-05
4.260638177909650088e-05
3.326996034022767194e-05
4.193026383554707153e-05
3.637950057235429053e-05
4.054584098189660145e-05
3.727584785139931571e-05
3.616392043105980602e-05
3.324665522334828172e-05
3.446100876679245511e-05
3.726221585681043641e-05
3.947461695721115791e-05
3.864600496309705401e-05
3.443527341518077997e-05
3.426754063371610160e-05
3.441781141393951030e-05
3.397579753381256324e-05
4.699841132494750426e-05
3.541157474832370571e-05
3.484987464962152620e-05
3.757691199818628103e-05
3.509522049994299309e-05
3.637686609374629398e-05
3.460554696229550185e-05
3.453126523974918270e-05
4.517873051484260752e-05
3.429650613821077506e-05
3.892335402473015170e-05
3.529428087178958966e-05
3.519082167633030188e-05
3.329020956945167827e-05
3.458345066581512884e-05
3.384803354791551556e-05
3.762694341768873938e-05
3.359358552972571330e-05
3.446076948794938460e-05
3.542318884022780707e-05
3.330119785399376648e-05
3.440548003616952636e-05
3.349624035020242017e-05
3.907649792885823693e-05
3.581669583012527360e-05
3.400605773389458905e-05
3.519215176941545335e-05
4.447805514342073043e-05
3.512434185078837687e-05
3.465279213559194265e-05
4.434576986254252037e-05
3.758480954964196069e-05
4.871392176614979691e-05
4.044098468153152948e-05
4.307400758935194549e-05
4.174007757880849988e-05
3.441519668237552702e-05
4.004184881656693874e-05
3.323884749679283264e-05
3.351109273540764187e-05
3.793610185380639219e-05
3.356892191028552615e-05
3.390852381165127509e-05
4.162707035939915379e-05
3.379198741381968327e-05
3.525830612530047659e-05
3.960881788499926701e-05
3.376372760279525631e-05
5.129041965058581831e-05
3.604235425905438127e-05
3.619954278227787423e-05
3.631375684851100363e-05
3.580557306327906102e-05
4.390632927169850578e-05
3.404812212467590811e-05
4.592242147451235318e-05
3.415941901470796369e-05
3.667208378814559481e-05
3.795972030843634446e-05
3.531144735523234065e-05
3.879452989242705767e-05
3.492933208645719367e-05
3.709772531746174560e-05
3.464310047480330932e-05
3.545772262085590358e-05
3.320191263338528913e-05
3.552455782531223512e-05
3.941889722222359461e-05
4.775594367415540541e-05
3.954187398657578532e-05
3.497931582041379173e-05
4.260936309899812543e-05
3.682438726372956665e-05
3.529846265205085896e-05
3.724584363306753166e-05
4.791981147496910201e-05
4.463951715301880409e-05
3.458258180410651476e-05
3.646701030045617519e-05
3.916471827367189716e-05
3.737444238179529732e-05
3.394471480375811401e-05
3.478052160388314179e-05
3.510485077724793544e-05
3.456909358539437161e-05
3.422700007576930900e-05
5.686269925949172569e-05
3.707854419322538752e-05
3.421274302144345513e-05
3.323461865252679069e-05
3.366917817546235251e-05
3.378370722617038614e-05
3.383143110471318856e-05
3.813906441196554325e-05
3.348626156193799296e-05
3.584669187559518850e-05
4.024467776068242571e-05
4.407342222292230460e-05
3.620664641286010026e-05
3.513644567298044409e-05
3.499237378693976797e-05
3.609172931552315222e-05
4.539866373383774948e-05
3.450408421766299507e-05
3.457902674457790184e-05
3.559391950774178781e-05
3.459900103483201547e-05
3.763589712137060061e-05
3.318431712219510740e-05
3.386355361646177351e-05
3.394817846361442498e-05
3.568961867723020442e-05
3.475626312878308247e-05
4.346793286415831211e-05
4.384579538827011730e-05
3.498617802458760500e-05
3.481732628969714063e-05
3.345907319276430125e-05
3.775182789023478580e-05
3.325343152902129895e-05
3.538292628493631416e-05
3.861415507034577179e-05
3.456173746369997347e-05
3.453837499397224197e-05
3.601143841767127826e-05
4.460229757864538422e-05
3.435005245456567623e-05
3.448658524631736580e-05
3.713223906669692944e-05
3.797473106926479004e-05
4.102198027989042956e-05
3.382527636188836610e-05
3.453047208080428778e-05
3.769951036731744473e-05
3.594079260193463777e-05
4.726832596032662392e-05
4.106769430966580967e-05
3.470601563986603266e-05
7.084108622742141096e-05
4.477479375438348516e-05
5.408555494406811013e-05
3.349954563850093337e-05
3.471193289871550585e-05
3.594413153109584985e-05
3.528546480023653963e-05
3.424529888226050892e-05
3.445502542453029380e-05
3.455617137112686947e-05
3.605205629217426370e-05
4.204644970447692125e-05
3.387523658368869870e-05
4.013276087813257535e-05
3.587209625931463131e-05
3.344043251985205834e-05
3.416178838878033275e-05
3.967130096182667489e-05
3.495868140599875748e-05
3.729475133243618639e-05
3.424786830619417759e-05
4.358575991810367345e-05
4.309153113352194765e-05
3.808672442867994047e-05
3.585739825482329714e-05
3.588582642525379817e-05
3.540538121665366667e-05
3.415241718850593728e-05
3.896932894018828537e-05
3.579137474603876249e-05
3.657718845669673952e-05
3.373196310519530571e-05
3.337176998036694433e-05
3.852480414839341486e-05
3.406468288533363929e-05
3.387777247052806210e-05
3.353080091683105832e-05
3.489259476532794813e-05
3.742301697142710925e-05
3.925180074458231583e-05
3.786719814259646195e-05
3.691079366172485911e-05
4.289410221838994776e-05
4.348325633074442829e-05
4.204909543019148962e-05
4.271919729303623296e-05
4.314259434655705176e-05
3.449788282968521572e-05
3.385283681069524805e-05
3.476119642835411348e-05
3.750385825437187854e-05
3.424681355419699561e-05
3.642721973969996230e-05
3.468842996599002816e-05
3.333352037435917062e-05
3.548429219724431356e-05
4.150159350401257270e-05
3.448472786199712517e-05
3.478733673314071077e-05
3.522062775577826610e-05
4.621996516199872277e-05
4.867508603367607766e-05
3.361173740099360663e-05
3.641648820528065050e-05
4.861997404393281484e-05
3.431117895432209521e-05
3.489267184024374052e-05
3.574625883430387712e-05
3.706682224476384030e-05
4.520257498611092781e-05
3.963385086752563887e-05
4.051398196680925398e-05
3.433169195262665351e-05
3.647660959753063126e-05
3.758351106160269403e-05
3.889580395946837449e-05
3.687376430058779571e-05
3.617411473904878403e-05
4.542727939349159558e-05
3.439690496929590570e-05
5.523536443752694535e-05
3.522298120891315419e-05
3.502905307099402364e-05
3.427002448777501662e-05
4.973949376099363212e-05
3.350083876808847381e-05
3.358622591380890700e-05
3.510341048921720156e-05
3.819297106789627631e-05
3.850006924729390095e-05
3.402165585731931210e-05
3.635561071921387510e-05
3.467615243447116479e-05
3.886002500342242545e-05
3.556221148847685324e-05
3.706967211616630500e-05
3.355474062051583408e-05
3.840343379783483005e-05
3.682429865054799551e-05
4.020198048845316112e-05
3.514727895199508260e-05
4.483514209226693501e-05
3.814169935997006801e-05
4.142372348490533292e-05
4.519956164300668471e-05
3.587871329036537591e-05
3.460580977983625608e-05
4.642024403826820338e-05
3.424697582954966293e-05
3.695614747836113056e-05
3.941279689948726386e-05
3.417787184252414092e-05
3.594829807602218676e-05
4.216623220668313772e-05
3.375922700065047468e-05
3.391672048913445730e-05
4.079094718019849863e-05
4.053032852599870240e-05
3.647244772234119512e-05
3.527337644084472921e-05
4.879113444057914679e-05
3.555352815807339122e-05
3.388440232315061390e-05
3.788524011660289822e-05
3.388092070252576290e-05
3.537590262168908127e-05
3.441975876719466127e-05
4.213276846628993323e-05
3.956898707656911999e-05
3.367815908185188372e-05
3.549736044918454052e-05
3.490823138316336027e-05
3.738872705037528269e-05
3.687327871353990896e-05
4.318659026216221659e-05
4.212921916468236321e-05
3.679546824914493224e-05
3.769965573977832643e-05
3.742628019302379560e-05
3.450233541857044401e-05
4.946460219908301167e-05
3.702965351105636681e-05
3.535498203904147672e-05
3.937188340483819952e-05
3.446991200875815762e-05
3.387587757141929782e-05
3.936259119393100905e-05
3.633503362004733540e-05
3.393930955286503194e-05
3.560913707253321903e-05
3.948692713036008179e-05
3.666058395949588959e-05
3.646694203412864779e-05
3.720845455904704636e-05
4.400461728832834351e-05
3.349894213104677150e-05
3.335191851178647251e-05
3.466561557644419630e-05
3.320591740686339914e-05
3.414148426854652523e-05
3.502361258075878977e-05
3.476815170568605507e-05
3.722437742741533171e-05
3.958041748344716279e-05
6.884090660650518548e-05
3.698065035687047095e-05
3.698294931883082664e-05
3.786875724589033887e-05
3.407680790267684335e-05
4.201266108211626477e-05
3.529759156017731926e-05
3.542193176888856602e-05
3.435361941979723447e-05
3.670495935508988897e-05
5.068885468135505374e-05
4.846494774063084970e-05
4.689662664160296001e-05
3.434538435999861242e-05
3.627890395506138543e-05
4.092860556806222607e-05
3.657283223818865727e-05
3.635850180642437546e-05
3.452859473834307908e-05
3.538196199489425863e-05
3.431943660023241589e-05
3.663283595204473280e-05
3.473083910125104856e-05
3.493337900287351103e-05
3.750764977028773090e-05
3.796619913788635870e-05
3.438992838289486474e-05
3.438163695588297757e-05
3.455793907050821849e-05
3.573399290212762782e-05
3.410156969960979770e-05
3.641952588347860750e-05
3.336811021935471010e-05
3.345708352316738120e-05
3.318620463619300438e-05
3.542190711920455902e-05
3.928755338822010706e-05
3.398107631464656995e-05
3.689187296662667598e-05
3.382387712711047722e-05
4.239429346635442886e-05
3.430191958958113489e-05
3.469542542486167200e-05
3.412734717767951578e-05
4.493482324675519710e-05
4.023386317523596498e-05
3.501084118098109048e-05
3.641061643110893520e-05
3.475252292383478991e-05
3.722358172875435260e-05
3.780701736480296751e-05
3.333127691983023662e-05
3.434777228150969250e-05
3.408338665557418166e-05
4.599829592219068484e-05
3.373049679969871404e-05
3.659527519806060619e-05
3.795366657867805176e-05
3.845408695268048350e-05
3.324955981939635820e-05
3.576045842250191384e-05
3.648556570783628191e-05
3.748093927664239265e-05
3.583829230236627633e-05
3.732831868970774690e-05
3.396102707743172300e-05
3.418578346527500214e-05
5.351322362616032840e-05
4.336198888311015712e-05
3.688993313408353092e-05
3.476431120476288167e-05
3.381519831651217929e-05
3.746453287848963102e-05
4.460478241364021956e-05
3.397424940077503299e-05
3.983438757104650979e-05
3.497066263661171112e-05
3.366237436660619371e-05
3.905810218702087348e-05
4.627631687966132708e-05
3.354048554692859208e-05
3.352546822209597773e-05
3.540760234752478579e-05
3.941202498686886477e-05
4.645664864285571258e-05
3.453840141677747672e-05
3.474160766521775748e-05
3.863257466761223517e-05
3.893177778298706758e-05
4.158913387301624016e-05
4.100944653031462947e-05
4.559760885084577510e-05
3.490841100246257835e-05
4.520442810690140619e-05
3.609987416273126369e-05
3.635120403687207887e-05
3.360718059642842862e-05
3.359980066569042664e-05
3.786061103443947001e-05
5.451813372605033621e-05
3.323972831981115636e-05
3.343243077715550468e-05
3.686577194945593676e-05
3.847440690700910921e-05
3.388181209110248388e-05
3.394069574031718202e-05
4.183235584287834524e-05
3.856163941717221066e-05
3.776161009074558236e-05
4.039731059954276208e-05
3.491200285482985092e-05
3.616126582150260151e-05
3.397220335594434027e-05
3.411827786387330261e-05
3.597159204521989514e-05
4.345199024111255935e-05
3.638458477804407218e-05
3.676653109398960752e-05
3.503154373491997389e-05
3.701266905738147527e-05
3.638895746407807858e-05
3.424878776069617412e-05
4.404734364709540610e-05
3.358320090988160670e-05
4.224193564971530281e-05
3.369460227846809167e-05
3.443175631444922913e-05
3.904560510614916405e-05
3.473180188282008366e-05
3.752339434574496197e-05
3.369748675984073316e-05
4.481824332711816270e-05
3.327932835715528598e-05
5.654401217771797374e-05
3.593771340063266093e-05
5.940784402800229700e-05
4.830140327723296843e-05
3.387679719121330945e-05
3.535723666088599101e-05
3.761848524044219920e-05
4.544714053981003496e-05
4.364155555260471758e-05
3.769429670725442339e-05
3.424976122677492337e-05
3.996482439960746396e-05
4.428095276473271254e-05
3.503149290991143831e-05
3.447825139918108577e-05
3.355557022225531859e-05
3.914229768408174979e-05
3.496328108128111815e-05
3.716932095306769415e-05
4.170536550732961782e-05
3.342702589933948013e-05
3.350560779272317234e-05
3.491964498720473382e-05
3.564843518517775151e-05
3.472831470378187038e-05
4.140516786990922445e-05
4.238204698960141393e-05
3.413471794059709784e-05
3.919929052589248253e-05
3.894221020842332780e-05
4.339340530525608893e-05
5.399289280426882955e-05
3.999075055428890095e-05
3.396999103431644590e-05
3.830053878965244946e-05
3.362224005940687342e-05
3.424115964258619846e-05
4.423038822280581285e-05
3.819884097165437081e-05
3.471334012022444257e-05
3.516612711429830995e-05
3.652407169957466759e-05
3.750217279778051392e-05
3.423745209652137702e-05
3.486020758166905254e-05
3.644323236952896986e-05
4.669213758484819053e-05
3.688832374192193875e-05
3.963254776228374233e-05
4.427716326029626959e-05
4.071835157654228506e-05
4.127356528671427782e-05
3.325087985968795792e-05
3.339115411047447601e-05
3.394213721013244453e-05
3.519415919530445623e-05
4.230558008409045174e-05
3.780650221491948924e-05
4.502874058231043900e-05
4.024346303721578909e-05
3.743490065712581894e-05
3.624578687593541177e-05
3.399402878877353669e-05
3.672573055529696016e-05
3.890334890988507758e-05
3.380853107059946915e-05
3.612360114730774746e-05
4.168627066765576925e-05
3.743877491042930467e-05
3.706223072660687253e-05
4.502693122226681787e-05
3.715365735436149060e-05
4.608351430999694029e-05
4.479175054952319233e-05
3.385643802823742275e-05
3.382681533632045628e-05
3.775999743812462350e-05
3.427911872763005107e-05
3.645995425438409998e-05
3.880698202626775247e-05
3.400589227734207744e-05
4.554455888603348434e-05
3.779052298520560704e-05
3.736620912544805901e-05
3.515052714579276321e-05
3.735950395289463902e-05
3.607889326553112596e-05
4.823340567463615367e-05
4.233251053662656562e-05
3.385071466988600399e-05
3.459960582150874126e-05
4.165951635127849550e-05
4.104652315703883475e-05
3.566545162117914564e-05
3.634955115218965651e-05
3.424178196911150578e-05
3.573651918766189547e-05
3.974266008826529738e-05
3.532446861555495280e-05
6.308057153376143815e-05
4.537379170348350004e-05
3.429664082968194048e-05
3.319619764181658733e-05
3.472446207317123122e-05
3.466197923189035028e-05
3.890603439828358188e-05
3.771289893302746298e-05
3.762788289246586003e-05
3.359258739215132333e-05
3.432056588595115904e-05
3.534625713956109192e-05
3.641879507718907979e-05
3.319778868441112868e-05
3.669921365235664581e-05
4.219371254380050037e-05
3.457823659483793237e-05
3.649753563027332973e-05
3.979229342331693571e-05
4.470252637400895518e-05
4.932055769809311912e-05
3.714197886271843648e-05
4.257965778362443756e-05
4.040069324580245792e-05
4.562675529519841418e-05
3.377022243825012810e-05
3.599753309979832896e-05
3.921692721311737342e-05
3.649871613817165370e-05
3.783180416529953352e-05
3.511818467465895900e-05
3.395765007344419233e-05
3.442527906706529704e-05
3.684829139949638067e-05
3.390991346253797463e-05
3.376052109276132975e-05
3.446906182298572086e-05
3.741173799909339377e-05
3.351089176014423299e-05
3.711373575644061785e-05
3.429057827281845652e-05
3.464173780583074249e-05
3.365128172200280917e-05
3.796780818702167752e-05
4.346150156484546580e-05
3.675869707343380196e-05
3.521166064225381902e-05
3.403514366844969746e-05
3.622132902545401528e-05
3.409250889528737868e-05
3.325436993862952468e-05
4.295081932084760413e-05
3.331570697918211484e-05
3.400611288558679608e-05
3.602699956976687949e-05
3.553607068258678408e-05
3.343532010036144033e-05
4.737690965601495078e-05
3.447676452576054997e-05
3.615739937881366377e-05
3.990292382792647589e-05
3.653075405555286604e-05
4.037735946887098006e-05
3.534948009328587595e-05
3.920641494354477864e-05
3.592109688226738308e-05
3.526664189919666249e-05
3.733282078165872496e-05
4.754306748573592788e-05
3.349048988546982910e-05
4.551738255627300764e-05
3.664862527733203288e-05
3.906394169686162491e-05
3.337214751195016966e-05
3.338732616658038181e-05
3.830276558077677277e-05
3.741218339898846711e-05
3.593574706947902007e-05
3.406597276111821129e-05
3.331976175536517046e-05
3.737920560612948225e-05
3.420612393193698939e-05
3.432172195357174627e-05
3.631596662705841928e-05
3.932277292503000337e-05
4.444169076538724263e-05
3.401611884649332327e-05
3.513964622513957926e-05
3.737342147364537535e-05
3.399140624934130986e-05
3.728514232364732645e-05
4.644424945629517721e-05
3.570110640427575347e-05
3.826456258871986426e-05
3.408560619671645715e-05
3.829041433085394249e-05
3.564753896431692155e-05
5.626917333065322200e-05
3.811643555329943329e-05
4.193331721979992729e-05
3.545423160404871372e-05
3.662984667623012092e-05
3.971205649150254496e-05
3.470233876457809002e-05
3.399157189987286383e-05
3.475405550277408859e-05
3.991556645796975032e-05
3.467126421823089948e-05
3.734269455041340106e-05
4.012217809006177421e-05
3.439706530484206939e-05
3.436152747674597570e-05
3.454048864275305547e-05
3.730249350764835135e-05
4.158691427231317602e-05
4.269513047069885758e-05
3.774847593518914583e-05
3.540955169111520152e-05
3.769028644823692927e-05
4.015917559951988943e-05
3.627144658067417947e-05
3.535468469676144031e-05
3.396119313577201926e-05
3.490471546512147069e-05
4.031601325639749025e-05
3.543082722423499843e-05
4.826291067148370437e-05
3.653247506722170148e-05
3.661772536903190785e-05
3.378609361530581298e-05
3.583884130344761396e-05
3.450400473208295769e-05
4.022109410718639901e-05
3.530794128723727500e-05
3.340271760981710578e-05
3.399068840471686215e-05
4.213890131240668969e-05
3.632517005982712329e-05
3.628405008598521166e-05
3.888409751149978595e-05
3.904849002421245365e-05
3.500050274170451227e-05
6.195718220201159243e-05
3.405449638208456144e-05
3.374298298456971480e-05
3.352650053861494761e-05
3.437240293029444476e-05
6.240042874835516372e-05
3.464393896706664290e-05
3.389562037463949033e-05
3.435064254920106307e-05
3.592225906654178462e-05
5.079106191946144939e-05
3.836794018226661479e-05
4.027333333043549762e-05
4.243262489853191001e-05
3.400578197174381064e-05
4.736128115918596945e-05
3.598096886118095793e-05
5.054847698349803909e-05
3.769462911129963721e-05
3.703676402527319891e-05
3.580806156081031634e-05
3.949944597308866802e-05
5.569586648701924873e-05
3.410756097513207338e-05
4.662014326718366360e-05
3.331424809465668226e-05
3.384778216278616181e-05
3.905601068188781526e-05
4.127325769849537844e-05
3.656440917926303386e-05
3.459247800922591443e-05
3.514508784346829492e-05
4.213885543987712601e-05
3.843164963054751494e-05
3.502452796601781041e-05
3.589386269423861333e-05
4.275989186539110471e-05
3.471938417666315584e-05
3.502470594995603988e-05
4.354243206376264729e-05
7.177141746942654213e-05
3.352443581815508974e-05
5.726153071945630328e-05
3.398994290655494807e-05
3.482882198019821403e-05
3.407338008513489193e-05
4.002588115940870089e-05
3.454780440507142225e-05
5.609188569839637450e-05
3.691556917742154514e-05
3.383126328893019019e-05
3.849030426952878138e-05
3.600997787508007793e-05
4.501049766746822767e-05
4.215155688453669749e-05
3.395662571756247845e-05
3.398737473531485273e-05
3.363665584352846659e-05
3.439754629914929218e-05
4.003825894032335793e-05
4.605192264203861972e-05
3.485989848897983097e-05
3.470695424488639917e-05
3.512141503884594730e-05
3.367631810783034758e-05
4.386310053994944320e-05
3.408398953322706512e-05
3.327646017236426880e-05
3.570325319197319272e-05
3.418899018033813927e-05
3.575301217987595823e-05
3.323617527423463854e-05
3.650836058628355286e-05
4.533137922322161506e-05
4.690494211871427000e-05
3.848783253227690867e-05
3.450172593130490273e-05
3.434605517057997734e-05
3.525516008367841680e-05
3.957176828155761273e-05
3.420712787290289237e-05
3.502714662161745065e-05
3.389155744615828935e-05
3.472334250738747544e-05
4.102616134327285172e-05
3.808585613985625301e-05
3.789177450092160121e-05
3.441981211507466886e-05
4.150251830049629545e-05
3.717864567358584787e-05
3.954524315734055063e-05
3.907984689252265242e-05
4.350492518106546184e-05
3.514151074422433980e-05
3.472360288038170455e-05
4.005509202626242614e-05
3.426975452761919718e-05
4.005252522667211349e-05
3.819112744629119888e-05
3.496555475049279766e-05
3.480574254697448629e-05
4.034399550909991517e-05
3.550289759209077561e-05
3.808888481812671811e-05
4.644003634028242975e-05
3.684466425790351230e-05
3.374684182956136705e-05
3.978606274705978759e-05
4.420839708949729816e-05
3.732358027896993680e-05
3.513377373201640851e-05
4.168335631426750684e-05
3.616722630070477973e-05
4.424341870773042360e-05
3.787946105683892832e-05
3.415617741467176282e-05
4.841335075707263019e-05
3.528068066735520357e-05
4.078987700513981386e-05
3.634091606118326339e-05
3.374717977278993711e-05
3.600993075809058905e-05
3.379656017619834174e-05
3.337298965546835915e-05
4.524104425482257402e-05
5.137155986688725969e-05
3.329000490573211268e-05
3.590951682863168106e-05
4.119804954632138552e-05
3.390488218343465989e-05
3.390846822235811026e-05
3.355064900068652119e-05
3.361094008282915956e-05
4.989648818159194403e-05
3.408703087787301315e-05
4.370259298303113638e-05
3.547531083036654031e-05
3.353085824496187368e-05
3.629707951227162605e-05
3.425297853164624532e-05
3.838824741172201560e-05
3.465818480450435390e-05
3.787968652660347082e-05
3.659694281123252049e-05
4.017103967606644037e-05
6.067880539646330467e-05
3.544333453594747960e-05
4.060813446489205584e-05
4.640594166766060977e-05
3.434141242315408825e-05
3.451957429238056358e-05
3.646580421026049623e-05
3.423450150823130326e-05
3.845819655870394801e-05
3.348292388892380917e-05
3.351640302356017877e-05
3.408053629142425222e-05
3.504800037210993618e-05
3.334085968751917314e-05
4.019698491643099809e-05
3.654603155945120453e-05
3.359167473784858548e-05
3.556750155850164034e-05
3.729868713398975020e-05
4.142391581753140223e-05
3.440561355770992846e-05
3.455796545219778958e-05
3.713130800726020732e-05
4.020735708861313071e-05
5.557079386037942938e-05
4.376477483360393143e-05
6.942905375307289074e-05
4.913540193241691082e-05
3.579475214080037618e-05
3.391588717751195216e-05
4.312854235175748259e-05
4.631350495132957156e-05
3.376766427679156994e-05
3.973110594819406858e-05
4.200013693583410919e-05
3.323975767947299348e-05
3.375725746826152291e-05
3.743303723554742153e-05
5.909465419025359092e-05
3.540093780499321439e-05
3.593351978286024996e-05
4.018388736958807906e-05
4.264172022467810157e-05
3.469033582990692155e-05
3.679986335208125742e-05
3.479671125253643087e-05
3.911271138507581372e-05
5.589132462238905266e-05
3.489719274942714523e-05
3.495699444131963689e-05
3.665190208104533145e-05
3.870831102931585787e-05
3.726455313165866819e-05
3.447586169514285653e-05
4.228172345750054847e-05
3.868281420101717463e-05
3.444752226504252347e-05
4.743133238616215318e-05
3.656154005641189448e-05
3.695799003445517951e-05
3.322092349027078303e-05
4.661736368805741680e-05
3.886036891228581488e-05
4.112584657339353028e-05
3.428106085065968828e-05
3.829894800655898760e-05
3.471156803789896521e-05
3.698156998881694559e-05
3.598335332677453325e-05
3.981626008780505231e-05
5.204260028064484678e-05
3.830107563793895759e-05
4.066709782642986771e-05
4.008717400427169579e-05
3.430934915967471046e-05
3.987174964275592276e-05
3.633393037072812329e-05
3.402052661848699354e-05
3.572185988941205422e-05
3.367068017368332790e-05
3.447381680894107494e-05
4.133415047867394928e-05
3.565502171837806912e-05
4.105209396549510639e-05
3.353108755478976106e-05
4.145833584849389431e-05
4.045830176263593418e-05
3.546425958870445252e-05
3.516336076651719374e-05
3.492933208645719367e-05
6.082680332067927413e-05
3.441823825701883165e-05
3.500248959606684851e-05
3.502859554916609827e-05
3.363722416528317486e-05
3.641047931577713772e-05
3.480199107256392877e-05
3.384384312527568541e-05
3.869111202344105991e-05
3.878894300735746527e-05
3.599404266772733059e-05
4.148970961041365798e-05
4.193967001922336419e-05
3.706521212738126487e-05
4.773956925603379549e-05
3.888312471576555390e-05
5.592449116196799864e-05
3.507609005821702894e-05
3.812318378399827455e-05
3.667683325938732417e-05
3.329780891489662404e-05
3.862253237583097084e-05
3.367501509742216494e-05
3.423688368893999150e-05
4.368306269353831688e-05
3.568860456593794193e-05
3.393789548124893023e-05
3.497293498644046036e-05
4.073846789060720815e-05
3.353203341224815758e-05
3.506920012399226028e-05
3.861930644150975172e-05
3.413122419867880306e-05
4.332861190999592226e-05
3.981486610043688860e-05
3.481453474977981230e-05
3.378070252416202494e-05
4.597256130596019382e-05
3.832721697421669765e-05
3.853110329376622118e-05
3.596915817076597524e-05
3.512436707901017799e-05
3.939081789136384179e-05
3.416246915981686070e-05
3.726727587010146916e-05
4.210888663009143226e-05
3.992152882036777796e-05
3.827783303945547056e-05
3.777328583403004824e-05
3.956785989924992527e-05
4.288160315256250691e-05
3.359874602591407164e-05
3.986767230585350864e-05
3.528601286823584223e-05
3.499706322216041416e-05
3.439698513732590280e-05
3.644020012315019865e-05
5.486525027022140077e-05
3.879122794599815862e-05
3.388816136878122342e-05
4.496442386190825077e-05
3.359660796324460925e-05
3.683574704734659280e-05
3.662780099565429877e-05
3.709970053157971042e-05
3.725155362775937911e-05
3.657540551383124222e-05
3.604740585035886294e-05
3.369120790135351513e-05
3.777508281032206599e-05
4.941582759431167800e-05
3.350465988226568158e-05
3.698881536454526228e-05
3.526454598699883038e-05
3.422943786012778099e-05
3.560447160588573856e-05
3.645102639024026077e-05
3.332299876790667379e-05
4.266490940895776283e-05
3.522906313259818658e-05
3.440844387910277173e-05
3.609514702201760633e-05
4.128144710782472878e-05
4.090705328318008016e-05
3.393423477859567087e-05
3.849681501151485877e-05
3.407757560383060323e-05
3.528598795656190867e-05
3.647156059649059865e-05
3.471258440965740175e-05
4.228328374604979688e-05
3.408248228410544364e-05
3.536729092916520762e-05
3.574125765585292039e-05
3.773721399393766332e-05
4.701459999686099969e-05
4.277078645121745515e-05
3.531574781915058767e-05
3.322318749567028585e-05
3.555391854529634638e-05
3.767808222564643134e-05
3.344594690146426386e-05
3.461019802174804928e-05
3.773365130926733499e-05
4.183767483282838410e-05
3.909047180494698554e-05
3.334094703353780178e-05
3.532491567631400450e-05
3.366089970945970467e-05
3.852828663472358009e-05
3.327107317183096728e-05
3.566327437609241022e-05
4.351670024595201121e-05
3.487789058528398419e-05
3.344614895172971894e-05
3.618925197102247225e-05
3.397552109571189496e-05
4.110326778050559692e-05
3.430803046479588526e-05
4.512736638291627147e-05
3.694223241084623733e-05
4.005394932888418436e-05
3.665273237596305782e-05
3.594150308383429608e-05
4.688272048537417061e-05
3.608186916156008224e-05
3.771710999559309675e-05
3.619494427189374921e-05
4.589874563326860229e-05
3.724279445459300676e-05
3.649867073596327327e-05
3.650439019153890475e-05
3.514682565001541685e-05
3.615930945043108359e-05
3.972184518607730188e-05
4.594473781671476692e-05
3.336590221064382331e-05
3.437018039276728399e-05
3.318378620568388643e-05
3.933185075144689718e-05
3.432174883759113709e-05
3.794338750220882723e-05
3.717266736822092321e-05
3.365207641448976912e-05
3.713275869986300189e-05
3.560303760912370561e-05
3.939221672397182224e-05
3.407055485066269980e-05
4.233423175751871220e-05
3.620592693847018393e-05
3.487313121228042385e-05
3.457705127711976185e-05
3.507631797037893002e-05
3.395759470502846846e-05
3.360866174428014843e-05
3.365446018235301878e-05
3.995468525115195479e-05
3.980778686253376908e-05
3.455833479003644969e-05
3.327941614800771386e-05
3.370828339664302926e-05
3.850939647842550304e-05
3.343601343577083668e-05
3.443260903565269172e-05
3.403409820060740161e-05
3.451200375566799500e-05
3.479212844654103659e-05
3.676330456769203711e-05
3.930856223175135966e-05
3.501285187230258699e-05
3.647151510125763794e-05
4.152593821198101892e-05
3.372880469089506011e-05
4.342474522464054499e-05
3.601937432568023625e-05
3.425397870079160522e-05
3.397770478814886601e-05
3.325645177495072986e-05
3.965515440351505798e-05
3.498140803698445908e-05
3.629286077018341994e-05
3.651008450224375868e-05
3.857441631607234830e-05
3.410742422030058144e-05
3.537473988497676254e-05
4.233343156472614441e-05
3.893124550420575442e-05
4.409616572966914357e-05
3.497227119588756130e-05
3.494952821297371348e-05
4.068787320221428969e-05
3.659930866055720290e-05
3.992482836109708186e-05
3.587119151224614125e-05
3.700762198648948031e-05
3.366566334636851359e-05
3.402641955967013047e-05
3.525658338860972819e-05
3.398160130566411365e-05
3.534013130004828455e-05
4.119134463238739892e-05
3.477536246744834754e-05
4.284363666946329398e-05
4.658559780675996799e-05
3.353168947257071920e-05
4.420946921838582851e-05
4.034945806660414098e-05
3.818543472212881327e-05
3.558849422968085439e-05
3.769030722980540516e-05
3.669158615592378451e-05
4.041316967665634563e-05
3.853653940934672993e-05
4.066812632950128045e-05
3.769338255456309379e-05
3.622881479874954792e-05
3.713466385040517601e-05
3.557690620075907141e-05
3.376819844243632421e-05
4.265218035439736875e-05
3.327695776336212717e-05
3.506689420445921658e-05
3.891191783554981214e-05
4.530447605811423325e-05
4.122849309983251027e-05
3.766857328042776701e-05
3.380141161565222463e-05
3.423203763730127549e-05
3.457338925656012004e-05
3.554923312040237786e-05
3.327470380527071620e-05
4.500855872051318747e-05
3.969631589436279945e-05
3.697609506191460468e-05
4.600610467720962180e-05
3.599140064081415922e-05
3.386291198699917942e-05
3.856987258499981682e-05
3.676975684181040080e-05
3.735343451524894938e-05
3.411335799312935948e-05
3.775730926278971178e-05
3.954928512056309515e-05
4.610669149275587299e-05
3.878133667943597186e-05
3.737135815431070503e-05
3.424565051895159414e-05
4.406597359980015820e-05
3.372448875648229196e-05
3.866263917428369484e-05
3.402507048910209089e-05
5.050856968400831880e-05
3.344770751239347994e-05
3.633831983773721738e-05
3.341288091763990460e-05
3.538690630724999507e-05
4.937631683318706953e-05
3.987452656077172895e-05
3.341727948549988350e-05
3.352609909257788358e-05
3.917415879064683830e-05
4.938323749375283828e-05
4.334494843343538899e-05
3.730360528040602212e-05
3.333223845118905669e-05
4.072359318183443140e-05
4.003630525340665900e-05
3.337206039031957440e-05
3.549907574735642609e-05
3.646286817370470427e-05
3.571684930905864348e-05
3.593427805071447716e-05
3.457960615616536366e-05
3.735386052918602813e-05
3.364963540908413631e-05
3.729678354650861735e-05
4.885396687644527576e-05
3.458674126442515056e-05
3.918036182258301101e-05
3.530304113445804676e-05
3.366693900584187901e-05
3.348254978234285647e-05
3.732238474286842330e-05
4.705438385987446289e-05
3.810803092397861664e-05
6.653759101119212426e-05
3.417161510457680622e-05
3.941773983043726152e-05
3.402193126578949116e-05
3.928126696448754995e-05
3.379347444963156646e-05
3.710679589335511393e-05
3.397057180709643170e-05
3.824812635676206631e-05
4.166959615017980960e-05
3.336569882121015099e-05
3.518354135954420016e-05
4.124828965835602556e-05
3.737935442999609689e-05
3.929233589302335222e-05
4.041972113751932880e-05
4.113689448139791379e-05
4.337409691082050252e-05
3.345895785848337754e-05
3.557824568411504428e-05
4.577182248862904953e-05
3.421596990678229313e-05
3.418287496598403021e-05
3.631071779907428499e-05
3.438037938841627151e-05
3.491397794054003329e-05
3.951907036200581216e-05
4.012086563928175391e-05
3.743849972662636138e-05
3.488984545379848664e-05
3.836999795584792797e-05
3.342526229089919765e-05
3.324592162912537024e-05
3.328482868708834615e-05
3.742710646914540251e-05
3.332492306820257754e-05
3.486231951336194129e-05
3.398770614223677061e-05
5.173148584473251073e-05
3.473172382218377320e-05
4.481022641278816892e-05
3.494638187874982767e-05
4.600718560221073991e-05
4.539964787027244819e-05
4.779308128390542977e-05
3.516464342035589862e-05
4.351777790570380487e-05
3.740269959412706024e-05
3.575615933816667877e-05
3.358514156459398874e-05
5.999954570738224257e-05
4.273515249794754815e-05
4.487393005715742362e-05
3.828920049296029288e-05
3.598335332677453325e-05
3.382250572257371781e-05
4.205397036520452204e-05
3.622309076663403154e-05
3.349655654700822602e-05
4.677025720762425267e-05
3.334167489255570487e-05
3.680263729513000949e-05
3.423710022822147196e-05
3.401697297499795491e-05
3.966281453262589864e-05
3.645565049907129805e-05
3.835612189477367000e-05
3.357632051674991233e-05
3.518007547769214235e-05
3.663964360295014929e-05
3.464084675025849919e-05
3.649292610366727346e-05
3.829554709826968079e-05
3.644300440520077612e-05
3.591393174864511694e-05
3.607779177852891788e-05
3.459658159735898964e-05
3.467599562273143086e-05
3.813087477501718285e-05
3.426076151264686635e-05
3.963667385809254020e-05
4.335691402784053286e-05
3.669780479509802046e-05
3.427437004148304857e-05
3.442271923070950489e-05
3.598309365358658558e-05
4.253063309224729469e-05
3.882256528311385171e-05
3.370887665332875636e-05
3.372409375851929047e-05
3.324436626213606011e-05
4.616473264866960429e-05
3.844541152219198982e-05
3.653261092706856582e-05
3.646496215773759259e-05
4.486546432808206512e-05
3.717307751695331702e-05
3.546401389797128626e-05
3.547162813511958777e-05
3.401700052654845315e-05
3.447960536264263622e-05
3.485250377545551936e-05
3.466867557158120796e-05
4.102086074119932753e-05
3.476067722432598772e-05
3.501010299941558146e-05
3.706934582555763041e-05
3.433714386664181206e-05
4.042707518861029972e-05
3.537506150351831484e-05
3.440764290970441418e-05
3.794193884218296603e-05
3.669670891438893173e-05
3.860435252713866386e-05
3.344441698338000165e-05
3.845040891271309043e-05
3.777272810392914181e-05
3.372420661637838915e-05
3.356383455256865681e-05
3.587088197910522845e-05
4.540562617266615068e-05
3.722229130716640143e-05
3.765947430335071111e-05
4.338376817633564630e-05
3.393831140148492650e-05
3.380272930605254670e-05
3.748416755387506011e-05
3.832324728581953954e-05
3.879118954672598654e-05
3.485976969813491238e-05
3.341710588800282905e-05
3.440238193633380384e-05
3.689074877966981320e-05
3.894515422004119778e-05
4.550201356660394145e-05
3.336154311917193167e-05
3.745385917252963906e-05
3.462566291247084241e-05
3.693649977762154330e-05
5.313369779139901113e-05
3.410115923233712510e-05
3.986667505331323010e-05
3.975599964595436691e-05
3.700467152302609633e-05
3.717275371635668421e-05
4.017093503516683029e-05
3.965423274585395854e-05
4.107150160309570256e-05
3.770573923344465927e-05
3.919699577996618354e-05
3.444347614405784524e-05
3.727241970942485327e-05
3.757253181261437124e-05
3.755405251493448534e-05
3.426959254871854074e-05
4.166592150731311895e-05
3.340329694418088551e-05
4.315782224230847454e-05
4.463030186331609314e-05
6.527532185056152971e-05
3.435742663474839316e-05
4.362748257454290152e-05
3.786890083863168747e-05
3.728589160027605135e-05
3.491959371305411837e-05
4.376517441865441767e-05
3.929778377337423903e-05
3.426348980964406398e-05
4.312476911154600537e-05
4.890277361484419603e-05
3.401405216257297041e-05
3.338416430285865588e-05
4.152219665143617636e-05
3.870912214868693564e-05
3.522803716688803190e-05
3.954600794022518887e-05
3.334141286834304104e-05
4.723987210192520745e-05
3.812290183415260165e-05
4.400396575069960396e-05
3.601120285730370000e-05
5.891733031315264229e-05
3.833598597723929832e-05
3.638192840979972509e-05
3.396993572119899694e-05
3.355185087750910762e-05
4.719212003069751051e-05
3.419550976194152113e-05
3.586147342942455038e-05
3.328000140408212521e-05
3.323432492783306020e-05
4.148956598936399395e-05
3.608695239891449377e-05
5.755007207305898358e-05
3.450469359038172302e-05
3.462385221806966329e-05
4.396061966213897618e-05
3.397109724465598261e-05
3.692984158122357858e-05
4.194397602211814911e-05
3.415527833371653549e-05
3.879508653981960536e-05
3.384786595839975754e-05
3.388710338300569082e-05
4.090049851481374402e-05
3.427642083244701013e-05
4.286789802655195317e-05
3.760747133165701360e-05
3.823117111172273246e-05
3.805476381128793909e-05
5.141319270185363031e-05
3.771420595289176316e-05
3.486043939624011115e-05
3.809356786995342879e-05
3.338567281762942291e-05
3.672767201585336083e-05
4.024268209031078587e-05
3.543075332608717744e-05
4.712490816630199883e-05
4.049990258373356919e-05
3.323899430508685617e-05
4.036505909521347470e-05
3.719346133631056472e-05
3.704415410816791764e-05
3.915794715927481011e-05
4.439286087277606444e-05
5.289042486267925514e-05
3.846199048151714077e-05
4.110149930482742865e-05
3.613389677074259262e-05
3.701509360019494078e-05
3.386533884425863629e-05
3.464480360376498885e-05
3.388924710184584833e-05
3.944039302100025429e-05
3.918995998789663078e-05
3.351634562740992080e-05
3.969067463913250322e-05
3.562322047043161883e-05
3.413471794059709784e-05
3.393459535055362304e-05
3.965858751167142542e-05
3.498089777198998968e-05
3.378525141324647277e-05
3.846218702978731991e-05
3.603443226343344279e-05
4.705991462540687635e-05
3.492774370364802171e-05
4.114553427228788955e-05
3.672985861048110121e-05
3.347506523561144184e-05
3.485121505643423793e-05
4.656097888882372674e-05
3.382152605427335738e-05
3.639746975433060569e-05
4.286617674437398452e-05
3.560996307374808062e-05
3.354715716304231454e-05
3.326796870184049520e-05
3.350121231330431060e-05
3.937215986633130893e-05
3.711895998594058675e-05
3.452719315886109487e-05
3.543880573060177421e-05
4.639655647929523500e-05
3.461335030499052944e-05
4.291829978282905194e-05
3.982292435211762043e-05
3.495525612231028384e-05
3.395429983734799803e-05
3.650384558765029397e-05
4.282953254573900603e-05
5.839538237710691239e-05
4.492891463164028285e-05
3.353951170120302158e-05
3.358976364702337620e-05
3.553946636043893410e-05
3.321860023847466638e-05
3.438348294281671141e-05
3.411609149552878101e-05
3.507882473542210525e-05
4.361857110776264535e-05
3.497224566478974978e-05
3.355185087750910762e-05
3.368373695952751076e-05
3.340373142682135038e-05
3.388217419929093622e-05
3.832489484376403691e-05
5.999856201021057004e-05
5.454334475585211756e-05
3.546691275041214666e-05
4.658884668841732315e-05
4.124559756374486047e-05
4.276616232347334444e-05
4.042378431987517597e-05
3.901897207877594488e-05
3.451740418579847964e-05
3.341626679847068581e-05
3.429866102721294336e-05
3.501112116968905635e-05
3.725786187551943215e-05
3.322362848631078152e-05
3.660023235422664071e-05
4.238627568148254916e-05
3.714052916030691507e-05
4.053888620847812625e-05
3.818691826241295631e-05
3.395612735154075583e-05
3.655896409585647738e-05
3.375312042134539451e-05
4.329201272357424045e-05
3.622267353343880636e-05
3.473073501236075022e-05
3.739546029608020603e-05
4.160968141651631935e-05
4.228523767054163956e-05
3.629203069494641251e-05
3.776547555090381970e-05
4.327384462914173042e-05
3.659824971333073326e-05
3.423907597520426570e-05
3.331547356946370218e-05
3.573016644878410937e-05
3.394169369888900049e-05
3.467262369854170898e-05
3.765959927303677270e-05
3.612472215077846139e-05
3.774247347690714161e-05
3.384602232310334120e-05
3.446483660706084348e-05
3.514057851868889918e-05
3.472815853891177249e-05
3.383394806680289939e-05
3.533276154333070185e-05
3.663658845394227118e-05
4.030644356844539840e-05
3.356929337581405625e-05
4.409300733819756076e-05
3.360510098976903859e-05
4.070406214062940894e-05
4.276525201573004966e-05
3.626532515117365124e-05
3.531159652838125135e-05
3.525985389418274734e-05
3.841749954380409000e-05
4.145947117028256964e-05
3.508861918417852566e-05
4.306304901217265449e-05
3.692430155579459110e-05
3.867236242612499152e-05
3.720108927616690186e-05
4.211574881587497440e-05
3.841951059676785511e-05
4.328278214546584944e-05
3.610689152895447783e-05
6.560261890498539339e-05
