1.833198792247348213e-10
9.781541416957571579e-11
9.262340816880113393e-11
1.264319624050157827e-10
9.710476821375500446e-11
1.221170350661449952e-10
1.000366928874499624e-10
9.240198803284304730e-11
1.147361504116306863e-10
1.053857719654060138e-10
1.010383630402162800e-10
1.469172288471755819e-10
1.155837453039238640e-10
1.109639907181860089e-10
1.043201033708902312e-10
1.398797470777309912e-10
9.469355385509679566e-11
1.188358127190258551e-10
1.404577449960518759e-10
1.144795112329003502e-10
1.029396949672093783e-10
1.460993436188201819e-10
1.129496495597559180e-10
1.083134101789657498e-10
9.391899190184505235e-11
1.361081472625737049e-10
1.049651947586576347e-10
9.278234396888314328e-11
1.010815408444224414e-10
1.006505382830726147e-10
1.817047681188844295e-10
2.006672215018097215e-10
1.376403838735871483e-10
1.245902342146192468e-10
9.186994680498116220e-11
9.494592020142825285e-11
9.252935721178496481e-11
9.702680395029430663e-11
1.227539654189995995e-10
2.627093882413330445e-10
9.602014847300391391e-11
9.657439923807378153e-11
9.886305974226659037e-11
9.891485859425169337e-11
1.001623241837100063e-10
9.184680303004784717e-11
9.514698054064883230e-11
1.133380803859949112e-10
9.390444446952799450e-11
1.157096566841201413e-10
9.820687140295680835e-11
1.040158362167148776e-10
2.425453444327470395e-10
1.760280323693521054e-10
9.727091953098866224e-11
9.544653627084327728e-11
1.193609445372229865e-10
1.672046746966498819e-10
9.403386334940115321e-11
9.653820164354479650e-11
9.677529851690503623e-11
1.554988541493072156e-10
1.083280837363543984e-10
1.685286208918535382e-10
1.352290731740622551e-10
1.174472500382412266e-10
9.958381916023604622e-11
2.392396594583214254e-10
1.129764425784374713e-10
9.365651519855047676e-11
1.003306745536439835e-10
1.092973441193885206e-10
1.142602106764303902e-10
9.338664625122695561e-11
1.789870500945038699e-10
1.191395298382496797e-10
1.002158003488497841e-10
1.100782775224732827e-10
9.748851064866809275e-11
1.283018613134395369e-10
1.006929591669913890e-10
9.729618502985066466e-11
9.247849277098728229e-11
9.213996085238944004e-11
9.972936526908676740e-11
1.128218641984513382e-10
9.211850227485860040e-11
9.633858952737383982e-11
9.830306339080347392e-11
2.219501925828989533e-10
9.602061883043904795e-11
1.000504570757757332e-10
9.823791999623576226e-11
9.710430245455128984e-11
9.263974929399334735e-11
1.273276035144418538e-10
1.089439339074859329e-10
1.225119565126719552e-10
1.495239674323581686e-10
1.006508391954864397e-10
2.901431679197694380e-10
1.107870395042060839e-10
1.182549500535162138e-10
1.355460773753160553e-10
9.230611680557399195e-11
1.089692007245165285e-10
9.959748624912762677e-11
1.074702858921468298e-10
1.013825873036424193e-10
1.112798152516303253e-10
9.263813147330622253e-11
1.796460624732309424e-10
9.344109206886833027e-11
1.442829908139889418e-10
1.203947721747317964e-10
9.394728181147111834e-11
3.013024016150234864e-10
1.279083504989796616e-10
1.339461794292260730e-10
1.211477717978360724e-10
1.264159403791611075e-10
1.152587525342192842e-10
1.110131614044509772e-10
9.343643554787456740e-11
9.964029917198327247e-11
1.010780932099795328e-10
1.105610673949625150e-10
9.809474829036798427e-11
9.506777144251093187e-11
1.060306471897536943e-10
1.108494153588512306e-10
1.137216992225167169e-10
1.191613370617437545e-10
9.512501014851734548e-11
9.567357408384163034e-11
9.586152302311709962e-11
1.017128226541000527e-10
1.055638386642078476e-10
1.009830178721660933e-10
1.400169753217267715e-10
1.156727617516392451e-10
1.204102069382018769e-10
1.402124097310887349e-10
1.062905646099242142e-10
9.427232069635102190e-11
1.226709801536446613e-10
1.307715915860566355e-10
1.017503848871030232e-10
1.378637865756277802e-10
2.177004996405903724e-10
9.691442034871946498e-11
1.202195948939904245e-10
1.242944493946205676e-10
9.703690201358264512e-11
9.651198217696261781e-11
1.025181993258368987e-10
9.365443201949992381e-11
1.726700342734663146e-10
1.536464051110259587e-10
1.469640145893960225e-10
9.627384880122882152e-11
1.126221075742363059e-10
1.007758002683590836e-10
1.035633992954382507e-10
1.545720084546869509e-10
1.717739587711284653e-10
1.753469587823177571e-10
1.234172218642254476e-10
9.746762177647497457e-11
2.263883253837266455e-10
9.566932736053537813e-11
1.009711654569725643e-10
1.023013938307833536e-10
9.262065743434474319e-11
1.669141784731976036e-10
1.038284212059037931e-10
9.724719883700755531e-11
1.195376107722619833e-10
9.672686050456277225e-11
1.333518013825458393e-10
1.385384732451339256e-10
1.086117599314136814e-10
1.353184015223618738e-10
9.180653373792663488e-11
1.594450380898876954e-10
1.003990010387806784e-10
9.724905946655640619e-11
1.202861653847685502e-10
1.057265116399815250e-10
9.301377315146365651e-11
1.090923732315171660e-10
1.110536162447392854e-10
1.503514691623350914e-10
9.330162954568018727e-11
9.526197606631693660e-11
9.615740730220769980e-11
1.359958034166970249e-10
9.561520651406195133e-11
1.147848430183160801e-10
1.313395846709273075e-10
1.020092641099136209e-10
9.288085179963760505e-11
9.755115378060516299e-11
9.359271947898932122e-11
9.446254819606213579e-11
2.179309689875665974e-10
9.861657528520205059e-11
2.504006453551135097e-10
1.503545403027003475e-10
1.146642186072564228e-10
1.001602087935967277e-10
1.201093027616138153e-10
1.190948660507371685e-10
9.987533166724483527e-11
1.076650492937265814e-10
1.286586400835439122e-10
1.212569812917719461e-10
1.396955385464239991e-10
1.423949924209545127e-10
1.078889582774299616e-10
9.519643719343565281e-11
1.086335759782266936e-10
9.444012038992530597e-11
1.076607939158644606e-10
1.725745930708730289e-10
1.200934474276136818e-10
1.018761002866671691e-10
1.236807983673682694e-10
1.024990986369721410e-10
9.653523665923970945e-11
9.859681485598676066e-11
1.979454097785958796e-10
1.021268276559095944e-10
9.791070953799744641e-11
1.578576228732866473e-10
1.113609556616689380e-10
9.348202860086515142e-11
1.387777633459394876e-10
9.247541420092261260e-11
1.114101106721413928e-10
1.656416198503933622e-10
1.430784789657038699e-10
1.011916611221250983e-10
9.640313596674802321e-11
1.074528102387948109e-10
1.124777520653764816e-10
1.115278953180699656e-10
1.499086503396613090e-10
9.546481753456781773e-11
1.141810105864296581e-10
1.434184356337376429e-10
1.234021166992764809e-10
1.215102359544130517e-10
1.046109415976306076e-10
1.192071468187332777e-10
1.821914223856661104e-10
1.187354642615413658e-10
9.335451179417850283e-11
1.051178150657427319e-10
1.284265164668242332e-10
1.211829481898588732e-10
1.324190002565490438e-10
1.026303715384049715e-10
9.627697724817956370e-11
1.180743816443376386e-10
1.376227634164737650e-10
9.879778076674799446e-11
9.699681504963595919e-11
1.838578573362174306e-10
1.338179434188620750e-10
1.913641728593180560e-10
1.028529184371293494e-10
1.043921143263683563e-10
1.034256704623542641e-10
1.005302607306864485e-10
9.914514488156664210e-11
1.309114011769407745e-10
9.243716764257698889e-11
1.062660326719886393e-10
1.033076363835438837e-10
1.038615073338037485e-10
1.133837733365157499e-10
1.349714859689206193e-10
9.315135870572259893e-11
1.080881502885279680e-10
1.592319471370828221e-10
1.422964502737064601e-10
1.180975382313936160e-10
9.423997251767030595e-11
1.128440554035563240e-10
1.177564598672770492e-10
2.047902622666617366e-10
3.729127939429352445e-10
1.202980082058127739e-10
1.750227062491562663e-10
1.007449861316271459e-10
9.570958595923565249e-11
1.075219878988955535e-10
1.009201411619108172e-10
1.277914335545278713e-10
1.455887118645768766e-10
9.485547195468759480e-11
9.954341572248040735e-11
1.447792620108308609e-10
1.035961193556246152e-10
1.194686034495844537e-10
1.011297969277485101e-10
9.965653957981829307e-11
1.474711224647449104e-10
9.497536692756552458e-11
9.710973619030492380e-11
1.262448869432230000e-10
2.490351115671181578e-10
1.054643674791330970e-10
1.312187858140916976e-10
1.512753140255105242e-10
9.224085508669350941e-11
1.465122521098822083e-10
1.102890051578271873e-10
1.369971017441038317e-10
1.157907360867225783e-10
1.089857617453354131e-10
9.211167362834929137e-11
9.896342710207887700e-11
1.157060608799612697e-10
1.298537819932118925e-10
1.244594749673101742e-10
9.881567126485467893e-11
9.785536175694866427e-11
9.871547854379207263e-11
9.619623483821865144e-11
1.840708889224128174e-10
1.044983021796764276e-10
1.012094802578610988e-10
1.176686929432863332e-10
1.026395418283015785e-10
1.102730322335290649e-10
9.979532337996995279e-11
9.936735658815917534e-11
1.700931409110642044e-10
9.802086110736078043e-11
1.262522907112064210e-10
1.038071885213977056e-10
1.031994941879398894e-10
9.235317109816767357e-11
9.966792166290574686e-11
9.547411458840118098e-11
1.179822392464958379e-10
9.404408239524973141e-11
9.896205280846528478e-11
1.045668589675366474e-10
9.241414820923657432e-11
9.864475470993831938e-11
9.349984313321073628e-11
1.272477241986718563e-10
1.069029750156427533e-10
9.636766355008100169e-11
1.032072955134642815e-10
1.648581157784312828e-10
1.028099492042536613e-10
1.000680002327119032e-10
1.638789420584653878e-10
1.177181590735714457e-10
1.977538478198802459e-10
1.362894368343223214e-10
1.546141774839624099e-10
1.451861730237460023e-10
9.870048022388262201e-11
1.336124713874002456e-10
9.206841524292092983e-11
9.358277802675757633e-11
1.199289853218643986e-10
9.390604318490397222e-11
9.581566559044345686e-11
1.444010822255306434e-10
9.515820111464566856e-11
1.035956792354501013e-10
1.307382045205864832e-10
9.499910846964652406e-11
2.192255956610999858e-10
1.082542750445979534e-10
1.092005748038305092e-10
1.098907447043983146e-10
1.068365885324845923e-10
1.606471458429007492e-10
9.660621835140376363e-11
1.757390661735627544e-10
9.723882561853267048e-11
1.120701441137309102e-10
1.200783638245595411e-10
1.039081928601120780e-10
1.254179624645346974e-10
1.016715200005006718e-10
1.146867686441535142e-10
1.000120342089431055e-10
1.047708411214630376e-10
9.186391687624580511e-11
1.051661840569960703e-10
1.294874548513522524e-10
1.900525130174253113e-10
1.302966498641865563e-10
1.019627112720208749e-10
1.512964853085219448e-10
1.130029581124273635e-10
1.038317887998524423e-10
1.156044056615764400e-10
1.913590276497150474e-10
1.660572076378883585e-10
9.966291368647658572e-11
1.108202366877980739e-10
1.278229297880074409e-10
1.164040786125113803e-10
9.602030525903959302e-11
1.008070569198484987e-10
1.026958790077370701e-10
9.958518594297952121e-11
9.762396118222601500e-11
2.694472139229500824e-10
1.145682032907473434e-10
9.754264875427733062e-11
9.204498974824014681e-11
9.446779658425253522e-11
9.511157282863310086e-11
9.538047754941291878e-11
1.212156861850047344e-10
9.344414278287715747e-11
1.070821098686551797e-10
1.349695073384305368e-10
1.618722122033318155e-10
1.092434370388229231e-10
1.028808178775255107e-10
1.020388519370757766e-10
1.085510770820827710e-10
1.717532224015062447e-10
9.921098564163171529e-11
9.964242421685282415e-11
1.055772588269667921e-10
9.975757271735889986e-11
1.180383960108659916e-10
9.176657523886761169e-11
9.556168862791509971e-11
9.603990174978451475e-11
1.061457401105082534e-10
1.006664855564338708e-10
1.574550989569145009e-10
1.602044811025040876e-10
1.020027210640113947e-10
1.010205174969362995e-10
9.329246490989656303e-11
1.187667090878257472e-10
9.214922570460898764e-11
1.043292893737697668e-10
1.242544143163925124e-10
9.954280804247686675e-11
9.940827893535392632e-11
1.080686414091442287e-10
1.657804124411696456e-10
9.832717530261777379e-11
9.911038016262620977e-11
1.149002648421944795e-10
1.201733499819153683e-10
1.402335721736432895e-10
9.534577674651031787e-11
9.936279184360036290e-11
1.184377568279563049e-10
1.076450477379399623e-10
1.861912199243073246e-10
1.405462929926797822e-10
1.003756267995521357e-10
4.182049581567463253e-10
1.670651796456315419e-10
2.437706044673175369e-10
9.351829649883390745e-11
1.004098571304106526e-10
1.076650492937265814e-10
1.037553355140609826e-10
9.772837462794607097e-11
9.892906475041908254e-11
9.951074831922402284e-11
1.083125635745084959e-10
1.473253277292589399e-10
9.562763780007343509e-11
1.342198746417807133e-10
1.072339408364612306e-10
9.318854392623158359e-11
9.725231549331724254e-11
1.311510100003191711e-10
1.018424504705102841e-10
1.159082064123542289e-10
9.774304029320163890e-11
1.583098723032143992e-10
1.547400046192742740e-10
1.208832148088504527e-10
1.071460841337504143e-10
1.073160448519536524e-10
1.044617515913810335e-10
9.719896665147965230e-11
1.265507165040496842e-10
1.067518755176151019e-10
1.114908929497257713e-10
9.482044457752143798e-11
9.280625263521003065e-11
1.236800445560058688e-10
9.670021833986188495e-11
9.564195563040574731e-11
9.369288417701319939e-11
1.014577641214492872e-10
1.167068499369767804e-10
1.283919884743660763e-10
1.194937245975550646e-10
1.135338907282023302e-10
1.533253337601404571e-10
1.575661317604354616e-10
1.473438688747792365e-10
1.520774847801128481e-10
1.551069539126313814e-10
9.917532664422416183e-11
9.550121334429693608e-11
1.006950647608848967e-10
1.172116153303348200e-10
9.773701988466092290e-11
1.105785281636988730e-10
1.002739311254495727e-10
9.259363171231816659e-11
1.049279160616178006e-10
1.435318552810248798e-10
9.909970464300005652e-11
1.008465664154100788e-10
1.033743849592582065e-10
1.780237649646979655e-10
1.974386666988139795e-10
9.414574092611269565e-11
1.105133844337787252e-10
1.969918230027250515e-10
9.810475010295961471e-11
1.014582123459115450e-10
1.064829183874206588e-10
1.144957759437432882e-10
1.702727321145817798e-10
1.309035112157718973e-10
1.367818945672454507e-10
9.822208936083747844e-11
1.108785873108886353e-10
1.177100253098009900e-10
1.260736304711162967e-10
1.133062078079419122e-10
1.090472147628222080e-10
1.719698094245288535e-10
9.859558928889778613e-11
2.542454570455347245e-10
1.033882004369540995e-10
1.022528799208763269e-10
9.786954819939160675e-11
2.061681032999936906e-10
9.352551651378830505e-11
9.400288092778408309e-11
1.026874523312070195e-10
1.215585865827634913e-10
1.235212776705354659e-10
9.645608893948912078e-11
1.101442025639182232e-10
1.002029623048900409e-10
1.258417952722180156e-10
1.053892404959295945e-10
1.145133825666731468e-10
9.382671817584128513e-11
1.229019772887235485e-10
1.130024142587292436e-10
1.346832695994974047e-10
1.029442681441130385e-10
1.675158305361472118e-10
1.212324358388617675e-10
1.429937389461581244e-10
1.702500310599967591e-10
1.072735056143534214e-10
9.979683920985089860e-11
1.795699213810312427e-10
9.773794612247990314e-11
1.138130697035314704e-10
1.294473799533527416e-10
9.734391030700037332e-11
1.076900112135450423e-10
1.481659282089935332e-10
9.497378397345399976e-11
9.586199406150608057e-11
1.386584476548119711e-10
1.368922942021153510e-10
1.108532869049092955e-10
1.036842571281283311e-10
1.983812333332223929e-10
1.053377803739097862e-10
9.567939339976122091e-11
1.196076182243881434e-10
9.565973230423656028e-11
1.042878738582690352e-10
9.872664946598947321e-11
1.479308482194996117e-10
1.304753948554744952e-10
9.451819992854354566e-11
1.050052165716109086e-10
1.015487181917059417e-10
1.164930758706220197e-10
1.133032235905329425e-10
1.554234648726570131e-10
1.479059256188199712e-10
1.128255403061527379e-10
1.184386702414834130e-10
1.167272040905604398e-10
9.920092911129503549e-11
2.038955725594606779e-10
1.142662699290740983e-10
1.041645629150787911e-10
1.291787669036811305e-10
9.901456949096080973e-11
9.563125676948241082e-11
1.291177987917112350e-10
1.100195556808308492e-10
9.598972774376631105e-11
1.056675535875383093e-10
1.299347845165305874e-10
1.119998680209372749e-10
1.108198217767082407e-10
1.153724242227224140e-10
1.613671952243537907e-10
9.351492699160170263e-11
9.269587236807043646e-11
1.001420752744842006e-10
9.188607923595280163e-11
9.713674567161748681e-11
1.022211198505904475e-10
1.007353644191333390e-10
1.154711895715556803e-10
1.305507873469974844e-10
3.949225352004641077e-10
1.139640417347586755e-10
1.139782116932674625e-10
1.195035646123476841e-10
9.676906973632824253e-11
1.470886409333972170e-10
1.038266641624250995e-10
1.045594375199830943e-10
9.834759727002246484e-11
1.122711701049000667e-10
2.141133324089608433e-10
1.957375966251732802e-10
1.832744658634920480e-10
9.830045223633644983e-11
1.096799060150473978e-10
1.395958961455011964e-10
1.114643381602243084e-10
1.101617211339803848e-10
9.935198788372777915e-11
1.043236028840118043e-10
9.815197737978102000e-11
1.118303891574517631e-10
1.005192653897490623e-10
1.016950807132003183e-10
1.172353159408804559e-10
1.201193564148035582e-10
9.855559784838649071e-11
9.850807998051150283e-11
9.952092940007987076e-11
1.064098540607756387e-10
9.690975466477876121e-11
1.105318221314473457e-10
9.278589830091701787e-11
9.328136982301651610e-11
9.177701484627318228e-11
1.045592919967962168e-10
1.286259876026870929e-10
9.622612895848616531e-11
1.134175242488100215e-10
9.533788865915560804e-11
1.497730098759484822e-10
9.805180729417417307e-11
1.003143787843448135e-10
9.705631878215584646e-11
1.682615283514276048e-10
1.348969788336340635e-10
1.021465833499901104e-10
1.104777490744449906e-10
1.006448207976385594e-10
1.154662530597712358e-10
1.191142135018760800e-10
9.258116842553398720e-11
9.831412172520379795e-11
9.680643715944767528e-11
1.763202689787853620e-10
9.481220119620710318e-11
1.116011805684824905e-10
1.200400672304552843e-10
1.232264002803592848e-10
9.212776901530140100e-11
1.065675322156239979e-10
1.109330420850699134e-10
1.170684007549462092e-10
1.070319329291538308e-10
1.161169480166987260e-10
9.611261334617088024e-11
9.738898259455580738e-11
2.386387585719536562e-10
1.566885066582474104e-10
1.134055972197628350e-10
1.007131111284668358e-10
9.528896976542067852e-11
1.169659353169525501e-10
1.657988845140156556e-10
9.618746852883855531e-11
1.322315360966953973e-10
1.019122704369758706e-10
9.442962066646213783e-11
1.271279455376470556e-10
1.784581253289023340e-10
9.374701422697713981e-11
9.366308495923060056e-11
1.044748586667035560e-10
1.294423094637979749e-10
1.798516835938123083e-10
9.940843103553804565e-11
1.005816085969931157e-10
1.243729854540528705e-10
1.263069434453237729e-10
1.441380046923055735e-10
1.401478920602278993e-10
1.732618277428940676e-10
1.015497632264042060e-10
1.702866933726681415e-10
1.086000762137526957e-10
1.101175029108587550e-10
9.412021563674628589e-11
9.407888373117757305e-11
1.194521556584266380e-10
2.476855754142922575e-10
9.207329489790464544e-11
9.314395230577455883e-11
1.132570951191076768e-10
1.233566655705091908e-10
9.566476588139820463e-11
9.599756894473208600e-11
1.458288329470998293e-10
1.239166695450008001e-10
1.188282663871248813e-10
1.359952253063274943e-10
1.015706619446373045e-10
1.089697621511143476e-10
9.617588340480297847e-11
9.700474036637224925e-11
1.078296195223105935e-10
1.573396213261450926e-10
1.103198341225563667e-10
1.126481507237753829e-10
1.022674213709675798e-10
1.141614725626036687e-10
1.103463521102069789e-10
9.774828858976767172e-11
1.616807068637763347e-10
9.398594861278938579e-11
1.486984272862240511e-10
9.461051855867892177e-11
9.879548690813451974e-11
1.270466065087784599e-10
1.005248385022887219e-10
1.173337602688570890e-10
9.462671782747012455e-11
1.673895779107309835e-10
9.229280799194665121e-11
2.664354427628265347e-10
1.076266037055010176e-10
2.941076610046206760e-10
1.944187965458243187e-10
9.563644899454982722e-11
1.041778486911583550e-10
1.179292026487806488e-10
1.721202152704370568e-10
1.587154475875903178e-10
1.184050003545443096e-10
9.775384534092457183e-11
1.330989324409550066e-10
1.634002314793741291e-10
1.022671246247646118e-10
9.906248496209436910e-11
9.383135774505898935e-11
1.276766223324393068e-10
1.018692519973891860e-10
1.151298683426797657e-10
1.449447926749965886e-10
9.311383837292602441e-11
9.355214612998264516e-11
1.016151338360343874e-10
1.059009109293182631e-10
1.005046535137426784e-10
1.428656605279469360e-10
1.496864922523985184e-10
9.709824740701011890e-11
1.280486981444436723e-10
1.263746446597525013e-10
1.569156353321856075e-10
2.429360394477720308e-10
1.332716774912798341e-10
9.616335757262830286e-11
1.222442726314726717e-10
9.420458555103203789e-11
9.770475113908948159e-11
1.630272701950099417e-10
1.215959542981450535e-10
1.004179985251986667e-10
1.030547080182489090e-10
1.111673177929726080e-10
1.172010803795490546e-10
9.768359383846633394e-11
1.012695060530880402e-10
1.106757654616236802e-10
1.816796426868660685e-10
1.133957023740701542e-10
1.308949035108085008e-10
1.633722655315774708e-10
1.381653462592419595e-10
1.419589326230554926e-10
9.213508428695019236e-11
9.291409773578803621e-11
9.600572319928812022e-11
1.032190701220361008e-10
1.491468421876158811e-10
1.191109674772260204e-10
1.689656232024175833e-10
1.349613597689794684e-10
1.167809822674065744e-10
1.094797555213109876e-10
9.629949944099699192e-11
1.123982737350227265e-10
1.261225463670213651e-10
9.525139776264079453e-11
1.087428799874811376e-10
1.448120968480881553e-10
1.168051555661492265e-10
1.144674122026868948e-10
1.689520446078955356e-10
1.150328545671083156e-10
1.769741909299743852e-10
1.671917431075592752e-10
9.552153299665676510e-11
9.535445298312707050e-11
1.188181172105981694e-10
9.792149839524643396e-11
1.107773553526484427e-10
1.254984878322556938e-10
9.636672579818280302e-11
1.728589036769476349e-10
1.190103022912794432e-10
1.163527987005598147e-10
1.029632965522594993e-10
1.163110446338625114e-10
1.084738782721322667e-10
1.938717852478352682e-10
1.493367873611332629e-10
9.548924030516963540e-11
9.976106025031513275e-11
1.446262752185366951e-10
1.404014219401104512e-10
1.060020366118891851e-10
1.101074890804710247e-10
9.770830270168081518e-11
1.064249003041772435e-10
1.316232525742829585e-10
1.039848402476105724e-10
3.315965420854994607e-10
1.715650811292589964e-10
9.802163101668386379e-11
9.183229482287909298e-11
1.004823555225922713e-10
1.001210670226664947e-10
1.261399593833687705e-10
1.185218954943953153e-10
1.179881309140937373e-10
9.403849397494366748e-11
9.815843689432621243e-11
1.041131578146644487e-10
1.105273862395243071e-10
9.184109779456796636e-11
1.122360235584433736e-10
1.483591148524056511e-10
9.963787050071575650e-11
1.110058422569225990e-10
1.319522179906126841e-10
1.665263220182471927e-10
2.027097843042443916e-10
1.149605494865519240e-10
1.510856047475474316e-10
1.360180012284523592e-10
1.734833998973263645e-10
9.503566029407437006e-11
1.079851991059230311e-10
1.281639483365788391e-10
1.110130233112360048e-10
1.192704505334646035e-10
1.027739079036209523e-10
9.609349987587369616e-11
9.875831990377701607e-11
1.131497149218499162e-10
9.582351925306785051e-11
9.498106537123189167e-11
9.900968524640096951e-11
1.166365116760673868e-10
9.358165554667522101e-11
1.147857818165749028e-10
9.798697985702409675e-11
1.000041665173269151e-10
9.436739679446669417e-11
1.201295382105391870e-10
1.574085098559220768e-10
1.126001508780392311e-10
1.033217537654372107e-10
9.653258371100096289e-11
1.093320563641831280e-10
9.685826356460408348e-11
9.215442666793558358e-11
1.537310733610079995e-10
9.249469429356032866e-11
9.636797613227270088e-11
1.081620581666652516e-10
1.052343599631503359e-10
9.316005251780281953e-11
1.870476307128502463e-10
9.905394101372842266e-11
1.089464608199195511e-10
1.326869441681085391e-10
1.112079993222743469e-10
1.358609298065354218e-10
1.041321452388012112e-10
1.280952477271176128e-10
1.075271001021032931e-10
1.036446692371811199e-10
1.161449589596208025e-10
1.883619388294367512e-10
9.346774273072974085e-11
1.726526762311755390e-10
1.119268112265250481e-10
1.271659617413170161e-10
9.280835246328016285e-11
9.289279571280192225e-11
1.222584875946614723e-10
1.166392888899623544e-10
1.076148264534641708e-10
9.670754168010398698e-11
9.251721028619129516e-11
1.164337509787751458e-10
9.750490953725270543e-11
9.816504982152406745e-11
1.099041193381350680e-10
1.288567058761227303e-10
1.645886565071921225e-10
9.642469511489651560e-11
1.028995614023305299e-10
1.163977193872281134e-10
9.628464156731327964e-11
1.158484865078864382e-10
1.797556922965478970e-10
1.062140832074516105e-10
1.220147291755049883e-10
9.681904581646961181e-11
1.221796524690387474e-10
1.058955861843744247e-10
2.638516556095913253e-10
1.210718882740690862e-10
1.465335910880307536e-10
1.047502115527938812e-10
1.118121389603439016e-10
1.314206192320241090e-10
1.003543596442949312e-10
9.628558001868553724e-11
1.006536978241584866e-10
1.327710371383833049e-10
1.001747135408648663e-10
1.162064030237895494e-10
1.341490978908860945e-10
9.859650846546417367e-11
9.839288087793073200e-11
9.942044630667939944e-11
1.159563351573456145e-10
1.441226198910604451e-10
1.519061804924998346e-10
1.187456196191295033e-10
1.044863625804799526e-10
1.183798077125126817e-10
1.343966154027561402e-10
1.096348197545583781e-10
1.041628108339514725e-10
9.611355326710071113e-11
1.015282634750908321e-10
1.354484104075015150e-10
1.046119598161326602e-10
1.941090455403012966e-10
1.112184778780979458e-10
1.117381509334869165e-10
9.512501014851734548e-11
1.070352121644752244e-10
9.921052854596692150e-11
1.348113675982620406e-10
1.038875598285828863e-10
9.297846197676549418e-11
9.628057485221277594e-11
1.479739169847291989e-10
1.099598316562800834e-10
1.097110242201902945e-10
1.259977532736519935e-10
1.270653810975849490e-10
1.020862660143387586e-10
3.198910355344384756e-10
9.664239365311753289e-11
9.488240839141343276e-11
9.366885319714570515e-11
9.845517360020950376e-11
3.244844589982124327e-10
1.000168755961532225e-10
9.574275671513964318e-11
9.833055362858186347e-11
1.075340580369786238e-10
2.149776642422139018e-10
1.226749028191657759e-10
1.351617814620305610e-10
1.500439713149591813e-10
9.636610062581469482e-11
1.869242460866219864e-10
1.078858433491061358e-10
2.129290437792692566e-10
1.184070886532031851e-10
1.143101574553142633e-10
1.068514393952317773e-10
1.300171860150792164e-10
2.585024619783228260e-10
9.694380963936270015e-11
1.811198131877275083e-10
9.248659384269469486e-11
9.547269644495208353e-11
1.271143308653112538e-10
1.419568167538673273e-10
1.114130015523812353e-10
9.971996123489820338e-11
1.029314332937585835e-10
1.479735948152385035e-10
1.230826411104302622e-10
1.022264632701969823e-10
1.073641149260712064e-10
1.523673626949950329e-10
1.004529698005606618e-10
1.022275022400738420e-10
1.579952825022821116e-10
4.292613637975587750e-10
9.365731641046665694e-11
2.732402416946031622e-10
9.627635156590541485e-11
1.010872367106948583e-10
9.674960253550557939e-11
1.335059302155923506e-10
9.946256576758937000e-11
2.621916367668302799e-10
1.135632706410829730e-10
9.537953131040962408e-11
1.234586268967421346e-10
1.080598755469797314e-10
1.688287416894302417e-10
1.480628123158610866e-10
9.608770251021879828e-11
9.626180344989320769e-11
9.428538469466480759e-11
9.859926595017660171e-11
1.335885149143652772e-10
1.767316315856924298e-10
1.012677102218315252e-10
1.003810560797198374e-10
1.027928161942395191e-10
9.450786677498184627e-11
1.603309657481427668e-10
9.680986187509435504e-11
9.227690013357878384e-11
1.062268573741786586e-10
9.740725412927148327e-11
1.065231566611965446e-10
9.205361223830381888e-11
1.110716993915085413e-10
1.712444951899606948e-10
1.833394662633280098e-10
1.234427710860493947e-10
9.919742435323976767e-11
9.830429214837696520e-11
1.035771927104826571e-10
1.304937370774407640e-10
9.751063310942750816e-11
1.022417500376905648e-10
9.571980551052062675e-11
1.004758762404451536e-10
1.402621595470213128e-10
1.208777031588188577e-10
1.196488812357243882e-10
9.872695550308674869e-11
1.435382521069191705e-10
1.151876411768369658e-10
1.303188546977657950e-10
1.272695360952510179e-10
1.577232095841753278e-10
1.029104814488695688e-10
1.004773830828710443e-10
1.337008664360293221e-10
9.786800628193969697e-11
1.336837314194338325e-10
1.215468513015713955e-10
1.018825015841424543e-10
1.009533095205224918e-10
1.356364978031895024e-10
1.050379781195404093e-10
1.208969288907103337e-10
1.797230812738960596e-10
1.131274403564693847e-10
9.490411112245273350e-11
1.319108990760815608e-10
1.628651977685561143e-10
1.160874704033927945e-10
1.028651713877105134e-10
1.447918494685154086e-10
1.090056881905326262e-10
1.631233415789625397e-10
1.195711308297147579e-10
9.722037129854445213e-11
1.953210442939454151e-10
1.037272023626575911e-10
1.386511721745361290e-10
1.100551816804973040e-10
9.490601188475018881e-11
1.080595927668732231e-10
9.518395664528297262e-11
9.281303654533317354e-11
1.705626737722345608e-10
2.199197635964318345e-10
9.235203555197235099e-11
1.074577832388151493e-10
1.414399405350959740e-10
9.579508632271541864e-11
9.581535143222248155e-11
9.380383736393894527e-11
9.414127443762765413e-11
2.074716277379787195e-10
9.682713950575568734e-11
1.591597194533735277e-10
1.048748065425934696e-10
9.369320455364396815e-11
1.097898317600140532e-10
9.777221152411821086e-11
1.228047949452985080e-10
1.000991478285980390e-10
1.195725542794787071e-10
1.116113519273853115e-10
1.344760357213420027e-10
3.068264520284886777e-10
1.046858302522572703e-10
1.374183820598961598e-10
1.794592851718599433e-10
9.827771726809682583e-11
9.930008411059842188e-11
1.108129063917543411e-10
9.766675779309094131e-11
1.232527402123256756e-10
9.342551601262206897e-11
9.361243930314283044e-11
9.679024615925713099e-11
1.023635275069515159e-10
9.263441039190342118e-11
1.346497996976484344e-10
1.113010352287002812e-10
9.403338430778457351e-11
1.054205972595013812e-10
1.159326718266043694e-10
1.429950668048273544e-10
9.864552035687276957e-11
9.952108134960800831e-11
1.148945028608355071e-10
1.347192970042707101e-10
2.573427608560653495e-10
1.596129596863376690e-10
4.016994587539237432e-10
2.011906435883466039e-10
1.067720234017777614e-10
9.585728358647663230e-11
1.550059304489448903e-10
1.787450617397357201e-10
9.502126255917545451e-11
1.315467316555518353e-10
1.470009585524013785e-10
9.207345754917364570e-11
9.496270264820820600e-11
1.167693563898233047e-10
2.910148461554713663e-10
1.044355331227498191e-10
1.076014869987674048e-10
1.345620670109783502e-10
1.515263586433101209e-10
1.002849499993103409e-10
1.128524952276544404e-10
1.009009261660329592e-10
1.274836826576866019e-10
2.603200140037727262e-10
1.014845051492225465e-10
1.018326216975376611e-10
1.119468271798779292e-10
1.248611118951879620e-10
1.157205766751843253e-10
9.904875330188487066e-11
1.489786782113793476e-10
1.246966762092013313e-10
9.888598251671669788e-11
1.874776076605495533e-10
1.113955176080509571e-10
1.138244189489073663e-10
9.196914646220210000e-11
1.810982164353845293e-10
1.258440226665791381e-10
1.409446046981920341e-10
9.793259442055270117e-11
1.222341182007590480e-10
1.004077463041407499e-10
1.139697099031471886e-10
1.079001430532913263e-10
1.321112139483114605e-10
2.257026869975812594e-10
1.222476995852601015e-10
1.378177371353680566e-10
1.339151266373963823e-10
9.809428664670597144e-11
1.324797016312172534e-10
1.100128746820766362e-10
9.644968594993184327e-11
1.063376061632321440e-10
9.447622527987263595e-11
9.903700378136902044e-11
1.423759996494718191e-10
1.059400478115009834e-10
1.404395349126532993e-10
9.369448605058140285e-11
1.432328009438761710e-10
1.364061817930424903e-10
1.048094756812513203e-10
1.030384950330200589e-10
1.016715200005006718e-10
3.083250001843832298e-10
9.871792705974289506e-11
1.020978564935639937e-10
1.022502088455882372e-10
9.428857079545919893e-11
1.104769170003862417e-10
1.009315485512349528e-10
9.545047645735585808e-11
1.247501791342054424e-10
1.253818416356687915e-10
1.079642589638479720e-10
1.434496669630376166e-10
1.465779934434452426e-10
1.144858291706475927e-10
1.899222060626372653e-10
1.259914489718148277e-10
2.606290593104197023e-10
1.025276744810126172e-10
1.211147618190424326e-10
1.120991748280750217e-10
9.239533987774743305e-11
1.243083339268426114e-10
9.450055348430089680e-11
9.768035039416709807e-11
1.590174971906332395e-10
1.061397079886572026e-10
9.598172914134803887e-11
1.019255151304825907e-10
1.383018971728362157e-10
9.369977206334389617e-11
1.024873997780515553e-10
1.242875691686030387e-10
9.707837210837312572e-11
1.564473841705866939e-10
1.321019635496432064e-10
1.010043191536355047e-10
9.509465525216055246e-11
1.761230327525223671e-10
1.224146300823903856e-10
1.237204934195735175e-10
1.078150282927983959e-10
1.028100968917545014e-10
1.293030445125491362e-10
9.725619159128651247e-11
1.157374875648539388e-10
1.477631944354910868e-10
1.328107052796212632e-10
1.220993751830357389e-10
1.189017602249445871e-10
1.304679614172225294e-10
1.532359907444882238e-10
9.407297787615638443e-11
1.324526079239099030e-10
1.037585586781087917e-10
1.020662028479910883e-10
9.859604887811824662e-11
1.106573487512696432e-10
2.508496406011691400e-10
1.253966137965323859e-10
9.570062341304633882e-11
1.684832844361120094e-10
9.406100555299593503e-11
1.130726883780086065e-10
1.117996504814378405e-10
1.146989816277413329e-10
1.156398539734860766e-10
1.114800240417664042e-10
1.082846223783738727e-10
9.459145748768546282e-11
1.189130734438908009e-10
2.034936680692279710e-10
9.354685281885861471e-11
1.140143718393683034e-10
1.036323503057629396e-10
9.763786801836243571e-11
1.056398665278603157e-10
1.107231104084993250e-10
9.253518724049247980e-11
1.516912079062143860e-10
1.034239074333824022e-10
9.866175084844709060e-11
1.085716365450888696e-10
1.420131562763442103e-10
1.394489173594111739e-10
9.596102416740432817e-11
1.235003971692329880e-10
9.677342991956589585e-11
1.037584121725526674e-10
1.108478943619571460e-10
1.004136263664658444e-10
1.489896736957465821e-10
9.680129988719677757e-11
1.042371056390176343e-10
1.064531249018387408e-10
1.186747766686870491e-10
1.841977177387368732e-10
1.524450144713038915e-10
1.039335036688199566e-10
9.198168228103853278e-11
1.053400936604639533e-10
1.183031566835477890e-10
9.321928034463058525e-11
9.982215059205104458e-11
1.186523700941143709e-10
1.458659196181234685e-10
1.273387488277795924e-10
9.263489575776443885e-11
1.039874722948912412e-10
9.442134743752536298e-11
1.237024059172849658e-10
9.224702583377753275e-11
1.059890949353707906e-10
1.578086000246699787e-10
1.013722709732534319e-10
9.322040664177424730e-11
1.091384965185128372e-10
9.619466947709698788e-11
1.407898851863291190e-10
9.808674619778021850e-11
1.697065997214968212e-10
1.137273779580815268e-10
1.336932380700684801e-10
1.119518992186642153e-10
1.076493036604391888e-10
1.831657900091435887e-10
1.084917735159950343e-10
1.185483655349723920e-10
1.091728325704578483e-10
1.755579042256244634e-10
1.155854782322553059e-10
1.110127471243551560e-10
1.110475419380101510e-10
1.029416127727151333e-10
1.089579716610028865e-10
1.314854154155577030e-10
1.759099110872216689e-10
9.277361919418719686e-11
9.844244168594705008e-11
9.176363891204468547e-11
1.289162069611744882e-10
9.816520360589070761e-11
1.199750545952314238e-10
1.151505999390330618e-10
9.437185391722155808e-11
1.149034807218542877e-10
1.056313572497230896e-10
1.293122282023637760e-10
9.673355898600130369e-11
1.493489315416088265e-10
1.092390954561534179e-10
1.013446067124106003e-10
9.963103958504744553e-11
1.025290068632606557e-10
9.609318651258144500e-11
9.412851202012000144e-11
9.438522418046539230e-11
1.330314061265516308e-10
1.320549912410763526e-10
9.952320862168696312e-11
9.229329492935637905e-11
9.468736412903335296e-11
1.235811347610475452e-10
9.316391620642066331e-11
9.880038041684262244e-11
9.652665336071565670e-11
9.925653360260347727e-11
1.008743501533841658e-10
1.126283802280738428e-10
1.287635887272891249e-10
1.021583163526502269e-10
1.108476178151053246e-10
1.437002953654387797e-10
9.480268882304539356e-11
1.571423748187451540e-10
1.081162772344560471e-10
9.777792140285708774e-11
9.620703522254952919e-11
9.216596538830196723e-11
1.310442725638849698e-10
1.019749090208334044e-10
1.097643119069932195e-10
1.110821891967483171e-10
1.239987995104723844e-10
9.694303224529555975e-11
1.042810184941471453e-10
1.493432856704459917e-10
1.263034897090617386e-10
1.620393193382039520e-10
1.019216460498922409e-10
1.017891268591204642e-10
1.379585854766223075e-10
1.116257828692281302e-10
1.328326599719218250e-10
1.072285317090199553e-10
1.141303404245749677e-10
9.444807404591836670e-11
9.648310233755850733e-11
1.035855560198326193e-10
9.622910227475941291e-11
1.040770733587210262e-10
1.413939060520091961e-10
1.007771528952012743e-10
1.529647669220816540e-10
1.808514935844332724e-10
9.369784990707584492e-11
1.628730973809503537e-10
1.356732305223871737e-10
1.215106187431633966e-10
1.055450767946689516e-10
1.183799382564268031e-10
1.121893745531314909e-10
1.361020236095179979e-10
1.237554058040111265e-10
1.378247082626896074e-10
1.183992573670534647e-10
1.093772518101745264e-10
1.149152716068824140e-10
1.054763545681340976e-10
9.502426883731325862e-11
1.516007074153367427e-10
9.227965983204890048e-11
1.024739224288946194e-10
1.261781124700482974e-10
1.710412959083538261e-10
1.416490536069113975e-10
1.182434510819130646e-10
9.521128560089576450e-11
9.765270006680092331e-11
9.960993705713556356e-11
1.053123312873927797e-10
9.226715944404146433e-11
1.688141965081569821e-10
1.313164579654200531e-10
1.139359671689788090e-10
1.763801389641973988e-10
1.079484100072998294e-10
9.555806735327104843e-11
1.239695892685933786e-10
1.126679181838219020e-10
1.162732558404159559e-10
9.697676613061690286e-11
1.188012002304954681e-10
1.303454961289661223e-10
1.771522500340138964e-10
1.253326728869804843e-10
1.163848675248137624e-10
9.773038162218080485e-11
1.618175024415236873e-10
9.477842849050837593e-11
1.245666389934046768e-10
9.647545181569716483e-11
2.125929676270270215e-10
9.322909481955194382e-11
1.100394573858071759e-10
9.303505093469873268e-11
1.043527614998407821e-10
2.031683886676060805e-10
1.324981557038075120e-10
9.305954735100093874e-11
9.366661003044596498e-11
1.278845597462344274e-10
2.032253454470330118e-10
1.565653795580977609e-10
1.159632472430280031e-10
9.258651001391053022e-11
1.382009201366293117e-10
1.335754781953297896e-10
9.280786789126138051e-11
1.050153649097124439e-10
1.107950629544139548e-10
1.063077770471669067e-10
1.076060282521716951e-10
9.964576349295912920e-11
1.162759080361568283e-10
9.435816359702408602e-11
1.159208385762596562e-10
1.988925066304010236e-10
9.968688927435745709e-11
1.279250627123767038e-10
1.038587261117697351e-10
9.445523183525643763e-11
9.342342832725563079e-11
1.160800335745581423e-10
1.845095867027011988e-10
1.210185017419092192e-10
3.689375847977229232e-10
9.730827323794514916e-11
1.294798511116700285e-10
9.645765058784203777e-11
1.285848278612784044e-10
9.516657628149177934e-11
1.147428584559263322e-10
9.616664574175791417e-11
1.219099308169030943e-10
1.446962702765899978e-10
9.277248815230869662e-11
1.031567985498964449e-10
1.417851166449700497e-10
1.164346781336057259e-10
1.286573049941809524e-10
1.361461547362355738e-10
1.410203406311388434e-10
1.567760235691040471e-10
9.329182174798054356e-11
1.054842971632708992e-10
1.745883111608806861e-10
9.756104972181929791e-11
9.737241174500813958e-11
1.098723522570008465e-10
9.850087390761985809e-11
1.015821546360430085e-10
1.301464101897638337e-10
1.341403216371082720e-10
1.168034384817168569e-10
1.014417763158285746e-10
1.226880619276478537e-10
9.310401326795066130e-11
9.210760874749552009e-11
9.232331839406827524e-11
1.167323582210621297e-10
9.254587479180168662e-11
1.012817768209780657e-10
9.626368073425325920e-11
2.230122189753133460e-10
1.005243866383706577e-10
1.673296992637781970e-10
1.017708005346178523e-10
1.763884272530222719e-10
1.717606688953944829e-10
1.903482182174992962e-10
1.030460122400649461e-10
1.578164161541801620e-10
1.165801614107093740e-10
1.065419108846970190e-10
9.399681115948489343e-11
2.999954570910208923e-10
1.521911049185693724e-10
1.678057998978880355e-10
1.221719061991758939e-10
1.079001430532913263e-10
9.533015777946099162e-11
1.473780352897916858e-10
1.093426920573173064e-10
9.350160837557663752e-11
1.822880799389440425e-10
9.263894038673995722e-11
1.128695093230745180e-10
9.768158600310689372e-11
9.642953753181176820e-11
1.310949047207900092e-10
1.107512044425364473e-10
1.225993405672279920e-10
9.394744162029342140e-11
1.031364758846763273e-10
1.118719569459338169e-10
9.999902196457457632e-11
1.109778046339766829e-10
1.222124106296492803e-10
1.106743808397902693e-10
1.074842078038616467e-10
1.084672549679074084e-10
9.974362151855988711e-11
1.002020560356407680e-10
1.211636342590034740e-10
9.781664828553873603e-11
1.309221595443997026e-10
1.566518328347962779e-10
1.122274063982599467e-10
9.789437014504255302e-11
9.874363326968816039e-11
1.078985857402319370e-10
1.507378959356133870e-10
1.255992979301364093e-10
9.469069710244438651e-11
9.477620831944996943e-11
9.209899068092087190e-11
1.775985450435950997e-10
1.231708055925577262e-10
1.112193050957141262e-10
1.108077887637695599e-10
1.677424907812003404e-10
1.151531410067850216e-10
1.048080234796250398e-10
1.048530335463506278e-10
9.642969373526648127e-11
9.907026549696457180e-11
1.012247516181784347e-10
1.001597554906292949e-10
1.402259179957390367e-10
1.006920567578146175e-10
1.021422760024739980e-10
1.145113666612322462e-10
9.825328740987144518e-11
1.361957006921292167e-10
1.042829146981419648e-10
9.865715755014436306e-11
1.199658935919960533e-10
1.122207037622826712e-10
1.241913361699664440e-10
9.321075227984973018e-11
1.232028287962371842e-10
1.188982490344465294e-10
9.477684265868166704e-11
9.387758248935014025e-11
1.072266811632413452e-10
1.718059073443254281e-10
1.154582475129629486e-10
1.181863337337277154e-10
1.568459450981694704e-10
9.598408173201348112e-11
9.521870904485530954e-11
1.170885681005816537e-10
1.223892735441729060e-10
1.253963655375019523e-10
1.012669619505837589e-10
9.305858049416610615e-11
9.862699024111552984e-11
1.134106121270591591e-10
1.263937531018994014e-10
1.725361032179507552e-10
9.274937994103066284e-11
1.168992972429735576e-10
9.991137767733823461e-11
1.136920846518530367e-10
2.352658200823099992e-10
9.690742174910096218e-11
1.324459816505389510e-10
1.317116256540936423e-10
1.141121428772548727e-10
1.151511349047424626e-10
1.344753351332994957e-10
1.310381812218630468e-10
1.405723536610910628e-10
1.184768975950439797e-10
1.280337065145572415e-10
9.886275407385681954e-11
1.157694392496268598e-10
1.176412622341599020e-10
1.175255716912047757e-10
9.786708112126544886e-11
1.446707512544648257e-10
9.298168722842699535e-11
1.552164683915579998e-10
1.659886537008929884e-10
3.550723035578663083e-10
9.836939708017652252e-11
1.586131029826703820e-10
1.195044708938433142e-10
1.158531427022946774e-10
1.016148354237307178e-10
1.596158743246035828e-10
1.286929841249063024e-10
9.783222782796521854e-11
1.549788092436793644e-10
1.992901056020584652e-10
9.641297870985292013e-11
9.287520218335518371e-11
1.436744012300448034e-10
1.248663447934971333e-10
1.034178835526370433e-10
1.303238953340294658e-10
9.263748433810923314e-11
1.859671263505209515e-10
1.211129703547029867e-10
1.613624168157286309e-10
1.080672276024898366e-10
2.892709842690945963e-10
1.224706517372573550e-10
1.103037262346493506e-10
9.616304440853263326e-11
9.381055810888405488e-11
1.855913494159801076e-10
9.744440732325316788e-11
1.071704397107769179e-10
9.229654112130901659e-11
9.204336278406550499e-11
1.434486738321491079e-10
1.085223444534600496e-10
2.760008996345236422e-10
9.921448998051080370e-11
9.990092853489396957e-11
1.610446734232699964e-10
9.616962066715611516e-11
1.136510999345225071e-10
1.466080937120018669e-10
9.721525317113717519e-11
1.254215616360077035e-10
9.547316916148308597e-11
9.569464797420964834e-11
1.394042315633567823e-10
9.790608542358394987e-11
1.531380567679047363e-10
1.178601583301169982e-10
1.218018703811518909e-10
1.206804207277425174e-10
2.202763653164946080e-10
1.185301108880947120e-10
1.012708529082441223e-10
1.209266594218956712e-10
9.288359579048334658e-11
1.124101576420081638e-10
1.349561218184850525e-10
1.046115234378364643e-10
1.850630808068664262e-10
1.366868424409924165e-10
9.206922853446636946e-11
1.357781663133396702e-10
1.152794638479690654e-10
1.143557794658078332e-10
1.277787354773798615e-10
1.642271747058043380e-10
2.331164201795599665e-10
1.232770593166929234e-10
1.407777704253941440e-10
1.088048746532234935e-10
1.141764295192660419e-10
9.557176458637107831e-11
1.000218680619539666e-10
9.570675576083060008e-11
1.296287168042471378e-10
1.279877469877448932e-10
9.361211868466668105e-11
1.312791377757896621e-10
1.057511530570815206e-10
9.709824740701011890e-11
9.596306346715129921e-11
1.310669636184083984e-10
1.019719340778678517e-10
9.512026775468939481e-11
1.232783192595283360e-10
1.082066923789977653e-10
1.845529637125486919e-10
1.016622733523103379e-10
1.410795825460014465e-10
1.124235427954943870e-10
9.338166604403681823e-11
1.012172659091523679e-10
1.806603962571240484e-10
9.532463538665762256e-11
1.103979837097842774e-10
1.531257590566590865e-10
1.056724558428084815e-10
9.378431281015509591e-11
9.222981179555323435e-11
9.352760220509102959e-11
1.291805810449958136e-10
1.148180992031548656e-10
9.934392228577535826e-11
1.046590793009444193e-10
1.793867044280360569e-10
9.984033494466566952e-11
1.534983713540653390e-10
1.321554419962068903e-10
1.018224942146925394e-10
9.607453978704419417e-11
1.110442285572513222e-10
1.528640715072097359e-10
2.841683902473773842e-10
1.682172808314350306e-10
9.374157042959453779e-11
9.402268515524109021e-11
1.052544724320642171e-10
9.195628348363242377e-11
9.851865827324731535e-11
9.699230824427426118e-11
1.025436620682051350e-10
1.585483121235788635e-10
1.019214972365337826e-10
9.381055810888405488e-11
9.454951129655329169e-11
9.298410610293435887e-11
9.566681070592470857e-11
1.223997970654642799e-10
2.999856202744235735e-10
2.479147047629783702e-10
1.048251583371122997e-10
1.808767196464044766e-10
1.417666098658663434e-10
1.524120533231392529e-10
1.361735282283154985e-10
1.268733485070247162e-10
9.928759931048152294e-11
9.305390722888119008e-11
9.803317902163800069e-11
1.021482171298874304e-10
1.156790226279403705e-10
9.198412414970010140e-11
1.116314173652815534e-10
1.497163638455532521e-10
1.149515755256340261e-10
1.369501079186615084e-10
1.215200605316840065e-10
9.608488205950452334e-11
1.113798213135102547e-10
9.493942818148697094e-11
1.561831971381761797e-10
1.093401731591740134e-10
1.005186628749017434e-10
1.165350375629759358e-10
1.442804656319986311e-10
1.490034437378494810e-10
1.097592909969110381e-10
1.188525952988261960e-10
1.560521357489248723e-10
1.116193235066094302e-10
9.769286030298417117e-11
9.249339826313621364e-11
1.063870662048181332e-10
9.600321426243343949e-11
1.001825695117230074e-10
1.181871181171426411e-10
1.087496292059120070e-10
1.187078586795865827e-10
9.546276892466747395e-11
9.898541352928343848e-11
1.029050215523449797e-10
1.005037496253158965e-10
9.539467014892630903e-11
1.040336698564890886e-10
1.118533011286280128e-10
1.353841160946894583e-10
9.390812147928945893e-11
1.620161080105286671e-10
9.410856771104801391e-11
1.380683895623516973e-10
1.524055649974085845e-10
1.095978173600290189e-10
1.039090707819322296e-10
1.036047747199261764e-10
1.229920225998489663e-10
1.432406458099576446e-10
1.026009330210250979e-10
1.545355158520653519e-10
1.136170037819379039e-10
1.246293013014636646e-10
1.153267536111116763e-10
1.478113581934895136e-10
1.230048995412631322e-10
1.561166025209881180e-10
1.086423013236403756e-10
3.586419672660622497e-10
