Fracture Radii List After Isolated Fracture and Cluster Removal
Format: xRadius yRadius Family# (-2 = userPolygon, -1 = userRectangle, 0 = userEllipse, > 0 is family in order of famProb)
109.81 109.81 3
33.8172 33.8172 1
30.5299 30.5299 2
54.7149 54.7149 3
33.358 33.358 2
51.266 51.266 3
35.2714 35.2714 3
30.3932 30.3932 3
45.6102 45.6102 3
38.8902 38.8902 3
35.9365 35.9365 2
72.5079 72.5079 1
46.244 46.244 3
42.8391 42.8391 2
38.1561 38.1561 3
66.1324 66.1324 1
31.8218 31.8218 1
48.7136 48.7136 1
66.6457 66.6457 1
45.4191 45.4191 3
37.2149 37.2149 2
71.7529 71.7529 1
44.2877 44.2877 3
40.9405 40.9405 2
31.3355 31.3355 2
62.8285 62.8285 2
38.5997 38.5997 1
30.6282 30.6282 2
35.9653 35.9653 2
35.6783 35.6783 1
108.003 108.003 1
130.097 130.097 3
64.1612 64.1612 3
53.23 53.23 3
30.0659 30.0659 1
31.981 31.981 3
30.4718 30.4718 2
33.3078 33.3078 3
51.7685 51.7685 2
215.596 215.596 3
32.6628 32.6628 1
33.0172 33.0172 3
34.4995 34.4995 3
34.5334 34.5334 3
35.3545 35.3545 3
30.0517 30.0517 3
32.1081 32.1081 3
44.5737 44.5737 1
31.3264 31.3264 3
46.3385 46.3385 3
34.0714 34.0714 2
37.9477 37.9477 3
185.614 185.614 2
101.763 101.763 2
33.4651 33.4651 2
32.2979 32.2979 1
49.118 49.118 1
92.4091 92.4091 1
31.4074 31.4074 3
32.994 32.994 3
33.1461 33.1461 3
80.6515 80.6515 2
40.9509 40.9509 1
93.7858 93.7858 1
62.0698 62.0698 2
47.6518 47.6518 3
34.9726 34.9726 3
180.899 180.899 1
44.3074 44.3074 2
31.1715 31.1715 3
35.466 35.466 3
41.6406 41.6406 1
45.2561 45.2561 2
31.0033 31.0033 3
104.994 104.994 3
48.9473 48.9473 3
35.3899 35.3899 2
42.2002 42.2002 2
33.6056 33.6056 3
56.242 56.242 2
35.7065 35.7065 1
33.4814 33.4814 2
30.4404 30.4404 1
30.2318 30.2318 3
35.0685 35.0685 1
44.1938 44.1938 1
30.2186 30.2186 2
32.8662 32.8662 3
34.134 34.134 3
157.164 157.164 2
32.6631 32.6631 1
35.2805 35.2805 3
34.0916 34.0916 3
33.3577 33.3577 3
30.54 30.54 3
55.4439 55.4439 3
41.3885 41.3885 2
51.5773 51.5773 3
74.9388 74.9388 1
35.6785 35.6785 1
259.73 259.73 3
42.7111 42.7111 3
48.2681 48.2681 3
62.3429 62.3429 3
30.3341 30.3341 3
41.4065 41.4065 1
34.9816 34.9816 2
40.345 40.345 2
36.1664 36.1664 3
43.068 43.068 3
30.539 30.539 1
105.72 105.72 3
31.0372 31.0372 3
70.0894 70.0894 3
49.9187 49.9187 2
31.3532 31.3532 3
278.775 278.775 3
55.919 55.919 3
60.9703 60.9703 1
50.5057 50.5057 2
54.7019 54.7019 1
46.0005 46.0005 2
42.8747 42.8747 1
31.0343 31.0343 2
35.0098 35.0098 3
35.963 35.963 3
42.5479 42.5479 1
33.9985 33.9985 3
32.058 32.058 1
39.3376 39.3376 2
42.7562 42.7562 3
44.857 44.857 1
48.9641 48.9641 1
32.0942 32.0942 3
32.4421 32.4421 3
32.5617 32.5617 3
36.3876 36.3876 1
39.0135 39.0135 3
35.8996 35.8996 3
66.2541 66.2541 1
46.3108 46.3108 3
49.9307 49.9307 2
66.4276 66.4276 1
39.5186 39.5186 2
31.5569 31.5569 2
51.7029 51.7029 3
58.289 58.289 2
36.4128 36.4128 2
64.3566 64.3566 2
151.569 151.569 2
33.2355 33.2355 1
49.7826 49.7826 2
52.9933 52.9933 3
33.3143 33.3143 3
32.9772 32.9772 3
36.9297 36.9297 1
31.1702 31.1702 2
98.1535 98.1535 3
78.8594 78.8594 3
72.5512 72.5512 3
32.8248 32.8248 3
44.0472 44.0472 3
35.7616 35.7616 3
37.6388 37.6388 1
79.7525 79.7525 1
97.2006 97.2006 1
101.026 101.026 2
52.2942 52.2942 3
33.5921 33.5921 3
163.108 163.108 1
32.4394 32.4394 3
35.8917 35.8917 3
36.7834 36.7834 1
30.5282 30.5282 3
92.1083 92.1083 3
37.8196 37.8196 3
33.4498 33.4498 3
49.2544 49.2544 2
33.115 33.115 2
60.464 60.464 1
64.9484 64.9484 2
41.1522 41.1522 3
62.1467 62.1467 2
30.027 30.027 3
84.5317 84.5317 1
35.5113 35.5113 1
33.451 33.451 3
49.8343 49.8343 3
39.1263 39.1263 2
30.7716 30.7716 2
41.4943 41.4943 2
42.904 42.904 2
75.7183 75.7183 1
30.9504 30.9504 1
32.1809 32.1809 1
32.7504 32.7504 3
62.7313 62.7313 3
32.405 32.405 1
45.6465 45.6465 1
58.7646 58.7646 1
36.5867 36.5867 3
30.6892 30.6892 3
33.6461 33.6461 3
31.1317 31.1317 2
31.6764 31.6764 3
151.87 151.87 3
34.3384 34.3384 3
197.045 197.045 1
75.7212 75.7212 2
45.5566 45.5566 3
35.3531 35.3531 3
49.697 49.697 2
48.9129 48.9129 3
35.1648 35.1648 3
40.4822 40.4822 3
56.5356 56.5356 3
50.5911 50.5911 2
65.9692 65.9692 2
68.3796 68.3796 3
40.6402 40.6402 3
32.1394 32.1394 2
41.1677 41.1677 2
31.6623 31.6623 3
40.4792 40.4792 3
98.0518 98.0518 1
49.6847 49.6847 3
36.4972 36.4972 3
52.5038 52.5038 3
36.9168 36.9168 2
32.9921 32.9921 1
34.3255 34.3255 3
126.808 126.808 2
36.6658 36.6658 2
33.879 33.879 3
82.9606 82.9606 3
43.1269 43.1269 3
31.0627 31.0627 2
65.1589 65.1589 3
30.4385 30.4385 3
43.1626 43.1626 3
90.796 90.796 1
68.9963 68.9963 3
36.0388 36.0388 3
32.9075 32.9075 2
40.3327 40.3327 3
43.9414 43.9414 2
43.2482 43.2482 2
75.3007 75.3007 3
32.3095 32.3095 1
45.1973 45.1973 3
69.304 69.304 3
52.2822 52.2822 1
50.7894 50.7894 1
38.3558 38.3558 3
48.9994 48.9994 3
108.546 108.546 1
48.6365 48.6365 3
30.9833 30.9833 3
38.705 38.705 3
56.3445 56.3445 1
50.5332 50.5332 3
59.6734 59.6734 3
37.0055 37.0055 3
32.8268 32.8268 2
48.13 48.13 3
64.1458 64.1458 2
34.4568 34.4568 3
33.2885 33.2885 1
110.415 110.415 3
60.8609 60.8609 3
119.018 119.018 2
37.1561 37.1561 1
38.2055 38.2055 1
37.545 37.545 2
35.5984 35.5984 1
34.6843 34.6843 2
58.4059 58.4059 1
30.4149 30.4149 3
39.5015 39.5015 2
37.4647 37.4647 1
37.8422 37.8422 2
44.6074 44.6074 2
61.8483 61.8483 2
30.857 30.857 3
40.781 40.781 3
84.32 84.32 2
68.2909 68.2909 3
48.1477 48.1477 3
31.5366 31.5366 3
44.2101 44.2101 3
47.8873 47.8873 3
135.154 135.154 1
415.803 415.803 1
49.8435 49.8435 2
100.676 100.676 3
35.7411 35.7411 3
32.465 32.465 3
40.3814 40.3814 2
35.8577 35.8577 2
55.8232 55.8232 3
71.2834 71.2834 3
31.9239 31.9239 3
34.946 34.946 3
70.5421 70.5421 3
37.6611 37.6611 2
49.2011 49.2011 1
35.9975 35.9975 1
35.0205 35.0205 2
73.0213 73.0213 3
31.9996 31.9996 1
33.3612 33.3612 1
54.5632 54.5632 3
195.035 195.035 2
38.9446 38.9446 3
58.6633 58.6633 3
76.593 76.593 1
30.2939 30.2939 3
72.1336 72.1336 3
42.3518 42.3518 3
63.6001 63.6001 2
46.3994 46.3994 2
41.4183 41.4183 3
30.2144 30.2144 1
34.5652 34.5652 3
46.3358 46.3358 2
57.5243 57.5243 3
53.1253 53.1253 1
34.4685 34.4685 3
33.8431 33.8431 2
34.403 34.403 3
32.7752 32.7752 1
110.655 110.655 2
38.2784 38.2784 3
36.0507 36.0507 3
47.8204 47.8204 3
37.0117 37.0117 3
42.3403 42.3403 3
35.112 35.112 3
34.8302 34.8302 1
95.4249 95.4249 2
33.9505 33.9505 3
54.5692 54.5692 1
37.8051 37.8051 3
37.3912 37.3912 3
30.3631 30.3631 1
35.028 35.028 1
32.3154 32.3154 3
48.0596 48.0596 3
31.4138 31.4138 3
34.5643 34.5643 3
38.3255 38.3255 3
30.4007 30.4007 3
34.3568 34.3568 3
31.0738 31.0738 3
55.3787 55.3787 3
39.9466 39.9466 2
32.8848 32.8848 3
37.3965 37.3965 1
89.9924 89.9924 1
37.127 37.127 2
35.2921 35.2921 1
88.9928 88.9928 2
47.8581 47.8581 2
126.578 126.578 1
62.9855 62.9855 3
79.7933 79.7933 3
70.9143 70.9143 1
34.3932 34.3932 1
60.6858 60.6858 3
30.1878 30.1878 2
31.1255 31.1255 3
49.5572 49.5572 3
31.3274 31.3274 1
32.5325 32.5325 3
70.197 70.197 2
32.1152 32.1152 3
37.6608 37.6608 2
58.2611 58.2611 1
32.0146 32.0146 3
153.566 153.566 1
40.8986 40.8986 2
41.5715 41.5715 2
42.0655 42.0655 1
39.9001 39.9001 2
85.7306 85.7306 3
33.0376 33.0376 3
101.45 101.45 3
33.4444 33.4444 3
43.6433 43.6433 3
49.673 49.673 3
37.8741 37.8741 3
53.895 53.895 3
36.3599 36.3599 2
45.5734 45.5734 3
35.2551 35.2551 1
38.4658 38.4658 3
30.0622 30.0622 1
38.7384 38.7384 3
57.2204 57.2204 3
117.493 117.493 1
57.8927 57.8927 2
36.5554 36.5554 3
76.6131 76.6131 1
44.3269 44.3269 1
37.8219 37.8219 1
46.2595 46.2595 1
119.012 119.012 2
91.2236 91.2236 3
35.0247 35.0247 3
42.7351 42.7351 1
55.849 55.849 2
46.8613 46.8613 1
32.6629 32.6629 2
35.7824 35.7824 1
37.0498 37.0498 2
34.9735 34.9735 3
33.6932 33.6932 2
226.08 226.08 2
45.4851 45.4851 2
33.6406 33.6406 2
30.1734 30.1734 3
31.6797 31.6797 2
32.0857 32.0857 3
32.256 32.256 1
50.5588 50.5588 2
31.0391 31.0391 1
40.0722 40.0722 3
61.8466 61.8466 1
86.9605 86.9605 3
41.6021 41.6021 3
37.175 37.175 3
36.6066 36.6066 2
41.1091 41.1091 3
97.1786 97.1786 3
34.7275 34.7275 3
35.0112 35.0112 3
39.0228 39.0228 3
35.0871 35.0871 3
48.1025 48.1025 3
30.0025 30.0025 2
32.371 32.371 2
32.6754 32.6754 2
39.4177 39.4177 3
35.6889 35.6889 1
82.5644 82.5644 3
85.2882 85.2882 3
36.5823 36.5823 1
35.9246 35.9246 3
30.9447 30.9447 2
48.6605 48.6605 3
30.2375 30.2375 3
38.1624 38.1624 3
52.9613 52.9613 3
34.9456 34.9456 3
34.8571 34.8571 2
40.7672 40.7672 3
90.9387 90.9387 3
34.1497 34.1497 2
34.6615 34.6615 3
45.7326 45.7326 2
49.7467 49.7467 3
66.4464 66.4464 3
32.234 32.234 2
34.8272 34.8272 3
48.4081 48.4081 3
40.4681 40.4681 3
113.057 113.057 1
66.7245 66.7245 2
35.4958 35.4958 3
515.5 515.5 3
92.2646 92.2646 1
187.376 187.376 1
31.0853 31.0853 1
35.5185 35.5185 3
40.4822 40.4822 1
37.7697 37.7697 2
33.7608 33.7608 3
34.5427 34.5427 3
34.9245 34.9245 1
40.9399 40.9399 3
72.886 72.886 3
32.4129 32.4129 2
61.2041 61.2041 3
40.1788 40.1788 1
30.8801 30.8801 1
33.4531 33.4531 3
58.6065 58.6065 2
36.4746 36.4746 3
46.4877 46.4877 3
33.7703 33.7703 2
83.4068 83.4068 1
79.9151 79.9151 3
50.2991 50.2991 3
40.1171 40.1171 3
40.2365 40.2365 3
38.2533 38.2533 2
33.4187 33.4187 3
54.8113 54.8113 3
39.8408 39.8408 1
43.2213 43.2213 3
31.9018 31.9018 2
30.643 30.643 1
52.5032 52.5032 2
33.0979 33.0979 3
32.422 32.422 2
31.1942 31.1942 2
36.2167 36.2167 3
47.0901 47.0901 1
56.3161 56.3161 3
49.2205 49.2205 1
44.7182 44.7182 2
78.5507 78.5507 3
82.6736 82.6736 3
72.9032 72.9032 3
77.3563 77.3563 2
80.2708 80.2708 3
34.7041 34.7041 3
32.3326 32.3326 1
35.7079 35.7079 3
47.4727 47.4727 3
33.7664 33.7664 2
42.5605 42.5605 1
35.4284 35.4284 3
30.5115 30.5115 3
38.574 38.574 3
69.4068 69.4068 3
34.6545 34.6545 3
35.8087 35.8087 2
37.5101 37.5101 2
103.937 103.937 1
126.2 126.2 2
31.4775 31.4775 3
42.5135 42.5135 2
125.665 125.665 3
34.005 34.005 1
36.217 36.217 3
39.6528 39.6528 2
45.4312 45.4312 2
95.6139 95.6139 2
58.3993 58.3993 3
63.4129 63.4129 3
34.0813 34.0813 2
42.7773 42.7773 3
47.8519 47.8519 2
54.4245 54.4245 2
44.5502 44.5502 2
41.4621 41.4621 3
97.4085 97.4085 3
34.3247 34.3247 3
202.756 202.756 1
37.5195 37.5195 3
36.7507 36.7507 3
33.8523 33.8523 3
136.864 136.864 1
31.0898 31.0898 3
31.388 31.388 3
37.0441 37.0441 3
50.8273 50.8273 3
52.3769 52.3769 3
32.9414 32.9414 2
42.2476 42.2476 3
35.3814 35.3814 3
54.237 54.237 3
38.8926 38.8926 1
45.4443 45.4443 3
31.2778 31.2778 1
51.8856 51.8856 2
44.3265 44.3265 3
61.6009 61.6009 3
37.218 37.218 2
92.7318 92.7318 2
50.5719 50.5719 3
68.9197 68.9197 1
95.59 95.59 2
40.2066 40.2066 1
35.113 35.113 2
105.636 105.636 3
33.767 33.767 3
44.9246 44.9246 3
57.1872 57.1872 1
33.5122 33.5122 1
40.4998 40.4998 2
73.6677 73.6677 3
31.9986 31.9986 1
32.562 32.562 1
65.0539 65.0539 1
63.5089 63.5089 3
42.759 42.759 3
37.7212 37.7212 1
127.332 127.332 1
38.857 38.857 3
32.4458 32.4458 2
49.3085 49.3085 2
32.4333 32.4333 3
38.134 38.134 1
34.4103 34.4103 2
73.4487 73.4487 1
58.0417 58.0417 3
31.7114 31.7114 3
38.6273 38.6273 2
36.2776 36.2776 3
46.9285 46.9285 3
44.548 44.548 2
80.5782 80.5782 2
73.4255 73.4255 1
44.1965 44.1965 3
48.4088 48.4088 2
47.1055 47.1055 3
34.7209 34.7209 2
134.049 134.049 3
45.2606 45.2606 3
38.0495 38.0495 2
56.9649 56.9649 3
34.5987 34.5987 3
32.4152 32.4152 1
56.9145 56.9145 3
42.158 42.158 2
32.6434 32.6434 1
39.0854 39.0854 3
57.5916 57.5916 3
43.592 43.592 1
42.7348 42.7348 3
46.0856 46.0856 3
86.4525 86.4525 2
31.0832 31.0832 3
30.5747 30.5747 2
35.3411 35.3411 3
30.0758 30.0758 3
33.3786 33.3786 3
36.7293 36.7293 3
35.7347 35.7347 3
46.1596 46.1596 3
58.1046 58.1046 3
463.003 463.003 2
45.0364 45.0364 3
45.0469 45.0469 2
49.2281 49.2281 3
33.1421 33.1421 3
72.6666 72.6666 1
37.8184 37.8184 1
38.3204 38.3204 3
34.163 34.163 3
43.7902 43.7902 2
146.92 146.92 1
124.169 124.169 2
109.759 109.759 3
34.1323 34.1323 3
41.9143 41.9143 1
65.881 65.881 2
43.202 43.202 2
42.2602 42.2602 2
34.8201 34.8201 1
38.1585 38.1585 2
34.0357 34.0357 3
43.4684 43.4684 1
35.5911 35.5911 1
36.3757 36.3757 1
47.4907 47.4907 2
49.7048 49.7048 1
34.2986 34.2986 1
34.2676 34.2676 2
34.9312 34.9312 1
39.6018 39.6018 2
33.2325 33.2325 1
42.5268 42.5268 1
30.6304 30.6304 1
30.9378 30.9378 3
30.0089 30.0089 3
38.3203 38.3203 1
56.5087 56.5087 3
32.7943 32.7943 2
44.6323 44.6323 3
32.229 32.229 3
75.173 75.173 2
33.9706 33.9706 3
35.4552 35.4552 3
33.3268 33.3268 2
93.5073 93.5073 3
61.7843 61.7843 2
36.6791 36.6791 1
42.4878 42.4878 3
35.6745 35.6745 2
46.1559 46.1559 2
48.9278 48.9278 2
30.5038 30.5038 3
34.1412 34.1412 1
33.1661 33.1661 2
102.08 102.08 3
31.8966 31.8966 2
43.3015 43.3015 2
49.6433 49.6433 1
52.1427 52.1427 3
30.2243 30.2243 1
39.7119 39.7119 3
42.8167 42.8167 1
47.364 47.364 1
40.037 40.037 3
46.6448 46.6448 2
32.7218 32.7218 1
33.5413 33.5413 3
180.048 180.048 2
81.8123 81.8123 3
44.6235 44.6235 3
35.7199 35.7199 2
32.198 32.198 3
47.2863 47.2863 1
90.9577 90.9577 1
32.7696 32.7696 3
59.5151 59.5151 3
36.5215 36.5215 3
31.6557 31.6557 2
55.281 55.281 1
104.413 104.413 3
31.228 31.228 1
31.1756 31.1756 1
38.2623 38.2623 3
57.183 57.183 1
105.947 105.947 3
34.8572 34.8572 3
35.6325 35.6325 1
53.0561 53.0561 1
54.6135 54.6135 3
69.9574 69.9574 1
66.3703 66.3703 3
98.7852 98.7852 2
36.2783 36.2783 3
95.6286 95.6286 3
41.1439 41.1439 1
42.2284 42.2284 3
31.4615 31.4615 3
31.4356 31.4356 1
49.1884 49.1884 3
193.058 193.058 2
30.1908 30.1908 3
30.8524 30.8524 3
44.514 44.514 1
52.2461 52.2461 3
32.4365 32.4365 2
32.6484 32.6484 1
71.504 71.504 3
52.6917 52.6917 3
48.7078 48.7078 3
62.7308 62.7308 3
36.2923 36.2923 1
41.4069 41.4069 3
32.7622 32.7622 3
33.2936 33.2936 3
40.5983 40.5983 2
82.4509 82.4509 2
42.374 42.374 2
44.0663 44.0663 3
36.7605 36.7605 2
45.1828 45.1828 3
42.3931 42.3931 3
33.7737 33.7737 3
86.7677 86.7677 3
31.3774 31.3774 3
74.1649 74.1649 3
31.7695 31.7695 3
34.4553 34.4553 1
55.2147 55.2147 1
35.5948 35.5948 3
47.5655 47.5655 1
31.7797 31.7797 1
92.6008 92.6008 2
30.3259 30.3259 3
221.365 221.365 3
40.4551 40.4551 3
266.424 266.424 1
122.605 122.605 2
32.4185 32.4185 3
38.0586 38.0586 3
48.0191 48.0191 1
97.5683 97.5683 3
83.8079 83.8079 1
48.383 48.383 3
33.7773 33.7773 3
60.2492 60.2492 1
88.506 88.506 3
36.7603 36.7603 2
34.6301 34.6301 1
31.2807 31.2807 3
55.7292 55.7292 2
36.4926 36.4926 2
45.9041 45.9041 3
70.6934 70.6934 1
30.8337 30.8337 1
31.1064 31.1064 3
36.3221 36.3221 2
39.2474 39.2474 1
35.5814 35.5814 2
68.804 68.804 1
75.0916 75.0916 3
33.3538 33.3538 2
56.0341 56.0341 1
54.6684 54.6684 1
82.0348 82.0348 1
186.175 186.175 3
60.3959 60.3959 3
32.7542 32.7542 3
51.3662 51.3662 3
31.5144 31.5144 2
33.7455 33.7455 2
88.1276 88.1276 2
50.8566 50.8566 3
35.5239 35.5239 2
37.2929 37.2929 3
42.9864 42.9864 3
47.4647 47.4647 3
33.7318 33.7318 3
36.0908 36.0908 3
42.6307 42.6307 3
107.975 107.975 3
44.6162 44.6162 2
58.3921 58.3921 3
88.4776 88.4776 3
64.6208 64.6208 3
67.9875 67.9875 1
30.2288 30.2288 2
30.7098 30.7098 3
32.6536 32.6536 3
37.4045 37.4045 1
74.5848 74.5848 3
48.9253 48.9253 3
94.2423 94.2423 1
61.8396 61.8396 1
47.1462 47.1462 3
41.771 41.771 3
32.8412 32.8412 2
43.8832 43.8832 2
54.4641 54.4641 2
32.1742 32.1742 3
41.2454 41.2454 3
70.5721 70.5721 1
47.1645 47.1645 3
45.4101 45.4101 3
94.2281 94.2281 1
45.8316 45.8316 2
102.791 102.791 3
92.3957 92.3957 2
32.3455 32.3455 3
32.2395 32.2395 3
48.7 48.7 3
33.886 33.886 1
42.7041 42.7041 3
53.9599 53.9599 2
32.8842 32.8842 3
98.3549 98.3549 3
48.8478 48.8478 3
46.8226 46.8226 1
37.2309 37.2309 2
46.7911 46.7911 3
41.0543 41.0543 3
121.959 121.959 3
74.763 74.763 1
32.325 32.325 3
35.0894 35.0894 2
70.4024 70.4024 3
66.5956 66.5956 1
39.3177 39.3177 1
42.2212 42.2212 2
33.7478 33.7478 3
39.6123 39.6123 3
59.0028 59.0028 3
37.9265 37.9265 3
333.632 333.632 3
96.9791 96.9791 3
33.951 33.951 2
30.0428 30.0428 2
35.5666 35.5666 3
35.3272 35.3272 3
54.4782 54.4782 1
48.4726 48.4726 3
48.0641 48.0641 2
31.4103 31.4103 3
34.0399 34.0399 3
38.0143 38.0143 1
42.5236 42.5236 3
30.0482 30.0482 1
43.7645 43.7645 2
73.8479 73.8479 3
35.0082 35.0082 3
42.8694 42.8694 3
59.2796 59.2796 1
91.7074 91.7074 2
132.591 132.591 3
45.7776 45.7776 2
76.413 76.413 3
62.7505 62.7505 1
99.0222 99.0222 1
32.0377 32.0377 2
40.7082 40.7082 1
56.1287 56.1287 1
42.8746 42.8746 1
49.0482 49.0482 3
37.1026 37.1026 1
32.7096 32.7096 3
34.431 34.431 1
44.4349 44.4349 2
32.5375 32.5375 1
32.0032 32.0032 1
34.5955 34.5955 1
47.0369 47.0369 2
31.1248 31.1248 1
45.6472 45.6472 3
33.9285 33.9285 3
35.2499 35.2499 2
31.6166 31.6166 3
49.7127 49.7127 3
82.5186 82.5186 3
44.0311 44.0311 3
37.4743 37.4743 2
32.9904 32.9904 1
41.6654 41.6654 2
33.1994 33.1994 3
30.2407 30.2407 3
78.9409 78.9409 1
30.4504 30.4504 3
32.885 32.885 1
40.8333 40.8333 2
38.7855 38.7855 2
30.8624 30.8624 2
114.034 114.034 3
34.6245 34.6245 2
41.3903 41.3903 3
59.9 59.9 3
43.0159 43.0159 2
62.6147 62.6147 3
38.0273 38.0273 1
56.0723 56.0723 3
40.385 40.385 3
37.6942 37.6942 1
46.6659 46.6659 3
115.541 115.541 1
31.0538 31.0538 3
98.135 98.135 2
43.5387 43.5387 3
55.312 55.312 1
30.6443 30.6443 3
30.6966 30.6966 3
51.3774 51.3774 1
47.039 47.039 1
40.4468 40.4468 2
33.1026 33.1026 3
30.4643 30.4643 3
46.8837 46.8837 1
33.6162 33.6162 1
34.0442 34.0442 2
42.0751 42.0751 2
56.6989 56.6989 2
89.7168 89.7168 3
32.9213 32.9213 3
37.1877 37.1877 2
46.8565 46.8565 1
32.8317 32.8317 2
46.4428 46.4428 3
105.841 105.841 3
39.4653 39.4653 1
51.1855 51.1855 3
33.1742 33.1742 2
51.3153 51.3153 3
39.2437 39.2437 3
217.357 217.357 3
50.4464 50.4464 3
72.1533 72.1533 3
38.4516 38.4516 1
43.4551 43.4551 3
58.8326 58.8326 3
35.4817 35.4817 2
32.8323 32.8323 3
35.6804 35.6804 3
59.9712 59.9712 3
35.3627 35.3627 3
46.7122 46.7122 3
61.1436 61.1436 2
34.3253 34.3253 3
34.1925 34.1925 2
34.8651 34.8651 2
46.5239 46.5239 1
69.9434 69.9434 1
77.193 77.193 1
48.6443 48.6443 2
38.2702 38.2702 3
48.3637 48.3637 2
61.3553 61.3553 1
41.882 41.882 3
38.0483 38.0483 2
32.7224 32.7224 3
36.2639 36.2639 1
62.2587 62.2587 3
38.3565 38.3565 3
122.239 122.239 1
43.0235 43.0235 1
43.4012 43.4012 3
32.0942 32.0942 3
40.0393 40.0393 3
34.7272 34.7272 1
61.7108 61.7108 3
37.86 37.86 3
30.7497 30.7497 3
32.8291 32.8291 2
73.4888 73.4888 3
42.1151 42.1151 3
41.9366 41.9366 3
54.3631 54.3631 3
55.23 55.23 3
36.6385 36.6385 2
311.891 311.891 3
33.0608 33.0608 1
31.9409 31.9409 2
31.1792 31.1792 1
34.2331 34.2331 3
320.341 320.341 2
35.2583 35.2583 3
32.4861 32.4861 3
34.1519 34.1519 3
40.3899 40.3899 3
148.034 148.034 3
51.706 51.706 3
62.0119 62.0119 2
75.4282 75.4282 3
32.8838 32.8838 3
113.893 113.893 2
40.638 40.638 1
145.4 145.4 3
48.3846 48.3846 3
45.2932 45.2932 3
39.9105 39.9105 3
57.6601 57.6601 1
209.168 209.168 2
33.2544 33.2544 3
107.352 107.352 2
30.4454 30.4454 3
32.3145 32.3145 3
55.2699 55.2699 1
67.9856 67.9856 2
43.1647 43.1647 3
35.0623 35.0623 2
37.2093 37.2093 3
73.4885 73.4885 1
52.0287 52.0287 3
36.7329 36.7329 3
40.2703 40.2703 2
77.633 77.633 3
35.5471 35.5471 1
36.7336 36.7336 3
83.0963 83.0963 3
541.349 541.349 3
31.172 31.172 3
232.084 232.084 3
32.8264 32.8264 3
35.9691 35.9691 3
33.1296 33.1296 1
60.5951 60.5951 3
34.8928 34.8928 3
214.8 214.8 1
44.7399 44.7399 3
32.2554 32.2554 3
52.3271 52.3271 2
40.761 40.761 3
94.0992 94.0992 3
73.5716 73.5716 3
32.7059 32.7059 3
32.8171 32.8171 3
31.5651 31.5651 3
34.3271 34.3271 2
60.6654 60.6654 1
102.527 102.527 3
36.0896 36.0896 1
35.4994 35.4994 3
37.1154 37.1154 3
31.7049 31.7049 3
85.4145 85.4145 3
33.1683 33.1683 3
30.3161 30.3161 2
39.4742 39.4742 3
33.5531 33.5531 3
39.6809 39.6809 1
30.1787 30.1787 3
42.9171 42.9171 1
96.6396 96.6396 3
109.832 109.832 3
52.3145 52.3145 3
34.7186 34.7186 2
34.1348 34.1348 2
37.6482 37.6482 2
58.057 58.057 3
33.6199 33.6199 1
36.7432 36.7432 2
32.4715 32.4715 3
35.5623 35.5623 2
66.4718 66.4718 3
50.2948 50.2948 3
49.3404 49.3404 3
34.4105 34.4105 2
69.4126 69.4126 2
45.9473 45.9473 2
57.9112 57.9112 3
55.3965 55.3965 3
82.8282 82.8282 3
37.1951 37.1951 3
35.5633 35.5633 1
60.7611 60.7611 3
33.8513 33.8513 3
60.7465 60.7465 1
50.8181 50.8181 2
36.5015 36.5015 3
35.8798 35.8798 3
62.4209 62.4209 3
38.6499 38.6499 2
50.3098 50.3098 3
105.805 105.805 1
44.4185 44.4185 1
31.9546 31.9546 2
59.2448 59.2448 1
87.9634 87.9634 3
46.6226 46.6226 3
37.1644 37.1644 2
70.5536 70.5536 3
41.4325 41.4325 3
88.225 88.225 1
49.2803 49.2803 1
33.4325 33.4325 1
123.674 123.674 1
37.7505 37.7505 3
65.0475 65.0475 3
42.1836 42.1836 2
31.9558 31.9558 1
40.7608 40.7608 3
32.1315 32.1315 3
30.6472 30.6472 3
95.9194 95.9194 3
154.479 154.479 3
30.3624 30.3624 1
40.3362 40.3362 3
67.5222 67.5222 1
32.5194 32.5194 2
32.5323 32.5323 3
31.2635 31.2635 3
31.4747 31.4747 3
138.491 138.491 3
33.1794 33.1794 1
84.2483 84.2483 3
38.5374 38.5374 1
31.1944 31.1944 3
41.9931 41.9931 3
33.7892 33.7892 3
51.8087 51.8087 3
35.3127 35.3127 1
49.2814 49.2814 3
43.3089 43.3089 3
61.4233 61.4233 3
288.435 288.435 1
38.4073 38.4073 1
63.9673 63.9673 2
105.514 105.514 2
34.1175 34.1175 2
34.786 34.786 2
42.7298 42.7298 3
33.7209 33.7209 1
52.1636 52.1636 3
31.0275 31.0275 2
31.144 31.144 3
33.1557 33.1557 3
36.8253 36.8253 2
30.5367 30.5367 1
61.5722 61.5722 2
43.0834 43.0834 3
31.4071 31.4071 3
38.9143 38.9143 2
46.5061 46.5061 3
68.9209 68.9209 2
34.3573 34.3573 2
34.9313 34.9313 3
45.7283 45.7283 1
61.6318 61.6318 1
207.412 207.412 3
84.6987 84.6987 3
478.012 478.012 3
130.734 130.734 2
39.8549 39.8549 2
32.559 32.559 3
80.1728 80.1728 3
104.728 104.728 1
32.0286 32.0286 3
58.9385 58.9385 2
72.5854 72.5854 3
30.1909 30.1909 2
31.9916 31.9916 1
47.1374 47.1374 3
261.195 261.195 3
38.2353 38.2353 1
40.4374 40.4374 3
61.497 61.497 3
76.8315 76.8315 1
35.4357 35.4357 3
44.2163 44.2163 2
35.8449 35.8449 3
55.5714 55.5714 3
211.934 211.934 2
36.2346 36.2346 3
36.468 36.468 3
43.5533 43.5533 3
53.4472 53.4472 2
46.3467 46.3467 3
34.6211 34.6211 2
74.4272 74.4272 2
53.3153 53.3153 3
34.5145 34.5145 2
114.526 114.526 3
43.152 43.152 3
44.933 44.933 3
30.1268 30.1268 3
107.328 107.328 3
54.2388 54.2388 2
67.0795 67.0795 3
33.8932 33.8932 3
51.3582 51.3582 1
35.5171 35.5171 1
45.0406 45.0406 1
40.6481 40.6481 3
59.4136 59.4136 2
162.183 162.183 3
51.3689 51.3689 1
64.3163 64.3163 3
60.9438 60.9438 3
33.9982 33.9982 3
59.7247 59.7247 1
42.1532 42.1532 3
32.9373 32.9373 2
39.5514 39.5514 3
31.685 31.685 3
34.6134 34.6134 3
68.3625 68.3625 3
39.2746 39.2746 1
66.6295 66.6295 1
31.1952 31.1952 3
69.1359 69.1359 3
63.0867 63.0867 3
38.4924 38.4924 3
37.2819 37.2819 2
36.3599 36.3599 3
291.082 291.082 3
34.4046 34.4046 3
36.6463 36.6463 3
36.7489 36.7489 3
31.5671 31.5671 2
42.4872 42.4872 1
35.8653 35.8653 3
32.3004 32.3004 3
53.3582 53.3582 3
53.8659 53.8659 3
40.6934 40.6934 3
69.3323 69.3323 1
72.1943 72.1943 3
45.4238 45.4238 1
117.342 117.342 2
54.358 54.358 3
212.406 212.406 2
36.9361 36.9361 3
50.4799 50.4799 2
43.6645 43.6645 2
30.3891 30.3891 3
53.0044 53.0044 2
31.7003 31.7003 2
33.7297 33.7297 3
84.1072 84.1072 3
39.4135 39.4135 3
32.6383 32.6383 3
36.5304 36.5304 3
64.7406 64.7406 3
31.1985 31.1985 3
36.9089 36.9089 2
52.9878 52.9878 3
33.341 33.341 3
81.5764 81.5764 3
59.4058 59.4058 2
35.9138 35.9138 3
32.075 32.075 3
101.866 101.866 1
51.5005 51.5005 1
52.5354 52.5354 1
40.588 40.588 3
37.1271 37.1271 1
57.0677 57.0677 1
33.4556 33.4556 1
46.3594 46.3594 1
73.2927 73.2927 3
60.0048 60.0048 3
51.2521 51.2521 3
48.7643 48.7643 3
58.0355 58.0355 2
78.4649 78.4649 3
31.4319 31.4319 2
59.7018 59.7018 3
37.7719 37.7719 3
36.625 36.625 2
34.325 34.325 1
42.6174 42.6174 3
197.708 197.708 3
53.8778 53.8778 2
32.4593 32.4593 2
93.7385 93.7385 3
31.4244 31.4244 3
44.3782 44.3782 2
43.446 43.446 1
45.5825 45.5825 3
46.2861 46.2861 2
43.2134 43.2134 3
40.9201 40.9201 2
31.7575 31.7575 3
48.773 48.773 2
133.554 133.554 2
31.1031 31.1031 3
45.0737 45.0737 1
37.6858 37.6858 3
33.7022 33.7022 1
39.0662 39.0662 3
42.6649 42.6649 3
30.4754 30.4754 3
76.9883 76.9883 3
37.5438 37.5438 3
34.3679 34.3679 3
41.1237 41.1237 2
68.0362 68.0362 2
65.751 65.751 3
32.6251 32.6251 2
52.3603 52.3603 2
33.1449 33.1449 2
37.7718 37.7718 3
42.7551 42.7551 3
35.521 35.521 3
74.4375 74.4375 2
33.1628 33.1628 3
38.0992 38.0992 1
39.632 39.632 3
48.5899 48.5899 2
110.798 110.798 1
77.7072 77.7072 3
37.8914 37.8914 3
30.1345 30.1345 3
38.8586 38.8586 2
48.305 48.305 1
30.8992 30.8992 2
35.1297 35.1297 2
48.5727 48.5727 3
71.5381 71.5381 3
55.453 55.453 1
30.537 30.537 3
37.9283 37.9283 3
31.6505 31.6505 1
52.521 52.521 3
30.2977 30.2977 1
39.3087 39.3087 1
82.9123 82.9123 3
36.1595 36.1595 1
30.8999 30.8999 3
41.5272 41.5272 1
32.7742 32.7742 3
66.9415 66.9415 2
33.9933 33.9933 3
95.0187 95.0187 3
44.8612 44.8612 1
60.7546 60.7546 2
43.557 43.557 1
40.4711 40.4711 3
109.637 109.637 2
41.067 41.067 2
48.4929 48.4929 3
41.5517 41.5517 2
101.254 101.254 1
46.2453 46.2453 3
42.8744 42.8744 2
42.8996 42.8996 3
37.2162 37.2162 2
41.3985 41.3985 2
58.887 58.887 3
101.635 101.635 1
30.6228 30.6228 2
34.2248 34.2248 2
30.0007 30.0007 2
56.748 56.748 3
34.0443 34.0443 2
49.5929 49.5929 3
45.9196 45.9196 3
31.6194 31.6194 1
45.735 45.735 2
39.0603 39.0603 1
57.0753 57.0753 3
33.1193 33.1193 3
74.7744 74.7744 2
41.599 41.599 3
36.141 36.141 1
35.0037 35.0037 3
36.937 36.937 3
32.7094 32.7094 2
31.4667 31.4667 2
31.6278 31.6278 2
60.1919 60.1919 3
59.3662 59.3662 2
34.9327 34.9327 3
30.3262 30.3262 1
31.8179 31.8179 3
52.4245 52.4245 3
30.8648 30.8648 3
34.4585 34.4585 1
32.9866 32.9866 3
34.7574 34.7574 3
35.8272 35.8272 3
44.0518 44.0518 2
56.6221 56.6221 1
36.687 36.687 1
42.7549 42.7549 3
69.5596 69.5596 3
31.8906 31.8906 2
82.2572 82.2572 3
40.8009 40.8009 3
33.7929 33.7929 2
32.7821 32.7821 1
30.2478 30.2478 3
58.5171 58.5171 1
36.5636 36.5636 3
41.9748 41.9748 3
42.9247 42.9247 2
52.7572 52.7572 3
33.2539 33.2539 3
38.1293 38.1293 1
74.7691 74.7691 3
54.6107 54.6107 1
87.1289 87.1289 3
36.5278 36.5278 2
36.4388 36.4388 3
64.4396 64.4396 1
43.3194 43.3194 1
60.0234 60.0234 3
40.175 40.175 2
45.1597 45.1597 3
31.6673 31.6673 3
32.9587 32.9587 3
37.6539 37.6539 2
32.7962 32.7962 2
37.9896 37.9896 2
67.481 67.481 1
35.7625 35.7625 3
78.2047 78.2047 1
107.054 107.054 1
31.1973 31.1973 2
87.9714 87.9714 3
62.4526 62.4526 2
50.7897 50.7897 3
39.0005 39.0005 3
48.3638 48.3638 3
43.7304 43.7304 3
62.8232 62.8232 3
52.5632 52.5632 2
64.3224 64.3224 2
48.3786 48.3786 3
41.6977 41.6977 1
45.7438 45.7438 2
38.9529 38.9529 1
32.0305 32.0305 3
76.9022 76.9022 2
30.3178 30.3178 2
36.8998 36.8998 3
54.5091 54.5091 3
96.4247 96.4247 1
67.7095 67.7095 1
48.2593 48.2593 1
32.1488 32.1488 3
33.7118 33.7118 3
34.9898 34.9898 2
38.8394 38.8394 3
30.3101 30.3101 3
94.084 94.084 3
58.7452 58.7452 2
45.0156 45.0156 3
102.145 102.145 2
40.6822 40.6822 3
32.3687 32.3687 2
52.7339 52.7339 2
44.0808 44.0808 1
46.7626 46.7626 1
33.2756 33.2756 3
48.687 48.687 1
57.9334 57.9334 3
102.985 102.985 3
53.8263 53.8263 3
46.8468 46.8468 1
33.7621 33.7621 3
86.9054 86.9054 2
31.8753 31.8753 3
53.2111 53.2111 2
32.9538 32.9538 3
144.97 144.97 3
30.9053 30.9053 3
42.1723 42.1723 3
30.7848 30.7848 3
38.1785 38.1785 2
133.154 133.154 3
59.7403 59.7403 2
30.8 30.8 3
31.1778 31.1778 3
55.8995 55.8995 1
133.224 133.224 3
81.6918 81.6918 1
46.5291 46.5291 2
30.5071 30.5071 3
64.652 64.652 1
60.6543 60.6543 1
30.644 30.644 2
38.6343 38.6343 1
42.7169 42.7169 3
39.5306 39.5306 1
40.4406 40.4406 3
35.0134 35.0134 3
46.7646 46.7646 3
31.6108 31.6108 2
46.4972 46.4972 3
127.948 127.948 2
35.0405 35.0405 1
55.9327 55.9327 2
37.8403 37.8403 2
31.6718 31.6718 3
31.0262 31.0262 2
46.617 46.617 1
111.15 111.15 1
50.4047 50.4047 3
407.531 407.531 2
33.4892 33.4892 1
57.2141 57.2141 1
32.9424 32.9424 3
56.4748 56.4748 3
32.1205 32.1205 3
45.6152 45.6152 3
32.7563 32.7563 3
51.1031 51.1031 3
70.4663 70.4663 1
30.6221 30.6221 1
37.3622 37.3622 1
67.8315 67.8315 1
46.8844 46.8844 1
56.5345 56.5345 2
62.8614 62.8614 2
67.1471 67.1471 3
81.898 81.898 3
30.9443 30.9443 2
38.9584 38.9584 1
100.208 100.208 2
33.6525 33.6525 3
33.5306 33.5306 3
42.0523 42.0523 1
34.2629 34.2629 3
36.3 36.3 1
57.7676 57.7676 3
61.1361 61.1361 3
47.1632 47.1632 2
36.206 36.206 1
51.7164 51.7164 2
30.8276 30.8276 3
30.2119 30.2119 3
30.3447 30.3447 2
47.1094 47.1094 3
30.482 30.482 2
36.099 36.099 3
32.8183 32.8183 3
158.577 158.577 2
35.5945 35.5945 1
92.5387 92.5387 3
36.4265 36.4265 3
102.154 102.154 2
97.1865 97.1865 3
117.836 117.836 1
37.287 37.287 1
82.92 82.92 2
46.9943 46.9943 1
39.694 39.694 3
31.3842 31.3842 1
276.512 276.512 3
77.4647 77.4647 3
93.033 93.033 2
51.3092 51.3092 3
40.6481 40.6481 3
32.2241 32.2241 3
72.9349 72.9349 3
41.673 41.673 3
31.0749 31.0749 2
108.654 108.654 3
30.5395 30.5395 2
44.2288 44.2288 3
33.7305 33.7305 1
32.9244 32.9244 3
58.5595 58.5595 1
42.6852 42.6852 1
51.6463 51.6463 3
31.3533 31.3533 2
37.3484 37.3484 2
43.4987 43.4987 3
35.2465 35.2465 2
42.8491 42.8491 3
51.3411 51.3411 3
42.6297 42.6297 1
40.3548 40.3548 3
41.0496 41.0496 3
35.0779 35.0779 2
35.3808 35.3808 3
50.5181 50.5181 3
33.818 33.818 3
58.4149 58.4149 1
81.7764 81.7764 3
43.7582 43.7582 2
33.8684 33.8684 3
34.4214 34.4214 2
40.647 40.647 3
76.0836 76.0836 2
54.0412 54.0412 3
31.82 31.82 3
31.8739 31.8739 2
30.2066 30.2066 2
103.472 103.472 3
52.0986 52.0986 2
43.0241 43.0241 1
42.7261 42.7261 3
92.9672 92.9672 2
45.9215 45.9215 2
38.4914 38.4914 1
38.5224 38.5224 1
32.9245 32.9245 2
34.6352 34.6352 2
36.0609 36.0609 1
35.3528 35.3528 2
66.4396 66.4396 3
35.7059 35.7059 3
36.6762 36.6762 2
45.4428 45.4428 1
34.1016 34.1016 3
62.9043 62.9043 1
38.1306 38.1306 3
34.3649 34.3649 3
49.5858 49.5858 3
43.7533 43.7533 3
52.9109 52.9109 3
30.8939 30.8939 3
52.124 52.124 2
48.7616 48.7616 1
31.8743 31.8743 3
31.3096 31.3096 3
40.1737 40.1737 3
97.2345 97.2345 2
46.1499 46.1499 3
48.2156 48.2156 3
81.9665 81.9665 3
32.6398 32.6398 3
32.1535 32.1535 3
47.3793 47.3793 1
51.4805 51.4805 3
53.8776 53.8776 3
36.0891 36.0891 1
30.7994 30.7994 1
34.3452 34.3452 3
44.6272 44.6272 2
54.6839 54.6839 3
98.0108 98.0108 3
30.6078 30.6078 3
47.2358 47.2358 3
35.1886 35.1886 2
44.8351 44.8351 3
175.306 175.306 3
33.231 33.231 2
59.6962 59.6962 1
59.0771 59.0771 1
45.1462 45.1462 3
45.92 45.92 3
61.4227 61.4227 1
58.512 58.512 2
66.7477 66.7477 3
48.4381 48.4381 3
56.0218 56.0218 1
34.4993 34.4993 1
46.3834 46.3834 3
47.7995 47.7995 3
47.7114 47.7114 3
33.8507 33.8507 3
70.443 70.443 3
30.7517 30.7517 1
80.3771 80.3771 3
91.153 91.153 3
379.287 379.287 2
34.1772 34.1772 3
83.7066 83.7066 3
49.2288 49.2288 3
46.4463 46.4463 2
36.3219 36.3219 2
84.7016 84.7016 3
56.5639 56.5639 3
33.8281 33.8281 3
80.1465 80.1465 1
128.428 128.428 1
32.9138 32.9138 3
30.6857 30.6857 3
69.5361 69.5361 2
53.4514 53.4514 1
37.5397 37.5397 3
57.9154 57.9154 1
30.5386 30.5386 3
112.802 112.802 1
50.4785 50.4785 3
86.4477 86.4477 2
40.7662 40.7662 1
258.268 258.268 3
51.5447 51.5447 1
42.3624 42.3624 3
32.754 32.754 3
31.2677 31.2677 2
112.375 112.375 3
33.5771 33.5771 3
40.1342 40.1342 3
30.3282 30.3282 3
30.1724 30.1724 2
69.3314 69.3314 1
41.0887 41.0887 3
236.5 236.5 3
34.7298 34.7298 3
35.1817 35.1817 3
86.1288 86.1288 1
32.7582 32.7582 1
44.8048 44.8048 3
72.2221 72.2221 1
33.4292 33.4292 1
53.8979 53.8979 3
32.3148 32.3148 1
32.4555 32.4555 1
65.7115 65.7115 1
33.876 33.876 3
78.3709 78.3709 3
47.9664 47.9664 2
51.0182 51.0182 3
50.141 50.141 3
154.949 154.949 3
48.4789 48.4789 1
36.0917 36.0917 3
50.333 50.333 2
30.6909 30.6909 1
43.8919 43.8919 3
61.8351 61.8351 3
38.3562 38.3562 3
111.776 111.776 3
63.3303 63.3303 3
30.1883 30.1883 2
62.5432 62.5432 3
46.016 46.016 2
45.3271 45.3271 3
55.8128 55.8128 3
89.3477 89.3477 3
172.315 172.315 3
52.1829 52.1829 1
66.9307 66.9307 3
41.2895 41.2895 2
45.1939 45.1939 1
32.3774 32.3774 3
35.2616 35.2616 3
32.4632 32.4632 2
57.3375 57.3375 3
55.9841 55.9841 3
31.1438 31.1438 2
58.7139 58.7139 3
39.1434 39.1434 3
33.3538 33.3538 3
32.6264 32.6264 1
58.5361 58.5361 3
36.5616 36.5616 2
32.0912 32.0912 3
52.1839 52.1839 1
40.8649 40.8649 1
111.199 111.199 3
36.3537 36.3537 1
67.2 67.2 1
43.9017 43.9017 2
31.0002 31.0002 1
36.0559 36.0559 3
106.842 106.842 3
32.2206 32.2206 3
42.4303 42.4303 1
78.3591 78.3591 2
39.0888 39.0888 1
31.2513 31.2513 1
30.2871 30.2871 3
31.0911 31.0911 3
56.9664 56.9664 1
45.6713 45.6713 3
34.8148 34.8148 3
38.3889 38.3889 2
105.434 105.434 3
35.1417 35.1417 1
78.717 78.717 2
59.4509 59.4509 1
36.4612 36.4612 3
32.6975 32.6975 1
42.8972 42.8972 3
78.1082 78.1082 1
249.792 249.792 2
93.4612 93.4612 3
31.2246 31.2246 3
31.4004 31.4004 3
38.7994 38.7994 3
30.1189 30.1189 3
34.2745 34.2745 3
33.2856 33.2856 3
36.9469 36.9469 3
83.6425 83.6425 3
36.5277 36.5277 2
31.2677 31.2677 3
31.7311 31.7311 2
30.7532 30.7532 3
32.4378 32.4378 3
51.4888 51.4888 2
276.495 276.495 3
193.393 193.393 1
38.5032 38.5032 3
107.082 107.082 2
67.8149 67.8149 3
77.6757 77.6757 1
62.8851 62.8851 3
55.0736 55.0736 1
34.7778 34.7778 2
30.7965 30.7965 1
33.9585 33.9585 2
36.6802 36.6802 2
46.3155 46.3155 3
30.136 30.136 3
43.3235 43.3235 1
75.1197 75.1197 1
45.7709 45.7709 1
63.5592 63.5592 1
50.7971 50.7971 2
32.7041 32.7041 3
43.1406 43.1406 2
31.9769 31.9769 2
81.3183 81.3183 2
41.6712 41.6712 3
35.5907 35.5907 3
46.9602 46.9602 3
70.0871 70.0871 3
74.4504 74.4504 3
41.9712 41.9712 3
48.7265 48.7265 3
81.1904 81.1904 2
43.3147 43.3147 3
33.7378 33.7378 2
30.4496 30.4496 2
39.5859 39.5859 3
32.652 32.652 3
35.3679 35.3679 3
48.2162 48.2162 3
41.2502 41.2502 3
48.6153 48.6153 3
32.3082 32.3082 2
34.5796 34.5796 2
37.1914 37.1914 3
35.5808 35.5808 2
32.265 32.265 3
37.9599 37.9599 2
43.4851 43.4851 2
62.2033 62.2033 2
31.3287 31.3287 3
87.1055 87.1055 3
31.4542 31.4542 3
64.5358 64.5358 2
77.6695 77.6695 3
41.8555 41.8555 3
37.8747 37.8747 3
37.667 37.667 2
51.9569 51.9569 2
69.143 69.143 2
36.9856 36.9856 3
79.7172 79.7172 3
44.7796 44.7796 3
53.2613 53.2613 3
46.0514 46.0514 3
73.3375 73.3375 3
51.9671 51.9671 2
81.2533 81.2533 2
41.1739 41.1739 2
386.468 386.468 2
