Format: x y z  (R = removed from domain due to fracture isolation)
55.9414853 487.282252 291.7757044
79.85637747 -477.3861136 -15.90290317
465.6462208 88.81023674 -215.5989815
-46.59489486 -189.3811489 -289.8027403
-14.63567119 -120.6516024 311.4997318
-483.0140815 399.4796225 473.4863463
-324.3140693 -0.5721975858 -283.9339744 R
133.1725452 460.7925894 0.5885447919
400.5672968 -78.4049352 501.2851186
479.2728762 503.8107021 -311.3818536
362.5558115 105.2967044 162.2720171
135.2860523 -70.25315826 -158.7889555
333.8299656 216.5253488 177.7084455
96.35330816 -30.93186381 164.9956567
204.811689 99.16029574 136.6653107 R
227.3486291 485.0794697 -206.6230285
-433.1239453 -427.2709223 272.5170919 R
330.8896473 -273.3698761 145.712927
-123.8091472 -232.186726 111.1629461
-278.1715163 239.2856413 -406.8742253
135.5512435 90.82862944 187.8037231
-177.1716866 -42.42860656 235.7364396
-64.78364487 191.9366524 400.9955581
114.2484541 -50.25489547 459.9174908 R
-205.1113931 159.7616725 223.4002341
150.2757583 222.4307471 -80.89040923
-401.645938 58.77087132 -212.8456736
-299.6816691 -215.0032592 53.48739347
-286.3760052 499.5725316 -431.8107465
-122.8185753 -437.0526827 -180.6086815
-287.7260383 -148.4618976 -235.937496 R
-76.53862308 -263.5297239 66.58687114
-412.0483709 383.752032 362.3497491
-396.5219005 419.4226577 -233.0426178
13.05897783 -116.7780621 314.8636883
-114.3502813 171.776558 254.0658757
-340.3471575 -17.54197716 -419.9354059
77.23957649 421.0329635 127.294487 R
-383.0081844 -306.1027727 -137.153187 R
-21.9497457 -170.969711 -155.4157677
-82.93107971 -159.9417599 -12.81788056
25.28768001 -294.7682739 -507.1252877 R
-443.7248623 297.8312895 -272.7034478
-192.1694416 458.7031341 479.1857408 R
69.6579158 -142.9163612 -263.2772835
28.90407914 255.0621061 397.8850285
298.0661031 508.0049494 -424.4365672
-80.96849342 278.4615415 496.7032387
-376.7487709 -431.293871 292.0209548
-489.9802657 -499.239967 -122.325676
-186.5729203 273.4106981 293.2264183
170.8929574 156.4316073 -511.0941237
-201.3258706 -365.7937216 62.40322871
-234.2640775 378.6212169 -478.3474849
-166.4744674 188.2947935 -321.3450103 R
52.97396728 -297.0685333 -177.0873413
-17.73143948 -238.1290751 -412.8194107
230.9771419 121.0224247 -177.4299609
-398.7499877 227.5032755 457.6186737
415.3387871 -408.0946776 509.606394 R
-148.7273263 326.039774 438.362486
-90.08811244 39.08814415 490.6679426 R
271.5318327 58.95006715 132.2787769
-9.745184457 -216.1408261 457.8317149 R
87.04247857 -357.3844456 44.36379104
479.9603538 222.4417271 291.8949883
184.2378292 -398.0271531 40.67243597
507.6708612 -393.6878756 303.4926165 R
241.4118511 333.4932979 -13.42831408
-489.9227695 503.8420955 247.9066899 R
332.9048306 -157.6433674 -96.54299311
-24.83755581 -181.0292503 -9.639426915
-347.5626382 293.6740741 13.17549608
284.8944574 -312.210276 -305.1192463
290.9103195 100.6846072 242.8450486
376.727391 -514.6038839 243.1577077 R
363.2358069 48.22815289 -291.4275418
277.9481364 -312.6945087 -176.7978402
484.7349256 224.3760629 -418.5199801
-425.4497968 -541.2650712 129.8300649
-215.3423609 497.8912202 -520.4860316 R
298.2465675 -329.576506 535.0960744
478.7911935 468.4395571 -111.7219859
-336.3642702 -528.8506898 377.1990413
-181.5237054 422.2870135 -516.4663892
471.4325187 -232.9430476 -320.637516
-82.0440895 -123.1577268 -47.22228436
-460.1138974 -313.9621708 52.49031999
231.9858436 -434.156932 468.6677317 R
225.6732155 67.10809086 344.8989533 R
-387.8255581 65.18652595 298.5724613
252.573937 411.9828477 99.97138207 R
-467.1848214 -0.77862295 34.99002393
401.9048922 343.1778932 -17.97591725
292.3087152 241.2316361 -173.1021558
-201.7643263 419.4977646 -27.68028528
-156.2260196 313.3490178 -204.5498147
440.9523396 -404.2109327 -133.8034666 R
-191.656529 -298.3157458 215.9478432
-457.4113345 -159.0392326 181.6902647 R
372.3018759 -389.2747954 -419.0035676
-15.71083034 516.4338678 49.67140323 R
132.4653671 -175.7904698 125.708753
244.6690337 427.4336036 425.4451821 R
-347.3593628 148.6333348 -225.1090971
-22.76330216 365.3761085 -96.08072259
330.2280379 -423.3166657 -214.4425336 R
207.6805218 -116.2082454 -473.229899
-253.6233319 -203.2963693 265.5294158
454.9946109 -388.8309102 374.7270082
174.4107434 -345.6958868 -303.4748027
296.4509101 -521.6126638 369.6015302 R
448.4285955 327.9649642 -271.5464005
197.4615643 240.906146 -255.0449917
488.0120105 65.42965125 -133.6853932
444.0878922 1.864792407 -134.0139768
151.7582926 139.957129 -427.5977009
-175.2091184 30.37061491 -270.2132633 R
24.33613883 197.7837131 376.5169651
208.9339435 -477.5905655 33.55242103
-377.672611 -434.0089933 -284.4307286 R
457.1336838 -393.6002535 -101.7379038 R
61.06663952 398.1713365 365.3780207
280.2021226 407.7655871 463.7479424 R
468.3979698 213.5252493 -449.9616931
13.55215947 -3.977276091 -141.1177962 R
-481.9973033 441.2502653 148.918386
104.4671674 -520.1699605 -190.887363
183.5365287 43.61094909 -177.8968547
193.1633315 154.0276481 171.380577 R
-96.29017702 -389.8570886 -391.1393238
-100.8294336 -106.0704956 -336.7611347
-140.3398526 -72.69575906 228.6681946
58.65233767 464.4613547 -121.1725592
538.1130577 -489.9633995 -473.5587349 R
-472.9688602 -468.5542446 -465.7031469 R
-13.94086935 179.4257848 409.9504728
-242.062081 343.9812586 -521.5299281
-513.3250162 118.3690432 169.7431825 R
-468.9945129 302.4570178 -303.0685656
-375.6275897 154.2650418 182.9556799
497.8436919 304.28213 -458.0506929
294.9032717 14.62552698 281.2280675
-72.1776748 439.333368 288.3469273
-294.5003566 -488.5394703 -18.60767045
-260.4976149 -80.77806713 -78.36128196
57.09735302 497.5530038 -323.3717718
340.2922732 -456.9026844 420.3631568
152.4431458 -87.20302481 404.4241833
-268.4462611 150.7667738 322.34231
-318.9138874 -511.6244556 -279.787768 R
246.8242749 543.0461538 81.30826491 R
-374.2667564 -130.3704238 -266.603597 R
-322.6622132 529.0108563 -497.2622854 R
315.0683632 -186.9155676 -212.0097094
245.5454582 478.808506 -376.2004755
512.0458815 380.1571111 -262.7508977
-386.4258056 479.6161579 218.1094957
239.4162057 472.4935453 -259.1493645
-135.4930746 498.6349141 -397.4865952
511.6928362 -313.8884997 -101.7958522
-32.67627017 156.981142 -473.1475365
-408.8201083 -50.60658703 38.76015108
-319.8950932 -527.415929 -64.2023861
-522.705571 352.3959033 193.2984038
-250.4457189 -152.4219209 -140.6560716
517.2091779 15.74125566 -453.0265239
85.68856349 43.68266514 8.280907517
-440.526801 -448.7679124 -6.668378579
-187.7268508 378.7530864 -65.14663626
-292.1360978 -103.5916272 -241.2945591 R
27.94708505 -204.9181543 -215.090202
526.0149431 -361.5333012 -21.22072406
117.2076447 -19.91828781 46.14179641
-319.3449174 209.6867203 -490.4636794 R
75.7355679 -121.492156 -66.06763524 R
154.84785 456.6864313 267.2403763 R
251.4215771 -246.5536315 476.5040183
347.5602038 297.263548 -254.7956236
348.3948682 250.1319842 -167.9531524
466.3705295 199.5629603 263.3293607
231.9882804 113.9420208 303.057656
451.7341724 19.97840589 334.0265299
-253.6710242 470.9805817 65.14652682 R
321.788615 204.6173681 -418.1681485
296.0803443 346.8931595 -474.159785 R
-462.4093482 -85.78275842 490.2601928
352.869817 140.6224586 372.9984005
-34.72786428 244.2330021 10.13296184
102.4376505 354.848766 141.5136147
322.8615673 -427.8803324 304.201671
-452.6604777 5.500814293 -193.194772
258.4464353 -292.9507993 -469.7366347 R
460.0377592 -25.33785003 293.4811551
-296.4797055 -194.4176552 -323.0236363
-86.89011741 -106.7373223 -228.8974553
-538.8375346 -408.9548754 43.38035365 R
-148.5409936 -36.89268389 -232.359827
-410.3711498 -433.6375968 -363.5546722
-93.48925626 443.9383644 429.7883848
168.1912023 -103.463711 515.7844918 R
153.3914414 -173.8923081 -45.93827116 R
395.305061 437.8447415 -41.38802277
355.957322 -176.9912851 -160.8438438
163.9290682 -202.0911499 -347.9050904
-98.38430358 -84.3289914 425.7641391 R
-368.0810181 -164.350922 -441.1707913 R
-431.9618049 516.07804 -212.7702603
-261.9386069 -172.0101814 193.7184689
-70.18300505 89.85251487 -264.2464197
165.4880958 140.5871804 -450.2882351
393.4109858 -338.1548514 42.55527909
-62.69134998 -516.5749834 -136.6483046
-134.8519731 -541.5998305 -230.574504 R
197.6963607 -111.8734393 3.789355408
444.7881943 394.8496826 -75.37475891
-170.6127676 247.4759361 316.9876937
-304.558266 489.743388 -172.886393
348.7352493 220.7661517 -45.12190569
282.4058599 264.3787843 66.56759741
-222.0852919 -354.9775441 -413.5306358
513.2646308 -459.4812564 311.3837152 R
-481.0268629 -214.2604821 -55.75440997 R
485.2225092 22.60903765 60.95766824
-217.8158485 -119.0777191 169.472257
43.76629898 129.7678304 -393.9927526
223.6558592 -316.4654803 -220.0502832 R
122.0042221 -185.1698025 -168.8023509
428.4476961 41.44442381 -127.2941528
396.63004 254.9824858 -268.6971842
39.81109713 -186.0852773 406.1530143
-507.5825416 309.440993 122.9934432
-492.8254732 -396.6956796 216.8081914
404.2258655 230.7583438 45.5208054
238.9584209 135.7428711 -84.83068501
310.0819748 -112.3681979 90.81712444
-382.9506697 -60.6821109 495.0557226
241.1377983 -157.7837223 406.03952 R
-252.6880457 536.4009575 -121.9326746
22.11485845 229.3633111 80.86365396 R
-230.5815773 -97.44873706 -88.35376477
-383.1166264 34.04280554 -127.5686681
-319.9341387 360.0310944 212.6163222
-477.4485757 -435.98007 -372.8987997 R
252.8495833 512.8154783 -294.6771057
426.1451326 68.29160279 -254.9691877
451.0563674 -178.0284339 59.45223089 R
-292.9697197 -186.617494 466.812451
-32.13737565 -499.6725511 107.0453529
254.2567763 -143.5880931 8.112036899
-53.50921287 175.2436865 333.108686 R
-293.1619697 308.5525004 -512.1282608
279.6971443 -74.61587292 262.4633789 R
83.19069458 82.76235045 -524.0712923
-163.1844577 -325.7271898 254.4944314
-123.1259176 478.1144195 -392.7285439
-183.2201969 -401.2593325 -377.6000836
285.1189994 26.23974837 498.2844137
-184.9297892 3.269585536 517.7518267 R
-79.30427245 -67.77823101 -24.58296896
-450.2251527 470.8458357 -204.2108571
103.227803 -154.3374036 357.0518693
-379.4890543 -307.4300349 61.60298347
40.40239045 314.1446376 -253.8584544 R
-452.3760891 393.5004479 -16.88452808
512.5680767 -248.991794 -335.4349273
80.51955698 146.0269572 515.2949675 R
-159.2594705 -182.8585539 121.1638474
-121.9564645 -472.0422875 180.6331275
-24.46847792 -444.5643931 -455.3693325
112.9813239 -297.1143105 22.72809852
-170.6863064 -145.9317768 -353.344507
258.9323102 -274.7945464 411.2410387
302.5336178 -278.1369195 -372.7503948
-50.64487566 -240.3460073 509.1715154 R
-485.5917901 278.4993441 77.74035065
329.7876391 -138.5888871 -101.0319897
156.9059157 302.4564867 -426.5760935
267.7199066 513.1257062 -223.8221035
-191.3098814 -256.6948238 381.9920182
123.1621243 -108.066076 527.4890565 R
449.3108153 184.1556818 -424.7708113
-417.1360054 395.7649082 499.4955592
-340.9403172 -318.7432725 136.9364005
-392.3166533 -93.37295893 -534.1842457
-99.51190961 -82.92649253 455.5704211 R
147.0212278 260.2600243 6.963396895
-377.3068951 75.95909034 -403.1220909
-229.3043734 -23.34154372 401.8822058 R
216.1748487 247.1497538 81.20658228 R
338.9895483 395.6896668 -58.10820308
258.0631187 -288.9357614 -259.9119346
374.7805107 -22.65110615 -87.00091948
-301.3340822 4.067017764 299.1402304
340.3238782 36.17048305 -408.9084452
356.2394375 298.9787705 -301.3925293
405.7645011 -289.7915226 -160.5909286
266.3745235 -315.6828334 -10.54665924
-101.9370168 -53.14954492 512.7068611 R
-469.305674 115.7134744 -69.63178112
-331.0713276 -511.7299333 165.822328
-506.6331722 293.5612452 50.07542059
-32.22192199 -378.1837323 -199.2936842
-117.5944976 -444.5012863 -389.6952455 R
-347.9096506 -468.1304177 365.7665424
505.2332282 183.334041 193.9128208
54.63370785 149.0062277 64.43164464
146.4555918 482.8312043 -305.5851521
78.61871176 295.9939175 -15.65416829
493.6780966 -294.5334314 -501.3688401
-356.5174391 43.66563562 -94.28449988
-171.0383195 63.95243428 -260.8372897
271.422696 132.4738318 503.0904483
-171.9591598 -222.6285609 350.8355287
200.3977033 85.76018321 522.0126274 R
348.3658574 -4.92326878 351.0896883
-464.6150529 -224.0906574 -194.8446944 R
473.3831704 -330.0973498 265.6264485 R
491.0890714 262.8542492 -104.7474915
-330.6556505 -70.85299504 27.25113871
269.8973336 -168.8432425 181.3031419 R
235.4960369 -517.570123 50.89627556
160.836623 360.6265012 -399.5247579
492.4325123 -442.1767908 321.1453436 R
-120.7867294 -146.311593 -452.5737234
-300.4454205 -223.3449158 426.9330977
283.4407576 -61.56730323 -166.3641157
0.1814284048 -271.1448032 -423.9225273 R
-460.6813973 316.408806 -299.9373982
184.5766565 -34.10485783 511.2494387 R
242.3114724 -61.86697905 -442.6990052
336.2800117 249.2378794 -471.0292732 R
-253.1233721 458.5055124 -453.3263993
-235.4016417 55.64289999 -210.1611045
391.9247429 -82.08847935 -529.8588597
-321.0839929 463.4474098 -59.44151821 R
78.34517755 -243.9375435 -13.10441274 R
236.5325792 463.6425067 -409.3823866
-154.5086143 55.73448276 -462.1069062 R
-291.7139569 444.6829266 154.0530368 R
-489.9412224 114.0201714 -112.7101232
-448.7430524 -438.0370457 179.8059002
217.9649966 146.8045135 -415.7476649
-306.2080991 -122.6539252 176.5984531 R
292.4137399 307.2723544 415.9329569
-412.1190914 417.8107049 -171.3933911
-17.93935183 45.80379813 18.21551476
-404.5799996 -520.7585597 -137.3456676 R
485.7915769 -421.7733918 344.1001999 R
-388.7425539 -520.691266 -457.1439229 R
-188.6747215 -426.7344627 -181.314314
453.1835405 -318.4392555 -470.4289876
-478.8624226 525.6082494 -180.1952072
-54.01369035 -381.4102841 388.232555
-523.4294971 137.1291494 -334.4415292
22.94615264 293.4515335 313.4195544
-243.4131326 494.760261 510.1834291
8.301060165 486.1308595 -328.901882
223.5827463 182.7677534 -50.85056159
303.6976191 -327.725511 124.8290833
218.0360513 224.0702108 -300.8009483
36.3512845 198.8342165 -128.3014906 R
-322.3943822 357.3540584 255.8565949
-467.5541956 441.8889918 -448.0257745
76.29179696 -56.3061993 335.4113557
133.1426744 189.7725794 436.184086 R
-168.7404628 -138.3897099 25.59764581
-261.5722116 202.3450205 -140.0991357
-389.3842099 305.5714953 48.96158453
-267.0819361 -301.6654401 -502.9248012
288.4453023 250.7372735 -239.4356602
-47.2765206 271.836752 529.4825151
-197.4113188 377.9780578 -123.4275693
-231.1729235 360.0638993 443.8823124
63.22367002 -146.4855224 271.0663079 R
-436.930711 150.023137 -165.3421782
467.0358688 -397.840482 -301.8600289
-469.2235792 -265.1325975 366.7676293
124.6445415 -146.8571007 -466.2280571
58.57587359 468.498739 137.2653002 R
-423.0389163 376.4968011 -58.57055649
-262.4677336 -80.27153091 457.3642907
497.4956638 190.9697609 -534.3031424
-456.6938074 136.2327136 -68.75984608
-393.0536646 470.92848 -9.811072017
-387.1454301 354.9664037 -40.77722534
-55.28689114 -149.7919436 -384.7208989
7.164887686 -244.1574703 389.7204866 R
-203.8779043 306.3126861 90.81346232
430.4406955 327.8893198 -25.41276763
-226.9349534 367.3082957 -356.7834421
-93.14134476 -417.9352632 325.6500318
-418.5019775 -52.40668102 431.9483112
337.08511 362.7650861 -485.6280435
-356.9053131 138.5835937 -199.9857314
-280.8586828 -1.174906109 164.3402418
-114.2153975 -100.243788 153.9916445
-543.9096976 342.2801666 471.5345026
-539.6779144 149.9063824 -230.418643 R
-58.15090888 -48.59083917 -20.01695545
-528.5997315 222.172396 410.6938221 R
-503.758936 -384.1059505 197.8754983
510.0169308 -14.50123977 -12.18868752
226.8354474 -222.5110222 -423.2012404
-313.4071017 -271.283603 -323.1985139
-167.086567 321.5615619 470.6335047
318.4266193 -328.2295842 429.6269388
146.9095666 -155.3289884 307.2430265
-290.0283783 -214.4774703 251.5831138
-189.4056239 -164.3159182 61.82438873
-520.8602498 65.15012403 -344.8896344 R
389.8387208 115.9162681 -340.3701829
-118.3029259 -320.7384366 -380.2835087
209.113016 -125.0931716 460.20568 R
486.2737504 -245.3614594 -446.4229282
45.2563878 262.1659889 -90.10149652
466.2921815 -0.6665539446 -386.179555
205.2000573 -358.4299169 390.1942229 R
271.6324503 55.67439466 452.4683428
-217.1051439 56.15990685 238.4823393
418.0024402 483.6814986 -252.4145691
-24.76380573 -469.2833671 414.379495
-458.4062593 -346.6926461 -334.5321959
199.8276297 -122.4583439 81.36469416
490.3114944 -441.3128825 401.3241287 R
-261.3737653 -464.798305 17.54442736
-223.8726616 162.1821115 -190.0974384
338.4376981 -474.701544 -415.1310135 R
-267.7750428 469.9075018 -458.3878653
141.8305798 -359.0418591 21.42822216
234.7934787 262.4309797 375.9927908
-515.6452563 -412.7170548 -189.045198 R
-220.373951 261.1798685 113.733789
-241.1569985 -24.3237996 3.578060052
-476.7000009 402.2750395 167.230466
176.9558125 391.4539775 -147.6047073
-83.90326297 251.8299694 195.3887205
422.5425184 5.426545691 179.3623068
-63.32787373 -266.3428638 -14.13868907
-68.02044364 162.0842465 -413.433434
524.267507 -219.381483 350.2578687 R
464.6183893 215.8238576 -454.9341498
69.59189203 -27.02847217 -253.7537661
168.085168 -234.099823 129.953546
-112.2641585 -177.6482885 -281.4903803
28.6760096 -18.1363229 453.8781987
238.4841949 67.71477237 -368.5129882
-321.2981356 -368.3819547 86.54833084
-453.9909419 -170.9032752 309.9316661
316.1428881 283.317847 -30.20899163
361.1683506 -245.3042576 -450.7788391 R
122.2653309 521.3415423 169.8797312
350.6289882 -214.2235644 201.6746685 R
-457.6732526 300.5096652 294.6885612 R
-93.89513163 -398.6820794 -177.1856391
-320.502516 -211.8879184 -333.4128247
-115.9557097 131.2741303 227.6096136
87.76977365 -379.0800334 80.35189027
332.9141805 -180.4738634 102.9068145
143.5243673 231.0557747 -310.3881367
-126.922832 -329.399853 32.27987271
122.258564 -303.7328355 486.916894 R
250.028325 221.8835264 -366.4822983
251.2156724 101.3647774 -192.1286339 R
-485.6650813 -308.6723278 165.4023733
153.0532076 12.0463809 -317.2056507
-223.3778102 -443.5827097 306.2729051
484.5887142 363.9731107 41.23052438 R
-546.6716955 424.1462655 -454.7058812 R
-97.22370753 -144.7183896 -514.9015673
514.8483795 182.1117909 502.3014797 R
66.91665554 -518.00976 -222.1422386
-526.6627537 184.8551552 268.0646167 R
-271.0522713 -132.4817355 412.4387084
-449.3589333 -219.3198577 -228.7401738 R
-200.9196218 -476.405569 356.5415394
-329.3557835 -3.256734664 401.1607453
53.72504294 -205.0573011 -511.4007499 R
-248.21905 333.9739824 -266.9011193
323.8176225 7.907515962 63.10649436
116.2736782 16.48027617 286.2377811
-415.2079607 136.7048439 -94.16619866
-436.2376648 -15.43332315 304.7676865
-225.4054659 425.7440462 -348.6075416
-98.94139558 -490.7653867 -394.1115997 R
143.340968 490.3799455 387.7019756 R
-7.548965433 -279.3307819 306.8314297
-517.2708071 -177.5015462 495.523521
524.0694008 348.6945264 327.2851212 R
-175.7349273 -271.7565201 326.2342615
282.2916842 228.6748716 511.9814614 R
258.2753949 122.9955436 -252.2280698 R
520.7412218 -241.7493292 -494.6992811 R
493.4377039 309.7513551 377.9360213
-340.1599518 -235.0751885 -124.418136
291.2577725 429.4791003 262.002694 R
320.3297314 -189.4498645 -395.1377183
-344.2350838 279.4197515 -415.3753848
-253.5094371 144.4519402 -37.56373394
362.2721531 -196.3369062 99.15155338
-109.7810455 446.6580433 -133.483474
-467.1623098 406.893348 1.831980812
481.5996896 -81.65445374 -397.7298862
-383.4949507 98.3303376 -134.8416979
419.807997 327.1054126 -184.772971
-457.2997319 196.1755427 479.2378422
518.7740773 110.2868059 498.8527853 R
467.0463727 406.6725641 -84.2888417
-182.7669892 -155.648759 175.5749135
295.4598503 180.6854614 229.7480696
-41.96752861 -130.7251123 -425.5031705
367.2304438 243.1493296 -364.8816191
-202.1825592 -393.8831128 502.4554751 R
103.1821944 -251.6969474 -421.1657706
-401.0681775 -490.8317274 -65.36611379
151.6947392 -82.96255255 -135.7166703
188.0306497 -52.58999669 237.5602659
349.3560792 -24.97299641 -384.4832669
414.9799613 212.4517386 -274.9850708
-521.9128435 -302.9208356 -271.5887941
-527.4099481 221.4414586 -432.9805895
-493.1642456 -6.053555031 388.0615022 R
164.1362073 -8.06946498 -416.3262278
-465.1841207 365.1836019 -420.1122231
153.02025 -138.0740999 -152.5089987
537.6007819 118.3528056 -51.89297357
-353.610453 -112.0439077 355.8025974
-13.31009248 212.5526648 498.368936
233.8062849 523.4936307 -266.6029505
57.54508743 433.1617162 498.6452633
277.0248911 -1.203041582 -476.1815975
-473.6117026 168.021414 155.5248541
-11.48994926 482.7138238 83.24343008
21.45237087 46.35985437 521.4171682 R
-451.2027362 -310.7938664 -240.7747251
465.3595499 263.617457 -419.483476
-290.6697594 -287.5931056 -65.9102631
134.1991946 465.859521 -164.4521091
260.7103585 -37.80768008 -204.1907795 R
-141.9272525 510.4025507 -154.4943232 R
39.77752636 -449.7486089 47.6899975
-172.6881694 349.6573795 435.679449
-7.334712072 -472.6980772 83.90806066
-360.969659 285.5245025 -482.3098826
-3.044639451 -111.204145 -274.8341634
-228.8558346 -101.2168339 143.3617894
196.1809272 28.79436421 -387.0638974
-205.3378175 190.9850183 306.3470098
222.2549172 -38.77024593 60.56112627
481.4218355 485.0439988 9.732597197 R
-19.86754407 -504.9996852 170.7291296
350.2253617 295.0273901 -368.0678135
-80.32475041 -55.6098496 -215.6117805
-34.09303997 224.9698724 -290.8599569
-274.8516504 384.1755093 -256.0448193
-483.6670482 100.8673102 345.9218785 R
457.9808978 382.4476166 208.6905242
-221.425998 -451.9114609 36.40211254
217.999849 -25.94228937 -398.9222848 R
-135.3024618 388.3063819 514.0283538
108.991331 217.1103254 479.8281456
-240.2022254 485.9601566 118.3514746 R
65.2880184 62.17575468 472.4076637 R
512.6321505 -336.9613243 -254.8361902
454.541954 507.8133748 16.88596658 R
-335.0131281 500.3202875 29.10832555 R
305.1328559 -177.9374937 70.02467242
204.6881834 -341.496058 146.8547914 R
-229.2983745 434.1349174 -219.7981513
271.0997744 -400.4876173 161.1621149 R
195.3665453 -318.2318358 -74.78635608 R
333.2065087 -225.5386086 -263.8511697
-53.37248975 488.5908183 343.9431757 R
-409.7243165 -316.8931261 -180.4584161 R
463.1279515 -212.7383135 -241.5248341
-328.255104 30.36673123 -489.8414194
-92.95763298 -161.3915751 39.49211819
-479.1315681 -202.7344965 525.8646072
444.5101561 -83.19707744 -364.6932508
-170.3934808 -308.0604942 449.0074906 R
-202.1848231 -322.2372683 -226.6473543
-514.6333226 -500.3362166 341.1471409
-106.2793328 139.8829263 167.261797
-271.3126732 -139.5177649 502.7190564
-254.9332037 315.8917981 52.65770462
-486.4021885 56.19291238 170.3261615
-353.71531 -477.395285 -72.12921207
183.8442163 187.458705 394.424499 R
-260.3513998 256.1070912 423.3829184
44.86720256 348.2004291 -232.7341636
-102.9198247 -258.6855372 -357.5209678
-283.2120449 108.9831454 237.4306615
-463.3194773 -55.54669374 188.9577435
431.8448104 -38.84628587 -379.7908354
-461.2676531 -29.32495882 -97.31699404
-230.7301517 -311.5416319 -319.3547769
259.1865804 328.5799821 31.79102415
232.7360044 102.4561759 250.7485074
248.7732354 21.60144256 253.487655
-98.96687388 -70.52766322 186.3866028
-443.8064182 82.98084093 -147.2098309
23.80711763 331.4984868 280.0073294
26.45851144 13.15937771 477.8314871 R
259.4157229 526.4882665 334.7338725 R
-122.9324255 -390.3855646 -83.2591483
-207.8885882 -473.4043175 317.7268575 R
7.688591419 -245.2044345 -33.51058555
-287.3568516 -474.2085599 -344.3152088
257.1542216 30.00583873 143.7462509
-73.12470353 137.5430707 -47.71322377
17.18075871 -299.5370255 365.6181267
355.3068671 -95.02392054 -28.19796697
-277.9243818 -23.06887592 -167.9479659
-255.5426939 -207.9462696 -512.7826677 R
-29.73551137 511.6402631 -163.0728806
-39.06531904 201.94261 -255.145342
458.3864099 61.69368513 437.9723332 R
-462.9288069 501.3890192 220.1190148
-367.2620249 316.1987997 251.2333047
-6.445524903 -87.70354794 -56.40924038 R
-261.2929747 -202.5743988 33.81568675
319.8007427 -352.0521843 -412.2585687
-319.0978563 -23.54020446 74.08191984
-41.08753744 151.2642408 -147.0895106
-270.2293465 43.5852958 -52.96603838 R
-363.5932294 360.4618954 -182.0499484
-447.607178 127.8138389 499.2243316
517.575415 364.2316103 499.0778725 R
-496.4306956 442.7041632 -152.2300511
352.736157 -372.649442 296.8108173
-536.4911668 -363.5650415 -353.0982855 R
124.7058136 108.8534343 470.089031 R
-135.400821 -176.5385162 -157.9276572
14.29823115 52.18204946 -33.33385331
-268.4956347 -314.9449891 438.5272163
476.7831309 -165.9614084 -316.9545315
215.9500802 354.4112125 325.3690373
394.8721414 -392.432449 289.7108289
-426.4902007 220.8202181 -382.7195556
-0.9467966844 -292.306123 16.27470104
325.367551 88.31576537 -12.33948462
-100.9334419 -506.9337489 -453.2635314
392.9503178 172.0907543 453.6059691
-492.4554506 230.8277065 267.4720865 R
-251.872054 -302.0772831 426.4435263
18.31372129 356.7977081 -45.84685552
-112.7099142 154.0188434 -76.53084333
276.5750805 184.5516471 -7.969019132
248.618946 442.7915574 18.92407256
387.5365384 476.8454188 522.7074697 R
123.2813519 150.937987 -199.4551274
22.06544234 -226.6942624 -377.6983772
268.2879633 78.24538582 397.7498278
-275.3052032 -27.04246791 -211.9044534
-394.2943836 507.044415 -299.9875054 R
-399.6723491 -133.7888447 -15.75123713 R
-120.7386672 354.2735592 500.4114028
80.31695802 254.374659 -57.27851608
484.8958402 -129.5354296 -209.2469596
361.8377325 -381.9163614 -19.71124185
-436.8623023 61.47754282 -363.6616289
-384.6941304 521.6206089 267.7662066 R
357.1081975 369.671936 -17.05779112
-136.8194219 -488.1805492 134.2424111
-392.6391932 -350.6822649 118.9659659
-184.6865113 172.804531 494.2164675
-100.2315979 -156.5150059 -177.481215
324.5438863 -238.1724712 -185.1865784
449.731664 -378.87459 -427.6870408
433.2004267 332.7018265 -376.7172468
351.0608555 56.95585342 329.7256546
-96.38550784 -422.2952417 -288.7183761 R
69.02086576 463.8992692 -161.3604734 R
111.2940561 254.1176298 -110.387272
-104.8722899 122.6322294 37.8630397
-417.9875234 270.5029306 472.281965
-133.7673276 -186.2171171 -470.0930125
-521.0181606 354.5875479 483.7824796
74.48959394 -259.3830082 527.9307074 R
4.013555884 210.3864169 476.7129124
-83.29245561 142.3933066 -215.1782019
-61.90892494 256.0866732 60.52955877
-24.55036992 -425.67666 -494.259127
-190.7877153 45.63493863 392.108199
507.0362022 490.1310114 -275.2115278
-64.72016167 -520.3748435 -121.7673319
439.566315 148.262701 125.744236
422.818611 258.1360719 109.7066255 R
120.8654985 339.5804539 35.8262326
-367.4445263 -224.3109808 -405.747878
420.4510197 145.2541264 -252.7140327
258.7742219 -377.4683152 -300.6029256
420.5474062 49.62466718 -309.2608911 R
-442.5922724 136.5273158 -23.02831717
462.9476447 -507.8636511 179.9526254 R
392.0900456 -142.6412187 -485.8705288
-14.64632656 23.36325446 306.4933512 R
-46.89869601 -510.046298 -498.7726345 R
-358.5401196 -50.04447544 -209.8343723 R
114.1333384 -384.3380344 432.4080939
-313.9088805 510.8084159 21.41252606 R
-277.933842 43.5803148 -35.92934712 R
107.1951299 -17.03590298 276.3368286 R
34.78599635 212.6210283 13.81946183
-121.0872782 375.9050238 243.1015715
-489.6463522 -124.0908835 23.93225261 R
-220.56855 -489.8560667 -467.5903054
157.7577938 287.3280048 -162.6440669
-24.60383147 -279.7431749 2.535552926
-40.80314359 130.9170438 29.52920185
-13.02029152 238.1131624 435.8528868
25.58435682 231.6245818 165.6430258
-394.3744576 51.6799838 -224.8205904 R
393.6914081 63.9197916 -512.5322822
-525.6532768 -58.55924586 -90.20163474 R
-525.9876866 -357.4873695 46.22950258 R
519.8829711 68.41543154 -115.3360152
504.0918362 430.455706 -174.2196132 R
31.38451342 -198.9720942 -124.1736933
498.43176 -411.1849232 -269.2824375
-73.95889516 -481.0798884 322.9329293
-125.2370816 -312.2659384 277.4414637
-406.7921831 242.7676882 -314.0423482
-418.6882824 -517.7143283 -165.5322591 R
-193.3663523 -341.6539153 -110.1775477
-206.536031 -196.1210527 35.87228506
128.7042166 -157.9666678 -149.7097806
435.9931833 -213.8966154 -6.326285764
-479.6073569 -341.8513527 210.2837966
447.4076596 -352.5918469 -229.8003106
369.3478919 232.0632484 115.7517073
331.5926593 222.9150777 410.0407424
-486.3174438 452.2168906 235.2383838
-150.1175102 -465.4734715 -141.0007829
-317.2131456 -366.1598653 408.5841782
-64.19505796 -213.806932 416.817494 R
66.98362824 -240.548026 -423.0146477
-265.9273946 425.4948937 185.196073 R
309.7933577 -166.4616591 -179.3039386
-15.08998799 -25.4126535 -240.8840737
-290.6086845 -58.95975402 308.6228651 R
439.3724741 -118.3791201 130.5034022
339.2676095 -295.2931184 282.0932803 R
-527.43455 104.1581959 -270.2243731
242.0889867 421.2468922 -130.8636419
113.5988293 -529.622736 206.6108775
169.0794425 -169.627595 -20.88340199 R
-117.0299701 -26.98107129 1.160979368
33.59514217 399.5711899 466.6111367
-74.88589492 -98.20278057 271.1249953
53.54160034 292.0561572 -245.4625185 R
-86.93352393 115.1465884 -158.6910358
190.2877495 315.5128607 -479.1404297
290.8693748 -410.057121 94.33333193
130.3706901 -460.5378673 182.1516647
436.1294261 -178.4674879 -45.39381658
367.0262797 173.8681389 -461.0740248
-199.0462399 -289.998997 -54.48014935
343.0805418 1.627125916 240.2342484
262.7139775 -57.1513138 -51.49993436 R
506.6717919 190.4005708 313.7777271
201.6948182 492.4970225 11.14411296
-431.3784161 -76.98101201 401.2905619
-460.0385453 389.8456415 308.8724589
-518.5468867 -317.3954309 450.2360707 R
-117.6618496 -4.705843492 -58.5278213
-470.765528 299.8514412 -378.3486979 R
40.06131025 416.1635346 -227.7662164
-48.91201338 -2.164295522 -120.5798594
256.6159713 -430.9747401 -115.5325324 R
316.5478283 378.2790411 165.0144507
-131.9643738 375.2128793 538.8507474
-245.3226064 519.120708 -158.379347
-394.2623983 304.7087519 -241.824884
324.1364445 473.2635032 166.9879462 R
8.837245156 509.181664 -209.9930998
-226.8419923 -507.0558615 8.765508528
-15.27822752 -39.7559632 421.7384983
238.0451857 183.6014588 -378.5855628
-488.2843388 81.41613244 154.6013839
-222.6855212 -31.69967955 -242.7651157
381.1156467 -432.9501532 -519.7740748 R
95.19037786 262.3644392 -311.7492851 R
294.1252623 172.5108994 -164.6055639
118.0989903 -280.5519326 304.7871376
287.5883353 -232.9563861 -359.6741143
-419.2087613 -469.6238918 -202.5822682 R
185.6112357 -273.9460397 -463.2743179
418.3913561 468.9181244 317.5150142 R
-449.5943415 367.476508 -259.6895395
-167.0486916 273.2418138 -52.93755298
-221.4856199 -267.4828584 -475.2533359
-269.5713515 -412.2407566 197.8222626
2.234464613 330.2700694 439.0016481
-262.1579121 -124.1940157 331.4941047
360.0568786 420.9637626 -243.8712099
54.59853165 -419.1265707 -195.5262127
-478.5780971 237.9853549 525.8820462
-350.1481645 468.6853769 -206.539884
429.6300633 218.8856318 245.9077808
40.15611704 -232.9376376 -64.60339278 R
-22.74812187 192.7818879 -89.2661808
-303.7037463 -206.9250991 394.6623795
-295.3472356 375.5329537 492.4176287
-410.4715038 68.9994157 202.9676425
492.6683921 -475.5245749 503.2337075 R
-178.564211 426.645838 -310.9730473
423.6380857 221.2549039 -88.92740694
-349.873764 262.4461009 -252.5561267
-254.1178276 527.5612447 291.8887197 R
437.5433569 -419.5048096 -507.7462802 R
429.8004308 106.4694585 516.2551161 R
-228.9301165 174.0114269 -281.1982486
190.8696001 -316.7724002 48.40576103
-65.53651669 489.3060002 254.9430048 R
-279.9727963 177.9382862 -187.9720355
504.7523382 -294.186599 -173.5869488
100.1594727 -416.50475 91.5984048
-276.2116399 -302.5127631 186.8972938 R
492.9671334 -257.0348023 335.8915147 R
380.4074324 -233.2775126 -67.58048659 R
-467.4852835 -234.5203577 168.7868065
-459.0813201 114.2196174 -506.4198324 R
29.08553622 -182.1197844 -304.0854877
142.3266184 474.3202816 -392.8097584 R
-223.117956 -128.7739855 -348.4705703
49.5824113 -120.2198453 -296.2190921
-345.3089272 388.6942845 118.1301755 R
-99.52701522 -388.0987966 -197.7216544
-325.0250087 498.4584452 303.6722447 R
-412.3701812 51.53754198 290.3679836
52.49351668 -308.2065329 -293.4257698
-409.3551471 -407.2304252 -241.378179
-141.369835 -504.2625912 -486.6656931
-330.8424823 -151.7340745 -184.3875905 R
436.4427433 -220.0048368 185.0332587
-380.0502562 -169.0772325 -330.9196424
-37.36754821 524.0066905 455.8453338
39.70266771 106.9907367 -492.2268846
203.436501 -150.319882 -345.2491027
-326.0598501 -318.9933743 -338.6037368
339.4897631 340.9839523 -75.36537752
-256.3044951 -82.6428315 470.3382171
21.21483024 -427.7118791 -393.8396542 R
68.66299743 -362.5040783 -212.4307164
373.3613294 499.2759235 -454.3148893
-100.8699471 533.1526379 535.920797
312.6308072 215.3849447 532.360489
-488.521706 -99.67257489 323.3891852
172.7657734 211.3310566 -232.4536216
-522.3904267 7.396071571 -254.6886902 R
-500.299186 373.8497779 315.4686574
-430.1154775 -365.5269614 -383.682278
443.1939951 222.5147359 -179.9947352
-156.9536095 -305.0251111 -215.9988078
368.3386594 225.5012025 441.0370675
-147.7508827 114.9996822 286.2463051
-280.2477026 76.33411917 440.155697 R
195.027353 467.9315478 -267.9239282
-379.457748 -430.7139106 264.3979846
123.4146186 -121.3645603 -288.8578784
-195.8663938 260.6601427 -35.2499165
492.3467424 360.9128766 -372.766594
-24.34302316 318.1296105 396.3611747
133.5987643 -141.9597907 457.8629642 R
163.4017758 234.1053292 -278.5465628
-162.3572399 -290.2779977 -391.7687012
256.3255725 27.58776011 -48.50243988
184.0338886 -125.3824135 326.3846827
-382.187491 -247.7649223 440.2097656
524.6121306 -340.2509083 66.47328299 R
480.7736612 292.8399427 367.5751421
-152.1930228 -59.10260403 -104.2491257
-20.16222212 -440.6605612 -133.0406466
-432.0354851 11.91724339 246.2318947
2.711637956 -84.6750623 -192.2307084 R
345.4826704 327.0936386 388.6254094
-459.2346028 327.5756746 -493.477789 R
-455.6916756 77.95883555 356.2712905 R
12.18679681 -248.3271138 -192.7218887
-75.37128192 -33.09523537 471.439321 R
-502.0622418 367.1621736 154.2484127
11.40993825 222.4490799 293.3246168
-447.7090385 -282.9110458 -136.2367926 R
206.9936509 -307.1764003 522.464705 R
-69.27362915 -323.2732919 286.4788208
485.340796 -360.8992185 293.909901 R
-245.6426087 86.44260633 160.2585459 R
-361.0069552 472.6741487 452.7442674
-35.97368278 -203.2901976 -481.9005335 R
-281.8387802 -97.70550862 331.5772925
425.2861888 -196.9102819 118.3018554
382.1552831 364.0501902 -18.23085547
15.88521588 -89.50615536 322.7450218
239.1132015 -22.66201262 107.9671496
56.51849572 -177.3681397 -265.6830359
259.0895242 -189.5839329 -452.0609034
-50.78395233 -522.4789856 -219.2135286 R
267.837514 16.79976252 -152.6267753
-312.0047819 129.1237465 417.0372634
334.9508669 20.61763628 211.8618651
-358.2262801 154.0221979 -364.0638802
414.571394 -405.144048 -259.1517089 R
-387.354558 -160.4918195 323.7609716
-330.2499828 317.0542462 522.5226382
-183.9211397 395.0359459 -333.1043027
133.4461233 299.5166283 -481.3535801
374.1216271 77.10646605 -163.6441654
-498.2737864 404.9887458 198.8610573
94.63762937 -280.2881963 111.0528962 R
-211.5751236 250.566052 507.8341973 R
-116.839412 -105.378942 504.4637137 R
-145.6295925 346.28616 446.6397625
156.5483542 -516.6765164 258.0990765
24.22227582 -357.9461673 -214.0179397
-291.3282544 128.2377156 433.6458281
-532.2456919 51.22605476 34.70542715 R
-474.7506937 495.5187552 132.7731337
479.8993508 410.8580165 49.91034886 R
-69.75296786 84.65713016 -57.70537595
-28.72791368 -299.9214661 482.9140691 R
510.7293969 470.2660948 26.87221741 R
519.5592076 108.5318835 -350.0014968 R
354.1831439 -205.7843836 110.9563801
281.2091085 456.4896899 239.528449 R
161.361128 482.453148 -324.7251298
529.7945392 507.5291594 45.10131992
204.7440461 -447.6079007 -330.6621832 R
-67.39446687 -248.8170574 -14.86173879
-132.8457497 175.3716943 480.0079269 R
484.0699299 -255.579365 -210.083132
-446.1616648 454.1854964 280.7842535
-313.7689342 -246.2949139 -318.6682863
327.741128 -116.6703759 249.8636104 R
182.7797261 235.8963125 94.17588539
-512.2053316 -205.2111295 362.4895639
-397.8131668 462.2669326 -310.1584103 R
77.32138231 366.2249308 -135.8396613 R
373.1696494 -378.0494687 324.2572197
-418.7795508 -254.2474959 222.0964476
-15.55370345 -93.15136106 -121.8031918
395.1131575 -152.4071217 -57.2450634
98.20982623 437.9404059 427.4221008
209.5044811 -224.6328812 -248.5638479 R
233.2780352 386.5030572 -4.348110286
256.7296107 199.4219867 -315.8919241
-80.61771257 230.0729345 520.8126022
-352.5049821 -349.8035176 113.5340155
-215.0447703 389.0396013 -18.66232613
263.7516887 -243.6387019 -181.9529462
49.49531417 484.9932136 -190.4282646
83.71026282 -514.3284995 250.9582251 R
-313.2930529 17.59739527 304.3587405
-319.6387622 -221.3089072 -435.4834802
235.0548373 117.1481804 -309.8380514
182.7865261 204.6522041 -257.1201787
-30.3923691 -524.8880037 -269.6177293
-127.8260998 -203.7816126 -444.4062933
-392.0003926 -457.2545835 69.95977797 R
-179.9016964 -149.1781996 -431.7310002
142.7965959 254.1368896 361.1152572 R
-24.71096349 21.99860169 -104.0760821
383.8967855 -492.6470994 514.9035394 R
18.70237016 -76.56355853 -390.1425638
-30.11804943 -81.15896085 153.0060568
-280.9187613 -267.9532778 -196.5200757
-312.1541008 343.3296953 -21.45279447
187.6383563 10.3487851 -433.8788376
-164.1085915 190.4604215 -214.5827997
287.5101976 170.9813703 -122.7422274
-13.82311183 -512.3009383 -322.8179191 R
-165.9245377 28.5629136 -61.31042919
42.84386728 -190.7437201 -59.86141869 R
-13.89972223 -170.3466487 -277.2837131
-40.23788157 -425.7155465 491.1561423
-238.6610923 94.9934153 -39.43421971
-452.7666168 -257.6087261 -219.4583314 R
99.35576434 -241.6413749 -516.8889635 R
-126.2202435 -289.4996864 480.2549632 R
-310.7110967 -111.4624105 -330.3537392
298.5804108 486.4588991 7.728006424
515.6175401 210.3935492 130.5197347
-11.69117743 230.511314 331.2113955
512.7464211 -447.7287683 -236.5853093
-130.2408251 -10.75996287 92.53809978
127.0328129 13.7880811 -231.1137494 R
262.1174528 512.9028218 100.2575185 R
-508.7004573 55.98876211 209.4467248
290.3549277 -215.1330746 503.2784084
-400.5793009 -258.7244488 339.2250798
86.79291497 378.0864725 276.8902294
388.3605399 437.3017159 -81.3630136
206.3011769 -35.72814725 -41.90966729
-446.972593 -280.7315385 -138.2988053 R
176.9586836 5.220456618 385.1401459
-292.4624856 388.4399682 -1.628278217 R
-455.437319 -466.736928 121.1362058
-520.514934 508.656889 -353.1669607 R
136.5815858 114.6174064 -463.1367789
278.270057 160.1800634 -468.5623607 R
-541.0120561 -444.8276946 -479.8997768 R
421.9788512 369.2434506 93.0057727 R
-165.4413701 -162.528579 -301.1561925
403.9721316 515.4263836 -90.9126006
447.4092715 283.0859728 169.739466
-180.6378954 -133.1444618 -356.1133087
-2.351658483 240.3883745 78.04186605 R
36.66006686 397.1371125 101.1201085
-153.112719 18.37860597 83.39670208 R
13.43643384 99.62461293 -378.9504067
-42.63814367 -479.2265269 -142.3531194
439.867575 -243.259773 -4.743616839
428.304293 -32.17600218 289.6681539
510.8395476 356.8691702 -116.710651 R
338.1488802 98.27696994 176.2007817
-158.5848868 -265.5997729 194.3421065
57.35809499 -326.5528733 498.4952439 R
206.2566867 135.1234699 70.10120134
265.8840135 -495.0383225 33.51160143
-238.623899 311.3870326 393.9086239
-336.165645 315.6296197 -403.3329084
-387.5535703 282.0740925 43.76847089
300.0555547 224.6345134 -172.8783569
-88.19708049 -309.2587405 -464.5150427
42.4764034 -482.5326297 -17.54879731
15.95729318 466.8114497 218.5315261
-528.994875 379.9701314 0.8090251554
368.5525246 143.2241216 206.6409879
-381.0856939 -366.053869 43.81385249
135.3273452 -260.6712518 -63.4943578
60.87408587 -334.7975695 41.99724029
-465.2644591 222.1539278 65.65135681
-56.92790677 -269.1327056 304.757074
141.8574053 -359.4137218 186.6996763 R
-398.9892485 238.7534071 35.30840662
-289.1854694 -398.9623573 -292.6552282
-344.7380382 -117.2509024 -208.4627857 R
-417.9836616 439.7655843 472.6234205
505.7637984 -366.8691292 237.0142214 R
-318.2436368 -326.5832648 -259.9713905
-121.5128437 -17.83231853 -206.102563
401.348826 458.1174419 262.144901 R
25.54395279 -49.62558759 386.6177737
-424.4572985 150.1605431 -225.0677212
83.78452531 -255.9072933 58.51018086
378.7804868 -411.7395566 30.95972381
117.7545019 -502.7104212 207.7993394
183.2221821 -218.9637124 88.44129344
-314.1500659 58.29898418 499.5230782
313.7466814 -349.944118 483.8896178
-535.4240096 251.8850352 -202.4999537 R
-484.1347587 -176.1408276 -418.4544272 R
98.02719976 46.19495372 298.9849101
369.0493225 438.0618427 2.57081238 R
233.7206369 269.328511 -358.153078
-82.97979103 -155.3259576 206.8475603 R
-86.52764707 391.2711606 -505.6229221
-190.920292 465.4718906 204.6712907 R
31.78282567 -1.323421025 91.87153838
-545.7996876 -298.8536316 170.4298962
483.6667031 385.2730384 151.8615733
256.0671556 -83.54890871 299.8367472 R
395.6181384 134.5694999 -284.6866596
328.3651434 -71.24611462 -65.18634246
-478.7056667 -153.3288322 -372.9443615 R
-431.097358 317.3103275 -454.195583 R
-49.88475654 210.5807638 266.3170715
29.57908687 38.62448598 -52.78398935
-104.1997513 -57.36078628 518.0960321 R
258.2154576 497.6872295 189.3880404 R
68.0084979 -183.6853449 419.2474001
-124.860559 -467.5538532 265.1696525
-33.68912293 430.5111849 236.2405485
154.3683693 -63.30954357 -373.5094648
-325.0319506 67.80960026 -207.8579448
-350.4941796 -372.5514984 1.274298656 R
-229.683025 -353.6748909 79.47783537
320.9517148 421.1526768 -490.2640844
357.7630697 -50.1072137 -46.52206608
-127.2888871 356.0928976 -439.2971221
402.6008137 -177.9643032 39.2354819 R
434.6920756 208.536696 511.745301
248.7067859 431.2000821 -466.4630108
246.5182805 11.55843805 223.0388066
-86.28552814 520.2724558 301.7933171
431.3491709 -472.2380371 354.5337331 R
-297.6169263 -277.6348828 -218.3034153
67.32740388 157.7158429 225.3381689
-315.1170369 109.3565951 302.9407508
337.1597572 340.4447522 212.2494795
-51.47027589 -450.5868451 -420.3661406 R
-106.9154993 -505.027677 -395.8459175 R
-71.20846137 442.4787755 -438.8001367
329.9187155 -414.1315972 -53.89477818 R
-25.29064533 332.1804904 -488.2630554 R
-326.7730596 301.2894031 -433.3659311
501.3100142 -77.34598414 501.0967176 R
-364.7291332 -312.2104532 -218.7526981
387.4972233 -32.71153334 204.1663643
163.6270493 373.0434841 -230.2803168
302.9463594 -7.517112769 -519.9961034
0.9452624163 238.461114 419.229154
450.1744937 -262.4001431 12.70641081
-44.31610849 265.305999 480.796869
61.52768591 -371.3976389 139.616918
-409.4166953 -498.9264943 94.92508462
345.7602028 -442.5733954 -269.1846826 R
36.39570632 -37.86261236 -322.6387777 R
276.1415898 416.5359946 -44.82978984
-42.65279094 -450.0582478 103.5982934
-9.910888937 193.7950484 -328.3375133
285.8742199 409.8624321 236.4404365 R
-473.5684999 -27.29923509 493.9645875
-209.2547331 483.4427113 -24.62652186
142.9528183 -338.9502578 -423.174726
432.586137 -488.0029891 45.84226115 R
317.1084634 -17.41127672 383.9339665
-12.09201055 -264.2676867 -450.1105294
57.73101493 -373.9435625 65.61757259
177.0516171 -7.629278235 -309.4452138
454.9899925 105.9464509 340.8849661 R
208.5769672 258.6573202 266.0342909
-166.9135932 -507.7200438 -21.49741128 R
350.0959095 236.2093356 7.187821295
144.5279195 -311.3908334 44.98886202
-232.4363963 90.66005097 -0.08684045236
-10.69046424 131.4907706 -180.8248203
-205.9628175 -71.26083301 254.8009895
314.2851353 64.20056398 66.78827222
-273.223865 508.8396946 -86.57802065
-169.1433786 -227.1512324 79.32614913
56.46439146 378.7094609 36.70044549
530.1121099 -288.3334818 -488.2767782
107.7357997 -224.7681373 -245.8210222
-394.4259117 -449.4615267 463.5633584
-64.94022306 172.7842257 -343.0661219
-389.3688736 -386.5915624 -515.6390086
-250.084471 442.0090317 -423.3653322
-485.0297886 -301.9493953 -411.2250648
-16.38183447 443.2159993 184.2450184
-7.789719394 -50.84669596 155.1840863
4.344953888 -47.28052134 433.6543874
181.8576435 77.20270205 176.4050296
283.4974302 -40.56544685 447.038513
-261.5680221 225.2352141 426.264256
233.0321765 88.43728121 250.2090889
53.51305897 -161.4366431 57.44320717
526.6364662 358.6765827 -324.4806546 R
360.3073034 176.7436503 294.2180025
-56.72790245 -378.6628647 122.9904886
-192.6316352 491.7519172 -336.9696701 R
-210.9215769 311.4474851 484.2348068
-195.9745719 39.65244171 542.9847639 R
-390.6897656 -368.6298172 193.4274003
457.8400169 -406.8282665 115.7074227 R
56.83219491 107.1642435 -127.5790713
-184.8715844 -200.694447 -286.8355909
-188.1998082 370.2238094 -514.6393954
513.7193793 -341.0543492 -344.9959695 R
-381.2744468 364.0949145 -404.8224833
-131.3269017 -504.1938084 -56.13070349 R
-302.5353018 -409.1327635 -89.97119967
-75.35202822 -285.831413 485.7816659 R
-242.1267013 378.9595251 35.37840648
388.7720877 -243.2719548 366.0466718 R
486.1275128 -283.9473539 500.049469 R
83.10054717 370.769856 376.6815463
-154.9491851 -61.13116477 -523.7243404
507.0324651 -94.10319985 287.6402511
13.42024772 419.9093874 -268.3494283
356.7892641 114.2009764 287.324005
302.6795226 -386.8153472 -53.23186068 R
202.5302703 431.1009553 -204.414658
-7.842573881 428.4301355 226.3672947
-40.84837472 237.9364195 198.8266237
-422.8730604 -122.6886814 453.2319352
450.5325169 -253.5541147 438.9862389 R
416.9379308 257.1357896 -110.5832938
-246.7200951 -188.4236485 154.917604
334.4565763 -473.8679442 -97.7239427 R
-496.5512936 -295.4459376 492.5731362 R
478.0757218 -494.558351 484.5839711 R
-328.0143319 -83.94249727 59.57497094
383.3839164 -202.4230355 -204.0284763
-445.7008108 -66.94781703 74.2004436 R
335.1661539 -55.29860257 503.1710027
273.7371758 -23.90842096 -299.3671747
503.3229295 427.8662668 452.6649187
-138.6547836 -111.360847 -26.65448689
-148.4970863 -199.7025856 -288.1340977
151.3701679 117.1807725 -347.0111281
190.1751235 280.8923377 -341.8149868
180.5549248 28.78242675 -515.3512285
484.9370663 -225.8521971 -223.8063486
500.2887847 407.2940891 -130.1409948 R
-90.8038968 -487.5983767 -483.6696913 R
-243.4334667 -460.6028013 337.7508052
459.3154471 -394.9432652 511.3986665
83.41951444 -169.3144486 -156.0850712
347.3458618 -213.310666 -213.8058391
-340.4254301 349.0230155 265.157407
50.64420067 -86.87559805 -42.32088108 R
320.165926 351.0495754 26.28095652
-188.5747081 -335.567191 95.58074436
17.37917152 448.3473506 507.9820927
-400.2587561 -134.7536442 173.165955 R
-161.0074729 -133.9058009 -464.454391
188.6914978 345.5176732 -497.0271258 R
484.0940506 454.4015298 -318.7976868
242.905241 -17.38608275 -418.3587523 R
-369.9101051 -394.5840516 -376.6585552
-391.913676 209.4044845 -513.5222964 R
324.4269748 237.2772901 -83.66676887
-513.056601 -176.1389929 451.8724142
-27.21689393 -431.7849497 -491.3728988
340.9828945 -183.0740418 326.7561774
106.349491 154.2135785 -418.8717278
-355.470249 253.9719513 -485.7026127
-230.7667034 -250.8795399 -114.0003614
261.3718583 -301.4114093 -329.2604116
-377.6522835 394.5125814 0.489807277
369.4201605 545.4439748 329.2665636 R
265.8858005 449.2056637 376.0903683 R
-516.1673908 -411.2077958 455.89018
400.0710812 474.5273431 -378.6634946
494.8045 -530.357866 -51.06796432
329.51566 -68.12369237 122.8082079
375.9803052 462.9240841 245.4209037 R
413.7870021 -302.2648035 -192.1790107
-92.48769564 -65.42795101 53.69181174
156.2604664 -457.6035527 271.7452552
156.5349513 -383.0234248 -422.4953306
-422.2973233 304.864334 43.90878165
-251.1723312 -264.3597075 528.6221376 R
337.018072 -335.5173723 -220.425531
241.7376883 101.6700663 256.2129785
-267.139918 47.69108103 312.9257962
257.9083924 -303.3176491 105.720416
462.3240678 365.6369618 291.0686862
-308.7193967 230.565183 509.4131037
-391.8871843 -95.36503697 -492.5332751
210.5430341 -156.4916125 61.84742125
524.8862939 -194.2005045 -452.7831901 R
329.3264271 -125.2714046 -161.517892
84.90966267 -304.0622132 346.8160903
310.0609154 -456.9745411 -495.3383643 R
-370.9680023 165.5562995 252.1097823
311.8986417 -104.1308226 -134.8470803
-77.67807724 58.33179831 163.2686144
-79.94064793 183.8254351 -397.9191167
102.5114135 307.3968183 -478.3894097
-389.4515402 -247.4027786 370.586788
-11.83491248 346.8573176 182.6175093 R
-22.40035303 -495.3619925 252.4030643
465.0994973 307.655772 -380.8306992
370.1708235 491.4753637 -232.5675024
495.5944588 -162.3524051 -91.84061632 R
312.161854 -341.0891567 -423.4168401
480.7076208 107.4117606 -491.3167015
118.2940093 150.2701692 -102.3921601
-216.6620115 -43.470752 -121.8034778
-446.0216614 75.84022235 -41.37165795
-449.5507811 -73.66908144 217.2650197
152.5373545 255.1389653 -86.88705237
-282.9364973 108.7056004 48.27023214
-55.82806459 -186.2012664 -147.5586134
-436.7086521 38.91413704 152.4043809
-472.0220274 258.7422746 234.7176538
247.2448274 165.8090921 121.0211358 R
-421.1172168 169.4954009 398.5517151
147.2771865 146.9739503 161.7339082
-433.6884801 170.4317856 -130.8014148
380.6263849 -342.0058582 -2.546297198
-205.7440874 -119.4849211 496.942239 R
-393.9698604 -30.01041834 399.2021333
149.1348426 95.87639459 197.6397982
-425.4723408 303.6518137 72.92145701
70.04696342 112.97989 -387.6711917
195.0287033 -183.6604668 223.9197141 R
-69.91873252 130.6861991 43.97485339
-137.6049122 -317.9701221 -93.23427563
-12.02587429 -505.4303859 209.2135349
447.7887522 428.4853547 489.4138133
-363.8163019 -277.0037019 -396.8181347
-106.6608589 -491.7740541 -213.710791
-274.9931463 453.0325988 -353.0625916 R
338.787663 -11.76296652 425.3085063
7.885561676 -255.883169 278.7510298
-450.2737202 104.0427719 -236.648878
-135.3335466 -195.4792675 523.9492898 R
319.1783414 -395.0269197 301.0583366
-390.1586104 264.8546475 -245.4035717
492.0082649 161.4888403 360.0153319
-93.76456111 67.90853429 -254.6126632
-488.2332848 -72.01216588 367.8028334
193.4576923 -321.5560886 344.63053
-222.8109493 81.7318124 -516.7781085 R
-151.749177 199.1723348 87.57208157
289.2123476 480.854137 148.930796 R
-511.6142001 -74.67566451 -363.0503107 R
-527.634468 -164.8355518 -60.09956618 R
-339.2809986 33.91679611 -35.68554303
243.051644 -118.9384368 -363.0574323
-384.5288589 -392.3937376 137.2847931
-281.1841761 -41.1097524 -11.73004491
316.0434205 205.0251849 -95.14246813
-229.9684001 -476.1253465 433.7047414
33.31147818 16.44199897 -356.6857014
-229.8156066 406.9277424 -352.4713876
-284.9193864 -11.87334282 -212.5115591
-345.5501784 157.1909123 335.7781254
394.5843264 314.8952957 395.3678643
524.938232 147.4751741 -421.4030556
-487.2925271 -137.8177271 -334.4344693 R
-302.6723502 -65.35297384 459.735933
-17.72915865 -61.79505488 452.4470646
150.4570714 -379.6658358 -122.0621231 R
-268.2976089 210.7504237 175.7805448
-204.2865213 404.2972389 -180.3588198
-471.4100256 -421.0820146 27.98384801
-275.135876 210.5667741 -459.7925827 R
-421.055973 136.8012567 -81.47193092
-80.03451979 56.33359559 169.3118871
-319.9285255 -38.39722923 -468.0124404
-339.4679475 -43.05267743 184.4393001 R
333.8734933 108.0589544 -213.2402424
-57.61773628 -216.9326915 -326.249613 R
270.3724591 -6.417575276 -462.3865347
175.8005202 346.439779 85.21704979
-441.2261586 403.5800003 476.0592259
422.4913752 -453.5599274 508.2156422
-252.721055 -247.926863 166.8682467
368.9761204 -156.6870434 -409.5683379
219.9501288 216.5671988 124.5328388
396.8585152 168.0139672 -492.118216
125.9249699 -355.1603532 38.51233518
198.1439148 422.3498472 -44.00267252
-455.3445203 360.8492781 246.7123078
-367.7779405 -4.257858481 133.2745169 R
-387.8670779 87.87178478 -162.7951284
222.4245157 4.106510936 -466.8577228
332.4904339 9.928515956 483.9047262
444.4375627 -230.320532 140.512576
-109.2907685 313.1397873 -489.6186876
-117.9204193 -194.6282463 243.6609867
-74.96136969 -513.0821645 -143.9791657 R
-516.5033942 354.9036454 -529.5140472 R
93.49409508 -410.8875374 295.6680025
-56.383921 475.1032323 393.8841889
273.2993905 53.39736188 -65.66836355
207.1960315 180.2755316 335.5272731 R
-413.1353201 -245.7254791 521.9753791 R
-361.3092537 -507.380205 317.2426905
282.7608792 187.2880763 477.8247123
-315.7517733 -88.31925115 348.0023435
-499.6009004 -26.30500291 -20.60520275
361.5849924 490.9672439 242.1004269 R
-469.5476755 205.6595247 -524.8889766 R
-69.30921812 -74.15570007 -445.4975474
-30.85606125 -69.78748187 -119.2393257
-455.1370254 -318.9503922 -453.7792944
-110.508793 456.9886461 -207.3149312
147.4879418 127.32188 134.6477909
295.9622234 373.9090638 -25.27150146
-470.3427619 -275.8416648 529.4395786 R
-344.0189872 -67.04995551 251.3826893 R
-285.587286 -454.1239996 -36.72778463
200.1323332 159.2399209 -467.4473171
-29.49041529 -16.08104314 315.6234889 R
-278.9771672 -252.4325392 286.0190216
-39.63509522 272.4258099 -367.6824388
-253.3162751 -230.4414535 218.3782559
-372.6308398 -144.0150001 150.6264403 R
403.1578567 -308.3755775 -172.4343094
-478.4010971 388.9560097 47.17795934
117.4315867 30.46197929 -183.5592058 R
-396.7833039 357.3418327 -284.8337797
66.00323397 -96.56555409 49.24146747
506.6609059 155.9661474 -351.7960899
-81.73954683 -393.6629245 540.2384898 R
-263.9439158 -512.8074575 -105.2758006
-431.6363299 -24.39321367 220.1100791
-290.1476817 -503.1640191 -443.3720037 R
129.1125491 -357.0058653 84.31403439
206.2576023 35.29022386 -380.8201858
-128.5808207 -93.11738705 375.3430092 R
66.65467809 435.1838829 -161.3784209 R
501.2346016 -22.69451779 -372.3717091
-53.36146743 -169.3431962 416.6303158 R
-49.5572025 -308.9609387 -395.5607996 R
-151.1815056 512.9601811 -193.259178
-410.9885983 -160.6988225 -119.5082252 R
-420.150418 -309.2595512 -447.1639235
-397.4128054 238.3168398 -196.1746934
326.8912764 515.3038469 356.9322121 R
-371.1053269 489.2994813 -508.2310822 R
57.02705683 -34.58111373 122.7099311
497.0577442 27.08567304 -458.2023329
-216.4175458 -46.13867279 464.129591
427.0232896 245.6138243 61.28143589
-81.10634533 -106.8534003 -4.320864248
-322.8603185 240.35509 160.2755828
-419.7912688 120.8201377 -23.17506437
513.3410076 -106.4088813 207.0809119
-487.4973016 -275.3324889 475.2023574 R
-207.6842037 15.56527754 -185.0693671 R
-319.1791289 97.5308094 -29.0769274
325.6053075 -33.15017585 421.017343
-448.5047808 112.2494048 -126.0643452
-263.5587078 422.3010823 476.4300348
-398.1800804 417.9739529 260.6174718 R
235.9528776 -145.8411196 392.6950215 R
410.7001814 -430.821278 -432.11888 R
287.9963597 147.4134134 61.0642536
356.2014062 -86.50752337 365.5209062 R
167.274417 203.307109 118.9472338
-132.1619842 180.1120495 497.406075 R
-482.6412449 119.6872425 -16.44318705
-496.2626269 255.4206231 326.5100498 R
163.1165349 322.3429528 308.488616 R
196.4514396 15.23821554 438.7064835 R
420.5530389 -418.0132556 332.521703
313.9138097 -350.4244475 131.6396409
-242.9040213 474.8767475 -299.0061975 R
-98.98650827 292.5988024 -154.9825716
-426.9626968 75.29825479 343.7802363 R
31.4316578 433.3858274 55.23434701
-431.0443155 -68.16224348 274.3760497
-96.94578843 92.62487546 245.1892201
107.9789336 179.172955 -106.2473322
-477.2767552 69.80098249 441.7641693 R
-167.2824535 -425.4171464 248.319243
-506.9475967 217.8498628 394.6169724 R
-100.6914898 41.94228919 -445.2343944 R
410.7090882 -315.8003238 381.8979494 R
-6.853772757 -158.0559681 -42.52038845
-459.8758748 415.9589187 -208.4758024
304.9563593 -432.2271981 -453.2024459 R
-267.5474204 -483.1003365 -161.8635839
506.5529249 -528.3645214 -138.5804935 R
171.5877851 214.9357057 -245.0100275
171.5407266 337.4797405 -280.3247554
-356.3550408 -350.8235764 -384.1788333
45.65969971 480.4194648 466.9013219
-417.7164751 203.7929487 194.7599345
-128.6374442 370.5330055 -396.9962351
-389.7723514 165.2675769 -158.5565363
396.4668498 237.9118057 424.1914858
238.8209175 368.6731679 -155.023416
-240.0004707 -501.818587 147.8838531
-80.88134269 538.5179467 -62.05658591
-403.9916859 -473.0479446 49.61721853 R
397.1489591 197.0200143 461.9655806
-384.3836641 -524.04722 -188.1176978 R
-235.7519578 345.0094143 -233.3819502
2.642911271 242.0294228 36.39502804
304.867108 10.15472333 154.3061029
-370.2036414 59.59561452 -35.92312947
-5.044365751 -11.85812594 -156.9472331
527.5125933 -386.2550106 -135.1881627 R
196.7079265 -532.2294165 -91.03994719 R
-417.1609049 -249.289987 146.8658303
-297.9453876 314.8154449 463.6693196
-150.2197257 344.568669 502.636452
-165.9163453 -412.2595935 41.30213403
-328.7182404 441.4200983 15.34130237 R
95.43785355 400.1641688 403.9162516
-212.7789864 387.645521 -364.3752058
69.95088604 521.95611 418.7625572 R
345.8912378 305.1167461 505.5796162 R
-392.8915193 288.3594541 -353.4240023
-29.07794198 166.2525159 388.7418296
165.3092703 488.4353058 168.0940843
-379.9339589 -44.28006564 -489.9219322 R
485.1423887 291.7005745 -441.6468384
192.3675826 308.0772329 218.1261946
-89.35043167 457.8109291 9.905734974
-186.2920506 480.5423806 326.9092901 R
-17.08607652 322.3063246 -20.88920336
228.3772708 -29.94987844 -310.8785359
245.9744764 253.9204005 217.6903438
-386.940214 499.2401891 -298.5209876 R
-357.9842264 -466.9280104 -57.58446797
219.4394454 377.9713717 324.5934411 R
-389.9648113 -90.79616347 448.9404818
-197.697728 182.2083258 -392.4241957
-59.07807952 55.5596039 -358.4282466
23.06416418 -478.2571265 -113.3001841
-316.0508559 350.5781211 -17.06434364
263.596737 438.9583512 393.9757134 R
-341.4999027 -188.4173573 -324.8854784
458.6426964 -130.4141353 -226.834239
365.7248691 -68.45227473 -506.2757581
-441.4659673 53.71707654 -410.1279162
248.8384156 -167.1968014 1.639997914
496.4305125 504.6111003 70.89774379 R
39.67773645 469.4540034 -89.9248193
447.6751451 -181.7226643 -348.938711
21.19687204 -0.6996695407 61.26711203
-54.82000433 -78.3380696 177.8701259
518.4944201 -249.2011164 -530.4626468
-364.4303646 300.9641063 -209.2646686 R
-156.2334304 216.2342714 -316.5798866 R
-40.65601475 -466.2454695 -323.0437541 R
88.39798336 367.0189398 -17.92776345
-124.3719244 324.1316449 -223.7891437
23.03969613 -483.9844615 -372.5436151 R
-138.884588 -230.0008873 -33.3761233
448.9712454 -484.0848441 449.502277 R
99.23674322 432.2188709 339.7646354
-271.8375202 393.3984099 57.45922854
-496.3377763 -246.9475502 -482.6992266 R
154.9688197 171.9123775 -398.8053634
-69.38802671 389.5891617 379.9574036 R
219.3332739 -193.8882036 39.45386141
254.919673 -231.2153984 -94.3156513
521.7739802 -124.1317117 382.771883
206.5334377 -394.1404536 -300.6244937
-517.2831846 -103.3553379 30.73419468 R
-154.3963256 -273.8754583 -303.4133179 R
-411.4541007 -130.8019542 137.8475442 R
-94.25736898 -60.1030504 -28.47706803
-38.06314407 10.61515405 124.5753683
-307.7465321 504.6399484 415.68998
510.6849514 238.4964813 143.7468602
505.2562917 204.7211426 -70.90101988
49.70832043 -380.5307853 -321.880716
526.0521629 -257.2506671 270.5184578 R
347.2321627 -411.6241788 36.6172994
-3.950097816 -310.0296417 321.4872539
-321.0949037 414.2694792 382.7194091
204.4557521 -35.29405332 -247.7485764
-58.48295577 -90.2650092 -250.7152163
74.37917845 106.5042934 238.2390104
-335.2107902 -305.9058289 31.45016085
-168.8150011 -443.4101052 -204.7468295
259.5507502 -256.4855234 217.9971421
-361.558586 -235.0822307 467.1881239
312.8699796 -268.0046014 -524.9973395
180.4499432 -346.5278336 480.4223473 R
386.450183 -527.2631597 -200.9066013 R
101.1297733 444.4745299 -491.9328124 R
-248.6868312 -15.41928382 -288.9774257
194.3466664 284.7405938 361.1217646
-493.2885869 -355.4311327 -467.3175078 R
133.3357505 -521.6130414 67.37234709 R
-226.773663 -188.9079134 237.0657487
244.930673 -210.589106 -155.4459411
309.7612876 282.9970498 97.73115784
30.93017033 249.818702 -180.3814393 R
508.8130104 -158.7530164 -144.5735805 R
-25.31613463 24.08935194 513.5679558 R
149.6976484 79.25750255 -25.3437536
-415.7481216 -115.103286 402.9746977
209.6593102 342.415959 -169.3599073
104.3921815 54.66565162 199.2663469
32.52976931 95.65017066 228.3018378
288.4090462 -236.6446939 -180.23416
272.4133758 -110.7442134 488.1802077 R
-5.915122672 -376.2158105 412.0564687
318.1997916 371.4147231 -272.8783571 R
178.8015296 -269.0063051 -87.38762621
-148.6162915 96.93556913 -312.4586567
366.630081 -223.3184209 -515.7699775
468.897259 439.582608 5.782186736 R
-142.3754305 -525.9167963 235.8539813
31.91700042 441.9411576 -11.81860086
255.3608956 -4.278309094 166.1186803
504.9606191 162.4706077 406.8765948
-169.7957216 212.9454094 451.267088
-151.1398328 -351.2812566 102.3648981
-421.8288454 403.3987908 -253.6516572
-395.9699257 -8.212210803 7.099145153
-131.2244876 -493.0135772 -171.6969803
-364.0961913 -502.9690625 314.0214376
327.5299214 -95.84107678 186.6530988
70.23942982 189.6926771 -67.69648603 R
-53.47625987 334.8032008 -76.99739489
67.03539952 -385.0204857 -226.3400587
41.16563641 -275.8385062 -259.2610355
-258.1302227 -166.297531 410.1096363 R
28.6832968 475.0064425 -156.5709535
-145.9361111 -40.35455216 -406.9956247 R
-356.7418255 246.3398656 352.7387739
344.2671382 434.0685159 -389.6894961
-244.8528431 26.4660199 -169.4951666 R
229.491458 -256.5290976 135.5318153
-356.2280568 230.7526101 202.36576
-522.7515333 -365.0976329 338.5395775 R
-245.6604378 -215.9460188 21.00559674
-368.200488 292.675842 137.5128318
380.6796749 -394.0668146 356.5277658
238.3425401 18.92093849 -38.2580907
-47.85599607 342.450484 297.165625
-514.0495427 371.8754902 -457.6613612
172.0116897 -297.7110998 -168.781254
164.6674488 -54.24040775 -447.1666655
-422.1920385 -264.5084223 344.0645463
400.7087371 -395.3440142 455.2220689
-383.5473231 -158.5722672 -332.3660737
170.70769 -121.6123617 285.1616441 R
-309.1221322 -432.6998433 -196.2603314 R
-418.2708003 72.08919272 135.4214982
-176.8703396 103.3915128 208.8180532
202.9431323 -92.34112249 -325.3331314
403.8305312 411.8151422 -468.4260013
336.6882645 -453.3076212 -331.9921545
-306.0186306 169.5714086 -198.4809961
-420.0062309 -339.6611785 498.8275144
-19.71326692 -356.0822659 361.7993251
197.5039191 -310.1216203 -53.28628851 R
-83.52848847 273.1563278 -221.3944654
497.5681855 -489.3386078 114.3650337 R
338.1813188 283.401107 456.559446
118.4402427 -226.3783795 -347.5968683 R
-155.0360514 140.9816864 221.0930979
409.4105165 431.2081875 388.5784498 R
371.9043146 -50.46523602 453.9631559
-7.349507953 -306.9788057 -187.9680849
-286.1754611 -386.4539005 35.2324026
264.4632679 278.2706789 464.9700202
-42.18260584 -202.2097072 165.6031643 R
-490.508672 -253.659504 -323.6109455
-397.9454095 464.3827224 86.85135113
429.2259187 75.79840888 -199.0547807
339.0979839 387.8520905 188.0313117
-528.9679888 112.7099473 -234.9247392 R
-432.9721777 242.7560937 148.4594139
353.0393451 -455.9278999 -406.6912091 R
124.8385288 381.9493289 164.522276
-498.043392 383.3503499 418.7827105
-260.5239734 215.3837553 508.8918897 R
480.5829973 506.6984782 -84.15708345
17.27159182 248.0834762 -188.4603448 R
524.9452932 191.6924834 -83.82171713 R
17.59896098 4.68456132 506.1135206 R
231.0543875 220.6375598 193.2701976
-407.4304258 -368.3968972 259.5710696 R
237.5748146 416.9754922 -68.2812994
-20.12921817 24.48018291 137.5784808
460.6257951 -244.8945833 -89.79674822 R
-76.31429971 -362.2810138 336.0700792
218.9950288 -532.0017757 -419.1112454 R
-348.7768257 -97.31191192 222.2831238 R
-380.6196537 40.7054221 -19.3507355
-172.6044746 496.0374659 455.3598365 R
-438.3145491 -70.85110357 136.7526914
-261.0633286 360.6639319 400.5304288
220.3268936 -165.3239805 53.56072741
-432.0308211 194.6371896 378.4729217
481.6695231 493.3244333 476.2808968
-85.35152852 -153.885059 -178.6957885
50.96663157 182.1075407 141.7995472
454.6805975 454.5235322 265.3335643 R
170.9726814 -49.967953 322.8434688
-332.7448765 -163.9591219 -182.1782732 R
-281.3107869 -437.1538897 198.0220154
474.364288 -22.62549337 139.7639194 R
-144.6673556 266.1683128 -247.3655807
-432.9822652 464.4077227 394.8219578 R
-77.5182663 -367.6637344 6.747893621
228.6077022 59.79718192 -412.6060075
420.7221865 238.7523838 396.0112873
-287.5603784 -38.95563121 38.03674915
27.17007465 361.9416888 -59.47676441
-531.0965547 -398.6395238 20.69872828
162.5446918 35.96559028 460.7641847 R
376.9689729 101.1135726 91.03634907
-232.5464267 -326.7511421 100.5930926
-208.4643413 -327.763265 101.811055
411.648896 -229.4395146 280.0349851
-270.2499549 457.7267693 -376.6461729 R
319.2248749 -125.8210423 23.71440468
-336.8852939 529.0554951 -322.4126186 R
474.820249 445.9435838 21.49711032 R
418.0440425 -376.2509462 409.0566201
329.6080614 79.46274517 -254.940302
-13.96879624 240.8508678 29.90760276
106.7819525 39.4757764 -441.5374749 R
213.813508 -178.7900811 -156.0164219
6.130559182 188.0630167 269.7517666
259.7122175 418.2866324 184.7766347 R
230.6390853 305.7275446 -157.5852231
-36.53164019 47.43090566 -344.4738223
-361.6563177 -187.9046806 -343.1927623
-283.656414 -316.3887942 317.3988663
313.8550727 -207.2994004 -484.24222
-410.755754 -384.3953871 -283.4118534
70.85888732 321.7182936 166.7334804 R
-8.460938025 -459.8659742 -181.0351262
379.4776257 -178.1822492 217.9802818 R
-34.59590039 104.2157298 492.9526648 R
-204.2132473 529.8187127 480.8047545 R
-103.5398114 342.1421655 362.5847473
387.2661538 -14.16039457 269.6829761
33.3522336 520.9092077 415.0513697 R
240.8422823 493.3213948 502.3770199 R
261.3306854 -212.1874537 -342.4162239
145.8578186 514.516214 -38.48983848 R
196.3732989 -500.4559936 -327.7396472 R
101.2559877 -454.3169493 -193.6286578
-179.4029075 -377.6209681 -522.5819909 R
-60.21433089 379.7349049 76.62703059 R
-219.607202 333.7301807 -497.6067604
-271.8243684 81.17966463 518.1052062 R
-398.9274074 -2.460841266 497.1686824 R
47.27852279 480.9419766 -206.9731778
-404.1275355 -57.55378892 -513.9680446 R
-537.7022761 14.91293448 99.80389712 R
-313.098266 -377.0483794 77.727413
76.16277183 171.1353052 -482.8464788
-543.0746013 160.1071841 -464.1070359 R
-186.1860188 -223.1837484 -108.9872039
-473.6696751 -541.4939658 -505.7458796 R
349.4952144 311.8602323 -103.4262161
-395.2102102 -93.72037744 265.3732444 R
-54.09745768 313.0085977 106.5142468 R
3.912616428 -455.8404883 293.0523456
-54.70344468 -112.1918654 120.7812083
-440.2409356 -497.6315137 -99.54525709
485.6106882 -390.0113328 388.0204019 R
63.59647761 -114.7943273 425.8333949 R
-310.7600842 264.0834152 356.3288202
68.78099344 -479.6808786 -87.22175904
-266.8128852 -291.6062317 483.961749 R
484.0147215 55.9805633 -118.6606088
-528.1603394 100.5668538 294.5894481 R
37.23306479 383.4671393 473.8095176 R
477.1772003 -34.08019194 -322.1974014
255.9230588 480.4553961 163.6890076 R
-145.8039429 165.8531383 -172.8101482
-495.8412837 -483.1148027 168.9129322
-479.865791 84.92280927 37.23142691
243.3782912 286.6633363 -310.8210739
56.70220547 195.8150085 445.1858979 R
-471.5867984 -241.5294911 218.5976946
-476.0011234 -534.0732979 -445.8911031 R
505.6599984 252.7675116 -109.8946163
248.5556517 -293.1577707 -501.3111199
-436.1690245 -126.1727877 -245.6765127 R
-372.7322357 -459.8810204 430.9032219
-76.79808098 -520.390184 210.7018425
-155.2680228 -85.8986013 -359.0237254
-84.1107475 391.4941179 -399.8798785
-35.32913075 249.1921432 296.1046342
-415.0402368 88.45682213 -300.7470123
261.6399968 532.261752 432.9056927 R
-230.7718138 -250.6433746 403.7674904
-202.6019868 169.2563173 271.513695
40.28466748 -138.8251362 -21.5686619 R
113.7382424 114.9528801 -84.60638321
526.8517148 -414.6978641 289.5622857 R
-92.15712432 -204.6673277 -26.6186985
-465.0249671 152.5731541 -7.456477952
377.4148226 -521.3203606 202.3277387 R
-71.1296824 -465.6617499 -49.6615686 R
-245.574819 167.6412313 78.43195618
134.7536798 -41.36257324 394.4676143
341.9556469 -103.2735098 475.181702
358.1065955 -339.8077627 -12.28083141
23.15163288 -240.9095538 -361.0082161
459.0867035 287.5826755 -5.498237643
213.4933973 113.417805 -471.8167463
-406.1053042 271.7930094 273.2829119
49.4965687 -226.3766511 439.2989558
300.144821 -318.0110502 -172.1344516
-79.33052058 -218.2624149 -392.935917
323.2065253 472.6049312 -9.391785145
140.7651537 -369.6940119 -49.66107117
-270.3894069 371.5546942 435.1110904
-463.755517 166.2380748 -84.41011643
-150.046013 246.8240658 518.1723862
342.4838187 -199.6417716 140.2079293
523.599901 -477.2815479 107.7530109 R
-66.39290162 346.4356101 -219.3506168
-454.5215701 -225.2019871 -305.9607398
305.6905441 153.9410591 -394.383939
535.8636592 451.8188193 186.0451616
-314.3903931 -237.0444684 -203.4178268
-400.2057073 -27.55798826 377.7090984
-123.2905853 -428.3575175 -253.741989 R
-277.0689611 328.5129394 -482.9962311
58.08967428 -309.2437016 -393.5759262
370.0173862 -352.8875216 -252.8666017
-8.72746876 316.8905858 305.6114759
459.3278342 385.1987026 236.4103687
-267.7882991 220.9606371 -79.7249568
-49.65612209 528.6400715 -422.6504551
-382.8316337 -409.3440694 -353.0670037
192.5780894 -265.3183758 -202.9471366 R
-434.6776344 -74.63457937 -314.5471281 R
-46.58899445 63.57038294 -446.3037589
431.3391297 357.9313672 381.1778724
-436.0490654 139.4519097 85.16111004
225.2354365 -459.9525453 392.9176047
22.89964657 308.0513509 -278.6427428 R
397.8163529 169.0274617 326.7430566
308.6100443 -520.1441516 308.8955124 R
43.45736886 -450.8453548 -155.9712752
22.51441577 -437.2978916 377.0310954
-179.1299358 136.8612854 388.4627728
456.8394949 -358.3231527 -300.6906473
-110.2242627 -279.232922 -453.2757015
187.0027495 287.5002326 -109.2643554
-341.2151333 -367.3300428 300.499627
-473.2277013 -354.015897 222.6867579
276.7473464 230.6264396 -487.0872901 R
213.0529962 -365.6461594 -285.9459323
-79.79116414 117.1706892 68.75964303
191.2114596 416.9251436 -170.4649525
229.4695917 368.488626 -368.4308036
284.1023361 -221.640825 430.7588596
212.2784993 -106.4757341 -337.1406097
-249.9072075 289.1906151 -349.118576
-157.7393103 -510.4248306 -177.0371719
193.7559512 146.3961328 -124.111109
79.57110393 -326.2577341 182.4667727 R
487.2275433 -252.400327 485.9194845 R
-149.5631627 367.2735118 191.695103 R
-160.4991499 -135.1218206 165.030287
88.81316267 -142.0769089 235.6122258 R
167.404939 -263.2684644 -441.3830748
24.20492298 276.4729277 431.4937338
265.8102388 510.7862444 249.9120195 R
26.51582349 291.0107538 -100.7261214
-402.8004611 -54.75646159 -170.487647
-269.022919 -417.5943751 -424.4468663
169.2644465 -440.6364565 277.8941826
-228.9490466 39.71629779 426.7785271 R
278.204423 295.61433 -428.3866042
-237.2690026 -393.4679621 -40.000967 R
149.7952191 144.1093311 472.0222872 R
176.7923871 -469.1629049 -187.8841256 R
-321.9261229 49.11739265 11.74640162
-173.8079355 -333.3578148 411.7244307 R
290.1409712 -271.8776523 -473.8951335
496.8059467 -278.4389925 -55.04977769
-241.0775199 -261.0371338 -513.5248623
143.0310581 240.8379003 -43.45994334
-385.2279069 -342.4458206 -489.0034748
-454.5178676 154.1403425 -447.6133355 R
-339.2060288 343.2323349 -75.5696248
-144.3694116 121.9031596 -118.976001
-278.4595154 280.1683818 71.77543777
296.8206249 282.7670401 -124.447428
89.9492138 -81.84510618 341.3961096
496.1514715 467.3182679 384.2302444 R
-207.8850659 -233.0994283 226.4101049
-185.7289857 -226.3113776 184.3217489
-151.6923753 -527.8727856 45.91832317
429.5417112 244.0599299 -213.0328768
204.5832274 88.92956188 237.5307783
-317.8667857 156.5136364 45.73982656
-75.68651582 -246.5334412 143.9841267
-309.3743008 -478.0769524 92.68709898
433.7340688 61.88093185 -106.9477026
-238.650934 57.90461707 212.3216838
364.7481319 242.9954696 156.4064677
-52.26712935 -53.67591484 418.6237743 R
510.8473124 137.0075648 367.2437509
-5.823603415 388.6719429 290.0425658 R
-192.277349 227.6062338 239.3604576
70.66112804 -490.2990657 533.4223476
24.39809701 492.5241089 190.7626049
276.1335908 -175.0910739 336.6128168 R
-222.8019373 98.89731865 -280.8634113
129.6297627 351.7060128 -450.278826
455.6116422 -303.3528417 183.0028721 R
512.9221354 88.74196376 345.7784875
-354.7510549 144.2318643 -272.1081083
373.0248302 189.9013702 422.3370227
-54.14338673 -386.8641635 506.1457142
-98.74873718 -214.8224471 297.5175641
505.2619416 -187.4021066 -208.6439874 R
148.8508253 -514.5805127 -293.0903109 R
-120.1689321 442.2086815 -160.7159554
400.9674494 273.6919143 170.9937846
-86.44436539 251.5248635 457.2270035
-321.6414223 -76.69100516 465.5388221
-116.1191676 61.33144278 232.932026
142.8275563 -250.6144647 -178.5238151
-206.3538853 -150.1142171 360.7050987
149.9370252 -464.1423912 446.3554417
-223.7758692 64.43162793 -55.31600134
-503.0012175 -23.61755399 -38.34033422
-386.5228407 448.4974511 -135.3182473
442.147228 249.8350409 206.729137
-444.895875 -358.3605376 -309.4155993
92.84127281 310.9792255 298.6497602
489.7392379 -428.4229634 205.5368502 R
91.6258565 -400.2765161 206.9546687 R
-334.7357678 -63.56351189 508.0117943 R
485.4148971 73.94654328 176.4893804
-384.6481982 -173.3057757 66.87537642
361.9964167 495.509212 -320.557627
94.7374967 -202.8653597 -43.19476139 R
-85.90081123 42.9457095 291.5246227
-1.688197542 -498.2356297 -265.5772025
-449.7478663 185.4451435 101.6908172
536.9945505 40.82699163 343.5066595 R
-332.5926894 253.1665324 -365.546054
502.7001704 -56.5769536 -16.65152235 R
-374.0659538 169.912545 -376.4778715
-204.0003538 -90.38719138 108.0500825 R
183.1714203 -184.2421104 485.569742 R
-126.933215 451.9824735 370.7946749
324.0777028 529.7978792 73.18739231 R
190.0222002 74.71799984 -190.1224291
241.8201902 -58.78656858 46.84086944
-216.233374 11.56248476 361.5370048
434.0018963 143.8354347 292.3971983
252.5424001 -196.1938008 124.0399659
-219.3836348 275.4168442 -260.4642576
17.59187394 348.0736573 32.99677811
-457.5206885 -485.8135402 -10.09821185
334.52003 -183.140575 442.1191711
-450.410239 53.27901876 -350.739199
208.06327 -440.772415 494.7694687 R
291.9791093 -331.2022599 -404.4499017
286.6454122 35.79876618 -212.3556092 R
48.14837724 -147.2918624 -310.469818
-458.8978257 -92.78181297 13.81769246 R
224.1607465 -158.2265971 228.6621907 R
190.6546516 430.6150846 -176.3145666
-282.97681 -208.3965833 38.17419311
371.583417 445.5770622 464.2470037 R
-171.7462525 121.0462849 479.2755501
497.3867347 46.46066033 -478.5588528
-499.5073305 514.028922 -49.66819043 R
279.2831404 244.5463779 421.356501
-171.83566 -409.4397032 -379.3986114
-90.51891892 479.5956576 -61.94384089
-397.6517683 388.4912327 -470.3408994 R
-77.19843969 -228.0109392 226.4037094
458.6817771 -222.1011147 -229.9158972
-448.1494174 404.899177 118.3786296
477.2588205 -492.6630339 186.5835673 R
-20.12402483 -114.6359504 -106.1322299
-325.9701486 -369.4350911 -106.4871991
-50.01365295 89.84924828 180.8361312
234.2605866 290.5598048 315.6327611
118.2064859 -481.5599257 -455.8043677
-259.6702656 446.7287395 -94.42997703
211.5531115 340.6648877 -1.630024517
-118.6487062 -243.1811255 -188.7485817
-202.2474406 290.5434254 259.5160145
30.613522 494.0238852 -213.346554
-360.4086383 142.0867125 311.5897462
355.4051575 178.594654 -436.2906429
-18.92918066 349.8286296 -202.9780076 R
-454.4796826 84.53194804 122.5604094
530.3898 106.4678694 -107.2813732
-47.99419853 -522.2265143 -89.70775014 R
213.6721051 -421.8904013 371.4248729
-301.1629234 -266.2305738 -99.31241166
76.8085575 -299.4114828 -126.556019
26.70414841 309.2385515 -47.8190874
224.2658603 -196.936491 -475.3036671
-42.2084198 273.0453855 198.5606582
-448.233254 -474.0761659 -99.7699571
-268.1322891 -463.3097075 410.7061186
-435.806841 455.0002659 520.5072099
-135.7785574 -79.84614113 244.060494
-487.8909094 215.2003933 427.3881019 R
471.6845874 -56.08399792 -469.7682608
348.9610081 48.70563602 -111.6222741
-17.15537251 -350.565639 85.89158796
41.62169715 -446.4004184 190.7892194
-319.7568535 180.4476318 -156.2797495
253.8307556 -32.79545019 -131.5859029
11.98401954 465.0731792 278.322996 R
-413.6386113 -316.4298327 458.2492558
-488.7656001 -345.7236754 125.8489647 R
76.28477533 -184.2611788 -132.6983286
240.3433289 -405.145712 -117.1094096 R
67.15676867 257.3347374 -236.3717902 R
-511.3285374 180.8487299 -183.7692894
454.0800582 362.88917 224.0678115
114.6233614 103.8157091 88.02259065 R
-286.7097291 133.8121134 166.6272764
355.5656524 433.0793671 -370.7328498
-378.7534831 -216.9068065 226.5438176
-451.330435 -298.0519585 -381.3806336
-70.75195602 -198.1506749 -63.76741123
101.2695718 22.20366587 448.1327704 R
-170.823687 -88.02781525 -191.6803906
-76.38342696 -200.0458291 65.80826873
-368.0814897 -262.0783057 333.2731826
531.511223 309.9557162 127.6089934 R
-150.3803345 -97.1086324 -54.75274794
-356.2907803 -237.9612248 -253.6334188
-505.6518595 -108.6808494 -146.7640409 R
136.2948509 -7.616519281 52.45695565
-363.7892644 35.45106978 349.7487901
-174.2610245 -190.7206369 -352.7095311
424.4638511 -105.9777955 518.3219828
-195.9697603 2.781548582 316.6337485
-386.8074524 -379.1753663 -169.3407523
-79.46082008 43.55906317 443.474645 R
-133.5264286 51.80791252 252.6302073
112.7007151 521.9307648 444.7490731
156.7306014 463.7145207 480.6207748 R
-157.263584 155.905855 147.9592062
56.61538538 -536.2310462 496.0498448
-349.1952748 -278.9611891 -372.9785589
-32.41486829 -150.5390308 -181.3066759
-479.7987395 -302.610046 -464.3792309
-384.155189 -61.98052714 -139.2896474 R
-65.01582734 -447.2138028 208.8104204
-423.8746137 88.00977687 453.0261292 R
-158.0049446 352.0076273 385.0155196
254.6189747 -445.6854189 475.9174285 R
-317.7797424 461.812769 180.1207455 R
-488.8150205 -495.3378881 -92.09129057
-232.7215777 297.1604146 -139.0535069
-488.1380655 -504.1297945 428.1449337 R
-382.4070062 106.2325786 -202.9089875
95.04576246 -285.038455 354.9710748
-36.37840892 411.9607922 -378.8855062
-145.5244528 56.69689376 478.7636043
368.6526571 -418.5644482 466.4356347
371.1648066 68.04685977 -343.4629079
98.5271275 421.9757951 -498.1524362 R
-382.9236876 -374.5756767 -66.70151855
-301.5248382 447.4607959 491.5817421 R
-200.9536069 403.3247732 -295.3868135
505.9786446 346.157613 454.2225326
53.42016133 -499.8675026 -81.3356645
90.43603497 -332.7506991 -174.3135412
-539.2991119 -448.8085501 12.33547879
-273.9740584 240.8609119 -323.0949455
26.08772428 -88.05572061 -170.7519215 R
-192.9275487 -454.5815636 -105.3310226
168.1357887 510.9725174 -224.7015737
60.33966383 -75.24376085 320.4244963
-32.73899663 -402.8082958 105.4219034
-194.6850807 108.4829386 -160.55709
-321.9859619 111.5537943 349.8658359
-75.12582807 -167.5346747 -410.5580335
255.2980433 142.5791145 -173.4049245
456.249973 96.76825446 -480.6698079
352.6043522 357.7413598 228.9544496
-292.1208991 244.1123781 -138.0436972
492.4507769 401.5576059 359.8058419
-318.4622655 -177.7200173 478.8848674
-293.9941341 440.5792947 6.739337281 R
-458.2096991 -84.42578468 359.8643151
-215.0557486 216.3225987 -30.26384446
-221.3191593 -516.3276409 119.2318588
-501.2614312 284.6683199 118.8436657
-315.7369215 -300.3690896 316.2777571
-183.8425332 168.6610661 -168.7123396
-445.7638509 217.3064806 -159.2986066
-258.9850003 -181.7804737 -275.4674324
502.0733942 322.8655194 -48.87786161
-286.0623715 -503.3942854 -138.2564151
0.657939861 -215.9686719 -375.0188354
392.8802976 -137.2002927 -144.9616952
-377.1362685 62.59943049 -132.0113469
335.0069025 -258.763285 -146.89369
-422.9487256 -298.0122628 -276.261704
197.0797062 -368.7764191 -476.3871939
368.7503523 -150.0454519 -491.36006
290.516785 -381.9694163 210.2579872 R
487.1973291 401.1912294 319.3367291
-384.8327211 339.2628226 -352.8220051
90.22753843 -470.3547664 -109.5921361
-36.87837158 154.0406204 -308.7407139
-110.4910245 239.8879028 151.2088244
-539.5393608 231.2093593 473.1460307 R
-315.1944007 321.2134988 467.5173278
142.3399076 503.6734322 -230.7469156
-218.6155672 459.5012717 -40.00544194
-508.8659418 375.2132988 -77.15703178
382.2054849 -544.5472311 383.4428487
-180.4359525 -489.1524315 -216.4290936
-198.7741901 -379.2423236 359.2679157 R
-94.1093211 -236.131813 256.7141916
-301.9444256 202.1223328 211.1295759
-155.7182064 293.1109324 52.27705932
450.6319923 -36.95475928 290.7609562
501.0011692 49.13446437 163.8240544
182.7271741 31.08737572 -80.38186926
154.6413181 -176.6794011 -179.4807921
496.5660487 430.0785263 97.61814658
-21.3440465 -247.2045752 -499.0249313 R
257.0839203 409.6400172 -69.56888841
-128.7479191 -343.7420838 -177.7445012 R
-201.8969352 -503.7445738 178.4794359 R
-131.3847877 351.296182 -310.4962422
174.7071981 192.3968218 -513.1807421
501.1957021 -88.55794725 286.2966954
5.657289133 -414.5906488 28.51666333
427.0828065 -273.1765167 -7.557508128
5.022669123 389.363247 -243.100724
119.0645217 387.5496755 45.7455864
-516.1707535 -73.96223181 472.9962275 R
213.1833931 -139.3044366 152.5250323
146.0869752 39.76248709 350.3583399 R
428.768111 301.33501 -380.1715323
-400.3990006 -414.9624104 -261.127538 R
125.7444808 -381.6117884 135.9278243
347.891367 -51.56927051 -424.6530386
60.54136057 142.3975187 305.0035691
104.0083481 361.0333436 -44.62090752
16.06167112 -327.1949692 235.9885357 R
150.4148275 180.9185344 -242.3191847
243.0764981 -420.4865331 -134.6486186 R
112.6781913 243.7931227 314.8750998
532.1161911 509.0619519 287.0431319 R
457.4778732 312.7351823 -138.1664206
498.8860584 429.1508039 397.3717648
309.6558634 -21.12326166 -109.7663
334.5662858 532.355732 355.6885752 R
59.91720174 -349.3431784 209.9916747 R
414.8032459 493.0890367 -479.7450716
128.5502956 -127.8892248 218.4475529 R
333.1609926 -52.73036169 -183.5368775
209.8172189 379.0453197 -503.0075904 R
-457.8134296 446.1374142 501.0136488
-320.5814082 244.1885792 19.86790849
-368.2410344 -393.32504 -66.69977828
78.08655902 481.6912817 -403.7669846
486.9104346 241.2733381 -396.0993338
-410.7568283 -126.2128864 -132.3104163 R
-325.7762733 334.2525949 -501.055425
306.5233221 121.3914606 278.7209746
322.2529106 430.6778667 -42.39395845
-85.09198295 -115.909379 -417.5479088
243.9940758 -36.98637349 58.30047574
276.6696715 -441.9120162 11.51713982
-141.6563948 220.607303 -162.1686305
129.6483701 -489.671088 31.52817227
115.161813 -428.2307723 56.8361855
205.7016667 39.0172504 77.45051696 R
-491.4595981 -356.6485237 -65.01748206
-230.3614261 -338.3519408 254.5144042
-433.5469948 59.92814934 99.54589332
-247.6947925 -165.2382181 -32.35648109
151.8508392 198.1340233 -198.7238284
438.0064526 25.91681353 -121.495948
-424.24806 397.7932648 -202.0627552
-94.20863158 396.7855557 -224.5404931
-445.7029836 7.884198007 -57.62952505
-323.6394638 -515.9014814 -388.3836609 R
-29.81077236 -338.3778747 307.7585476
-104.2260673 -277.3016194 203.8132691
527.5584278 260.0441931 492.3990554
-341.528841 -521.5604019 45.39230163
411.1782384 192.0023098 -354.7912194
434.2987474 -218.5025387 -360.6327786
432.5433924 240.8037523 -104.043274
-66.6481961 529.619969 436.8679072 R
-535.8731216 -178.3882841 469.5720959
-348.2688645 225.8719343 347.491309
-78.7839064 258.3717977 384.5034069
-356.0467674 107.8542543 118.2962283
433.4629734 -64.13487088 -182.6632331
-78.07532105 520.947095 -306.2956647
-483.6925894 -519.4118594 280.1261312 R
251.1711478 -110.0453018 -344.7165805
77.92800544 97.32462877 455.7723541 R
436.2106893 19.41447075 -158.9429179
51.95487023 281.3066362 227.3322077
-410.9013267 423.6196992 -200.6537979
-22.48097021 357.7410855 122.9611819
407.6015752 -16.15398895 360.7910656
-473.3126467 293.2543531 141.898168
490.4550806 -160.2799609 -329.6870459
138.8802411 -348.2247845 -299.6176695
376.958691 -182.7974594 446.8406207
141.3889752 234.4274025 -406.1644763
-366.6048791 -301.3743542 -459.1016063
-45.73474321 30.12453803 -255.3509528
191.9935768 255.4565001 192.1197607
326.6616045 137.5241163 51.34805374
71.43412596 43.20508293 337.5182638 R
-156.5905915 -134.2695579 -217.404146
501.4384952 173.4035777 -334.6142487
-274.2169406 -336.0418817 -258.2944296
219.1010306 121.9735308 325.6749574
-91.31966508 129.6698603 -232.9509612
-39.74125243 -387.8400043 -85.04999172
272.9630084 196.0600581 -245.8465003 R
401.3042019 364.5230344 -383.938721
-117.4822485 321.0785585 402.596479
384.3887397 93.70044848 151.9210184
-32.39579 39.61776659 340.6805091 R
-485.4528983 310.2857144 471.7500051
-349.6269636 129.3655035 368.8976048
-102.8105054 203.0910244 100.2798101
-321.8264391 -310.8663972 342.0651362
-3.14747231 174.7563097 -238.9234838
-331.2530198 -512.0617375 446.3343082
-206.8928369 165.3548662 -360.5193336
244.3903927 271.1414093 -487.2385929
389.8657583 -216.7633458 236.4165347 R
-482.2483504 127.8812575 -332.919229
-299.8199235 135.2235904 398.0354128
108.7653524 -136.0992459 100.9629173 R
-498.1517745 -79.4462745 -32.09402868
-353.6326316 209.2340473 -19.95882586
454.6817679 -6.213787836 477.8445031
-332.7012731 121.2406887 59.54291837
78.70225655 -141.9437711 314.21301
197.1020881 -490.2539532 -33.28326362 R
-137.2154567 459.9878142 492.2331711
350.8963371 295.2350125 466.3416249
260.8284096 128.3209957 -138.8442158
-397.7169376 -25.89545431 -136.2541781
-4.979338611 -387.1221863 -18.89899497
-54.69051151 493.8206218 90.36188959 R
75.19426041 421.4485608 505.558523
-513.1903086 45.07496618 205.1388286
-359.7538173 -227.7197964 -65.20725434
-165.7154998 -286.193077 20.77787512
-108.8848852 396.1052254 329.9720472
-370.0689857 -356.1098091 -51.06750522
120.4952073 245.5343962 -467.8223142
-229.6065135 424.74759 -526.745469 R
380.2928712 -134.1286821 -52.67055876
-93.19783679 -486.1583281 63.91067019 R
500.9805946 268.039329 -532.5943832 R
-176.6006656 -215.5000506 -360.6782738
54.63720845 -403.0077093 -131.3803364
90.10556193 123.2076534 111.6746947 R
445.4202691 389.5400314 -239.1589854
-440.190008 -294.8046181 451.6667465
175.2691318 -333.6976 487.5242632 R
-10.61466235 -321.2954871 415.7638911
356.5874646 -27.12246638 -29.76237007
285.5631459 -241.1503265 295.1827016
-473.3069991 103.254183 -353.2070422
-412.1640749 510.1170518 -3.797973687
-383.187559 227.8846093 530.1422041
199.0497818 438.978631 -345.2405257
19.86959604 -455.8432274 113.6022755
-64.85987569 356.5218566 241.7171103 R
-205.8839083 -366.4651449 153.1931173
12.36932042 377.6600557 362.3895688
-217.7691409 442.9000312 423.5864822
-409.9254266 205.4113195 -472.4983388 R
54.45853673 -301.2505585 -431.146035
512.3014285 229.323861 128.2218688
-208.1532509 -387.8146759 151.5574636
144.9089763 -235.9062766 -387.9018901
504.3962224 20.25277491 281.1705979
-294.1431161 516.8981804 33.7429172 R
-494.0096136 146.2675323 289.1024375 R
-337.0942786 -61.60858087 -182.3699344 R
-121.243328 217.4864404 334.09556
17.45509126 46.8339007 372.4465223 R
-518.9203924 -334.7247471 -31.73003989
494.621779 367.6683719 130.1857383
121.3822131 106.6554495 -148.992232 R
201.5294604 138.5146928 -346.3939734
-104.8554362 228.1892431 155.6516885
-400.1729687 -263.1109695 412.5935227
-29.03789845 -260.9909192 -61.84575354
205.0758771 -217.1643153 -422.7264402
-110.8803492 44.25598653 236.4992582
-104.2486991 270.3223236 319.7097034
425.1039553 144.881038 -217.6515868
-63.3162349 -541.6785993 -1.44161627 R
-301.5427817 -480.5182614 391.1059398
523.7236413 10.59190199 -360.5540296
452.1518017 -421.3226135 -185.4032291 R
147.8719729 203.1764852 -361.4437839
177.1002768 358.1717476 -46.15629898
-503.9557573 -364.5488461 -296.9139199
204.7523231 546.2089569 -455.5433159
61.80583757 124.7624174 -117.1307155
184.5794474 -51.5574181 -316.1132399
132.9685393 -296.0744631 498.3796819 R
-103.7720703 65.60628778 124.650859
255.1502686 -299.4789826 -192.0478055
-161.1390019 -364.7411503 -73.03596141
19.37373623 -475.3824925 -69.57882145
56.67278316 -59.2521876 466.3625308 R
320.2299811 402.2386931 -485.9421378
395.1837265 484.4329947 -483.0573745
371.3638649 218.0063944 -306.1341116
-463.4702219 -217.9989477 480.7107702
-8.589742552 -28.47496485 -261.300838
359.6998392 -228.8579043 273.5807751
382.7659584 -59.1452608 -395.5066121
429.1216642 500.4941019 -260.4661276
512.4611825 -282.893253 372.564334 R
148.9684695 402.6383646 -304.7786044
60.11492857 212.8701582 -344.6896304
-92.58983987 333.9691311 363.2788827
409.0626835 445.3782322 -287.3394274
-159.8218728 -510.4538307 -188.9176345
-24.34777176 -147.393926 -307.0177581
-543.7919067 324.3119274 -173.3140227
-188.6648906 -348.8740782 -235.5520811
148.6041211 323.7099838 210.8383978
160.8375705 326.1563248 490.757465
114.1443482 165.4998381 -48.22251871 R
-423.133571 352.637427 -421.2298316
499.2696985 326.6281868 392.6974207
-341.3600163 -372.387077 -300.6878355
-317.4031012 366.9415103 302.0547639
2.363211213 -454.4493573 345.3458538
-355.7280581 106.7852007 285.3519293
-98.47167431 509.4928966 -245.7740727
436.0412181 281.7015868 422.3774663 R
-481.442182 -36.26655762 186.9901586
492.313256 368.3744499 407.6225235
396.7973328 -262.0737241 143.0183577
-358.2161766 -340.5209706 -314.5991198
278.0400363 421.2331542 -390.8906697
-295.9344998 -163.9525948 -312.1581232
-492.4569206 222.6522973 -511.8832326 R
124.7713988 481.1413152 251.0846253
-335.6996784 508.8721223 -297.1962068 R
329.7112463 -227.4859377 474.5104286
358.3940705 135.6183167 19.22413798
395.9641331 -207.0493091 42.59117661 R
26.49471603 -222.9401958 -490.1820214 R
-457.4997646 -6.968571595 -321.5135203 R
441.2433574 -290.4729406 -472.0007377
511.213665 430.7112991 192.4024221 R
-274.956667 365.9841722 298.3361369
-324.8766332 20.52569881 -466.111673
-460.9119832 -32.00046063 -83.8690744
-198.4254317 183.722225 -204.0878062
517.326033 440.931956 21.39993184 R
-424.7620177 503.3140605 -93.44387758
162.5994786 549.3109954 -452.6873253
338.0840955 141.9277095 232.6478847
-156.0030042 -305.6379386 124.3132607 R
538.7592191 87.84467785 257.3523535
-264.876918 187.9594654 -82.3470779
228.3483971 -153.0773264 436.7678402 R
188.4641671 39.70714009 161.7470189
95.65155912 -489.7610309 -512.4037705 R
-517.9123501 -274.7009202 -362.7128268
445.0884765 92.87579424 -253.1508192
465.1917695 245.1957465 18.4821703 R
72.92734977 532.4765635 -398.2399329
-162.838203 49.90560159 504.0752451 R
-402.6534022 -490.5936446 -29.70418981
116.909484 18.73142096 -473.0097866
273.0110248 -363.0996968 -183.5446865
194.0690922 -81.32709545 -257.5911667
24.32009934 324.854774 -501.9477584 R
18.696956 256.459512 453.7892602
-145.5408007 143.0265043 -388.0624292
217.2811088 -211.3063466 492.9588775 R
181.588861 -526.2366906 385.8865686
291.3128698 360.8010272 -507.4171591
-418.9779828 264.2699827 127.8062648
94.88621079 354.9505606 265.5448373
115.7890452 -296.0659654 76.70231458
390.6952954 -382.7643256 199.4933998 R
-204.7925508 -96.24531232 -21.99033779
51.52805297 -284.778278 20.64453479
-246.5937044 312.3120738 -495.9626226
-175.6888749 259.0900094 324.0909827
-183.6184191 426.9863382 -104.1869982
-48.11671592 184.7193274 -307.1577432
-226.8779695 390.982505 -103.4760598
445.725515 -325.6296745 416.4951655
51.7304177 51.47986899 405.3322482 R
288.0409744 -368.7491247 280.024975
-410.7143259 402.8342958 -441.0722097
265.1956171 59.40189281 448.5094629
-240.4224764 490.1280073 -432.319044
383.9329411 -268.1442809 449.2709576 R
-477.3111755 -416.868677 -455.4947959 R
-196.3922832 124.1631257 -238.0933419
-365.7249819 303.3737832 -18.99959235
-403.6524229 -385.2565155 104.2391548
-359.9640997 -516.3937798 142.0057356
76.82522115 245.3932564 -377.2529973
-469.3510362 -43.27854823 -523.178504
-2.572356718 161.029505 240.0803831
-481.994355 335.8335564 -223.8111224
292.7841974 424.0538629 513.5858867 R
-227.9225211 -408.4145016 -366.9711912
232.1853513 -98.8540651 -108.397109 R
-466.8269169 271.1745708 -157.7755347
462.3987419 -120.6624431 -216.7345351
-457.344031 -20.07633037 -502.383838
73.81804643 -468.0677396 46.9479402
-268.0677266 146.7790953 -181.5201566
-517.3700234 -69.69663884 220.6390599 R
155.7077405 -476.60458 426.1199545
-239.4387468 223.3373622 341.4607759
192.4523589 -544.1803958 394.5649102
-360.8191939 -466.9336527 506.7260978
217.77253 84.08483932 23.4640945
-219.8626173 402.8882046 -354.9555933
-483.2606303 525.2700121 -425.1281428 R
-342.2556065 223.6444349 -219.8167755
-479.5283691 225.2195874 501.4974562
-524.8278445 -427.0167968 -71.75410236 R
-11.16280291 158.9532487 106.7404669
-517.9423342 257.1578125 202.3294597
-182.4816386 -466.4764894 379.1180333
292.5564044 382.8756433 433.9949721 R
-323.9271352 -274.5159541 -193.7528138
-497.8505762 332.3768419 84.20648232
345.362441 -273.4741743 343.2820732
230.87196 -395.9487421 95.18860438
-271.3285547 138.1127464 396.1870184
-456.1599517 -68.47954146 155.7318844
22.72161019 -84.45825665 -14.75964948 R
169.4415021 450.2505536 -4.508103267
-218.110832 -239.3275433 -258.1999172
225.8168614 -257.9060412 -388.5815303
-121.0950356 -19.88320371 468.2226545 R
-168.5523189 86.97694341 -14.20839365
359.7464968 379.0339221 381.5538051 R
37.64863961 -475.9343796 125.4462849
228.5680691 123.9395358 -429.8053453
521.8754068 61.31197401 -306.2754093 R
-146.1704115 -251.084425 210.4386653
155.1676557 526.6671495 -232.5140926
503.1317159 206.0828299 -273.6987686 R
-125.9953085 -544.2413096 -517.3647723
295.2975412 -484.8286435 -481.0228234 R
463.9029247 -269.1882198 406.2005526 R
-31.76011684 -225.0161257 -74.68413949
-182.6818883 413.7201319 -167.5338144
18.85052281 -360.1425128 -213.2882861
251.3324776 534.0733523 316.1052475 R
-367.5474636 276.3170359 -461.0114547
514.9260827 -51.1357149 -437.3427259
-287.9125202 -183.7808313 250.3392866
-415.0043995 -183.5915823 431.1696144
-61.18125147 -105.5403212 -505.4611716
99.09231031 -216.1240576 477.2251026 R
-204.6661598 -371.8929065 -81.20590688
370.8607917 107.0928617 235.4382973
401.6980824 330.2809653 -230.6189617
-490.1901919 -169.6531754 -473.3102815 R
-370.242973 5.997964949 -172.8888483
-98.01367376 -348.3612474 -533.453515
305.0814768 -342.4725213 -48.57057242 R
168.3053035 224.9163937 282.3311335
321.3391709 360.35257 191.6246848
449.1263421 260.8723178 41.51553798
-434.5949334 135.9633115 222.7342739
-144.2740812 1.630116311 418.5858261 R
44.13265518 -260.5502088 220.7089294 R
322.8544811 -356.2015373 299.563557
108.5140783 -509.0951967 81.57541837 R
271.5791353 328.9983278 -373.1710551
-193.5518535 -272.4177419 -118.7930992
-267.3308144 498.1104039 511.6743801
408.2313728 329.1030043 164.8219812
448.6559967 -253.6241341 -342.9469365
-362.0953373 381.7368694 -15.11388883
181.602566 -51.71026404 286.3354288
46.5723032 4.957018582 7.184805049
386.0967572 -214.2004808 -439.3884209 R
527.6191366 -542.4478227 -497.4665442 R
-308.8103796 -475.9757639 47.1112973
-237.6678467 -484.8107987 -209.3286434
426.3368601 -370.9150081 -431.9175205
-431.9151764 398.6724727 380.7243005
-81.91069603 -28.21111793 -414.0214648
-396.9929594 322.6186075 275.3109488
-69.45205716 -497.8296093 -380.862885 R
-178.2453591 -273.6310592 356.8975287
-139.8633954 -113.7963036 -263.6800252 R
-304.0048309 533.1622368 349.6030143 R
167.7173889 43.85876934 -506.5975941
317.2262663 223.0059823 509.8421664 R
-81.36115975 378.4106086 -440.4409616
-403.1149498 44.5498709 508.532912
-118.575537 51.00040149 414.168064 R
-411.5202818 424.8488069 58.62713078
509.7748489 -55.43423397 115.4140033 R
331.4581988 268.6064712 406.674703
161.023015 -204.4621509 -128.8182337 R
-327.303313 85.0972387 -86.29071703
-247.898116 -499.1674897 50.3785195
-271.2407008 -83.64901569 258.1956349 R
431.0574999 105.5668989 190.827175
389.9619096 114.5997081 291.8479513
-1.472005968 326.592906 -114.0382461
70.35067483 325.4045911 -429.5545219
-285.4845872 337.150373 -233.4885114
309.9728056 -127.6340224 489.2164777
-449.5482733 -161.2898337 307.3589848
448.0860578 114.1738708 392.9990471 R
503.1888923 -185.5876532 -62.32114045
-102.2035865 -95.18643635 287.6876159
532.6421959 435.469085 -111.3164471 R
22.65901291 227.245922 399.672054
533.3367599 25.88318072 -68.54062717
-128.2247019 -183.5515871 129.774968
-355.3015372 -370.9361985 -277.2241049
503.4900758 245.719518 61.81848952
293.153016 -203.9255143 251.6393389
-477.3796719 102.5727382 -440.6651393 R
-218.541992 -468.936737 508.038921
145.5364289 -283.8018925 -248.8518553
-258.1646019 -202.1571431 -174.9505646
-181.3897346 -296.7130314 398.8312206
209.416287 474.8791458 360.6675548 R
-206.924404 -268.9086746 -139.3852242
40.85891785 -34.87524015 -94.24283521
438.7643939 -501.9084912 -433.7189376 R
-31.15184406 -275.4883672 -529.0578385
-423.2599125 305.0229641 489.8886823
293.6012184 8.89879194 -252.2943577 R
339.305258 479.9739983 343.9130575 R
377.3664053 344.914593 295.7109006
-277.7321925 113.2344948 -489.4007587
-252.2612119 -382.8679787 -475.2625456
