4.092525872229633884e-05
3.429682939529777360e-05
3.434940868316802888e-05
4.500096655334058862e-05
3.429626368989686100e-05
3.911199815474536608e-05
3.825259638104047102e-05
3.536548372156425287e-05
3.338860228197963943e-05
3.911556394879463254e-05
3.973356849142408180e-05
3.778546761930683400e-05
3.520654808030460563e-05
3.534253734229669716e-05
3.431368103319903403e-05
4.037163204556980917e-05
3.342372976758622636e-05
3.717855936307655078e-05
3.328301502473545663e-05
5.678528880898317738e-05
3.496126253982009721e-05
4.495919132180135240e-05
4.225582682063818834e-05
3.318623412625680379e-05
3.584151436955890002e-05
4.023825593710086843e-05
3.853591377681837507e-05
3.387610051585539678e-05
3.642603284869924479e-05
3.565603845842329372e-05
4.583540487652902910e-05
4.132849005803408471e-05
3.460089418314839758e-05
3.404207453726448688e-05
4.396653927068326282e-05
4.228398052280228316e-05
3.380009378397499269e-05
3.896104131705902890e-05
4.010577272128810919e-05
4.636966247655095502e-05
4.636049227277351910e-05
3.561771034366305598e-05
3.472381117491141379e-05
3.955228854665054553e-05
3.402319806579231278e-05
3.350804904070470944e-05
3.509628246174366226e-05
3.431099060549845637e-05
3.337873790192486385e-05
3.717687619799904118e-05
3.701024407773017443e-05
3.767015509437879030e-05
3.974221103299397008e-05
3.522646052283874676e-05
3.333885055538728944e-05
4.395699877520192479e-05
4.510010167468410565e-05
3.324662588043402069e-05
3.434999880821646573e-05
3.925425394119459065e-05
3.529077011138587162e-05
3.429860715952527558e-05
3.865095075343224530e-05
3.565458594823563886e-05
4.129554960720142155e-05
3.766630430729519114e-05
4.147439829479323414e-05
3.444291703772356947e-05
4.038208763916975954e-05
3.558063205626617304e-05
3.870211021551746121e-05
3.734619023316193028e-05
3.323623401075102840e-05
3.379779424991703767e-05
3.423691075655614532e-05
3.594737492207732501e-05
4.049928864827321114e-05
3.704683446357923344e-05
3.324137235106169544e-05
3.711421274094087527e-05
3.579422522910395232e-05
3.655394631871402384e-05
3.435455792559987493e-05
3.757146275033429082e-05
4.613412815191021514e-05
3.378721646158514745e-05
3.684798180378709561e-05
3.548833913051366599e-05
4.083055619822156747e-05
3.334778718390248487e-05
3.470898764966398451e-05
4.839026561783507532e-05
3.858636339932550321e-05
3.547884522898803178e-05
3.703015529622166556e-05
3.611275984503610308e-05
3.567642904461198068e-05
4.020826169430498462e-05
3.548372797846885315e-05
3.373588179231759842e-05
3.361666253514973308e-05
4.278041197034238892e-05
3.555487006477062265e-05
3.398140789051580247e-05
3.638774424578786437e-05
4.280039231298076363e-05
3.496315333499197851e-05
3.387802324415824939e-05
3.921023678920418978e-05
3.421165816612823469e-05
3.809996413663737090e-05
4.011125490235568192e-05
3.592325514220010024e-05
3.371294392589949855e-05
3.559698390632388309e-05
4.189763040104413274e-05
3.387768887818357635e-05
3.374467313902945547e-05
3.397162265986711129e-05
4.247959807858586712e-05
3.443119668459673321e-05
3.370540145565925329e-05
3.960751251354885513e-05
3.427758099893876253e-05
3.381362987799224910e-05
4.179616544025730292e-05
4.325027583865966729e-05
3.774826899755971937e-05
4.085350174544304835e-05
3.495021876745615897e-05
3.906105991623795034e-05
3.415783918087492784e-05
3.447495879950301093e-05
3.989654506386630764e-05
3.823498734541876885e-05
3.365011797202437284e-05
4.061788218150232186e-05
3.906390403029765847e-05
3.358531278402867622e-05
3.796945777689651042e-05
4.759740741160979773e-05
3.602685840187233292e-05
3.325674496254250157e-05
3.456055058914773455e-05
4.379776880278501858e-05
3.577835998969025388e-05
3.604348222500628493e-05
3.562836437614760697e-05
3.403503362336190237e-05
3.995339301892603324e-05
6.018237833094472542e-05
3.400156204379854827e-05
3.607509626071080377e-05
4.009166370847319692e-05
3.608123654724461712e-05
3.968777204822294751e-05
3.322442222890169587e-05
3.461040819852894258e-05
4.150690234026476919e-05
3.404718769050556762e-05
3.378544793222438913e-05
3.474945720824738584e-05
3.407063714815495963e-05
3.459421430603544994e-05
3.372149774105295475e-05
3.341088367373529417e-05
4.106639763904563556e-05
3.403995718350830065e-05
4.693407125355394846e-05
3.448955648915251688e-05
3.454627293741863533e-05
3.319722889703871415e-05
3.637494144729340180e-05
3.323441304599075540e-05
3.472573773644053075e-05
3.326029196919582623e-05
4.614771057580990691e-05
3.606102369808782988e-05
3.866159284612687348e-05
3.338918229009719653e-05
3.885608856139338924e-05
4.674153621083143177e-05
4.044678783267816285e-05
4.085030449226105959e-05
4.043062233139859026e-05
3.564736940204847317e-05
3.527447358670272615e-05
3.633498765316488114e-05
3.817578784460250386e-05
3.834780151710780204e-05
3.496913048620534044e-05
3.988719395152989837e-05
3.535208265841591549e-05
5.340991467452136201e-05
3.322509833886850975e-05
4.907958989644203255e-05
3.701306225615708399e-05
4.335975558259248124e-05
3.700145806022910424e-05
3.622886113703818219e-05
3.424570461602278391e-05
3.465179711926293451e-05
3.728190925541272001e-05
3.809352750558188172e-05
4.109663491744411465e-05
3.359566709711889085e-05
4.944067483694612454e-05
4.185919696913958693e-05
3.327268366788433128e-05
3.407667080818008447e-05
3.463426671247781479e-05
5.283755850822506286e-05
3.763433221106681468e-05
4.163676088852174395e-05
3.428087204642111461e-05
3.573613426158223734e-05
3.506390348993514903e-05
3.827890846758966355e-05
3.384993273630250877e-05
3.440742930920476065e-05
3.615795845288713120e-05
3.343014772620650157e-05
3.466391525812977342e-05
3.503197573930547180e-05
5.471229535104047315e-05
4.015268117088380203e-05
3.345650674651052994e-05
4.511849860059933604e-05
3.341898639547579493e-05
3.416794120368536308e-05
3.469091014339341909e-05
3.597362386537913221e-05
3.705837786708562003e-05
3.724515655417379948e-05
3.552054669281005256e-05
3.391860912039299620e-05
3.881892497978792060e-05
4.633424734175641804e-05
3.599517480173698567e-05
3.504053656879310306e-05
4.218310444150547847e-05
3.400964208237297360e-05
4.433730305852079623e-05
3.751348243380241143e-05
3.614702890418635436e-05
3.573930956081283327e-05
3.875061995442673668e-05
3.413297119256579227e-05
3.390435391902424080e-05
3.699850624472493326e-05
3.938000914502361139e-05
4.030378229233338029e-05
3.530194642852019617e-05
3.681284045751698301e-05
3.637462064565634304e-05
3.976480813521684761e-05
4.634802219986203611e-05
3.469503399044695103e-05
3.351884211013025130e-05
3.420525559331970440e-05
3.483924948823299340e-05
3.930950634860980278e-05
3.532931094526901774e-05
3.383559779590611670e-05
4.065367014259769650e-05
3.609364895886129384e-05
5.234068174904816899e-05
3.372668922655140303e-05
3.975632265887549222e-05
3.331448152798716832e-05
3.542695931836555213e-05
3.412371478452685383e-05
4.307396440370405734e-05
3.491879893724262327e-05
3.391985879090736380e-05
3.463106720513623241e-05
3.466608639327618281e-05
3.550720805909048853e-05
4.015755226312937414e-05
3.995772950835369236e-05
3.475686042012605465e-05
3.623305407749376152e-05
3.527237895407644909e-05
3.457075404950855257e-05
3.469020530046793200e-05
3.490992483557578473e-05
3.401261905898498808e-05
3.517819145234581270e-05
3.802615706920383281e-05
3.713643886242761150e-05
3.695336122921920194e-05
3.946247936728045828e-05
3.334787448003219428e-05
3.495852805482390670e-05
3.597636396019035087e-05
3.787632459464575956e-05
3.455522145979165728e-05
3.820927245935616928e-05
3.364358756564131972e-05
3.407272183563828127e-05
3.962224546381234286e-05
4.541770072270652584e-05
3.950138222089305860e-05
3.387350853755885722e-05
3.385989867104597436e-05
3.674916542701539871e-05
3.391158083690475847e-05
3.453316861683470402e-05
4.334497673160616856e-05
3.451901856911500176e-05
3.825943832315526556e-05
4.110043484358896895e-05
3.732599237943085447e-05
3.429548243548829632e-05
3.744931238160899701e-05
3.616897202331499747e-05
3.397825756046035796e-05
4.984578506569519303e-05
3.484061681673012356e-05
3.561979815648654712e-05
5.805306513320349917e-05
4.649215818926501290e-05
3.554156683672622902e-05
3.338164002235928637e-05
3.406819542339241364e-05
3.410881904883782562e-05
3.398118684092490548e-05
3.471297530008211234e-05
3.542030478855044641e-05
3.790117120634723069e-05
3.506752774037910181e-05
5.769917837986857236e-05
4.780292081099200439e-05
3.873969814293049332e-05
3.648231583885414860e-05
3.409182427547974287e-05
3.339686478323752265e-05
3.474467528570869003e-05
3.902369454462895852e-05
3.394404966983549069e-05
3.473471580140536171e-05
3.758229623528708079e-05
3.320962652674943987e-05
3.425124831971204344e-05
3.489860520329744010e-05
3.455126272273540073e-05
3.343387552459027600e-05
4.020690476477812713e-05
3.471901953114742839e-05
3.867774412469501789e-05
4.469914638787199856e-05
3.520579606073655508e-05
4.122227288397124442e-05
3.598653980535565175e-05
3.956138600999090820e-05
4.988255173810852354e-05
3.657378034503677450e-05
4.013769106072937799e-05
4.434752380916607314e-05
3.647717805834160007e-05
3.427812057446934685e-05
3.825578837628271239e-05
4.695815624055476857e-05
4.408112405388910294e-05
4.029060704332320357e-05
3.510901911627646555e-05
5.021080805291777249e-05
3.665080242167422132e-05
3.562678745234263138e-05
3.820817161634981095e-05
4.391745596920667341e-05
3.365760944931349804e-05
3.493647735216175789e-05
3.388412382970201547e-05
3.531525072930856137e-05
4.285095408878827818e-05
4.217817893523337195e-05
3.439027596781549516e-05
3.753443417615979745e-05
4.154200841630801140e-05
3.483540469842742651e-05
3.372468625069289318e-05
3.563675523446863444e-05
4.564286838043030858e-05
3.378909699924024184e-05
3.488506485829915356e-05
3.541744474921846794e-05
3.373996829786479203e-05
3.715233862305801249e-05
3.333710321327562306e-05
3.440467887700102639e-05
5.120811977478164045e-05
3.729269741723909351e-05
3.487408322978373376e-05
3.785617681332542649e-05
3.381651453015955698e-05
3.821773602936262429e-05
3.379984141710860841e-05
3.394767975648878722e-05
4.896167147570000154e-05
4.091775043426848594e-05
4.102540422970592259e-05
3.741434656251200975e-05
3.637161848182353673e-05
4.757715945005425672e-05
4.773848431205623478e-05
3.690170007995734143e-05
3.662035746243285517e-05
4.145323384033430076e-05
4.280531382904968952e-05
3.742825046096585884e-05
4.022429176350570269e-05
3.989572752646274934e-05
3.435439704389814256e-05
3.361839867004800592e-05
4.066109398767306138e-05
3.559761615225387742e-05
3.345875602086097666e-05
4.155183304765243488e-05
3.351628823098937122e-05
3.571737936570726151e-05
3.365309808614652968e-05
3.954416875077354043e-05
3.638476795619625709e-05
3.515946171489365369e-05
3.631870531854862249e-05
3.931901808625775947e-05
3.369366891850348477e-05
4.125354271663436180e-05
3.346578952880862928e-05
4.256397308836434786e-05
3.320138249028323013e-05
3.919330102250285228e-05
3.417607675301225688e-05
4.652712753841348187e-05
3.448878721702510662e-05
3.669465109929366645e-05
3.349471674143829651e-05
3.888375417947113942e-05
3.657299026069052005e-05
3.644546621244904532e-05
3.396739105000863356e-05
5.892091917573573373e-05
3.361555241803371662e-05
3.449976477136878778e-05
3.698187651882420762e-05
3.349135262828747256e-05
5.009209991674085685e-05
3.391780371007733244e-05
3.695311987336530655e-05
3.414963715897956339e-05
3.477069409822484682e-05
3.504063814647800576e-05
3.331150491602665267e-05
3.492297736298048710e-05
3.519353190853901741e-05
3.600392195259833152e-05
3.909815816085277261e-05
3.494057318309202792e-05
3.999482878614866820e-05
3.662202193672386351e-05
3.913435404897893147e-05
3.505553590108059406e-05
5.529455637311127470e-05
3.619494427189374921e-05
3.430525805979855092e-05
3.835031796444824537e-05
3.375663840709865622e-05
3.630355484768849994e-05
3.619155242169065981e-05
4.832051304638165546e-05
5.466159637192623212e-05
3.429033570922643476e-05
4.516503900638077924e-05
3.400376872171522271e-05
3.535143826279780522e-05
3.608067419780084539e-05
3.770742054223739643e-05
4.236189586187038756e-05
3.367221032201425223e-05
4.508503658846515371e-05
3.599739161389566391e-05
4.287269619120177996e-05
3.767283959735167275e-05
4.198570292575906149e-05
4.186883387965407489e-05
3.507925514046998389e-05
5.330597314919157932e-05
3.467163024658135093e-05
3.337139243703816384e-05
4.971534637461268830e-05
5.313086873352025505e-05
3.507535564688009507e-05
4.802194515807921602e-05
3.373607910316957486e-05
3.939953995962960052e-05
3.353524304817782594e-05
4.038638465510470009e-05
3.654876833789436221e-05
3.880920652019719788e-05
3.730747439440654353e-05
4.337724601761895057e-05
3.320035158982906256e-05
3.386040094158477393e-05
3.706405881697727895e-05
3.427963126170786563e-05
3.499150707166366072e-05
3.344230942255903630e-05
3.493099711324364290e-05
3.758529121544823369e-05
4.287088793781093280e-05
3.349465924303607784e-05
3.495085813630117018e-05
3.690887857680044291e-05
3.328757791497733597e-05
5.543350798300632253e-05
3.453578528935323229e-05
3.539268874208855814e-05
3.750922925755777171e-05
4.171282060594891144e-05
3.328728547360456204e-05
3.395961549137660658e-05
4.081901170208601990e-05
3.686239253377881077e-05
3.468224044933437074e-05
4.147042023806160827e-05
3.718224864572044526e-05
3.829932583399658447e-05
3.705924866614545351e-05
3.390724519449793742e-05
3.531828267809574389e-05
4.958591460635039945e-05
3.699222875081648721e-05
3.468579261086528491e-05
3.708443394090691573e-05
3.659178154708079184e-05
3.960071179037338732e-05
3.986077917691793412e-05
3.499219535038536317e-05
3.692927009703026370e-05
4.007699689955339291e-05
4.094959731079576528e-05
3.487835356408396911e-05
3.377058784638707037e-05
3.360447418958950968e-05
3.478474586188009545e-05
3.695658620510754372e-05
3.516243013319266078e-05
3.629650326090544187e-05
3.449236791004922886e-05
3.355677161444147193e-05
3.535374306750274333e-05
3.837978800928232428e-05
3.633390738538768566e-05
4.290641667311114718e-05
4.139845848600411880e-05
6.906899665540699085e-05
3.705955343252317636e-05
3.612757093744989334e-05
3.384297692666568124e-05
4.526680798338177623e-05
3.693775194083096679e-05
3.634771437120685208e-05
3.454093774729921667e-05
3.431914081803796342e-05
3.359943012695337702e-05
3.450983233958791627e-05
3.495113944840352627e-05
3.848400636384511253e-05
3.518808576725199314e-05
3.432239403668435878e-05
4.640066314155471964e-05
3.370073805707787557e-05
5.588970707274624599e-05
3.623763930235068749e-05
5.242942859135943324e-05
3.393448440645796326e-05
3.385409316902221184e-05
3.566982919659188953e-05
3.794026555256910992e-05
4.033663421025744590e-05
3.604796962815085129e-05
3.461098616657916588e-05
3.740556452749086699e-05
3.353733458836312008e-05
3.533998245789797587e-05
3.553636386982471964e-05
3.771225575053786122e-05
4.727479124740572561e-05
3.368376526714834555e-05
4.154313746099110851e-05
3.438300140728359748e-05
4.169796970064910100e-05
5.066712925800030053e-05
3.455313668040715822e-05
3.340914667298355086e-05
3.864520959514338566e-05
3.664485371143820904e-05
4.892631559727308598e-05
3.817301889543740854e-05
3.914055570970209911e-05
4.141192238656807236e-05
3.888472693190114408e-05
3.341366235850190851e-05
3.320429798932011842e-05
4.887889539424273395e-05
3.852638898265410783e-05
4.772839108388629825e-05
3.638572959989040266e-05
3.378839533974699842e-05
5.921156206141873520e-05
3.438334918480667908e-05
3.353157482385563706e-05
3.448496668396471856e-05
3.451457189702005846e-05
3.367991482999858021e-05
4.913660458814994168e-05
3.321412892702576398e-05
3.412658255168514573e-05
3.356080399478621055e-05
3.455646160749028850e-05
3.537498728456858966e-05
3.542922600279309521e-05
3.486492031161587279e-05
3.454656340252717101e-05
3.400622318823329535e-05
3.662517037315467374e-05
3.942012799667074936e-05
4.625005869019912331e-05
3.766923932961854321e-05
3.365116819029156210e-05
3.353807943386101514e-05
5.377600645488776645e-05
3.773334056616609473e-05
3.420096728255761758e-05
3.917968933520004488e-05
3.530440938561995353e-05
4.010950363080310253e-05
3.812086759747663014e-05
4.053405504616851908e-05
3.579079978304074670e-05
3.607922135016708893e-05
3.504515753390404707e-05
3.752217415930202870e-05
3.516406498455293314e-05
4.270439022137179980e-05
3.735545796246388079e-05
3.494901666694260662e-05
3.360920288814414077e-05
4.382164916116850428e-05
3.394856633300613363e-05
3.657030362276111939e-05
3.426578543830501034e-05
3.522963863836437787e-05
3.331121305195137267e-05
3.622190857158677220e-05
3.671380781697497334e-05
3.845267092348799429e-05
3.855869225117612671e-05
3.525905506905833140e-05
4.582994364833429564e-05
3.576297957051308412e-05
3.782528240372284097e-05
4.075880828482564549e-05
3.567911153945786104e-05
3.427412716231070805e-05
3.509443661430739826e-05
3.672941239575245535e-05
3.810565171003199120e-05
3.494745632436217683e-05
4.370668700870780762e-05
4.210154620211705286e-05
4.515548355577329414e-05
4.260713828771436933e-05
4.527692649241969475e-05
3.345148763541477675e-05
4.269877310156998873e-05
3.335407089963272187e-05
3.690960502049058433e-05
3.473905941408151119e-05
3.391602606669244318e-05
3.442799831976470649e-05
4.630170811154717770e-05
3.325258103240521265e-05
3.552091361644186418e-05
3.352675860408706307e-05
3.397623982190868465e-05
3.331821584968974059e-05
3.625184799516954260e-05
3.990779041348896925e-05
3.397856157469081464e-05
3.776655024490113352e-05
3.318593922237577130e-05
3.892784224898071863e-05
3.637899662572493663e-05
4.150172106551753789e-05
3.385124523938764704e-05
3.341785812591315094e-05
3.624763789496533852e-05
3.946879658868487580e-05
3.961302327731852386e-05
4.116214653748703620e-05
4.490936637178771855e-05
4.439698093198163819e-05
3.407162467542449211e-05
3.915366211151000397e-05
3.676098988985641820e-05
3.400065167441239687e-05
3.570889586216954045e-05
4.724132383124039140e-05
3.453509813521987411e-05
3.422228567163049440e-05
3.712442050407327904e-05
4.021128823722673493e-05
3.992816261890685351e-05
3.390146196535016231e-05
3.370158607972689252e-05
3.910037496810649311e-05
3.724111926157472818e-05
3.392752066846856085e-05
4.078546171665414392e-05
4.630123606600496274e-05
4.966666269856365640e-05
3.670413230515752484e-05
3.751213503633105096e-05
3.324046228996383747e-05
3.638740086192362040e-05
3.568314632042167086e-05
3.465093296238614079e-05
3.531731352640024335e-05
3.842577849271802231e-05
4.715849092376237395e-05
4.463325236965137212e-05
3.606794459494323774e-05
3.542309025083077131e-05
3.989071465951265214e-05
3.588516047682104016e-05
3.460733401334053464e-05
3.330245385774694485e-05
3.446637804582653467e-05
4.581294170580379164e-05
4.223184719087973491e-05
4.328832114184739098e-05
3.815868376390980053e-05
3.319581458172310879e-05
3.994841773689821851e-05
3.896807757327453559e-05
4.031214467638855487e-05
3.628591881159236391e-05
3.550840787623882577e-05
3.517517643450676266e-05
3.376831089540065689e-05
3.519917638291070454e-05
4.201864190304966534e-05
3.436648421432063338e-05
3.693346774106349897e-05
3.913206755869375763e-05
5.352035551343249073e-05
3.359757726468505198e-05
4.131173820760707419e-05
4.002801236674202674e-05
3.515785143699588853e-05
3.713249888577963443e-05
4.033865160807337881e-05
4.402038184022864781e-05
3.593721592311892158e-05
3.633236727647858201e-05
3.446560735014156352e-05
4.193534730441174894e-05
3.320812535356074059e-05
4.847701733227351877e-05
3.798549536374795567e-05
3.319790653107667375e-05
3.584122799584063616e-05
4.161064711379681606e-05
4.470882947056257470e-05
3.478995297459499034e-05
3.660768714410283164e-05
3.733638299055792452e-05
5.902818559483053796e-05
3.488002529128162674e-05
3.338657203533804504e-05
3.716746387496493436e-05
4.611373387382492015e-05
3.468487854724535828e-05
3.582283917830672917e-05
4.847275230019711947e-05
3.514506265612895236e-05
3.382091022282609181e-05
5.554999220088769365e-05
3.596811831933405165e-05
3.465074964876268436e-05
3.828133783269852409e-05
3.325715541323002512e-05
4.537229444560464956e-05
3.459860659307538753e-05
4.250061182299390934e-05
4.038112493520453459e-05
3.952173356175286219e-05
4.312191347078186092e-05
3.380191627972992319e-05
3.906518463744496761e-05
3.499808243597496318e-05
3.467623083960974756e-05
3.436811816713849582e-05
4.043153039944119803e-05
3.414170247580018290e-05
3.737259192930036901e-05
4.113329990403139208e-05
4.081967925853682470e-05
4.317732616303726953e-05
3.543218194850123040e-05
4.923484841658387108e-05
4.502798883023279112e-05
4.187712701317933777e-05
3.527706646757062511e-05
3.496141585801311132e-05
3.643340354713823267e-05
3.673041635792926272e-05
4.294023866109080752e-05
3.614418433328576871e-05
3.346665402379371464e-05
3.557473837931193224e-05
3.585158117960859524e-05
3.390335293490516169e-05
3.475937912094366087e-05
4.124421889448322796e-05
5.277359686227291457e-05
3.542097039625592079e-05
3.432951589367828416e-05
3.736627296832964256e-05
3.459126772122141400e-05
4.341712734488326292e-05
4.352064664212052273e-05
3.968459836154926846e-05
3.447896822158023997e-05
3.861854843376707759e-05
3.466752489131967054e-05
3.643983529486988758e-05
3.947651996193287765e-05
3.889130555912833075e-05
3.889610888398094832e-05
3.945802817632440638e-05
3.322600955765898895e-05
4.014478620158914274e-05
3.563699766405492786e-05
3.979345690174303305e-05
3.442935772465498408e-05
3.531167111430583253e-05
4.300024584022719184e-05
5.555235222896784798e-05
3.714085373406774792e-05
3.762339370847351270e-05
3.529393232859182755e-05
3.371093870321558908e-05
4.887533631768529178e-05
3.525196331417369458e-05
3.335974090377252788e-05
4.039830658645248915e-05
3.340054485981987876e-05
3.420123873846491705e-05
3.908763300419321819e-05
3.533171901428134600e-05
3.428008982696771986e-05
3.704003447359419728e-05
3.345284357646734430e-05
3.788257631224371011e-05
5.223416155276551775e-05
3.656465765683399082e-05
3.825572853310930661e-05
3.575942581127508233e-05
3.390713400413124294e-05
3.534943051550252998e-05
3.964347571779471246e-05
3.846552792786193372e-05
5.950940392776256447e-05
4.451745426025231918e-05
3.803657742115047150e-05
3.330032149515012562e-05
3.494940032839626725e-05
3.778441504391103297e-05
4.098530462747504780e-05
3.356300551247816622e-05
3.443098348569218479e-05
4.022696752554108659e-05
3.707178193811562765e-05
3.573319882522698514e-05
3.324970649765695332e-05
3.703883540141553166e-05
3.741154710896002906e-05
3.689504663315011206e-05
4.564971661542027996e-05
3.353822266816462407e-05
3.402567621245044182e-05
3.688885287845889333e-05
3.522986382923534683e-05
6.490474106247256364e-05
4.146212525103348665e-05
3.946526294955046205e-05
3.387732663813610920e-05
3.530717032119191641e-05
3.445172671645786358e-05
3.712912084767358675e-05
4.703495557901787513e-05
3.616869272326817550e-05
4.372185061056362416e-05
3.629954558389230621e-05
3.990331463594088448e-05
5.370887632831419643e-05
3.607722928140978327e-05
3.583447252420075314e-05
3.362471498205794261e-05
3.616447922795249539e-05
3.486651657699505515e-05
3.420495708791885305e-05
3.554647475856746909e-05
4.207139669628401433e-05
3.393947590358007484e-05
3.856534689190300048e-05
4.856448272652909661e-05
3.408374290500446681e-05
3.595724219188386583e-05
3.318965448473235708e-05
3.373080699432604967e-05
4.299088534554673945e-05
3.427874105745562017e-05
3.519817310271584069e-05
3.514088086955744346e-05
3.804233160419940750e-05
4.098036919465522542e-05
3.472891331789469167e-05
3.378477413978382563e-05
3.384582676982711202e-05
3.642464039868774204e-05
3.477572549060493369e-05
4.028268235736806970e-05
3.611018839586723026e-05
3.457396892799108627e-05
5.469274787523461877e-05
3.920496050877238497e-05
3.788562939871709849e-05
4.237031796154752222e-05
3.327818701811339342e-05
3.771092779447949168e-05
3.596542377415921557e-05
4.161628175738948330e-05
3.480757907035735298e-05
4.660751567798940113e-05
4.433401881543067854e-05
4.547428359409701632e-05
7.071147380524644196e-05
3.529801466932802834e-05
4.131683997797044839e-05
4.820163234719751451e-05
3.631803795867306347e-05
3.685450391553983952e-05
3.338738417473573563e-05
4.308281497290620236e-05
3.618650949429967075e-05
3.892236490259633002e-05
3.331130061191235663e-05
4.386878261804180474e-05
3.449345517744008158e-05
3.604124969832180926e-05
3.721545001799081675e-05
3.649810319525344438e-05
4.320615842670260997e-05
3.583256221514980670e-05
3.711922006070884016e-05
3.571217423643418588e-05
3.580586022188345124e-05
3.346310920400501166e-05
3.484554313530463098e-05
3.779301903103137134e-05
3.513997379548902575e-05
3.355299541203932807e-05
3.442317257320779805e-05
3.510843815670743252e-05
3.596655838715929262e-05
3.856626385287243559e-05
3.462765699919876397e-05
3.557865967818708673e-05
3.426367887739850421e-05
3.845707587682907242e-05
4.934623040190909074e-05
3.863612756965631635e-05
4.162096514507280100e-05
5.004270292647532029e-05
3.539654225578731491e-05
3.536981564331747371e-05
3.324909043700436794e-05
3.399601602703548398e-05
3.862237692611033630e-05
4.161086874054264795e-05
3.425633013348672892e-05
5.994868252899790829e-05
3.371277448314870685e-05
3.469967822936007170e-05
4.418298010325929186e-05
3.417049944212134036e-05
4.353431148035342556e-05
3.818936375310316939e-05
3.451120937873430297e-05
3.507416530421216894e-05
3.614334483406190862e-05
3.384767043441394124e-05
3.482125408124641671e-05
3.337760588685188216e-05
3.387738236806748040e-05
3.933227584443053113e-05
3.454907168540690256e-05
3.321986484866288773e-05
3.637173308073842805e-05
3.836089396644173796e-05
3.353495650788602679e-05
3.532491567631400450e-05
3.754888810616557421e-05
3.596213756864504596e-05
3.323303245436382046e-05
3.731172700903588770e-05
3.455477286558718362e-05
3.320182427781817727e-05
3.693581872756728711e-05
3.788364189579904954e-05
3.359643690206578327e-05
3.531067659968732751e-05
4.071972935768544748e-05
4.757354515993668408e-05
3.546885314348161461e-05
4.424804506747409262e-05
4.101440529100327007e-05
4.097810726288308455e-05
3.554527847177851342e-05
5.655531625472411269e-05
4.167965348963745606e-05
4.808768340586170887e-05
3.370480803074142584e-05
3.361367352859678494e-05
3.357683453902500118e-05
3.324137235106169544e-05
3.953932381897701270e-05
3.412977728320533394e-05
3.863593344520966922e-05
3.484072000534497581e-05
3.556274790752230028e-05
3.742473343877237516e-05
4.158426617960491486e-05
4.147470179820612662e-05
4.465986101868728400e-05
3.824281633631877150e-05
3.595454540446912093e-05
3.825369371202256690e-05
4.085984425797151929e-05
3.349713142926315814e-05
4.421259138645990659e-05
3.455197538746066849e-05
4.040297652095997764e-05
4.620596635441251519e-05
3.526357276845074870e-05
3.768812499304484740e-05
3.385392566198668009e-05
4.432007660411223661e-05
3.546185161765476432e-05
3.519880016205334652e-05
3.351310230576379120e-05
3.419143542407374850e-05
3.706773600961583921e-05
3.585065116056819175e-05
3.713719641847085067e-05
3.614651599427267563e-05
4.508057913733668122e-05
4.637260058930061876e-05
3.942811627656148848e-05
3.669912420552397405e-05
3.670261218784137664e-05
3.543154155114606996e-05
3.597740315638211654e-05
5.010340715051307697e-05
4.459488004386381210e-05
4.457535846593694607e-05
3.442799831976470649e-05
3.419382586415553485e-05
4.219672902637897907e-05
3.489092469383934831e-05
3.511790702710443476e-05
3.425714086943751466e-05
3.396025210898459475e-05
4.630536601585077744e-05
3.631223741122359519e-05
3.545187094433970915e-05
3.664691922497853908e-05
3.963432140435332060e-05
3.470458152516801105e-05
3.646951315648265150e-05
3.381421806588234613e-05
3.417104368022324520e-05
3.510411801943422649e-05
3.320397407974639501e-05
3.512620860462448217e-05
3.348013220113445047e-05
3.531062687193437910e-05
7.023970491634567569e-05
3.611355455473468443e-05
3.825738409928464866e-05
4.158026937721053174e-05
3.643486350847564468e-05
3.459868548241602456e-05
3.672767201585336083e-05
3.936683243522989383e-05
3.526976018216506346e-05
3.545172338875432380e-05
3.640442197179017769e-05
3.835408188055679078e-05
3.841836709235256573e-05
3.517402048921581208e-05
3.546317851446401668e-05
4.541702876327370018e-05
3.608456328837396154e-05
3.880189889226343580e-05
4.226285112258304602e-05
5.354632518673307630e-05
3.821389504780912450e-05
3.863637992742706434e-05
4.256046229777808119e-05
4.301171095742685382e-05
3.402540088733180810e-05
3.421206499795758152e-05
3.565603845842329372e-05
3.809372932626344069e-05
3.944881000424297929e-05
3.387013536202057579e-05
3.338880528797254183e-05
3.430563492772913781e-05
3.386419521249361703e-05
3.372793034320618465e-05
4.017611386015873109e-05
4.327208210311093956e-05
4.912387237433754670e-05
7.206661452189534950e-05
4.510954995126835389e-05
4.839057919358910197e-05
4.766258709468108309e-05
3.939604440959401053e-05
3.370958287385287405e-05
3.848066987607921227e-05
3.464396516905061870e-05
4.064453707458867926e-05
4.128618715485056777e-05
3.909800785632385839e-05
4.290916644687772303e-05
3.446515554098097684e-05
4.868228426563304506e-05
5.093161065994697033e-05
3.344588917220045747e-05
3.609133130554357058e-05
3.456445366587368310e-05
3.883916465903014987e-05
3.444603174094694275e-05
3.447405583882992721e-05
3.417041780435004953e-05
4.032807873996862392e-05
3.761896572145383242e-05
3.892934434516798648e-05
3.406204782799898738e-05
4.007401260782812128e-05
3.582279138133412513e-05
4.048415387015832147e-05
3.588737224596525723e-05
3.776342926636078358e-05
3.457518088189805584e-05
3.748001074160556945e-05
3.557593194392868915e-05
3.530194642852019617e-05
3.478031424201151066e-05
3.439313649215258967e-05
3.445505202348470356e-05
3.403030075867244050e-05
3.757990815844865738e-05
3.637297068575295807e-05
4.866119545652755721e-05
3.836026042435799398e-05
3.839150726128102005e-05
4.485002686935291288e-05
3.417860612260129174e-05
3.613275321092485683e-05
3.573040713943743734e-05
5.781662865282358779e-05
3.911201692442282875e-05
3.458616218149706357e-05
4.107668583853008314e-05
3.404564846870109662e-05
4.435370096560866456e-05
3.729550007831309075e-05
3.445824348813320784e-05
3.370876365426896045e-05
3.865122223662573539e-05
3.405210642007490613e-05
3.513473166189988911e-05
3.501445510744872992e-05
3.514135957713577488e-05
4.469350284471686142e-05
3.913420412644478673e-05
3.545354312295085020e-05
3.422567263684579735e-05
3.339445909112427342e-05
4.482445017642843914e-05
3.571918621445302488e-05
3.795281028134709690e-05
3.412131081192479575e-05
3.557147378297640180e-05
3.470166064220242086e-05
4.371376607790553867e-05
4.211493715514191100e-05
3.470304293001542798e-05
3.377674193430571661e-05
3.716554174635247051e-05
3.522786199379840898e-05
4.742746652119926739e-05
4.107912967987274044e-05
3.772944532232927543e-05
3.661840031437595474e-05
4.123527879875448285e-05
4.329334715931606510e-05
4.373664088063945385e-05
3.369250919040077641e-05
4.522376625340810644e-05
4.762822637443677945e-05
4.148911915957708470e-05
3.480946704899721961e-05
3.501961971459983171e-05
3.614122252745921273e-05
3.859814460060324566e-05
3.388746533572998708e-05
3.605189191074280303e-05
3.360344844721272395e-05
3.872633775236997155e-05
3.434186872336779351e-05
3.397131847483707544e-05
3.520331408268840716e-05
4.610549757563104750e-05
3.558350485921843101e-05
3.911578912683009112e-05
3.324583359482715555e-05
3.846763031929570294e-05
3.527803866279315815e-05
3.401237100496772676e-05
3.381749459774717622e-05
3.333701583955844784e-05
4.762309368847781444e-05
3.708160892173113901e-05
3.624324130023547433e-05
3.325800558819917328e-05
3.604731188503606268e-05
3.463253593238197918e-05
3.662685672940850366e-05
3.334502248136559868e-05
3.803278726781531493e-05
3.726155105362487842e-05
3.517680965738363545e-05
3.433794936635619944e-05
3.341351765102287000e-05
3.750080321089891176e-05
4.720230784445308769e-05
4.908602319583572524e-05
4.240564360933908708e-05
4.103440481053473695e-05
3.334199513668122073e-05
3.934443185279117928e-05
5.058367192532185346e-05
3.936039631916069231e-05
3.593908728777375240e-05
3.480933774437477681e-05
3.898840807510260605e-05
3.419939272144083921e-05
4.279247947165030997e-05
3.511149421297093162e-05
3.325234640212140319e-05
4.455796433488278760e-05
3.499887227054277535e-05
3.318496598843295389e-05
3.561010883319899002e-05
4.349304322655932046e-05
3.627204702073316721e-05
3.459350403176156475e-05
4.238949533071651051e-05
4.065804053908109406e-05
3.518394314018357126e-05
3.688585416205659946e-05
3.591518949029487868e-05
3.432943529161749181e-05
3.630194207186774409e-05
3.759071401979819987e-05
3.791416045265339147e-05
3.352067827678944096e-05
3.752457235326668475e-05
3.634578547641950793e-05
3.707523959198072238e-05
3.357206472336704989e-05
4.023782192843874305e-05
3.919608150997685726e-05
3.674896492220232190e-05
3.954176470295486855e-05
3.501015390986322591e-05
3.533469744430972723e-05
5.267361080473984409e-05
3.411499816684656689e-05
3.808438194346473331e-05
3.448658524631736580e-05
3.753155416717900031e-05
3.453906196884268460e-05
3.420205307063873325e-05
3.403489606562615856e-05
3.427350644958804558e-05
4.090478018436236599e-05
3.564053661965172696e-05
3.511621577071587707e-05
3.692531300082703541e-05
3.676677583317601681e-05
3.676851112799657388e-05
4.456940959793227888e-05
3.340352867018981801e-05
3.547089146988447497e-05
4.672566140903867363e-05
3.352959696381520321e-05
3.341895746679552932e-05
3.650815642351592832e-05
3.351531245048132055e-05
3.922866048687473112e-05
3.618004614456809539e-05
3.514730413496699454e-05
3.657800085772511982e-05
4.157709655966852362e-05
3.405218884023723531e-05
3.765061938107799552e-05
3.363566121691273774e-05
3.405919254980419248e-05
4.772339656404356306e-05
4.868105049087761619e-05
3.372790213740421922e-05
3.915207126336206039e-05
3.649989654107845493e-05
3.437261712989834702e-05
3.906898811329228503e-05
3.513780663564744288e-05
3.457257240144916307e-05
3.805170741488038936e-05
4.226139494367214090e-05
3.640915379435660700e-05
3.388373392829878487e-05
3.359407030997931887e-05
3.796304159770972866e-05
3.676675358434419803e-05
3.515485678725274737e-05
4.112169332611043977e-05
3.605837167484615262e-05
3.820000263805791059e-05
3.526062770856488641e-05
3.618653273802932498e-05
3.592344486228577042e-05
3.513445437379354030e-05
3.409237197435040153e-05
3.422410119960924248e-05
4.074791212302503998e-05
6.577900286227109745e-05
4.245475125355399149e-05
3.501720304098342721e-05
4.473336876635554605e-05
4.482024371340666855e-05
3.417058107935626960e-05
3.616806427647600435e-05
3.731241072217604830e-05
3.960490141565895585e-05
3.461290377952908016e-05
3.789629964041131029e-05
3.485361196901478329e-05
3.370246230815430029e-05
3.761478706089721913e-05
4.139990334280728283e-05
3.349928699611029329e-05
3.384669276789149496e-05
3.626024105014701460e-05
4.613412815191021514e-05
3.770196072565178060e-05
3.408957845708921353e-05
3.589816410660137609e-05
3.541155007880867196e-05
4.486003262658064397e-05
3.529816399863955172e-05
3.734917364081833535e-05
3.557639472507142842e-05
4.115638818412033613e-05
3.977660417996519283e-05
3.651441598734238113e-05
3.625039080495468186e-05
4.206574376631080605e-05
3.330350529559730473e-05
4.188323894620082341e-05
3.805741484022315897e-05
3.445994527029354126e-05
4.071900687868291340e-05
3.342902049231965482e-05
3.802552835326576360e-05
3.747086973645744707e-05
3.391463710449700803e-05
4.081408754583226354e-05
4.245460145266630051e-05
3.518610249498064059e-05
4.175538912099149396e-05
4.764241524874615049e-05
4.059876992176926985e-05
3.578325103809262278e-05
4.012307048915908085e-05
3.373779839199977557e-05
3.633923891320958152e-05
4.283939946654971055e-05
3.541426344217632097e-05
3.819531532016579370e-05
3.458479333402893571e-05
3.404979843276507225e-05
3.475828861106737219e-05
3.791747228611328343e-05
4.165587082924465906e-05
3.862507762027759330e-05
3.825098015413731166e-05
3.717499857430509274e-05
3.637782831196959265e-05
3.632043109289548251e-05
3.946486009605988503e-05
4.673555614244241353e-05
3.524311809484716884e-05
3.565998362316771711e-05
3.563947018682059868e-05
3.389987666442854583e-05
3.446911496128599262e-05
3.437842589447296320e-05
3.733109266700590349e-05
4.244447154053893111e-05
3.390921865667117580e-05
3.564673957991736558e-05
3.679726642029098016e-05
3.500045179264230273e-05
3.393062847939541329e-05
3.419838815587612063e-05
3.401454819820720957e-05
3.508452009735274989e-05
3.903670153272999606e-05
4.130070535656513565e-05
3.396907833620449994e-05
3.355725785860536932e-05
3.370150128010260656e-05
3.420902699904999948e-05
3.495655988385308784e-05
4.250159754157177696e-05
3.425357323649325190e-05
3.477333971905941618e-05
3.938628915412201127e-05
3.474982097610451753e-05
3.725788332713275854e-05
4.708021639469226166e-05
3.688166365596447449e-05
3.792807706620773134e-05
3.572005341257965385e-05
4.010773463306718865e-05
4.050789846091560752e-05
3.399419440416429577e-05
3.732974842572220234e-05
4.140083439927411769e-05
3.553308956800292374e-05
3.857158884525608455e-05
3.422819194110907564e-05
4.127246441557448587e-05
3.378078677815840987e-05
3.673677303328521320e-05
3.362460120349706279e-05
4.199082971949877818e-05
3.322680314384156297e-05
5.597231866600365155e-05
4.169981112167049615e-05
3.340274657719155760e-05
3.758822272820271597e-05
3.822181590942534831e-05
3.424830099912159781e-05
4.693770890157716440e-05
3.661381001121207928e-05
3.485909996464715518e-05
3.714130812422894017e-05
3.652683565786294436e-05
3.600611371877852142e-05
3.586211676164443728e-05
3.974738330444299946e-05
3.820546917729605141e-05
3.397886558144122500e-05
3.676679808197081686e-05
3.335744414453512767e-05
4.150476627632883548e-05
3.604475107068072205e-05
3.581480682552261785e-05
3.421724416039547551e-05
4.048019271287738616e-05
3.916604593236502554e-05
4.031086643897406689e-05
3.581315671123496249e-05
3.905781956918987342e-05
4.295090637473145394e-05
3.417588634952156685e-05
3.882371465758903851e-05
3.841747982616548280e-05
4.269510097222376351e-05
3.653247506722170148e-05
3.563379722826664066e-05
3.389993229247357642e-05
4.368390751886144590e-05
3.634144443357431673e-05
3.860380774066667352e-05
3.356300551247816622e-05
3.327479162968052947e-05
4.049645739250041409e-05
3.437146576386416325e-05
3.552812766392501382e-05
3.563386997422260112e-05
3.570163710392830502e-05
3.455429786603167328e-05
3.595447442886717224e-05
4.763423077821804665e-05
5.734911558680014367e-05
3.597877287979816565e-05
3.701734301059968196e-05
3.352030532782215925e-05
3.450442864935788454e-05
3.336090365403103118e-05
3.992277067101627662e-05
3.330037992104622514e-05
3.658982019259722799e-05
3.509539749971325490e-05
3.454553354138039685e-05
4.770057721508289439e-05
3.636072705407091015e-05
3.769267612208643671e-05
3.401380413729579449e-05
3.378673926445513085e-05
3.541552126214754661e-05
3.338808025098260297e-05
3.617674349578224119e-05
3.400125859478430717e-05
3.591286375969902412e-05
3.492874287084902487e-05
4.577511089443050089e-05
3.389653852224707483e-05
3.412947695885432039e-05
3.640055753847567084e-05
3.636705663858729956e-05
3.819856055486328531e-05
3.741873545508454839e-05
3.894815458276963346e-05
3.386213082774279948e-05
4.532217024026556005e-05
4.028455144689817080e-05
4.121307587833759612e-05
4.506989409971134009e-05
3.649773995646226661e-05
3.523356640036748457e-05
3.467725006205012774e-05
4.125834019953698840e-05
4.721897594549955294e-05
3.440112645330545971e-05
5.232846350688148099e-05
3.575503029266506323e-05
3.371294392589949855e-05
3.376445879483722882e-05
3.698761172051457155e-05
3.363978128646328072e-05
3.654352046529138107e-05
4.411973952651438281e-05
3.513339558202671376e-05
3.944435456956500350e-05
3.670433348418221728e-05
4.077891999077410177e-05
3.723985199072513597e-05
3.532563590814500064e-05
3.662645202338024499e-05
3.411021372053434965e-05
3.972447117019759920e-05
4.509644772727049058e-05
3.385255760254228514e-05
3.659207459821163229e-05
4.205393961338784055e-05
4.106830157238352771e-05
3.628617256873378929e-05
3.396941023422969674e-05
3.731373531835065584e-05
3.429507831917535986e-05
3.335229666163480085e-05
3.447294032701915583e-05
3.617772042191516694e-05
3.763600144236203468e-05
3.980576614192280768e-05
3.754840515507642661e-05
3.506765444378611151e-05
5.476688173063195213e-05
3.355731506252731394e-05
3.501127388820719934e-05
4.360904239604584357e-05
3.367779090918698892e-05
3.361455607324005359e-05
3.999205712536446953e-05
3.548868244826562641e-05
3.832576816898578757e-05
3.324148977330945606e-05
4.023502660419954626e-05
3.808712826539970161e-05
3.615912311419486813e-05
3.394562930438436776e-05
3.938131693992344456e-05
4.485589971802896459e-05
3.381584243866570254e-05
3.389058325739212726e-05
4.853029522674003196e-05
3.602062196869449458e-05
3.512055705305178042e-05
3.754036045771114746e-05
3.943254005198286097e-05
3.929872860248141003e-05
3.918430270777123958e-05
3.380300964748837603e-05
3.382432489955819184e-05
3.652234959868357999e-05
3.647533615690045771e-05
3.554520522613325342e-05
3.503281429423468128e-05
3.484644565622839674e-05
3.450718376259588588e-05
5.730497523079183217e-05
3.538089871953250637e-05
4.169252282186990355e-05
3.702491835638514278e-05
3.376271511115021344e-05
4.813239739252033828e-05
3.764815982187941381e-05
3.561275651096020310e-05
3.418485934300070629e-05
3.990985022815847391e-05
3.789087339075833448e-05
3.355494087437589819e-05
3.524749149443631252e-05
4.120972715692051069e-05
3.519646734587819663e-05
3.514244290175765116e-05
4.050171013398265468e-05
4.589161214121070478e-05
3.698984384773782141e-05
4.409894567914902691e-05
3.848795024394974229e-05
3.523916825737389392e-05
3.843988083087362164e-05
4.040076192090795014e-05
3.472039991935568087e-05
3.532275473848936221e-05
4.101514649231206155e-05
3.957483970684011688e-05
3.691330266981646661e-05
3.748937760418094849e-05
3.861992836602409464e-05
3.825187808115693578e-05
3.608582816578544491e-05
3.836627791278195127e-05
3.364100283345476932e-05
3.494523058620355833e-05
3.652787765677163766e-05
3.320017485519787383e-05
3.984022282803173363e-05
4.264897056987853127e-05
3.331827418933430468e-05
3.432682887782070565e-05
4.976080200872971652e-05
3.356452061212837130e-05
3.781111726967800523e-05
3.470001734837507260e-05
3.657854243084548084e-05
3.666939465829106409e-05
3.368011304381552886e-05
4.117639423906984308e-05
3.785498589954733816e-05
3.322598016457712131e-05
3.341285197442055561e-05
3.836404145207699426e-05
3.725067367269316857e-05
3.473364917706843919e-05
3.982413895455127876e-05
5.237527158789120673e-05
3.798301360524874868e-05
3.681182049120035587e-05
3.377455042092732096e-05
3.582068814089359150e-05
4.361078163915223818e-05
3.691475503912168500e-05
3.396783363917897723e-05
3.384627374417876745e-05
3.394271929445511523e-05
3.527586981844942814e-05
3.446162023641252350e-05
3.330408938829352509e-05
3.998700675467513598e-05
3.345832350039480420e-05
3.956764172569814325e-05
3.350262018848480864e-05
3.622304440804276291e-05
4.224131290967914938e-05
3.377848362758456140e-05
3.690106131598855962e-05
3.786104206310252860e-05
3.499869392508621514e-05
3.475582163442995530e-05
3.708747560754804763e-05
3.595229765663191077e-05
3.649315321144056180e-05
3.389255938855748171e-05
3.401330807182016447e-05
3.439262859635184899e-05
3.837927395511880988e-05
4.016217742367687816e-05
3.658321258399727230e-05
4.249451689390460797e-05
4.221422207188037462e-05
3.501422608621588422e-05
4.126020367275972322e-05
3.333244240258059857e-05
3.653464865806142016e-05
3.478163611569910101e-05
3.785685435621575628e-05
4.031274920931478240e-05
3.819249014672403304e-05
3.586316508689480279e-05
3.373816476667193965e-05
4.736394233047966612e-05
3.401917690514752761e-05
4.111609933559635938e-05
3.764997326848722474e-05
3.479950672578470828e-05
3.615630445655290226e-05
3.618374319726767977e-05
3.632270876980169498e-05
3.606466055688447870e-05
3.442047894439012140e-05
4.210677221211831206e-05
4.307150262492982388e-05
3.797446643463414092e-05
4.214539853346445971e-05
5.416222401969527132e-05
4.893493310034687004e-05
3.917049549135425150e-05
3.482148660964795253e-05
3.539488736240507935e-05
4.207194958815170635e-05
3.845992655789864912e-05
3.378867600835265789e-05
3.599463233307664161e-05
3.687321249576176101e-05
4.207710894897812541e-05
4.271659050431831723e-05
3.479031557923207549e-05
3.374760218873892458e-05
3.697114380871998696e-05
3.522998893356435625e-05
3.343716890693389563e-05
5.742615347152058930e-05
3.813900406378103157e-05
3.559625435341430999e-05
3.673135332121355896e-05
4.496993604750043844e-05
3.669784952301132202e-05
3.479432943624731028e-05
4.311304188260849796e-05
3.343237298368683129e-05
3.376946347891351388e-05
3.566259693639798820e-05
3.672711415378638819e-05
3.433464648724192072e-05
3.524656695720613912e-05
3.331019147230378962e-05
4.056432574602305765e-05
5.006974986595106230e-05
3.932223657985608182e-05
3.673376235361492374e-05
3.983021043917224215e-05
3.944242895346043845e-05
3.420555409155691352e-05
4.035879312523259281e-05
3.855658396433033706e-05
3.981406181589883047e-05
3.495949924768996419e-05
3.569780110450853614e-05
4.209631840758763419e-05
4.208516696913139999e-05
4.003690370788334812e-05
3.321845318218579445e-05
3.607439299105121439e-05
3.431244350850838767e-05
3.367929185140278002e-05
5.046792369531885131e-05
3.619127360060163330e-05
3.952864463401428475e-05
3.375216335476445995e-05
3.866755974762931111e-05
4.564297885825511369e-05
3.808080687040041730e-05
4.588350769668331962e-05
4.255616198186911776e-05
3.365553840100996848e-05
3.905555842406164879e-05
4.081737606188691822e-05
3.384713971079497869e-05
4.453281668156108201e-05
3.679735521260509831e-05
4.096029700495853760e-05
4.024210936942508186e-05
3.362829846490212980e-05
4.055100817544483025e-05
3.478259503563475163e-05
4.761337017706700480e-05
3.579951732780900275e-05
3.338291673557303261e-05
3.793259030752026085e-05
3.635023987925883383e-05
3.681904727254389228e-05
3.389562037463949033e-05
3.430076168558551504e-05
4.038664243608236200e-05
3.486708294543706873e-05
3.434401579467991045e-05
3.691367677996612497e-05
4.002263971699467245e-05
3.503814926005217255e-05
3.875930128051375390e-05
3.803692192904817185e-05
3.334767078808529916e-05
3.343133265426678877e-05
3.621483636589744643e-05
3.574714826545154011e-05
3.375877684967684244e-05
3.396454150250012279e-05
3.521381532642309188e-05
3.436294771604579820e-05
4.251807661183991399e-05
3.680376889876099932e-05
3.478956445809315605e-05
3.484033304370564248e-05
3.892584554527768578e-05
3.587042957130153809e-05
3.510131293704554784e-05
4.500263840850866832e-05
3.820689052558803769e-05
3.321109808403647557e-05
3.819082683260597525e-05
4.086556850606459432e-05
5.330829614230340021e-05
3.457199266562186650e-05
3.755827076541001368e-05
5.248911669701608281e-05
3.352638584109609031e-05
4.366458995331100996e-05
3.513752941426843875e-05
3.621748019216895537e-05
3.439594291285512069e-05
3.584392443236904854e-05
3.321671778275966350e-05
3.650579698151157858e-05
3.464653269915762558e-05
6.972799557869980799e-05
3.391277564986557453e-05
3.643668823394172153e-05
4.249910325313575827e-05
4.434021443930266502e-05
3.451507487347456451e-05
3.447262159112559482e-05
3.425308666191225756e-05
4.360927894431570025e-05
3.885851552664594869e-05
3.325492708488039871e-05
3.884618528051158248e-05
3.815000321097503680e-05
3.345711236128245719e-05
3.386143332224239317e-05
3.830091657393729554e-05
3.567705742648286435e-05
3.632958543078637197e-05
3.732084747025890136e-05
3.378589710665588455e-05
3.441127356040575943e-05
3.416344940457408569e-05
3.405924746520819696e-05
3.361031358206610777e-05
3.742793269510552177e-05
3.910567136218706121e-05
3.327915277353977460e-05
3.555611425381453557e-05
3.727158396837032637e-05
3.453382944418295668e-05
4.228987156843295238e-05
4.004327396315605106e-05
5.787951676558767073e-05
3.327842114771850787e-05
3.516909398585239360e-05
3.600295557354080551e-05
4.089213076546857004e-05
4.455549854643959417e-05
3.406671369285403748e-05
6.045104723572053087e-05
3.820220553167820888e-05
4.030369587916487583e-05
3.697850430438621191e-05
3.331413137630463071e-05
3.507872346153556408e-05
4.037474542669362100e-05
4.073781344899762049e-05
3.673164332033868908e-05
3.468260615921765929e-05
3.694106851085300766e-05
4.005379110218111621e-05
3.359002037810178908e-05
3.333687021529703937e-05
3.458555674810768067e-05
3.539999955532259002e-05
3.843803021782710150e-05
3.432704386037566379e-05
3.578267571605161823e-05
3.842613319521316753e-05
4.242815380172566944e-05
3.922042958155174140e-05
3.863806866661542862e-05
5.668919803117232405e-05
