1.395730667905743954e-10
9.802270888084678582e-11
9.832348974027493061e-11
1.687572492279065108e-10
9.801947525724482299e-11
1.274790333047337379e-10
1.219384274908991986e-10
1.042264532383521833e-10
9.289989686201799786e-11
1.275022785860201979e-10
1.315630387552240596e-10
1.189784636008071126e-10
1.032917523108999977e-10
1.040912454826363781e-10
9.811905883734359126e-11
1.358223895019066018e-10
9.309547596471912439e-11
1.151871063594839200e-10
9.231325742806383631e-11
2.687140854266358182e-10
1.018574898648523328e-10
1.684440736925281790e-10
1.487962416913138066e-10
9.177717795689430458e-11
1.070511793586080860e-10
1.349264367383027736e-10
1.237513875511983590e-10
9.563251551336151785e-11
1.105713224245430433e-10
1.059460898790467409e-10
1.750736950162784135e-10
1.423370075397518487e-10
9.976848985611937941e-11
9.657190323338925764e-11
1.610880479533778199e-10
1.489945840710602468e-10
9.520386165045875198e-11
1.264968950424650489e-10
1.340394171309681036e-10
1.791787998491048086e-10
1.791079369811577633e-10
1.057184408437568488e-10
1.004785885425752392e-10
1.303652941064586574e-10
9.646483388534447684e-11
9.356577920952265783e-11
1.026457535528746353e-10
9.810367302755028091e-11
9.284501199378294683e-11
1.151766769867789762e-10
1.141465138910967791e-10
1.182533820695460431e-10
1.316202781492523071e-10
1.034086267472597303e-10
9.262324636287061436e-11
1.610181451102586379e-10
1.695015975889036573e-10
9.211151103612877300e-11
9.832686817703938513e-11
1.284080377066492531e-10
1.037865379212238706e-10
9.803287109028653713e-11
1.244913328453537136e-10
1.059374582616768590e-10
1.421102014467361255e-10
1.182292066808137001e-10
1.433438094929289869e-10
9.885954450562572038e-11
1.358927501747989343e-10
1.054984481269496639e-10
1.248211112611717480e-10
1.162281604109599687e-10
9.205393760145027346e-11
9.519090801331042537e-11
9.768050484603248435e-11
1.076844803156994758e-10
1.366826984180126271e-10
1.143723286476535084e-10
9.208240298182740216e-11
1.147887322816515122e-10
1.067688799793184908e-10
1.113492492892855408e-10
9.835297085528310159e-11
1.176345677666464157e-10
1.773631483614062248e-10
9.513133301850086297e-11
1.131478135843520785e-10
1.049518511868622838e-10
1.389278599546774665e-10
9.267290917190424253e-11
1.003928186387105861e-10
1.951348172137192601e-10
1.240756200320672377e-10
1.048957048985405754e-10
1.142693667718577965e-10
1.086776186354376662e-10
1.060672991146027720e-10
1.347253590398094620e-10
1.049245792708311058e-10
9.484247669210217372e-11
9.417333333351163727e-11
1.525136373626845236e-10
1.053457321102268395e-10
9.622800685180080273e-11
1.103389942747389847e-10
1.526561318454218986e-10
1.018685075938467302e-10
9.564337157764389292e-11
1.281202224221218001e-10
9.753646287300072489e-11
1.209672722677544858e-10
1.340760641534794012e-10
1.075400216676338256e-10
9.471354901257032962e-11
1.055954386022567937e-10
1.462842861018748051e-10
9.564148364391694023e-11
9.489191377166132968e-11
9.617259551203305272e-11
1.503763544098496701e-10
9.879227542778207958e-11
9.467117394059641232e-11
1.307295872925774254e-10
9.791271326156731487e-11
9.528013046048752138e-11
1.455766204591132512e-10
1.558821966766790131e-10
1.187443176926773478e-10
1.390840504054098500e-10
1.017931493244203850e-10
1.271472001483275791e-10
9.722983145887620488e-11
9.904356535228584209e-11
1.326445256694262466e-10
1.218261881086944575e-10
9.436086996092979992e-11
1.374843627425336412e-10
1.271657165073587969e-10
9.399776956675333989e-11
1.201399769892939220e-10
1.887927660255639219e-10
1.081612105257132603e-10
9.216759045863299983e-11
9.953597141875332874e-11
1.598537126751840745e-10
1.066742536293223683e-10
1.082610509086953407e-10
1.057816956766286470e-10
9.653195947861460103e-11
1.330228011437306233e-10
3.018265551307471029e-10
9.634218511819017813e-11
1.084510475182958762e-10
1.339451249094422411e-10
1.084879692315183947e-10
1.312599375126422411e-10
9.198851937036142269e-11
9.982336297239996228e-11
1.435685784903564102e-10
9.660091580270949463e-11
9.512137433175376925e-11
1.006270646889846889e-10
9.673402630676972310e-11
9.972997195432565631e-11
9.476161749165329287e-11
9.302392898832263198e-11
1.405374179206844258e-10
9.655989042125652737e-11
1.835672537028065918e-10
9.912745890153687688e-11
9.945374782221860271e-11
9.183800053686518670e-11
1.102613637745019585e-10
9.204385087596004683e-11
1.004897384450041678e-10
9.218725182301268530e-11
1.774675992823931529e-10
1.083664525128376755e-10
1.245598967833073912e-10
9.290312450011168335e-11
1.258163015242371794e-10
1.820642672790388108e-10
1.363285538318068730e-10
1.390622814258703461e-10
1.362196018420155458e-10
1.058945787738418113e-10
1.036907072349156949e-10
1.100192773129703646e-10
1.214492314630083573e-10
1.225461567662912889e-10
1.019033405801046400e-10
1.325823534439136139e-10
1.041474790239559348e-10
2.377182487949710307e-10
9.199226330229025140e-11
2.007338453669112418e-10
1.141638981315133401e-10
1.566723670151799952e-10
1.140923248819077876e-10
1.093775316072329687e-10
9.773069038732369550e-11
1.000622536328799093e-10
1.158283964774023989e-10
1.209264031515436119e-10
1.407444501281405845e-10
9.405573730836973747e-11
2.036983606943864733e-10
1.460160309084353907e-10
9.225595653859138953e-11
9.676829111408939773e-11
9.996103589258739219e-11
2.326506324258422169e-10
1.180285800810784466e-10
1.444683214406611617e-10
9.793151568859138026e-11
1.064226076634859946e-10
1.024564439959571837e-10
1.221062361225089681e-10
9.548482885435036591e-11
9.865593263899356181e-11
1.089498299567259958e-10
9.313123141633247358e-11
1.001322517519001794e-10
1.022699436832739193e-10
2.494529385482903925e-10
1.343531504342205552e-10
9.327815363994205124e-11
1.696399096643570246e-10
9.306905430841636401e-11
9.728735050820831975e-11
1.002882705480830302e-10
1.078418011673145965e-10
1.144436141783084487e-10
1.156001405620762930e-10
1.051424364463416007e-10
9.587267038850057823e-11
1.255757447155335570e-10
1.789052063939218295e-10
1.079710507506334367e-10
1.023199335857438934e-10
1.482845250269132764e-10
9.638797954759289913e-11
1.638163702085931282e-10
1.172717803592668409e-10
1.088839748833403048e-10
1.064415206569672972e-10
1.251342122377012964e-10
9.708831020271052671e-11
9.579210122220453669e-11
1.140741220284124922e-10
1.292320933551786006e-10
1.353662389223171426e-10
1.038522851368424948e-10
1.129321018792166021e-10
1.102594189262840514e-10
1.317699971692173388e-10
1.790115968199086622e-10
1.003121152998557767e-10
9.362606470032007739e-11
9.749995918369407458e-11
1.011477754086119029e-10
1.287697741142828829e-10
1.040133509889587676e-10
9.540397318386057623e-11
1.377267413385949565e-10
1.085626245971257485e-10
2.282955804962620039e-10
9.479079718203154122e-11
1.317137659463847306e-10
9.248788995654986206e-11
1.045891205454273283e-10
9.703565922464470583e-11
1.546138674542970138e-10
1.016102099349647115e-10
9.587973503292462363e-11
9.994256798055519592e-11
1.001447954855073386e-10
1.050634853459616986e-10
1.343857503138305955e-10
1.330516789552299498e-10
1.006699455220104205e-10
1.094028506485489387e-10
1.036783930899979298e-10
9.959475296263433808e-11
1.002841953157177920e-10
1.015585710021292454e-10
9.640485460430240119e-11
1.031254294881580033e-10
1.204990517876467290e-10
1.149262576152353184e-10
1.137959088447634096e-10
1.297739398177529900e-10
9.267339436133187485e-11
1.018415569799925249e-10
1.078582303163402736e-10
1.195513303999139303e-10
9.950527751127049583e-11
1.216623751561094842e-10
9.432424869058126003e-11
9.674586444073181368e-11
1.308268612995498034e-10
1.718972949114447495e-10
1.300299331134238546e-10
9.561788172033940541e-11
9.554106150112507800e-11
1.125417632985119925e-10
9.583294290482716377e-11
9.937831122656144594e-11
1.565655839886233380e-10
9.929688691457552179e-11
1.219820517336101515e-10
1.407704786943418429e-10
1.161024755924441827e-10
9.801500962357386165e-11
1.168709164879444260e-10
1.090162114352785867e-10
9.621016557041511160e-11
2.070501907346234882e-10
1.011557150141848205e-10
1.057308350590701988e-10
2.808465309466639747e-10
1.801267310913034811e-10
1.052669144341231434e-10
9.286115754853161942e-11
9.672016161720463885e-11
9.695096140886351603e-11
9.622675492648732903e-11
1.004158878486758940e-10
1.045498326094841335e-10
1.197082315677370283e-10
1.024776251518548219e-10
2.774329321426577443e-10
1.904266031718310483e-10
1.250636843504476935e-10
1.109132807471590193e-10
9.685437353584915614e-11
9.294588144582088826e-11
1.005993717257780137e-10
1.269040613260419830e-10
9.601654233235490395e-11
1.005417068170332764e-10
1.177024158597394718e-10
9.190660783718166094e-11
9.776233428821475752e-11
1.014927204279682657e-10
9.948247964462374305e-11
9.315200271614973741e-11
1.347162658969948471e-10
1.004508597670163781e-10
1.246639908812816644e-10
1.665011406503675310e-10
1.032873396891811354e-10
1.416063151433825713e-10
1.079192539302039052e-10
1.304252719192920329e-10
2.073557473254228074e-10
1.114701173939165136e-10
1.342528536405462427e-10
1.638919056670459650e-10
1.108820432583298164e-10
9.791579584315489715e-11
1.219587786909106106e-10
1.837557031260294207e-10
1.619287914878633802e-10
1.352777513266237915e-10
1.027202686089221915e-10
2.100937704439126926e-10
1.119401098460500708e-10
1.057723320145332037e-10
1.216553648553699284e-10
1.607285782339339055e-10
9.440288948687643945e-11
1.017131208148426271e-10
9.567782064221499604e-11
1.039305778394940751e-10
1.530170221932867301e-10
1.482498981910470151e-10
9.855759009520899085e-11
1.174028124103727266e-10
1.438115386050504758e-10
1.011254517086016303e-10
9.477953855897285606e-11
1.058315269701189734e-10
1.736059528327737216e-10
9.514192300200549847e-11
1.014139791806448767e-10
1.045329493803285622e-10
9.486545506174343421e-11
1.150246887635306791e-10
9.261353755438266037e-11
9.864016071913005135e-11
2.185226275723652044e-10
1.158954400544792779e-10
1.013501400931569329e-10
1.194241769101464595e-10
9.529638791404103751e-11
1.217162789341701734e-10
9.520243998514088089e-11
9.603708007075989218e-11
1.997704394745312613e-10
1.395218583834232360e-10
1.402569826842310508e-10
1.166527773916461864e-10
1.102412192489439584e-10
1.886321751113239258e-10
1.899135737010366107e-10
1.134779557325936412e-10
1.117542150563634782e-10
1.431975496517864060e-10
1.526912410002860532e-10
1.167394943807325801e-10
1.348328039896360516e-10
1.326390895721464617e-10
9.835204968748312132e-11
9.418306076152379803e-11
1.377770470228651813e-10
1.055991896436005219e-10
9.329069620529172291e-11
1.438795691349984109e-10
9.361179806522972260e-11
1.063109323961542316e-10
9.437758423298326735e-11
1.303117735158045456e-10
1.103209449355204920e-10
1.030156456734227260e-10
1.099206963346310002e-10
1.288320986056220614e-10
9.460527709914398529e-11
1.418212322227646712e-10
9.332992239887643952e-11
1.509743170889170311e-10
9.186098327217382727e-11
1.280095704200435847e-10
9.733368518564873574e-11
1.803977997479828458e-10
9.912303697510286317e-11
1.122081182749078208e-10
9.349133746576558415e-11
1.259955282574616019e-10
1.114653013840469681e-10
1.106893339535637456e-10
9.614863789535055121e-11
2.893062263761318844e-10
9.416711369746436257e-11
9.918614743998156923e-11
1.139715992377967780e-10
9.347255840602485238e-11
2.091015395057291246e-10
9.586811737627796552e-11
1.137944223646088278e-10
9.718314317416315499e-11
1.007500973393606938e-10
1.023205268093674672e-10
9.247136331420566398e-11
1.016345289912706202e-10
1.032153906831128219e-10
1.080235329973993405e-10
1.273888309642548531e-10
1.017369711969174843e-10
1.332988608027788448e-10
1.117643742278236629e-10
1.276248055692361477e-10
1.024075497759958641e-10
2.547906637082650579e-10
1.091728325704578483e-10
9.807089421244779793e-11
1.225622406645234698e-10
9.495921971230067935e-11
1.098290078815939352e-10
1.091523722243319299e-10
1.945726650887949827e-10
2.489908431606148872e-10
9.798559358762079459e-11
1.699900623706581036e-10
9.635469060665821788e-11
1.041436822707003948e-10
1.084845875473209721e-10
1.184874636624289160e-10
1.495441850843292931e-10
9.448481233083025783e-11
1.693883770152701252e-10
1.079843502503471579e-10
1.531723398919239735e-10
1.182702369439823436e-10
1.468999375141744223e-10
1.460832708701724091e-10
1.025461784341824777e-10
2.367938977818611297e-10
1.001768286629712258e-10
9.280415276556732597e-11
2.059679720956428937e-10
2.352407676982133745e-10
1.025233811462602845e-10
1.921756013971306683e-10
9.484358610460958467e-11
1.293603124192041279e-10
9.371771052502993645e-11
1.359216721258397006e-10
1.113177055847557885e-10
1.255128758939430579e-10
1.159873038074416457e-10
1.567987893394199510e-10
9.185527880735542740e-11
9.554389599373958749e-11
1.144787046656959221e-10
9.792442661988827733e-11
1.020337972621906600e-10
9.319900495951506610e-11
1.016812132771196323e-10
1.177211763125041974e-10
1.531594193813619004e-10
9.349101648392518631e-11
1.017968737053208150e-10
1.135221098164165584e-10
9.233857028714056596e-11
2.560728172751688089e-10
9.939337212935892458e-11
1.043868680328635262e-10
1.172451899580023193e-10
1.449966169086730004e-10
9.233694785010378070e-11
9.610462369351216378e-11
1.388493096945862996e-10
1.132363319428659924e-10
1.002381502154537560e-10
1.433163128934524810e-10
1.152099678626816494e-10
1.222365299448865160e-10
1.144489926416003053e-10
9.580843972331695876e-11
1.039484242774898293e-10
2.048969106123561703e-10
1.140354156627278373e-10
1.002586840869964084e-10
1.146046033931240597e-10
1.115798730657735267e-10
1.306846978586848187e-10
1.324068097159178646e-10
1.020378112866275823e-10
1.136475824916178042e-10
1.338471400405676889e-10
1.397391266596943227e-10
1.013749622784374110e-10
9.503771695754551987e-11
9.410505712989896510e-11
1.008315453896320239e-10
1.138157719946287574e-10
1.030330410726379312e-10
1.097863457474099442e-10
9.914362033684947997e-11
9.383807676531540948e-11
1.041572624069165242e-10
1.227506773031209422e-10
1.100127354908274805e-10
1.534133826438858584e-10
1.428193637514505521e-10
3.975438582487185233e-10
1.144508750515033514e-10
1.087667818200395099e-10
9.544559060490214188e-11
1.707569920836963402e-10
1.136997932035301637e-10
1.100963616675697667e-10
9.942303170523331937e-11
9.815028554069328436e-11
9.407680873800186251e-11
9.924404400887233234e-11
1.017985123951457624e-10
1.234182288177059147e-10
1.031834483302901936e-10
9.816889436745216538e-11
1.794184616646695778e-10
9.464497879931475900e-11
2.603049463897817937e-10
1.094305418506059274e-10
2.290704152013715148e-10
9.596243599434489705e-11
9.550830202473636166e-11
1.060280595761699208e-10
1.199553125166218555e-10
1.355870049510092623e-10
1.082880095260071785e-10
9.982669695192787426e-11
1.165980214683569311e-10
9.372940094098476590e-11
1.040761966770447259e-10
1.052360964240486335e-10
1.185178528161646564e-10
1.862421572904824043e-10
9.454967021436243660e-11
1.438193558419002366e-10
9.851589881443882252e-11
1.448933897630208797e-10
2.139298322705758301e-10
9.949327120457487595e-11
9.301425678474398373e-11
1.244543520543801967e-10
1.119037752943922334e-10
1.994820298269973086e-10
1.214316142992851147e-10
1.276652584386911275e-10
1.429122763125948068e-10
1.260018323807098531e-10
9.303940268399727694e-11
9.187711708029733666e-11
1.990955345801103034e-10
1.236902206702309875e-10
1.898332762880330874e-10
1.103267765430283770e-10
9.513797163625305078e-11
2.921674234794368844e-10
9.851789176369551205e-11
9.369720918065244086e-11
9.910107726617970980e-11
9.927130610288056397e-11
9.452805524632985363e-11
2.012004925376831794e-10
9.193153003175747084e-11
9.705196972141509852e-11
9.386063039803817469e-11
9.951241990249585445e-11
1.042824771152824454e-10
1.046025045964158628e-10
1.012968890279437597e-10
9.945542024373580248e-11
9.636860129399464563e-11
1.117835920718839015e-10
1.294955409394920709e-10
1.782556607372386172e-10
1.182476326393400271e-10
9.436676004760754982e-11
9.373356434266427151e-11
2.409882391863442346e-10
1.186504158568563236e-10
9.747551358854805013e-11
1.279206713668990261e-10
1.038667768389541965e-10
1.340643567924505890e-10
1.211000455320286314e-10
1.369174682071516319e-10
1.067484457591424549e-10
1.084758511028627258e-10
1.023469222146793034e-10
1.173261294700827403e-10
1.030426221864884654e-10
1.519720786815996073e-10
1.162858532987838510e-10
1.017861471655193417e-10
9.413154323136970151e-11
1.600280779337116885e-10
9.604209633887645195e-11
1.114489255884112518e-10
9.784533764199630887e-11
1.034272865491446929e-10
9.246974291604128926e-11
1.093355550473659324e-10
1.123253070351477185e-10
1.232173250958382467e-10
1.238977290100758168e-10
1.036000803635739942e-10
1.750319779007914018e-10
1.065825589800780198e-10
1.192293324101154114e-10
1.384400377332643136e-10
1.060832500204229334e-10
9.789298272818704887e-11
1.026349567729699773e-10
1.124208112447711775e-10
1.210033910205220101e-10
1.017770586286001555e-10
1.591895407730956548e-10
1.477116827174164090e-10
1.699181412629760189e-10
1.512806860890346598e-10
1.708333393833313817e-10
9.325016875185896238e-11
1.519321020316130570e-10
9.270783713147719908e-11
1.135265785640519749e-10
1.005668540812571065e-10
9.585806867971343967e-11
9.877392235881011591e-11
1.786540145039094872e-10
9.214451210972290864e-11
1.051446086788937495e-10
9.367029520806050074e-11
9.619873936965445651e-11
9.250862561720971931e-11
1.095163735887398365e-10
1.327193113072468338e-10
9.621188722375459832e-11
1.188593597833868165e-10
9.177554683926822179e-11
1.262814085134606951e-10
1.102859496245421927e-10
1.435327376166685145e-10
9.549223368809706954e-11
9.306277014363829384e-11
1.094909377470439423e-10
1.298154920132485700e-10
1.307659677641149501e-10
1.411935256311296745e-10
1.680709323262881290e-10
1.642576596562284193e-10
9.673963400191625651e-11
1.277507713951911573e-10
1.126141981401771602e-10
9.633702619039354699e-11
1.062604369746057396e-10
1.859785564440101129e-10
9.938941693410561452e-11
9.759706971589047813e-11
1.148518831469380417e-10
1.347456418081107495e-10
1.328548475101558866e-10
9.577576028234030421e-11
9.464974202410345870e-11
1.274032768872107366e-10
1.155750803212360238e-10
9.592305489244678694e-11
1.386211572867217360e-10
1.786503717699932345e-10
2.055647819677412163e-10
1.122661106895423539e-10
1.172633562486612869e-10
9.207736110420900392e-11
1.103369117905266604e-10
1.061072442770518883e-10
1.000572629303148719e-10
1.039427195601711353e-10
1.230450377309525743e-10
1.853269388505481785e-10
1.660106014244158080e-10
1.084080522753246018e-10
1.045662769098751665e-10
1.326057596705547997e-10
1.073120618705999138e-10
9.980563062590973334e-11
9.242111941228037098e-11
9.899426796648611233e-11
1.749021356449480284e-10
1.486274097628180560e-10
1.561565622733093144e-10
1.213404288828394564e-10
9.183017547867838151e-11
1.329896733068103458e-10
1.265425891463951471e-10
1.354224173675068355e-10
1.097223253334560614e-10
1.050705858254449684e-10
1.031077530998899900e-10
9.502490172736955269e-11
1.032485015029382326e-10
1.471305222813934457e-10
9.842126977109577355e-11
1.136734199483481705e-10
1.276098926181810505e-10
2.387023711903503039e-10
9.406643317137348964e-11
1.422216428111551827e-10
1.335201478360043895e-10
1.030062098054894850e-10
1.149018727918688216e-10
1.356005677964600810e-10
1.614828347799610222e-10
1.076236240254060226e-10
1.100034093260776395e-10
9.898984083451101949e-11
1.465477794618028042e-10
9.189829912481696065e-11
1.958351007861289129e-10
1.202414881691097827e-10
9.184174983717527872e-11
1.070494686874858833e-10
1.442871627690772782e-10
1.665732860523203853e-10
1.008617356645442261e-10
1.116768965033759802e-10
1.161671245681352569e-10
2.903605578848132823e-10
1.013846803600371634e-10
9.288859935590137414e-11
1.151183642414019453e-10
1.772063709821623219e-10
1.002533999864301030e-10
1.069396505662356310e-10
1.958006429630221070e-10
1.029312857586024919e-10
9.532116402503852451e-11
2.571501361265569402e-10
1.078087946194678211e-10
1.000562042684355998e-10
1.221217355217662861e-10
9.216986551497792087e-11
1.715537586048871994e-10
9.975529818186664337e-11
1.505251671107341302e-10
1.358862709193831145e-10
1.301639519771818864e-10
1.549582851151331878e-10
9.521412868182257233e-11
1.271740542298055209e-10
1.020721478496082785e-10
1.002034154368251771e-10
9.843062886253293248e-11
1.362257208700781366e-10
9.713798732883835779e-11
1.163925522928339160e-10
1.409956967495824128e-10
1.388538512308184401e-10
1.553567912157752159e-10
1.046199598026413613e-10
2.020058582169992618e-10
1.689599815079641043e-10
1.461411472398295627e-10
1.037059515464496573e-10
1.018583832330775647e-10
1.106160745023853892e-10
1.124269571522364663e-10
1.536553413559531444e-10
1.088668384265450321e-10
9.333474429569233201e-11
1.054635008963741103e-10
1.071113227565054411e-10
9.578644501906186911e-11
1.006845364061245129e-10
1.417571326846706107e-10
2.320877104818084920e-10
1.045537619843698574e-10
9.820963845785916484e-11
1.163531962953102132e-10
9.971298354676787810e-11
1.570872455734841667e-10
1.578372236790263617e-10
1.312389455931232237e-10
9.906660413539500783e-11
1.242826902609344585e-10
1.001531068408557507e-10
1.106551330264371033e-10
1.298663023587404098e-10
1.260444706744571902e-10
1.260756071928751216e-10
1.297446656303009064e-10
9.199730926047053770e-11
1.343003215976085133e-10
1.058329668756546930e-10
1.319599343492400262e-10
9.878172277768832130e-11
1.039095097404083976e-10
1.540850951933313154e-10
2.571719865142757627e-10
1.149535846746178523e-10
1.179599795119003535e-10
1.038051382679349538e-10
9.470228235432990356e-11
1.990665416805705560e-10
1.035584097919873424e-10
9.273935943056949959e-11
1.360019312544175490e-10
9.296636641107001532e-11
9.747706093712278221e-11
1.273202544892079113e-10
1.040275307086775006e-10
9.792704654541463501e-11
1.143303461504205458e-10
9.325772861263269939e-11
1.195907990044140166e-10
2.273673027600339604e-10
1.114145157967890486e-10
1.219583971332461403e-10
1.065613778626738905e-10
9.580781136450944088e-11
1.041318531475284605e-10
1.309670972489482375e-10
1.232997365640938602e-10
2.951140963198001887e-10
1.651503111511380971e-10
1.205651018262644966e-10
9.240928430669646435e-11
1.017883819428754381e-10
1.189718350175442003e-10
1.399829329505773002e-10
9.387294491921997942e-11
9.879105198266733695e-11
1.348507430250781006e-10
1.145264180055996681e-10
1.064051248569335887e-10
9.212858184836091887e-11
1.143229439910960395e-10
1.166353214238279629e-10
1.134370388385267848e-10
1.736580522556815381e-10
9.373436497828262032e-11
9.647888680954299173e-11
1.133989555573820865e-10
1.034286087855387471e-10
3.510521176988843239e-10
1.432589858610323914e-10
1.297922483064300439e-10
9.563943834558054132e-11
1.038830230074712644e-10
9.891012281212471387e-11
1.148809679100957795e-10
1.843572538600153995e-10
1.090145277758493536e-10
1.593000184010368898e-10
1.098047507997562926e-10
1.326895432445744924e-10
2.403869497041790618e-10
1.084638727186176213e-10
1.070091184239748953e-10
9.421845480205264729e-11
1.089891298190839598e-10
1.013061648511559055e-10
9.749825744886417757e-11
1.052959889801228553e-10
1.475002016646747912e-10
9.599066871747438211e-11
1.239404984077343624e-10
1.965424152079452497e-10
9.680846086787019805e-11
1.077436055038160925e-10
9.179609706799288732e-11
9.481394504070627148e-11
1.540180185661621237e-10
9.791934070700781626e-11
1.032426158140624078e-10
1.029067923573690303e-10
1.206015828236557612e-10
1.399492216108539104e-10
1.005081183534869459e-10
9.511758030635049101e-11
9.546166581109547550e-11
1.105628690144762674e-10
1.007792569498258130e-10
1.352245414920510792e-10
1.086621421654186855e-10
9.961327728614108712e-11
2.492747225119984145e-10
1.280857440412001790e-10
1.196100762447447582e-10
1.496036536802197123e-10
9.228647760104423253e-11
1.185095062600371491e-10
1.077926422712380774e-10
1.443262422758690474e-10
1.009639633949316057e-10
1.810217098061689939e-10
1.637921020272467824e-10
1.723258723663634206e-10
4.166760439758378152e-10
1.038291532996747282e-10
1.422567721471014375e-10
1.936164467445331229e-10
1.099166567639681313e-10
1.131878715717117783e-10
9.289311850261618067e-11
1.546774121658059059e-10
1.091219557817533570e-10
1.262458741342385532e-10
9.247022903809937164e-11
1.603725073657505650e-10
9.914987083983900015e-11
1.082476399847318314e-10
1.154158100034643862e-10
1.110092947376141478e-10
1.555643438327770678e-10
1.069977095752151371e-10
1.148197081596108033e-10
1.062799490577861364e-10
1.068383021857546430e-10
9.331497313326375359e-11
1.011843230328646492e-10
1.190260239566582761e-10
1.029014798623046228e-10
9.381695842669435350e-11
9.874623416707046871e-11
1.027168691502791919e-10
1.077994435180782106e-10
1.239463922974479255e-10
9.992288577117993628e-11
1.054867520413546376e-10
9.783330751779037967e-11
1.232455570830157187e-10
2.029208712398581059e-10
1.243958627982297376e-10
1.443587283006137411e-10
2.086893430156218171e-10
1.044096003054780778e-10
1.042519882201887833e-10
9.212516790734126845e-11
9.631075880920446517e-11
1.243073332852116814e-10
1.442886997785557877e-10
9.779134618453591091e-11
2.994870447468815805e-10
9.471259694597021193e-11
1.003389724350937844e-10
1.626779775670838691e-10
9.730191934366789433e-11
1.579363563390360163e-10
1.215356253222358614e-10
9.925196439856987218e-11
1.025164226489334021e-10
1.088617813161591318e-10
9.547206615305830618e-11
1.010433113158933476e-10
9.283871456150077889e-11
9.563975300935411864e-11
1.289189935918644394e-10
9.946986286028207154e-11
9.196328504695234955e-11
1.102419139413735016e-10
1.226298488253821767e-10
9.371610899881728363e-11
1.039874722948912412e-10
1.174932498341118766e-10
1.077729448755126074e-10
9.203620384273324796e-11
1.160137476997348470e-10
9.950269398269336197e-11
9.186342794792637746e-11
1.136878920896425276e-10
1.195975269407617511e-10
9.406004770954061833e-11
1.039036568273088531e-10
1.381746965802625171e-10
1.886035165903779453e-10
1.048366286094888043e-10
1.631574576911015250e-10
1.401817867812230889e-10
1.399337729040292665e-10
1.052889018030234211e-10
2.665419830559884489e-10
1.447661262513539843e-10
1.927021079451989673e-10
9.466784036576096695e-11
9.415658734059068851e-11
9.395031813842186292e-11
9.208240298182740216e-11
1.302798440051602389e-10
9.707014145009990451e-11
1.243946127652225838e-10
1.011563142075704615e-10
1.053924198944984881e-10
1.167175560802639422e-10
1.441042661413527517e-10
1.433459074375101955e-10
1.662085988507053114e-10
1.218760834444508292e-10
1.077274446035026356e-10
1.219454235511029089e-10
1.391272393988073522e-10
9.350481783244413939e-11
1.628961030921723805e-10
9.948658359797397863e-11
1.360333759794369409e-10
1.779159438954250893e-10
1.036266303663184350e-10
1.183662304576143147e-10
9.550735689394335539e-11
1.636890991828647493e-10
1.047952433460469927e-10
1.032462944040138927e-10
9.359400217971586419e-11
9.742118802988375964e-11
1.145014210732142391e-10
1.071057657197291242e-10
1.149309464853403541e-10
1.088808848770175299e-10
1.693548846131396066e-10
1.792015071179003369e-10
1.295480294265044316e-10
1.122354764543729641e-10
1.122568117842568627e-10
1.046161780575492173e-10
1.078644614897378130e-10
2.091959506741737449e-10
1.657252771772168933e-10
1.655802151972313811e-10
9.877392235881011591e-11
9.743481060234933315e-11
1.483803283771378697e-10
1.014480521659307079e-10
1.027722828303625792e-10
9.779597504570718046e-11
9.610822694214938772e-11
1.786822434884923439e-10
1.098815488174221962e-10
1.047362627878431780e-10
1.119163907235084733e-10
1.309066194319649701e-10
1.003673315697527280e-10
1.108354491559050939e-10
9.528344528392033388e-11
9.730501884964374027e-11
1.026915918268638965e-10
9.187532455737254543e-11
1.028208775779662505e-10
9.340993768378666869e-11
1.039033641740811821e-10
4.111346788946095638e-10
1.086824018814831873e-10
1.219689531766831710e-10
1.440765667901159967e-10
1.106249399067708482e-10
9.975575309259543528e-11
1.124101576420081638e-10
1.291456246652890319e-10
1.036629986089530149e-10
1.047353909360625320e-10
1.104401615916799443e-10
1.225862997417045528e-10
1.229975775035632122e-10
1.031009764479811473e-10
1.048030858623951839e-10
1.718922084736692051e-10
1.085079756427221626e-10
1.254656131371195345e-10
1.488457154174682550e-10
2.389340784169470675e-10
1.216918145604142145e-10
1.243974878247074281e-10
1.509494125833824680e-10
1.541672732904361074e-10
9.647732546197001900e-11
9.753878261870618065e-11
1.059460898790467409e-10
1.209276844985519369e-10
1.296840508959050883e-10
9.559883912013306245e-11
9.290102654651193127e-11
9.807304898288578767e-11
9.556530978248964579e-11
9.479777376968070201e-11
1.345100104087032217e-10
1.560394241281978620e-10
2.010962364208503226e-10
4.327997440539548217e-10
1.695726247338312431e-10
1.951373462242515500e-10
1.893101840465049920e-10
1.293373595935586188e-10
9.469466479409624664e-11
1.233968295093158408e-10
1.000170268861993770e-10
1.376648661673011536e-10
1.420457708154456767e-10
1.273878515277635058e-10
1.534330470971547555e-10
9.898724553866764516e-11
1.974970667766585557e-10
2.161690803680353249e-10
9.321895854325965135e-11
1.085486829505424560e-10
9.955845476836073222e-11
1.257067259509380389e-10
9.887742522486035627e-11
9.903837716489698311e-11
9.730145441032024346e-11
1.355294945714257777e-10
1.179322151626598645e-10
1.262911542620552300e-10
9.668525851974087603e-11
1.338272072076972597e-10
1.069393651958822075e-10
1.365805595485545955e-10
1.073252905600397784e-10
1.188397158296195259e-10
9.962026108466407112e-11
1.170626004325724042e-10
1.054705778065871392e-10
1.038522851368424948e-10
1.008058548977557365e-10
9.857398648065317535e-11
9.892921749508644878e-11
9.650511414380851123e-11
1.176874580997863410e-10
1.102494163755536654e-10
1.973259952715314972e-10
1.226257983187138387e-10
1.228256524827494311e-10
1.676270758484731642e-10
9.734809304032653753e-11
1.087979878834667212e-10
1.063884995291634903e-10
2.785635457315417736e-10
1.274791556580281410e-10
9.968355120373480444e-11
1.406078432897748314e-10
9.659218163786410713e-11
1.639375657788862554e-10
1.159128605076209802e-10
9.894754535728954018e-11
9.469006225828034309e-11
1.244930816987526438e-10
9.662882930367555074e-11
1.028707807461425426e-10
1.021676722059618799e-10
1.029095960774626817e-10
1.664590997108928378e-10
1.276238277175206714e-10
1.047461433309112937e-10
9.761638895371125490e-11
9.293249149906439695e-11
1.674359444682596070e-10
1.063216886518975830e-10
1.200346506876604792e-10
9.702198762699798782e-11
1.054441455910814568e-10
1.003504376105483898e-10
1.592411120594870618e-10
1.478056609651293748e-10
1.003584323835411506e-10
9.507235797472384714e-11
1.151064577749890255e-10
1.034168550545088666e-10
1.874470483849564525e-10
1.406245746046501241e-10
1.186259203608862143e-10
1.117422701319907403e-10
1.416956848009175786e-10
1.561928256880883586e-10
1.594078129601685325e-10
9.459876462877007127e-11
1.704324195119078375e-10
1.890373289645496013e-10
1.434455840531322049e-10
1.009749163529352673e-10
1.021978137462657703e-10
1.088489971482771011e-10
1.241513972174231357e-10
9.569669224002512424e-11
1.083115758619901918e-10
9.409931229537360201e-11
1.249774363092196397e-10
9.828032895108559027e-11
9.617087324323388958e-11
1.032727768670340022e-10
1.771430755580433572e-10
1.055154848388351400e-10
1.275037465845532651e-10
9.210712095124482883e-11
1.233132151984998368e-10
1.037116676577940782e-10
9.640344844829744567e-11
9.530191173905495614e-11
9.261305209058091200e-11
1.889965877051279621e-10
1.145871433520175411e-10
1.094643783289245285e-10
9.217457797539061066e-11
1.082840578447551851e-10
9.995104542564407611e-11
1.117938861563847537e-10
9.265754369023144320e-11
1.205410756132412409e-10
1.157019322434910975e-10
1.031173281393165477e-10
9.825789722387017670e-11
9.303859681793474947e-11
1.171925201218805060e-10
1.856714888202098030e-10
2.007864727651769031e-10
1.498532174935234255e-10
1.403185315129030308e-10
9.264071997453950180e-11
1.289986931515774178e-10
2.132256554540495219e-10
1.291033998667832055e-10
1.076348329231850734e-10
1.009741661834962046e-10
1.266746636858938445e-10
9.746653854294504844e-11
1.525996916109677539e-10
1.027347521556242678e-10
9.214321177055635479e-11
1.654510154723905232e-10
1.020767550174806581e-10
9.177016397112099335e-11
1.056733209260230597e-10
1.576370674256131224e-10
1.096384495895231555e-10
9.972587676629196244e-11
1.497391095327364072e-10
1.377563550397968165e-10
1.031591545743058757e-10
1.133805197720423389e-10
1.074917363436489695e-10
9.820917728677938172e-11
1.098192498491034462e-10
1.177551483765210921e-10
1.197902969024622138e-10
9.363632267800197106e-11
1.173411275246288764e-10
1.100846768248256107e-10
1.145477825668978999e-10
9.392362748249552769e-11
1.349235261287288108e-10
1.280277338113958088e-10
1.125405352377713854e-10
1.302959296519873010e-10
1.021425730660259454e-10
1.040450702900756870e-10
2.312091062674338346e-10
9.698609166032871040e-11
1.208683456679752147e-10
9.911038016262620977e-11
1.173847965169909481e-10
9.941223347396292227e-11
9.748170285389903351e-11
9.653117918316458423e-11
9.788943702916278448e-11
1.394334201609169895e-10
1.058539875447279753e-10
1.027623841712895454e-10
1.136232283507538347e-10
1.126496504305846527e-10
1.126602842141339877e-10
1.655360226590214846e-10
9.298297730168276460e-11
1.048486784723602654e-10
1.819406195093438253e-10
9.368615604632381313e-11
9.306889318062405903e-11
1.110704571203256173e-10
9.360634738778235353e-11
1.282406502995405709e-10
1.090829782519230640e-10
1.029444156629890007e-10
1.114958455623116306e-10
1.440545798610000176e-10
9.662929706759809926e-11
1.181307616482338162e-10
9.427980879157731342e-11
9.666904976205311670e-11
1.897935483007470809e-10
1.974870564079479665e-10
9.479761521585966775e-11
1.277403903509484309e-10
1.110202039591192572e-10
9.845640069654844188e-11
1.271988193497144961e-10
1.028887879303457875e-10
9.960523020445369408e-11
1.206610364323052712e-10
1.488354585487530935e-10
1.104688733350926721e-10
9.567561874364551967e-11
9.404679666598616843e-11
1.200993772791199483e-10
1.126495140943239067e-10
1.029886629776875478e-10
1.409161385005563243e-10
1.083505139867789449e-10
1.216033501289692776e-10
1.036093222001678218e-10
1.091220959667056720e-10
1.075411575644738274e-10
1.028691570120149928e-10
9.685748556978938472e-11
9.760742524342456473e-11
1.383660285321475871e-10
3.605731014628891094e-10
1.502004920000953667e-10
1.021837090677882574e-10
1.667561900988961749e-10
1.674045205440974964e-10
9.730238427507172246e-11
1.090107394589416469e-10
1.160179994916965049e-10
1.307123513453387295e-10
9.983775900424487756e-11
1.196774605363198705e-10
1.012311889405542165e-10
9.465466380271343823e-11
1.179060171363867329e-10
1.428293330661487892e-10
9.351685243731367424e-11
9.546655094366987951e-11
1.095670900845638920e-10
1.773631483614062248e-10
1.184531535465491140e-10
9.684161328183675121e-11
1.073898488520402784e-10
1.044981565819978647e-10
1.677018772714900000e-10
1.038300318062377729e-10
1.162467309709999322e-10
1.054733218028408583e-10
1.411540240301666516e-10
1.318481866741353603e-10
1.111085479080570719e-10
1.095075694593285772e-10
1.474605665510763619e-10
9.242695541448980475e-11
1.461838087187127877e-10
1.206972353600698279e-10
9.895731900263551060e-11
1.381697934321855361e-10
9.312495092299394955e-11
1.204950672120848695e-10
1.170055065672135614e-10
9.585021749414377782e-11
1.388158118499050320e-10
1.501994320420612979e-10
1.031718173989402393e-10
1.452927100537845731e-10
1.891499775611633282e-10
1.373550099300631002e-10
1.067034212379297349e-10
1.341550654565023618e-10
9.485325336160188650e-11
1.100450237326104620e-10
1.529345122212182903e-10
1.045141712626555195e-10
1.215735093672409755e-10
9.967566082979101423e-11
9.661573110932756582e-11
1.006782189308546617e-10
1.198112253806807452e-10
1.446009645452263403e-10
1.243247184310390737e-10
1.219281235626838681e-10
1.151650432499654794e-10
1.102788660579280374e-10
1.099311428978140840e-10
1.297895985334649966e-10
1.820176839952822427e-10
1.035064477539453213e-10
1.059695360003824940e-10
1.058476529331061855e-10
9.576680315528892219e-11
9.900999051786248081e-11
9.848968058181408888e-11
1.161342066427151632e-10
1.501277636963015989e-10
9.581959249216137063e-11
1.058908368898706021e-10
1.128365680004895142e-10
1.020859688074231503e-10
9.594062908389658839e-11
9.746081270499733346e-11
9.641579076068011330e-11
1.025769625384624224e-10
1.269886722129536953e-10
1.421456885791506743e-10
9.615819025093315786e-11
9.384079624907765647e-11
9.464926571106313052e-11
9.752146068514432365e-11
1.018300899094505796e-10
1.505321494654783533e-10
9.777560662231723043e-11
1.007654296014262562e-10
1.292733144443424226e-10
1.006291714892761162e-10
1.156791558348530924e-10
1.847122313142541895e-10
1.133547595026409026e-10
1.198782524950160816e-10
1.063268513164619518e-10
1.340525314497114345e-10
1.367408198099874038e-10
9.630043776567626358e-11
1.161258431273091079e-10
1.428357574130099303e-10
1.052167045206431779e-10
1.239806221706236355e-10
9.763076029645035400e-11
1.419513599112385005e-10
9.509512961261683674e-11
1.124658744082593049e-10
9.421781717451802157e-11
1.469358150443284860e-10
9.200170392996663099e-11
2.610750380707217548e-10
1.449061872985828584e-10
9.297862324167353225e-11
1.177395406554145855e-10
1.217422676178333822e-10
9.774551011053611091e-11
1.835957097440996671e-10
1.117142569614278213e-10
1.012630708621052728e-10
1.149563974315762152e-10
1.111841435980439878e-10
1.080366854274675811e-10
1.071742848854849109e-10
1.316545399625261747e-10
1.216381562547765672e-10
9.621360885013760013e-11
1.126497867667010816e-10
9.272658998798174607e-11
1.435538019710569459e-10
1.082686733122782534e-10
1.068916989957917934e-10
9.756831649434318282e-11
1.365538335059743014e-10
1.278315961646772392e-10
1.354138294217338293e-10
1.068818494686228114e-10
1.271261057916159548e-10
1.537316965342455768e-10
9.733260064795121767e-11
1.256067349844911668e-10
1.229918963494859954e-10
1.519059705856985537e-10
1.112184778780979458e-10
1.058139587421019374e-10
9.576711745285773869e-11
1.590236480097032903e-10
1.100583819598807990e-10
1.241878310065296940e-10
9.387294491921997942e-11
9.226764649988812720e-11
1.366635884452167813e-10
9.844980489637386679e-11
1.051873212753461554e-10
1.058143907783169166e-10
1.062172409917158504e-10
9.949995841787009404e-11
1.077270192880052809e-10
1.890849951527112696e-10
2.740767548823469150e-10
1.078726748280083398e-10
1.141903069636994355e-10
9.363423910586856065e-11
9.921296636821910595e-11
9.274582438446174463e-11
1.328189681708797839e-10
9.240960857383487578e-11
1.115679118105496664e-10
1.026405771385732745e-10
9.944949063821984113e-11
1.896120888876737995e-10
1.101752059917203481e-10
1.183948194370420795e-10
9.641157265752671797e-11
9.512864584368950756e-11
1.045215955224687569e-10
9.289699190383786828e-11
1.090630641633018873e-10
9.634046550244947645e-11
1.074778152852252899e-10
1.016680898781572187e-10
1.746133981164508376e-10
9.574794364918165921e-11
9.706843312374733189e-11
1.104167157593231632e-10
1.102135673795180494e-10
1.215941690386297867e-10
1.166801469214667929e-10
1.264132287836099419e-10
9.555365868293077046e-11
1.711749262739677786e-10
1.352370904398154505e-10
1.415431352794676909e-10
1.692746128465996086e-10
1.110070851607951906e-10
1.034503501074253748e-10
1.002093059888296195e-10
1.418542196683941619e-10
1.858026407784721012e-10
9.861979177135938222e-11
2.281890077492522546e-10
1.065351826024497010e-10
9.471354901257032962e-11
9.500322314235508305e-11
1.140069517322955710e-10
9.430290708342376706e-11
1.112857406664308244e-10
1.622126179906229776e-10
1.028629570935978403e-10
1.296547589507969709e-10
1.122673413765049950e-10
1.385766929678296521e-10
1.155672146909262352e-10
1.039917126929019673e-10
1.117914156517479011e-10
9.695889000504414682e-11
1.315028008126550098e-10
1.694741331348699752e-10
9.549963801945362480e-11
1.115816602834237492e-10
1.473778197505392531e-10
1.405504495033532735e-10
1.097238599739940512e-10
9.616006930511576820e-11
1.160262369506607619e-10
9.801269974319764352e-11
9.269797438380799846e-11
9.903196789918529954e-11
1.090689545771881442e-10
1.180390503807897721e-10
1.320415848454540149e-10
1.174902274741474830e-10
1.024783656823993297e-10
2.499509445414190006e-10
9.384111618381020187e-11
1.021491082729216059e-10
1.584790482250103405e-10
9.451613337690981968e-11
9.416153166674997916e-11
1.332803860932012385e-10
1.049538818261530552e-10
1.224053754785703513e-10
9.208305352908642522e-11
1.349047804867204531e-10
1.208857782920840800e-10
1.089568486989584611e-10
9.602547907255655892e-11
1.292406769935584417e-10
1.676709782928225929e-10
9.529259998638869424e-11
9.571430279385230382e-11
1.962657962328788601e-10
1.081237672509663722e-10
1.027877939763887701e-10
1.174398886079068942e-10
1.295771012459360540e-10
1.286991724809575424e-10
1.279507982245206935e-10
9.522028843568267842e-11
9.534041290923935513e-11
1.111568350173718873e-10
1.108708456465741566e-10
1.052884678806609082e-10
1.022748397811944833e-10
1.011895645727065834e-10
9.922881093546342809e-11
2.736550155168054246e-10
1.043173328501514110e-10
1.448555382710118989e-10
1.142370482747487900e-10
9.499341097305757493e-11
1.930606398959582416e-10
1.181153281644812647e-10
1.056890355257448604e-10
9.738371735839521705e-11
1.327330121028367453e-10
1.196431905262065067e-10
9.382783809023852227e-11
1.035321380541966896e-10
1.415201343623193313e-10
1.032326094691225231e-10
1.029159410919413912e-10
1.366990436480961138e-10
1.755033387432764673e-10
1.140207123233356295e-10
1.620597508343780710e-10
1.234435261650625944e-10
1.034832482892923202e-10
1.231353698576471056e-10
1.360184636491571636e-10
1.004588475466661746e-10
1.039747501929560655e-10
1.401868534821515287e-10
1.305139948185074320e-10
1.135493261661232868e-10
1.171211194290720108e-10
1.242915722497360318e-10
1.219338480613078716e-10
1.085155828675495075e-10
1.226642734067350187e-10
9.430975597004265561e-11
1.017640950602447253e-10
1.111904871756730474e-10
9.185430086797609942e-11
1.322702795822683939e-10
1.515778908891970751e-10
9.250894957963838064e-11
9.819426506726546038e-11
2.063447847126666372e-10
9.388142032683252315e-11
1.191400490984452051e-10
1.003409336647942419e-10
1.114991471970969466e-10
1.120537087171254454e-10
9.452916788701607872e-11
1.412912868776086866e-10
1.194166631212439780e-10
9.199714649140602927e-11
9.303488975537829711e-11
1.226499730447234989e-10
1.156343907557896589e-10
1.005355320963055774e-10
1.321635036226173722e-10
2.285974228254470123e-10
1.202257768780426293e-10
1.129258439896965313e-10
9.506002134464682984e-11
1.069268082405962265e-10
1.584916895981515160e-10
1.135582616331966560e-10
9.615114351157824392e-11
9.546418719715708300e-11
9.600901609184796437e-11
1.036989159540159399e-10
9.896693910989309532e-11
9.243019749862044233e-11
1.332467257665362488e-10
9.328828428808927456e-11
1.304665226444340669e-10
9.353546329115581968e-11
1.093424121822531603e-10
1.486940430277855333e-10
9.508216301491651986e-11
1.134740271871956142e-10
1.194548755086682440e-10
1.020757147051555673e-10
1.006639281236924372e-10
1.146234039117059542e-10
1.077139755659216868e-10
1.109791859428062084e-10
9.572546515890800139e-11
9.640876049904556114e-11
9.857107514721657329e-11
1.227473891101717475e-10
1.344167079509083807e-10
1.115276202471613709e-10
1.504819971705286756e-10
1.485033787611693533e-10
1.021663357013867382e-10
1.418670339264679126e-10
9.258764304344610101e-11
1.112317127139990980e-10
1.008135175737420047e-10
1.194284518123109932e-10
1.354264790677591277e-10
1.215555253006343603e-10
1.071805508374891887e-10
9.485531348525866733e-11
1.869452527570836316e-10
9.644203310864357791e-11
1.408778020478856086e-10
1.181267072598168899e-10
1.009171390298279214e-10
1.089398626629122738e-10
1.091052726471512626e-10
1.099449310313190810e-10
1.083883117569415927e-10
9.873078089676697710e-11
1.477483555102682495e-10
1.545961948641113848e-10
1.201716750829295879e-10
1.480195514620456700e-10
2.444622092299712842e-10
1.995523064612853062e-10
1.278606430865169670e-10
1.010446608088243076e-10
1.043998376164452353e-10
1.475040785123315504e-10
1.232638292365798361e-10
9.513955219978555394e-11
1.079677963994472083e-10
1.133028166464667705e-10
1.475402581253479213e-10
1.520589253594681463e-10
1.008638381752131842e-10
9.490838779078136126e-11
1.139054562104211879e-10
1.034293433549222634e-10
9.317035537590224301e-11
2.748135918778863357e-10
1.212153025814254964e-10
1.055911103327472712e-10
1.124326930673188697e-10
1.685245956763566095e-10
1.122276799677985194e-10
1.008871134098421772e-10
1.548945316976295554e-10
9.314363027669609221e-11
9.503138863780613544e-11
1.059850683539985963e-10
1.124067428387713606e-10
9.823899578365616170e-11
1.035267068557346306e-10
9.246407132679500797e-11
1.371220436024557612e-10
2.089149876365755510e-10
1.288531908035142960e-10
1.124474413876547556e-10
1.322038053023954529e-10
1.296421001457311826e-10
9.750166089253549478e-11
1.357360152104434799e-10
1.238841805832045945e-10
1.320966265233510913e-10
1.018472156374362665e-10
1.061944169747542353e-10
1.476750019560834540e-10
1.475967732349723929e-10
1.335794715428602869e-10
9.195546931808913799e-11
1.084468191394004221e-10
9.811198162704829334e-11
9.452455830099713866e-11
2.122509435097105017e-10
1.091506904028003976e-10
1.302094788835155199e-10
9.493404426055873644e-11
1.245983480697068634e-10
1.736067932545935899e-10
1.208456543250613142e-10
1.754413565459664476e-10
1.509189102189235451e-10
9.439127208848805384e-11
1.271113869846077395e-10
1.388381823814582746e-10
9.546907221683953137e-11
1.652643134661270624e-10
1.128371125535529704e-10
1.398121608945346077e-10
1.349522805417308270e-10
9.423853813704490422e-11
1.370320220037494626e-10
1.008190764510802807e-10
1.889194183015344675e-10
1.068004534086747519e-10
9.286826081451684123e-11
1.199067839531816622e-10
1.101116616066382774e-10
1.129701868381518218e-10
9.574275671513964318e-11
9.804518768427760772e-11
1.359234072716640686e-10
1.013094560936657123e-10
9.829261840876859589e-11
1.135516277846508503e-10
1.334843074930299396e-10
1.023059919641412098e-10
1.251902863128029303e-10
1.205672858197088000e-10
9.267226224920979741e-11
9.313783358668707495e-11
1.092928644173940224e-10
1.064882174260145820e-10
9.497125119885641749e-11
9.613250662292111131e-11
1.033343991536191429e-10
9.840101464464142709e-11
1.506489032308573570e-10
1.128764504294506105e-10
1.008594829319848738e-10
1.011540672163606145e-10
1.262684542845678827e-10
1.072239764691419857e-10
1.026751808253667581e-10
1.687697886439149573e-10
1.216472069695224121e-10
9.191475299562427233e-11
1.215449378465080506e-10
1.391662241103215313e-10
2.368145364662933069e-10
9.960188973931767734e-11
1.175519752406543763e-10
2.295922809694143738e-10
9.366821229717069667e-11
1.588830346492323801e-10
1.028871644448816416e-10
1.093088226225125546e-10
9.859007407203237051e-11
1.070655765594485666e-10
9.194586168829184199e-11
1.110561011046116518e-10
1.000318523394832199e-10
4.051661139519316824e-10
9.583969602317628988e-11
1.106360207881222638e-10
1.505144814433911947e-10
1.638378847102787370e-10
9.927419946012960460e-11
9.903013661374488623e-11
9.777282882237260543e-11
1.584807675035947319e-10
1.258320190778820296e-10
9.215751461839265960e-11
1.257521759039862200e-10
1.212852287497837915e-10
9.328153062962327463e-11
9.554972221972229626e-11
1.222466842003087289e-10
1.060710355510463449e-10
1.099865647977337777e-10
1.160704713248608651e-10
9.512390360846154863e-11
9.867797900409005127e-11
9.726177293490779201e-11
9.666936149135757539e-11
9.413776492373479389e-11
1.167375121524457556e-10
1.274377943906147778e-10
9.229183411038333417e-11
1.053531050691927591e-10
1.157642476259399888e-10
9.938211467332646860e-11
1.490361031062128235e-10
1.336219824740309396e-10
2.791698717514953576e-10
9.228777617374319457e-11
1.030720976488099198e-10
1.080177341691960747e-10
1.393471965450150876e-10
1.654327042268150448e-10
9.671174848590740721e-11
3.045274259912762249e-10
1.216173756237154358e-10
1.353656584600176351e-10
1.139508150491258075e-10
9.248594577980704877e-11
1.025430699742404749e-10
1.358433390225264429e-10
1.382974537171109453e-10
1.124344684177151592e-10
1.002402641662835609e-10
1.137202118936279746e-10
1.336921818047635960e-10
9.402412241677446390e-11
9.261224297929657370e-11
9.968006129804806540e-11
1.044299973764033030e-10
1.231235139188824393e-10
9.819549501601288351e-11
1.066999901166758526e-10
1.230473093613552934e-10
1.500123529185740356e-10
1.281868413801215747e-10
1.244083625238407490e-10
2.678054311181226674e-10
