Fracture Radii List After Isolated Fracture and Cluster Removal
Format: xRadius yRadius Family# (-2 = userPolygon, -1 = userRectangle, 0 = userEllipse, > 0 is family in order of famProb)
65.8608 65.8608 2
33.9517 33.9517 3
34.1473 34.1473 1
94.0245 94.0245 3
33.9496 33.9496 3
55.5676 55.5676 3
51.1255 51.1255 1
38.0919 38.0919 3
30.701 30.701 1
55.5866 55.5866 3
58.9522 58.9522 2
48.8233 48.8233 1
37.4539 37.4539 3
37.9993 37.9993 1
34.0143 34.0143 3
62.5814 62.5814 3
30.8223 30.8223 3
45.9469 45.9469 2
30.3385 30.3385 3
224.928 224.928 3
36.4847 36.4847 2
93.6976 93.6976 3
74.2564 74.2564 3
30.009 30.009 3
40.0505 40.0505 2
61.8096 61.8096 3
52.56 52.56 2
32.416 32.416 3
42.5553 42.5553 2
39.2788 39.2788 2
100.731 100.731 3
68.3274 68.3274 2
35.0943 35.0943 3
33.0156 33.0156 1
86.1723 86.1723 2
74.4421 74.4421 3
32.1441 32.1441 3
54.7676 54.7676 3
61.0499 61.0499 2
105.205 105.205 1
105.127 105.127 3
39.1207 39.1207 1
35.5641 35.5641 3
57.9499 57.9499 2
32.947 32.947 3
31.1149 31.1149 3
37.0159 37.0159 2
34.0043 34.0043 3
30.667 30.667 3
45.9391 45.9391 2
45.1717 45.1717 2
48.2669 48.2669 2
59.0003 59.0003 3
37.5334 37.5334 2
30.5298 30.5298 2
86.1022 86.1022 3
94.8036 94.8036 2
30.2143 30.2143 1
34.1495 34.1495 3
56.3293 56.3293 2
37.791 37.791 2
33.9583 33.9583 3
53.1508 53.1508 1
39.2728 39.2728 2
68.1234 68.1234 1
48.2484 48.2484 3
69.2364 69.2364 1
34.4972 34.4972 2
62.6422 62.6422 2
38.9682 38.9682 3
53.4151 53.4151 1
46.7286 46.7286 2
30.1789 30.1789 2
32.1359 32.1359 1
33.7298 33.7298 3
40.4959 40.4959 1
63.3267 63.3267 1
45.3394 45.3394 1
30.1964 30.1964 1
45.6494 45.6494 2
39.8527 39.8527 1
43.1184 43.1184 3
34.1665 34.1665 3
47.7944 47.7944 2
103.215 103.215 3
32.0982 32.0982 2
44.4335 44.4335 3
38.5905 38.5905 3
65.2911 65.2911 3
30.5605 30.5605 3
35.5072 35.5072 1
123.453 123.453 1
52.8185 52.8185 1
38.5518 38.5518 1
45.2629 45.2629 3
41.199 41.199 3
39.3631 39.3631 1
61.637 61.637 1
38.5717 38.5717 3
31.9157 31.9157 1
31.4948 31.4948 3
77.7728 77.7728 1
38.8625 38.8625 3
32.7955 32.7955 3
42.3878 42.3878 1
77.9091 77.9091 3
36.4921 36.4921 2
32.4229 32.4229 3
56.0928 56.0928 3
33.6366 33.6366 3
50.3647 50.3647 3
61.0812 61.0812 2
40.3941 40.3941 1
31.8344 31.8344 3
39.0354 39.0354 2
71.9233 71.9233 3
32.4217 32.4217 3
31.9469 31.9469 1
32.7601 32.7601 3
75.7418 75.7418 3
34.4532 34.4532 1
31.8077 31.8077 2
58.2539 58.2539 2
33.8803 33.8803 3
32.1924 32.1924 2
71.2723 71.2723 2
81.0247 81.0247 2
48.6433 48.6433 3
65.4288 65.4288 2
36.4415 36.4415 3
55.2967 55.2967 2
33.4386 33.4386 3
34.6177 34.6177 2
59.8641 59.8641 2
51.0373 51.0373 3
31.6125 31.6125 2
64.0249 64.0249 1
55.3118 55.3118 3
31.3848 31.3848 3
49.7208 49.7208 3
116.037 116.037 3
40.8327 40.8327 3
30.2488 30.2488 2
34.9411 34.9411 2
84.9384 84.9384 1
39.7865 39.7865 2
40.9034 40.9034 3
39.1646 39.1646 3
32.99 32.99 2
60.1846 60.1846 3
279.685 279.685 1
32.8685 32.8685 3
41.0381 41.0381 2
60.9694 60.9694 3
41.0643 41.0643 3
58.6978 58.6978 2
30.1387 30.1387 3
35.1305 35.1305 3
69.4401 69.4401 3
33.0342 33.0342 3
32.0919 32.0919 2
35.6627 35.6627 2
33.1196 33.1196 2
35.0689 35.0689 1
31.8647 31.8647 3
30.7779 30.7779 3
66.7166 66.7166 2
33.0079 33.0079 1
110.088 110.088 3
34.6727 34.6727 3
34.887 34.887 3
30.0463 30.0463 2
42.3319 42.3319 3
30.1727 30.1727 2
35.5715 35.5715 3
30.2609 30.2609 3
103.329 103.329 3
40.9781 40.9781 3
53.2057 53.2057 3
30.703 30.703 3
54.2164 54.2164 3
108.404 108.404 2
63.0194 63.0194 1
65.4096 65.4096 1
62.925 62.925 3
39.243 39.243 3
37.7256 37.7256 1
42.1578 42.1578 2
50.7416 50.7416 1
51.6043 51.6043 2
36.5155 36.5155 3
59.8115 59.8115 1
38.0378 38.0378 1
178.748 178.748 3
30.141 30.141 2
130.178 130.178 2
45.1846 45.1846 2
81.7965 81.7965 1
45.1315 45.1315 3
41.6979 41.6979 2
33.7623 33.7623 3
35.2883 35.2883 1
46.4277 46.4277 1
50.3328 50.3328 3
66.901 66.901 3
31.4211 31.4211 3
133.806 133.806 2
71.6762 71.6762 3
30.3032 30.3032 3
33.1416 33.1416 1
35.2214 35.2214 2
171.67 171.67 1
48.095 48.095 3
70.2583 70.2583 1
33.8925 33.8925 3
39.6107 39.6107 3
36.888 36.888 3
51.2575 51.2575 3
32.3222 32.3222 1
34.3641 34.3641 2
41.3927 41.3927 1
30.8445 30.8445 2
35.3346 35.3346 3
36.7622 36.7622 3
195.649 195.649 2
61.3181 61.3181 2
30.9358 30.9358 3
94.9487 94.9487 2
30.8059 30.8059 2
33.4757 33.4757 1
35.4379 35.4379 1
40.6069 40.6069 3
45.3924 45.3924 3
46.2563 46.2563 3
38.722 38.722 2
32.5688 32.5688 3
54.0222 54.0222 2
104.904 104.904 2
40.6982 40.6982 3
36.7959 36.7959 3
73.7783 73.7783 2
32.8978 32.8978 3
88.9291 88.9291 3
47.5184 47.5184 1
41.3458 41.3458 3
39.6239 39.6239 1
53.6666 53.6666 2
33.3474 33.3474 3
32.5175 32.5175 3
45.118 45.118 3
57.009 57.009 1
62.1879 62.1879 3
37.8359 37.8359 3
44.2748 44.2748 3
42.3305 42.3305 2
59.1262 59.1262 1
105.021 105.021 3
35.4537 35.4537 1
31.1525 31.1525 2
33.613 33.613 1
36.0095 36.0095 2
56.6272 56.6272 3
37.946 37.946 3
32.2709 32.2709 2
64.2367 64.2367 1
41.1173 41.1173 2
165.694 165.694 3
31.8831 31.8831 2
59.0789 59.0789 3
30.4462 30.4462 3
38.3408 38.3408 3
33.3135 33.3135 1
79.793 79.793 2
36.3188 36.3188 1
32.5733 32.5733 3
35.2092 35.2092 2
35.3429 35.3429 3
38.6675 38.6675 2
61.346 61.346 2
60.2091 60.2091 3
35.6912 35.6912 2
41.716 41.716 2
37.7172 37.7172 2
34.9798 34.9798 3
35.4352 35.4352 3
36.2842 36.2842 3
32.9086 32.9086 2
37.3409 37.3409 3
49.9998 49.9998 3
45.752 45.752 1
44.9119 44.9119 1
57.458 57.458 1
30.5608 30.5608 3
36.474 36.474 3
40.6185 40.6185 3
49.265 49.265 3
34.9209 34.9209 3
50.9087 50.9087 3
31.5895 31.5895 2
33.1272 33.1272 3
58.3352 58.3352 2
97.3315 97.3315 2
57.6707 57.6707 2
32.4067 32.4067 3
32.3579 32.3579 2
43.9883 43.9883 3
32.5435 32.5435 2
34.8374 34.8374 2
81.692 81.692 3
34.7839 34.7839 2
51.1598 51.1598 2
66.9242 66.9242 3
46.6339 46.6339 2
33.9467 33.9467 2
47.2143 47.2143 3
41.44 41.44 3
32.7841 32.7841 3
137.964 137.964 1
36.0148 36.0148 2
39.1293 39.1293 3
244.345 244.345 1
106.251 106.251 1
38.808 38.808 3
30.677 30.677 3
33.1107 33.1107 2
33.259 33.259 3
32.7947 32.7947 3
35.5225 35.5225 2
38.3138 38.3138 3
49.3863 49.3863 3
36.9023 36.9023 3
238.806 238.806 2
117.927 117.927 3
53.6099 53.6099 1
42.8024 42.8024 3
33.1969 33.1969 1
30.7295 30.7295 2
35.6443 35.6443 1
55.0986 55.0986 3
32.6605 32.6605 3
35.606 35.606 2
47.8461 47.8461 3
30.0884 30.0884 3
33.7828 33.7828 3
36.2401 36.2401 3
34.9059 34.9059 3
30.8574 30.8574 3
61.6292 61.6292 3
35.5457 35.5457 2
53.2891 53.2891 1
91.6814 91.6814 3
37.4509 37.4509 2
67.6712 67.6712 3
40.6616 40.6616 3
57.9999 57.9999 3
138.346 138.346 3
43.2062 43.2062 3
61.2323 61.2323 3
89.006 89.006 3
42.7798 42.7798 1
33.8823 33.8823 3
51.1415 51.1415 2
110.3 110.3 3
87.0175 87.0175 3
62.1117 62.1117 2
37.0663 37.0663 2
141.791 141.791 2
43.5484 43.5484 3
39.1581 39.1581 3
50.9032 50.9032 1
85.8121 85.8121 2
31.6389 31.6389 3
36.3878 36.3878 3
32.4448 32.4448 3
37.8894 37.8894 3
78.2548 78.2548 1
73.746 73.746 3
34.2999 34.2999 3
47.618 47.618 2
69.6606 69.6606 3
35.9946 35.9946 3
31.876 31.876 3
39.1992 39.1992 3
99.1534 99.1534 2
32.1049 32.1049 1
36.1874 36.1874 1
38.3022 38.3022 3
31.9302 31.9302 3
45.8255 45.8255 1
30.5238 30.5238 3
34.3538 34.3538 2
152.644 152.644 1
46.4781 46.4781 3
36.1447 36.1447 3
49.1668 49.1668 3
32.2027 32.2027 1
50.951 50.951 3
32.1432 32.1432 2
32.6736 32.6736 3
129.009 129.009 3
65.8155 65.8155 3
66.4672 66.4672 2
47.0492 47.0492 3
42.3174 42.3174 1
115.852 115.852 3
117.332 117.332 2
44.6769 44.6769 1
43.4129 43.4129 3
69.104 69.104 2
77.9427 77.9427 1
47.1148 47.1148 3
61.7292 61.7292 2
59.8595 59.8595 3
34.1659 34.1659 3
31.5009 31.5009 3
64.2807 64.2807 2
39.038 39.038 1
30.9436 30.9436 3
69.7224 69.7224 3
31.1436 31.1436 1
39.5328 39.5328 2
31.623 31.623 2
57.9053 57.9053 3
42.3748 42.3748 1
37.2664 37.2664 3
42.087 42.087 1
56.6786 56.6786 2
31.7662 31.7662 3
67.8639 67.8639 1
30.968 30.968 3
76.3075 76.3075 3
30.0604 30.0604 2
56.002 56.002 3
33.5056 33.5056 2
106.551 106.551 3
34.6698 34.6698 3
43.7441 43.7441 3
31.0685 31.0685 2
54.3613 54.3613 3
43.2027 43.2027 3
42.6405 42.6405 3
32.7448 32.7448 2
258.327 258.327 1
31.4909 31.4909 3
34.7112 34.7112 3
45.042 45.042 2
31.0568 31.0568 2
140.538 140.538 2
32.5659 32.5659 3
44.9108 44.9108 3
33.4085 33.4085 3
35.7445 35.7445 3
36.7963 36.7963 2
30.436 30.436 3
36.3351 36.3351 3
37.402 37.402 3
40.7353 40.7353 2
55.4939 55.4939 1
36.4038 36.4038 3
60.419 60.419 1
43.4203 43.4203 1
55.6868 55.6868 3
36.855 36.855 2
203.572 203.572 1
41.5517 41.5517 1
33.983 33.983 2
51.617 51.617 1
31.9894 31.9894 3
42.0212 42.0212 1
41.5371 41.5371 1
122.787 122.787 3
194.97 194.97 3
33.9276 33.9276 3
95.3165 95.3165 3
32.8765 32.8765 1
38.0352 38.0352 1
41.0619 41.0619 2
48.4462 48.4462 3
74.9578 74.9578 3
31.6904 31.6904 1
94.6849 94.6849 3
40.7076 40.7076 2
78.4038 78.4038 3
48.2798 48.2798 3
72.4919 72.4919 2
71.7381 71.7381 1
36.9486 36.9486 3
177.447 177.447 3
35.3641 35.3641 1
30.6417 30.6417 3
136.615 136.615 3
175.271 175.271 2
36.9332 36.9332 2
119.966 119.966 1
31.9164 31.9164 2
57.1151 57.1151 2
31.2097 31.2097 3
62.6672 62.6672 1
43.0955 43.0955 3
53.9715 53.9715 2
46.5472 46.5472 3
81.9203 81.9203 3
30.0569 30.0569 2
32.3597 32.3597 1
45.4185 45.4185 3
33.8879 33.8879 2
36.6032 36.6032 3
30.8866 30.8866 2
36.3664 36.3664 3
47.8604 47.8604 2
78.3914 78.3914 2
31.0683 31.0683 3
36.444 36.444 3
44.7095 44.7095 3
30.3541 30.3541 3
205.497 205.497 2
34.8473 34.8473 3
38.2019 38.2019 3
47.4982 47.4982 3
70.7408 70.7408 3
30.3531 30.3531 2
32.7167 32.7167 1
65.2219 65.2219 1
44.4987 44.4987 3
35.4047 35.4047 1
69.2115 69.2115 3
45.964 45.964 3
51.3601 51.3601 3
45.3964 45.3964 2
32.5279 32.5279 1
37.9016 37.9016 1
135.286 135.286 3
45.0893 45.0893 3
35.4183 35.4183 1
45.5122 45.5122 3
43.286 43.286 1
58.2164 58.2164 3
59.6631 59.6631 1
36.6059 36.6059 1
44.8022 44.8022 2
60.8858 60.8858 3
66.0078 66.0078 1
36.1613 36.1613 1
32.039 32.039 1
31.452 31.452 1
35.7987 35.7987 1
44.9266 44.9266 2
37.2782 37.2782 3
41.9906 41.9906 1
34.6833 34.6833 2
31.2849 31.2849 3
38.0445 38.0445 2
51.7659 51.7659 3
42.1531 42.1531 2
78.6353 78.6353 3
68.7622 68.7622 1
468.782 468.782 3
45.3978 45.3978 3
41.2624 41.2624 1
32.2973 32.2973 1
96.1244 96.1244 2
44.8408 44.8408 1
42.2132 42.2132 1
34.8668 34.8668 3
34.0346 34.0346 1
31.4343 31.4343 3
34.7492 34.7492 3
36.4451 36.4451 2
52.295 52.295 3
37.3803 37.3803 3
34.0467 34.0467 3
105.469 105.469 1
31.7912 31.7912 3
211.911 211.911 2
41.7358 41.7358 2
166.75 166.75 1
32.626 32.626 2
32.3371 32.3371 3
39.3358 39.3358 1
49.5776 49.5776 1
62.3782 62.3782 3
40.9225 40.9225 3
35.1327 35.1327 3
47.0078 47.0078 2
31.217 31.217 3
37.989 37.989 1
38.7867 38.7867 2
48.4695 48.4695 2
113.115 113.115 1
31.7312 31.7312 1
69.6677 69.6677 3
34.2727 34.2727 1
70.6464 70.6464 2
146.684 146.684 2
34.913 34.913 1
30.7719 30.7719 3
53.1212 53.1212 3
43.5219 43.5219 3
128.66 128.66 3
50.7278 50.7278 3
55.7199 55.7199 1
68.8461 68.8461 3
54.3664 54.3664 3
30.7875 30.7875 3
30.0703 30.0703 2
128.193 128.193 3
52.5113 52.5113 2
117.239 117.239 3
42.379 42.379 1
32.1024 32.1024 2
263.138 263.138 1
34.274 34.274 2
31.1969 31.1969 3
34.6554 34.6554 3
34.7671 34.7671 3
31.7176 31.7176 3
130.746 130.746 3
30.1037 30.1037 1
33.324 33.324 3
31.299 31.299 1
34.9256 34.9256 3
38.1303 38.1303 3
38.35 38.35 3
36.1091 36.1091 1
34.8881 34.8881 3
32.8854 32.8854 1
43.4343 43.4343 2
57.2271 57.2271 3
104.191 104.191 2
48.2625 48.2625 2
31.6162 31.6162 3
31.2196 31.2196 1
183.386 183.386 3
48.5712 48.5712 3
33.5972 33.5972 2
55.9291 55.9291 3
37.8458 37.8458 2
61.0712 61.0712 1
50.4684 50.4684 3
63.5308 63.5308 1
39.8384 39.8384 3
41.0557 41.0557 3
36.8141 36.8141 3
47.5597 47.5597 3
37.2847 37.2847 3
77.2558 77.2558 3
46.7721 46.7721 2
36.4368 36.4368 2
31.4686 31.4686 1
85.1122 85.1122 3
32.6768 32.6768 3
43.1908 43.1908 3
33.8366 33.8366 2
37.5461 37.5461 3
30.435 30.435 3
41.6679 41.6679 3
43.8298 43.8298 2
52.1355 52.1355 3
52.6766 52.6766 2
37.6638 37.6638 2
100.686 100.686 3
39.7224 39.7224 3
49.0165 49.0165 2
64.8619 64.8619 3
39.3742 39.3742 3
33.8675 33.8675 3
37.0086 37.0086 1
43.8997 43.8997 2
50.3929 50.3929 3
36.4307 36.4307 2
84.2779 84.2779 3
73.2448 73.2448 3
95.2409 95.2409 3
76.5981 76.5981 2
96.205 96.205 1
30.9184 30.9184 2
77.2177 77.2177 3
30.5821 30.5821 2
44.7128 44.7128 1
35.6227 35.6227 2
32.5595 32.5595 3
34.4412 34.4412 1
104.628 104.628 1
30.2346 30.2346 2
38.7235 38.7235 3
31.1801 31.1801 1
32.7768 32.7768 3
30.459 30.459 2
41.7972 41.7972 2
59.9274 59.9274 2
32.7852 32.7852 1
48.7317 48.7317 3
30.008 30.008 2
54.5928 54.5928 3
42.3496 42.3496 2
69.4076 69.4076 2
32.3269 32.3269 1
30.802 30.802 3
41.779 41.779 1
57.4925 57.4925 3
58.2843 58.2843 2
67.3018 67.3018 3
93.3088 93.3088 3
89.3788 89.3788 3
33.1232 33.1232 2
55.7899 55.7899 3
44.0414 44.0414 3
32.8652 32.8652 3
39.4976 39.4976 1
112.815 112.815 3
34.8447 34.8447 1
33.6758 33.6758 3
45.6965 45.6965 1
61.6544 61.6544 3
60.0422 60.0422 1
32.5071 32.5071 3
31.7942 31.7942 2
55.5057 55.5057 2
46.2375 46.2375 3
32.6009 32.6009 3
65.0211 65.0211 2
104.624 104.624 3
136.114 136.114 2
43.7865 43.7865 2
47.512 47.512 3
30.1933 30.1933 1
42.3863 42.3863 1
39.3909 39.3909 3
35.285 35.285 1
37.8977 37.8977 3
51.9989 51.9989 2
112.075 112.075 3
91.1756 91.1756 3
41.0076 41.0076 3
38.3251 38.3251 2
59.8313 59.8313 3
40.2337 40.2337 2
35.1188 35.1188 3
30.405 30.405 3
34.5854 34.5854 1
100.546 100.546 2
74.0985 74.0985 3
81.2923 81.2923 3
50.6564 50.6564 3
30.0415 30.0415 3
60.1565 60.1565 2
54.8047 54.8047 3
62.2363 62.2363 3
41.9447 41.9447 2
38.6724 38.6724 1
37.3289 37.3289 3
32.0309 32.0309 3
37.4245 37.4245 2
72.7054 72.7054 3
34.211 34.211 3
44.8213 44.8213 2
55.6746 55.6746 3
180.138 180.138 3
31.4278 31.4278 3
68.2236 68.2236 3
60.6072 60.6072 1
37.26 37.26 3
45.7338 45.7338 1
62.3899 62.3899 3
86.5687 86.5687 1
40.453 40.453 2
42.1464 42.1464 1
34.5825 34.5825 3
72.1664 72.1664 2
30.0833 30.0833 2
124.285 124.285 1
49.7996 49.7996 3
30.0486 30.0486 3
40.0493 40.0493 1
70.0932 70.0932 3
91.7559 91.7559 2
35.8188 35.8188 3
43.3566 43.3566 1
46.6826 46.6826 3
260.095 260.095 3
36.1678 36.1678 3
30.694 30.694 3
45.8955 45.8955 3
103.044 103.044 2
35.4148 35.4148 1
39.9723 39.9723 3
124.244 124.244 1
37.2092 37.2092 3
32.2184 32.2184 3
207.121 207.121 2
40.5836 40.5836 2
35.2843 35.2843 1
51.2697 51.2697 3
30.2502 30.2502 3
96.9671 96.9671 3
35.0856 35.0856 1
75.8824 75.8824 3
62.6366 62.6366 1
57.7822 57.7822 1
80.1266 80.1266 3
32.1506 32.1506 3
55.3186 55.3186 3
36.629 36.629 3
35.3817 35.3817 3
34.2171 34.2171 3
62.9303 62.9303 2
33.3794 33.3794 3
46.8526 46.8526 1
67.1251 67.1251 2
65.2259 65.2259 3
80.5134 80.5134 2
38.362 38.362 2
131.729 131.729 3
94.2364 94.2364 2
71.7914 71.7914 2
37.736 37.736 1
36.4853 36.4853 3
42.5876 42.5876 2
43.9042 43.9042 3
78.868 78.868 2
41.3336 41.3336 2
30.971 30.971 3
38.944 38.944 3
40.0927 40.0927 3
32.5139 32.5139 3
35.7009 35.7009 3
67.8064 67.8064 2
170.892 170.892 1
38.3165 38.3165 1
34.0732 34.0732 3
46.8229 46.8229 3
35.0577 35.0577 3
82.2031 82.2031 3
82.9405 82.9405 2
58.6802 58.6802 2
34.6328 34.6328 1
52.9839 52.9839 3
35.3484 35.3484 1
42.6158 42.6158 3
57.5347 57.5347 3
54.4009 54.4009 3
54.4261 54.4261 1
57.4337 57.4337 3
30.1441 30.1441 3
61.2729 61.2729 3
39.2002 39.2002 3
59.2861 59.2861 3
34.4463 34.4463 2
37.875 37.875 3
79.2821 79.2821 3
207.154 207.154 2
45.7724 45.7724 3
48.0426 48.0426 3
37.8037 37.8037 2
31.8273 31.8273 3
128.158 128.158 1
37.6354 37.6354 2
30.6016 30.6016 1
62.7366 62.7366 3
30.7422 30.7422 3
33.5982 33.5982 3
55.4379 55.4379 2
37.9557 37.9557 3
33.8896 33.8896 2
45.3082 45.3082 3
30.9231 30.9231 3
49.2955 49.2955 1
164.433 164.433 3
43.1658 43.1658 3
51.1412 51.1412 3
39.7076 39.7076 3
32.5275 32.5275 3
38.0271 38.0271 3
58.4525 58.4525 2
52.2009 52.2009 3
268.136 268.136 3
90.2917 90.2917 2
50.0512 50.0512 3
30.3977 30.3977 3
36.4383 36.4383 3
48.8182 48.8182 3
66.2239 66.2239 2
31.3067 31.3067 1
34.4524 34.4524 3
61.7446 61.7446 3
45.454 45.454 2
39.5985 39.5985 2
30.2248 30.2248 2
45.3027 45.3027 2
47.036 47.036 3
44.6467 44.6467 3
99.2092 99.2092 1
31.2201 31.2201 3
32.956 32.956 1
44.6186 44.6186 3
37.547 37.547 1
371.275 371.275 3
69.1596 69.1596 3
57.4732 57.4732 3
32.4204 32.4204 3
37.8569 37.8569 3
34.5303 34.5303 1
45.7182 45.7182 2
110.978 110.978 1
41.4388 41.4388 3
84.3876 84.3876 3
42.0038 42.0038 2
59.9022 59.9022 1
182.529 182.529 3
41.0472 41.0472 3
40.021 40.021 2
31.5231 31.5231 3
41.4207 41.4207 1
36.1153 36.1153 3
33.6119 33.6119 1
38.8281 38.8281 3
73.0483 73.0483 3
32.644 32.644 3
52.7107 52.7107 3
125.128 125.128 2
33.1674 33.1674 2
40.5376 40.5376 2
30.0206 30.0206 1
31.8977 31.8977 3
79.2174 79.2174 2
33.8846 33.8846 2
37.4205 37.4205 2
37.1926 37.1926 1
50.0796 50.0796 3
66.194 66.194 3
35.5837 35.5837 1
32.0895 32.0895 3
32.3075 32.3075 3
42.5492 42.5492 2
35.7639 35.7639 1
62.0659 62.0659 3
41.188 41.188 3
34.992 34.992 3
195.387 195.387 2
56.0645 56.0645 3
49.3104 49.3104 1
75.0137 75.0137 1
30.322 30.322 1
48.4631 48.4631 2
40.5722 40.5722 1
70.1288 70.1288 3
35.8869 35.8869 3
107.243 107.243 3
88.9044 88.9044 3
97.787 97.787 3
511.972 511.972 3
37.8201 37.8201 3
68.2552 68.2552 2
121.658 121.658 3
42.0841 42.0841 2
44.463 44.463 3
30.6968 30.6968 3
79.8545 79.8545 3
41.5154 41.5154 2
54.564 54.564 2
30.4353 30.4353 2
85.456 85.456 3
34.6874 34.6874 3
40.8939 40.8939 3
46.1181 46.1181 2
42.8719 42.8719 1
80.7152 80.7152 3
40.013 40.013 3
45.6725 45.6725 3
39.5112 39.5112 2
39.9013 39.9013 1
30.9587 30.9587 3
36.0339 36.0339 3
48.8599 48.8599 2
37.189 37.189 2
31.2717 31.2717 3
34.4231 34.4231 3
37.064 37.064 1
40.577 40.577 3
52.7154 52.7154 1
35.1962 35.1962 3
38.9601 38.9601 1
33.8288 33.8288 3
52.1579 52.1579 3
132.85 132.85 1
53.0744 53.0744 1
70.1584 70.1584 1
140.019 140.019 3
38.2175 38.2175 3
38.1094 38.1094 3
30.2227 30.2227 1
32.8484 32.8484 3
53.0036 53.0036 1
70.0946 70.0946 1
33.8016 33.8016 3
275.634 275.634 3
31.8338 31.8338 2
35.4715 35.4715 3
87.7739 87.7739 2
33.4851 33.4851 1
83.0382 83.0382 2
50.8093 50.8093 1
34.7544 34.7544 2
36.9285 36.9285 2
41.33 41.33 2
32.3141 32.3141 1
35.9398 35.9398 1
30.6631 30.6631 3
32.4206 32.4206 2
56.7503 56.7503 3
34.8976 34.8976 2
30.1232 30.1232 2
42.3179 42.3179 3
51.6704 51.6704 3
31.2087 31.2087 2
37.9283 37.9283 2
47.6868 47.6868 3
40.5583 40.5583 2
30.168 30.168 3
46.5671 46.5671 3
34.9192 34.9192 1
30.0619 30.0619 3
44.832 44.832 3
49.3007 49.3007 3
31.4238 31.4238 3
37.871 37.871 3
64.629 64.629 2
115.819 115.819 2
38.5111 38.5111 1
88.2596 88.2596 3
66.4004 66.4004 1
66.1803 66.1803 3
38.8232 38.8232 3
221.531 221.531 2
70.5301 70.5301 3
120.583 120.583 3
31.8056 31.8056 3
31.4843 31.4843 3
31.3551 31.3551 1
30.1964 30.1964 3
57.8787 57.8787 3
33.3357 33.3357 3
53.0734 53.0734 3
36.0152 36.0152 2
38.8948 38.8948 1
47.0982 47.0982 3
69.9267 69.9267 2
69.2383 69.2383 2
91.3796 91.3796 1
51.0765 51.0765 3
40.5262 40.5262 3
51.131 51.131 3
65.4669 65.4669 2
31.0769 31.0769 3
87.9947 87.9947 3
34.9086 34.9086 3
62.7638 62.7638 3
103.819 103.819 2
37.6819 37.6819 3
48.3533 48.3533 3
32.3365 32.3365 3
88.7996 88.7996 1
38.4826 38.4826 3
37.423 37.423 1
31.1325 31.1325 3
33.5621 33.5621 3
45.4354 45.4354 3
40.0888 40.0888 1
45.7555 45.7555 3
41.3436 41.3436 3
94.6498 94.6498 3
105.23 105.23 1
57.2706 57.2706 1
43.7641 43.7641 3
43.7797 43.7797 1
38.3594 38.3594 3
40.6229 40.6229 2
140.657 140.657 1
90.882 90.882 3
90.7329 90.7329 3
34.4412 34.4412 2
33.5709 33.5709 3
73.8677 73.8677 1
36.2102 36.2102 2
37.1015 37.1015 3
33.8046 33.8046 2
32.719 32.719 3
104.659 104.659 3
42.0589 42.0589 3
38.442 38.442 2
43.5311 43.5311 3
58.4019 58.4019 2
35.4903 35.4903 3
42.7461 42.7461 3
32.1945 32.1945 1
33.4871 33.4871 3
37.0469 37.0469 1
30.0692 30.0692 1
37.1344 37.1344 1
31.0178 31.0178 1
37.8708 37.8708 2
499.28 499.28 2
41.2024 41.2024 2
51.1495 51.1495 1
69.9015 69.9015 3
42.594 42.594 3
35.0859 35.0859 2
43.8919 43.8919 3
56.9375 56.9375 3
37.7067 37.7067 3
38.4414 38.4414 3
42.4607 42.4607 3
51.636 51.636 3
51.9613 51.9613 2
37.3243 37.3243 2
38.488 38.488 1
97.3261 97.3261 2
41.0785 41.0785 2
53.9334 53.9334 3
74.3027 74.3027 3
180.466 180.466 3
50.9318 50.9318 3
53.0757 53.0757 3
76.2839 76.2839 1
79.3614 79.3614 3
32.955 32.955 2
33.6381 33.6381 3
39.2788 39.2788 1
50.3338 50.3338 2
57.3834 57.3834 3
32.3946 32.3946 2
30.7017 30.7017 3
33.9844 33.9844 1
32.3733 32.3733 2
31.8875 31.8875 2
61.4524 61.4524 2
81.178 81.178 3
130.619 130.619 3
549.746 549.746 1
94.8781 94.8781 3
123.456 123.456 3
116.634 116.634 1
57.0961 57.0961 2
31.8225 31.8225 3
52.278 52.278 3
35.2584 35.2584 3
64.1826 64.1826 3
68.0655 68.0655 1
55.4931 55.4931 1
78.6542 78.6542 3
34.5808 34.5808 1
126.27 126.27 2
149.576 149.576 3
30.899 30.899 3
41.1074 41.1074 1
34.9559 34.9559 3
54.1279 54.1279 3
34.5089 34.5089 1
34.6143 34.6143 3
33.4848 33.4848 1
62.3286 62.3286 3
48.0214 48.0214 3
54.6007 54.6007 2
33.0883 33.0883 3
60.8688 60.8688 1
39.9721 39.9721 3
63.238 63.238 3
40.243 40.243 3
48.7166 48.7166 3
34.9966 34.9966 2
47.3596 47.3596 3
38.9489 38.9489 3
37.8359 37.8359 3
35.7816 35.7816 3
34.3106 34.3106 3
34.5428 34.5428 3
32.9728 32.9728 3
47.8347 47.8347 2
42.3233 42.3233 1
126.065 126.065 3
51.6672 51.6672 3
51.8252 51.8252 2
92.8473 92.8473 3
33.5149 33.5149 3
41.2846 41.2846 3
39.5869 39.5869 2
240.634 240.634 3
55.5677 55.5677 3
35.0383 35.0383 3
66.7793 66.7793 1
33.0286 33.0286 3
89.0525 89.0525 3
46.4912 46.4912 2
34.5548 34.5548 2
31.8196 31.8196 1
53.1522 53.1522 2
33.0521 33.0521 3
37.1682 37.1682 3
36.6933 36.6933 3
37.1945 37.1945 3
91.638 91.638 2
55.686 55.686 1
38.4488 38.4488 1
33.6883 33.6883 3
30.7212 30.7212 3
92.6489 92.6489 2
39.5403 39.5403 3
49.6391 49.6391 2
33.3047 33.3047 1
38.9306 38.9306 1
35.4791 35.4791 2
84.3291 84.3291 3
73.3322 73.3322 3
35.4844 35.4844 3
32.0609 32.0609 3
45.8866 45.8866 2
37.539 37.539 2
114.491 114.491 2
66.7942 66.7942 1
48.5524 48.5524 3
43.4042 43.4042 3
67.7513 67.7513 2
81.3277 81.3277 3
84.4947 84.4947 2
31.7621 31.7621 3
95.7821 95.7821 3
116.319 116.319 2
69.3286 69.3286 3
35.8942 35.8942 3
36.7136 36.7136 2
41.3209 41.3209 3
52.879 52.879 2
32.4568 32.4568 2
40.9392 40.9392 2
31.4484 31.4484 3
53.5406 53.5406 2
34.1192 34.1192 3
32.759 32.759 3
37.441 37.441 3
102.975 102.975 3
38.98 38.98 3
55.5878 55.5878 3
30.2116 30.2116 1
52.2116 52.2116 3
37.7399 37.7399 2
32.9077 32.9077 3
32.2062 32.2062 2
30.5235 30.5235 3
116.272 116.272 1
45.4992 45.4992 1
41.76 41.76 3
30.2531 30.2531 3
40.9197 40.9197 2
35.2148 35.2148 3
43.4418 43.4418 1
30.551 30.551 3
50.0325 50.0325 3
46.3327 46.3327 2
37.3354 37.3354 1
34.1046 34.1046 3
30.787 30.787 2
47.4582 47.4582 3
112.466 112.466 2
130.242 130.242 2
75.2485 75.2485 3
66.5219 66.5219 3
30.5406 30.5406 3
56.8161 56.8161 2
145.78 145.78 3
56.9026 56.9026 2
40.4609 40.4609 3
35.8937 35.8937 3
54.912 54.912 2
33.5914 33.5914 1
77.8551 77.8551 3
37.0761 37.0761 3
30.2338 30.2338 3
90.6002 90.6002 3
36.6321 36.6321 1
30.0047 30.0047 3
39.0894 39.0894 2
82.7434 82.7434 3
41.8846 41.8846 2
35.0662 35.0662 3
75.1411 75.1411 3
64.2626 64.2626 2
37.3638 37.3638 2
44.605 44.605 2
40.3601 40.3601 2
34.0729 34.0729 2
42.0142 42.0142 2
47.8863 47.8863 3
49.4498 49.4498 3
31.1589 31.1589 3
47.5711 47.5711 3
42.2048 42.2048 3
45.4699 45.4699 2
31.3384 31.3384 1
61.8071 61.8071 3
56.0169 56.0169 2
43.9874 43.9874 3
57.8921 57.8921 2
36.6764 36.6764 1
37.9677 37.9677 3
169.681 169.681 2
33.2816 33.2816 2
50.2875 50.2875 3
34.6615 34.6615 3
47.6043 47.6043 1
34.8597 34.8597 3
33.6012 33.6012 1
32.9895 32.9895 3
33.8652 33.8652 1
65.7373 65.7373 1
39.2148 39.2148 3
37.0948 37.0948 3
44.7842 44.7842 2
44.0674 44.0674 1
44.0752 44.0752 3
90.6875 90.6875 3
30.7525 30.7525 3
38.5194 38.5194 2
108.266 108.266 3
31.19 31.19 3
30.8058 30.8058 2
42.9162 42.9162 3
31.1402 31.1402 3
56.1917 56.1917 3
41.4876 41.4876 2
37.2181 37.2181 3
43.2249 43.2249 3
69.8815 69.8815 2
33.0524 33.0524 2
48.1731 48.1731 2
31.5616 31.5616 3
33.0779 33.0779 3
117.193 117.193 3
126.258 126.258 3
31.8874 31.8874 1
55.7814 55.7814 3
42.8798 42.8798 2
34.2339 34.2339 3
55.3388 55.3388 3
37.1804 37.1804 2
34.9867 34.9867 1
50.1259 50.1259 3
74.2931 74.2931 2
42.4814 42.4814 2
32.4434 32.4434 3
31.4155 31.4155 3
49.6893 49.6893 1
44.0673 44.0673 1
37.2481 37.2481 3
67.0541 67.0541 1
40.9668 40.9668 2
50.8624 50.8624 1
37.6701 37.6701 3
41.5155 41.5155 2
40.3949 40.3949 3
37.1671 37.1671 2
33.1989 33.1989 1
33.6825 33.6825 3
64.7969 64.7969 3
390.379 390.379 3
75.5758 75.5758 3
36.7041 36.7041 3
91.9449 91.9449 3
92.6163 92.6163 2
33.4854 33.4854 1
41.4361 41.4361 2
46.5703 46.5703 2
58.2395 58.2395 3
35.14 35.14 2
49.3625 49.3625 3
36.0652 36.0652 3
31.7973 31.7973 2
48.0014 48.0014 1
68.7712 68.7712 2
31.0844 31.0844 1
32.3106 32.3106 1
41.8335 41.8335 3
103.215 103.215 1
48.4199 48.4199 3
33.1887 33.1887 3
40.2884 40.2884 2
38.2783 38.2783 1
92.925 92.925 1
37.8207 37.8207 1
46.7426 46.7426 3
38.9508 38.9508 2
67.2665 67.2665 3
59.192 59.192 1
42.9438 42.9438 1
41.7909 41.7909 3
73.0115 73.0115 1
30.4086 30.4086 3
71.8307 71.8307 3
50.1541 50.1541 1
34.5612 34.5612 3
64.6247 64.6247 1
30.8406 30.8406 3
49.9967 49.9967 2
47.3163 47.3163 1
32.5545 32.5545 3
65.1924 65.1924 3
75.5748 75.5748 3
37.3724 37.3724 2
71.0119 71.0119 3
116.449 116.449 3
63.912 63.912 3
39.8069 39.8069 1
61.1487 61.1487 3
31.9225 31.9225 1
42.1763 42.1763 3
78.1757 78.1757 2
38.2893 38.2893 3
50.839 50.839 3
35.0331 35.0331 3
33.0437 33.0437 3
35.6967 35.6967 2
49.466 49.466 2
70.3793 70.3793 1
53.0175 53.0175 3
51.1174 51.1174 2
45.9304 45.9304 2
42.3445 42.3445 2
42.0945 42.0945 1
57.471 57.471 3
108.352 108.352 1
37.6 37.6 3
39.2951 39.2951 3
39.2104 39.2104 1
32.5014 32.5014 1
34.5957 34.5957 1
34.2556 34.2556 3
46.6578 46.6578 1
75.5072 75.5072 3
32.535 32.535 3
39.2404 39.2404 1
44.2046 44.2046 3
36.6383 36.6383 3
32.6121 32.6121 1
33.5877 33.5877 2
32.9156 32.9156 1
36.9694 36.9694 1
55.1675 55.1675 1
68.1553 68.1553 3
32.7509 32.7509 3
31.2866 31.2866 3
31.7939 31.7939 1
33.6269 33.6269 1
36.4663 36.4663 3
75.889 75.889 1
33.7914 33.7914 2
35.7547 35.7547 3
57.0431 57.0431 3
35.6641 35.6641 2
46.3156 46.3156 1
111.379 111.379 3
44.586 44.586 3
49.5179 49.5179 1
39.5439 39.5439 2
61.0611 61.0611 3
63.3772 63.3772 1
32.8418 32.8418 1
46.6515 46.6515 2
68.777 68.777 3
38.7733 38.7733 3
52.7427 52.7427 1
33.6976 33.6976 3
67.9807 67.9807 1
32.0753 32.0753 3
43.9327 43.9327 1
31.5227 31.5227 1
72.5251 72.5251 2
30.1468 30.1468 2
213.088 213.088 3
70.6581 70.6581 2
30.7498 30.7498 3
47.8744 47.8744 2
50.9714 50.9714 2
33.7719 33.7719 1
110.12 110.12 3
43.3838 43.3838 3
36.0865 36.0865 3
45.7745 45.7745 3
42.9986 42.9986 1
40.7446 40.7446 3
40.1369 40.1369 2
59.0291 59.0291 3
50.8897 50.8897 3
32.7863 32.7863 1
44.0675 44.0675 2
30.5937 30.5937 3
69.4267 69.4267 2
40.9088 40.9088 3
39.9387 39.9387 1
33.6572 33.6572 3
63.2148 63.2148 1
55.8561 55.8561 2
62.2289 62.2289 2
39.9318 39.9318 2
55.2795 55.2795 1
78.9415 78.9415 2
33.5049 33.5049 2
54.0472 54.0472 3
51.9568 51.9568 3
77.1928 77.1928 3
43.0235 43.0235 3
39.187 39.187 2
32.5016 32.5016 1
84.1133 84.1133 3
42.1859 42.1859 3
52.9081 52.9081 2
31.3067 31.3067 1
30.3104 30.3104 1
63.3101 63.3101 2
34.2296 34.2296 1
38.753 38.753 2
39.1873 39.1873 3
39.4675 39.4675 3
34.9174 34.9174 3
40.5259 40.5259 3
116.374 116.374 2
233.418 233.418 1
40.6287 40.6287 1
45.2042 45.2042 3
31.1576 31.1576 1
34.7288 34.7288 2
30.6056 30.6056 3
60.0118 60.0118 3
30.3979 30.3979 3
43.2773 43.2773 2
37.0124 37.0124 3
34.8842 34.8842 1
116.983 116.983 1
42.2699 42.2699 1
48.3752 48.3752 3
32.9129 32.9129 2
32.0965 32.0965 2
38.2944 38.2944 1
30.6992 30.6992 1
41.4734 41.4734 3
32.8674 32.8674 1
40.3503 40.3503 3
36.3576 36.3576 1
100.235 100.235 1
32.4894 32.4894 3
33.3346 33.3346 3
42.4438 42.4438 3
42.2975 42.2975 3
50.8552 50.8552 1
47.0699 47.0699 1
54.6997 54.6997 3
32.3659 32.3659 2
96.566 96.566 2
62.0767 62.0767 1
67.6146 67.6146 3
94.5657 94.5657 1
42.8703 42.8703 1
37.5618 37.5618 2
35.3856 35.3856 3
67.8935 67.8935 2
112.615 112.615 3
34.3405 34.3405 3
165.549 165.549 2
39.6893 39.6893 3
31.8344 31.8344 1
32.0172 32.0172 3
45.0682 45.0682 3
31.5761 31.5761 3
43.0723 43.0723 3
87.3037 87.3037 2
37.1629 37.1629 2
57.3591 57.3591 2
43.7874 43.7874 1
64.982 64.982 3
46.2316 46.2316 3
37.9312 37.9312 2
43.44 43.44 2
33.2641 33.2641 3
58.9016 58.9016 3
94.7748 94.7748 2
32.3316 32.3316 3
43.2873 43.2873 1
72.9347 72.9347 3
66.7282 66.7282 2
41.9458 41.9458 1
32.7521 32.7521 3
46.5765 46.5765 3
33.9452 33.9452 2
30.576 30.576 3
34.6101 34.6101 3
41.4776 41.4776 2
48.103 48.103 3
59.3549 59.3549 2
47.6845 47.6845 3
36.9028 36.9028 3
196.382 196.382 3
31.2868 31.2868 1
36.6808 36.6808 2
83.574 83.574 1
31.7101 31.7101 3
31.4874 31.4874 3
60.4033 60.4033 3
38.5919 38.5919 2
51.4932 51.4932 1
30.1968 30.1968 1
61.791 61.791 2
50.3011 50.3011 2
41.3977 41.3977 3
32.6662 32.6662 3
57.0161 57.0161 3
92.8929 92.8929 2
32.2003 32.2003 3
32.468 32.468 1
124.798 124.798 1
40.8062 40.8062 3
37.112 37.112 2
47.6462 47.6462 3
57.2947 57.2947 3
56.569 56.569 1
55.9538 55.9538 2
32.1545 32.1545 3
32.2306 32.2306 3
42.9788 42.9788 3
42.7717 42.7717 1
38.8229 38.8229 3
36.7655 36.7655 3
36.0374 36.0374 3
34.7392 34.7392 3
232.745 232.745 3
38.1542 38.1542 3
70.6118 70.6118 1
45.2389 45.2389 3
32.011 32.011 3
121.004 121.004 1
48.1613 48.1613 3
39.1003 39.1003 2
33.5379 33.5379 3
59.939 59.939 3
49.336 49.336 3
31.2785 31.2785 1
37.6175 37.6175 2
67.594 67.594 3
37.4137 37.4137 3
37.1988 37.1988 2
63.3409 63.3409 3
101.195 101.195 1
45.0784 45.0784 3
87.1495 87.1495 1
52.3151 52.3151 3
37.5842 37.5842 2
52.0705 52.0705 2
62.7509 62.7509 1
35.551 35.551 2
37.9196 37.9196 1
66.4049 66.4049 2
58.0739 58.0739 3
44.7296 44.7296 1
47.404 47.404 1
52.991 52.991 3
51.1219 51.1219 2
41.0839 41.0839 3
51.6976 51.6976 3
31.5804 31.5804 3
36.422 36.422 3
43.0032 43.0032 1
30.0563 30.0563 3
59.5478 59.5478 2
76.8805 76.8805 3
30.4592 30.4592 3
34.0632 34.0632 1
137.084 137.084 3
31.312 31.312 3
48.9477 48.9477 1
35.4728 35.4728 1
43.2273 43.2273 1
43.6313 43.6313 2
31.7183 31.7183 2
67.3892 67.3892 1
49.161 49.161 3
30.144 30.144 1
30.7847 30.7847 1
51.6863 51.6863 3
46.282 46.282 2
35.6019 35.6019 3
59.4577 59.4577 3
166.105 166.105 3
49.7874 49.7874 2
44.2702 44.2702 1
32.0531 32.0531 1
39.9633 39.9633 2
83.5865 83.5865 3
44.7362 44.7362 1
32.7464 32.7464 3
32.3091 32.3091 3
32.6557 32.6557 2
37.7312 37.7312 1
34.5675 34.5675 3
30.4106 30.4106 3
60.3747 60.3747 3
30.9421 30.9421 1
58.0343 58.0343 3
31.096 31.096 3
41.6728 41.6728 3
74.1608 74.1608 3
32.0671 32.0671 1
44.674 44.674 3
49.1905 49.1905 3
36.6314 36.6314 1
35.6872 35.6872 3
45.5262 45.5262 2
40.5167 40.5167 2
42.8501 42.8501 3
32.4751 32.4751 3
32.9111 32.9111 3
34.3087 34.3087 3
51.7633 51.7633 1
61.3725 61.3725 1
43.248 43.248 3
75.8416 75.8416 3
73.9826 73.9826 3
36.6924 36.6924 1
67.905 67.905 2
30.5078 30.5078 1
43.0331 43.0331 1
35.7867 35.7867 1
49.1701 49.1701 1
62.2398 62.2398 2
50.8249 50.8249 2
40.1413 40.1413 1
31.9238 31.9238 3
113.917 113.917 1
32.9324 32.9324 3
67.0199 67.0199 2
48.17 48.17 2
35.8557 35.8557 3
41.3856 41.3856 3
41.5035 41.5035 1
42.1044 42.1044 3
40.9936 40.9936 3
34.413 34.413 3
73.2789 73.2789 2
79.7759 79.7759 2
49.7454 49.7454 3
73.5313 73.5313 3
188.374 188.374 3
128.745 128.745 3
55.8799 55.8799 2
35.9407 35.9407 3
38.2108 38.2108 3
73.0519 73.0519 3
52.1724 52.1724 2
32.1034 32.1034 3
40.6959 40.6959 2
44.5477 44.5477 2
73.0855 73.0855 2
77.3386 77.3386 3
35.8202 35.8202 1
31.9573 31.9573 1
44.993 44.993 2
37.5475 37.5475 2
30.8688 30.8688 1
234.596 234.596 3
50.5585 50.5585 3
39.0324 39.0324 3
43.9084 43.9084 3
93.7816 93.7816 2
43.7584 43.7584 3
35.8357 35.8357 1
80.0648 80.0648 2
30.8522 30.8522 3
32.035 32.035 2
39.3059 39.3059 3
43.8894 43.8894 3
34.0923 34.0923 3
37.6138 37.6138 3
30.4315 30.4315 2
63.7089 63.7089 3
140.303 140.303 3
56.696 56.696 1
43.9192 43.9192 1
59.4917 59.4917 3
57.3486 57.3486 2
33.6141 33.6141 3
62.5068 62.5068 1
52.6658 52.6658 1
59.4013 59.4013 3
36.4778 36.4778 2
39.4516 39.4516 2
73.2107 73.2107 2
73.138 73.138 1
60.6577 60.6577 1
30.1184 30.1184 3
41.0351 41.0351 1
34.0097 34.0097 3
31.7154 31.7154 1
144.533 144.533 3
41.5359 41.5359 3
57.8201 57.8201 3
31.9735 31.9735 3
53.2365 53.2365 2
99.1543 99.1543 3
50.2698 50.2698 3
101.128 101.128 2
76.255 76.255 3
31.6316 31.6316 3
55.2675 55.2675 1
65.2121 65.2121 2
32.3122 32.3122 3
90.4086 90.4086 3
44.205 44.205 2
66.0725 66.0725 3
61.8318 61.8318 2
31.5357 31.5357 3
63.6305 63.6305 3
35.7904 35.7904 3
116.183 116.183 3
39.8748 39.8748 3
30.6814 30.6814 3
49.54 49.54 3
42.2242 42.2242 3
44.3028 44.3028 3
32.4861 32.4861 1
33.9663 33.9663 1
62.6687 62.6687 3
36.1175 36.1175 3
34.1272 34.1272 3
44.7313 44.7313 1
60.5767 60.5767 1
36.7865 36.7865 2
53.7117 53.7117 3
50.0529 50.0529 2
30.5601 30.5601 2
30.8486 30.8486 3
41.6374 41.6374 1
39.6565 39.6565 3
31.997 31.997 3
32.7345 32.7345 3
37.4829 37.4829 2
34.1978 34.1978 2
75.9994 75.9994 2
44.2339 44.2339 1
35.8173 35.8173 2
36.0137 36.0137 2
54.5823 54.5823 1
40.1718 40.1718 2
37.0358 37.0358 3
94.0376 94.0376 1
50.8968 50.8968 3
30.0934 30.0934 1
50.8166 50.8166 3
65.5013 65.5013 3
177.476 177.476 3
34.9845 34.9845 3
47.7315 47.7315 2
167.463 167.463 1
31.1788 31.1788 3
83.9739 83.9739 3
37.1793 37.1793 1
41.6488 41.6488 1
34.3211 34.3211 1
40.0606 40.0606 1
30.1125 30.1125 1
42.9058 42.9058 1
35.2682 35.2682 3
485.776 485.776 3
32.5478 32.5478 2
42.602 42.602 2
75.8723 75.8723 2
88.951 88.951 3
34.769 34.769 3
34.6089 34.6089 2
33.7896 33.7896 3
83.5757 83.5757 3
54.2291 54.2291 2
30.2426 30.2426 3
54.1646 54.1646 3
50.6132 50.6132 3
30.9379 30.9379 3
32.3634 32.3634 2
51.3681 51.3681 2
39.3657 39.3657 3
42.1343 42.1343 2
46.6098 46.6098 3
32.0935 32.0935 3
34.3785 34.3785 2
33.4592 33.4592 3
33.0781 33.0781 2
31.4725 31.4725 3
47.1133 47.1133 3
55.5339 55.5339 2
30.3253 30.3253 3
38.8676 38.8676 3
46.3795 46.3795 3
34.8399 34.8399 3
74.481 74.481 3
60.6939 60.6939 3
241.617 241.617 3
30.3228 30.3228 3
37.3047 37.3047 3
40.7312 40.7312 2
65.6611 65.6611 2
90.5814 90.5814 3
33.1053 33.1053 3
284.396 284.396 3
50.8734 50.8734 2
62.1874 62.1874 3
45.0266 45.0266 2
30.445 30.445 2
36.9465 36.9465 3
62.5995 62.5995 2
64.7367 64.7367 3
43.9097 43.9097 3
35.4061 35.4061 2
44.8559 44.8559 3
60.7537 60.7537 2
31.4013 31.4013 2
30.523 30.523 3
35.036 35.036 2
38.2315 38.2315 2
52.0611 52.0611 2
34.064 34.064 2
39.8045 39.8045 2
52.0007 52.0007 2
75.3984 75.3984 2
56.1475 56.1475 2
53.0844 53.0844 2
223.504 223.504 2
