Format: x y z  (R = removed from domain due to fracture isolation)
-60.93759743 287.4617911 -61.75008751
-379.0623981 -100.5227261 -517.4817267
545.2249303 238.3345554 188.7987017 R
-202.6330861 -210.3677922 321.8714979
469.9576381 -242.6859361 33.89353893 R
-210.1923051 -490.7903053 -159.6009238
-136.2706244 435.6636633 -437.7368343
314.4124814 220.3199615 192.7200472
108.9200211 138.2182298 -484.2516459
360.1263479 486.4040328 -471.6800288 R
208.7251011 254.3949645 414.3817077
195.3923169 434.5204917 -268.2366661 R
-46.40130291 205.3794825 -190.1770872
14.28558926 -496.6521323 355.9771871
-160.8157196 -20.52589452 -146.9556347
360.7678418 154.3504193 37.94767836
-6.672052958 -89.29952765 -97.20872572
408.132629 -456.6971597 436.5044312
-405.5751794 -217.5836384 49.25482137
336.5077835 -405.3329794 9.020291974
-44.73820341 -333.6644865 -416.311708
-71.28768014 -139.6959507 59.80403193
323.5480443 -135.3303484 -345.4013314
-178.9311389 21.86749174 126.8913074 R
76.91297608 490.1842305 146.4183627
450.2354942 -241.1822541 -79.12792971 R
390.9130666 429.4124292 -176.5860497
-368.6865656 295.0875588 352.7312847
-70.76124783 -17.16041008 304.4820391
211.1287069 182.5754304 222.29811
-47.7458572 440.7790932 -529.9097224
262.9362968 81.82619092 -450.1116368
-47.54783127 96.2296736 -190.6185169
-90.56997147 -202.0033133 -350.8873766 R
37.07748679 369.3190588 -321.3054386
187.8732099 -187.8216666 -59.15528718
38.90705953 -12.86916765 177.0571982 R
-109.239525 -437.9010793 218.1962707
-0.5287799168 -243.8523574 -8.920758875
203.6139915 -512.4549727 30.82595831
-392.5921083 -242.5447096 -254.2823622
-446.5825962 244.4898351 138.5765796
352.7849332 -78.71631282 -104.6291308
480.9926859 55.81684384 -457.9830864
299.8303141 -445.369505 419.9045695
304.2005337 -377.8594827 161.1694968 R
196.246367 -392.7297627 -205.1751943
39.51674709 -429.5388225 69.34758087
192.8137367 -61.49432674 -125.3875511 R
67.71322932 98.03231625 291.2842004
-500.967042 -14.82891526 -113.1350045
-431.3713607 -504.0329492 6.331339816
-317.6585674 -426.9080093 496.9544074 R
423.6165785 310.2949441 -8.925919901
279.2302509 538.7031886 -118.1115173
-144.4342529 454.4092547 30.53305349
-452.7397782 -294.743813 -335.8766792
223.2073838 -166.5672562 375.7043103
475.0117214 -265.7404857 -419.7064706
-461.194738 -507.3098953 -222.6466631 R
-169.6213746 34.04555684 -127.70989
-278.444501 -375.7877762 -194.3167807
397.1284485 517.881004 95.6022767 R
-470.0569809 6.06279226 -226.250388
41.60039592 56.48189961 230.8373456
-313.9742106 407.8628021 -164.2233575
99.21556021 -15.46961265 -506.4440054
224.8692494 26.27237649 -407.2324268
-183.3697876 113.5563564 -215.5785628
-19.239723 -132.4459919 10.33999185
-84.25428459 -424.3167768 -450.4843178
-424.3122177 301.2152781 -42.25818925
-250.3901382 227.2116898 470.4961094
-331.3699461 -61.00259883 -126.0742123 R
107.2459265 117.8902299 392.8935993
227.7953815 65.26950032 256.1229141
-199.2241861 235.4413424 249.0628718
-446.3536669 -306.477643 -147.671206
-105.8937794 10.6881749 322.4120471
-118.5235981 -151.8227637 -145.2617827
410.8526434 45.91026627 85.02252685
-392.9535442 140.8343813 -88.25058352
-455.0746415 171.1799874 -383.7397508
238.1098293 461.7851661 -461.8976673 R
427.5484283 -359.9829816 359.2577873
-37.39371765 -411.1550283 480.7871147
445.3116887 246.0920534 -252.1840337
511.2534477 40.62006862 -134.4993075 R
316.5412661 -148.2622256 96.009616
27.06695391 -87.24373889 425.180318 R
451.0134899 47.85734783 240.0848725
366.9241342 -360.4880641 228.5426493
-28.97720165 359.6532691 -20.97844538
-88.02359908 530.0510172 210.9525596
-254.5829974 -433.4872699 427.1446686 R
-313.2000903 207.7964321 -17.93120785 R
-65.9589841 -500.9554601 -155.1796451 R
-27.07188133 315.9021034 60.91244667
141.981558 268.5871173 410.3162036
-445.3204714 -51.16417638 -81.39636313 R
-266.0211597 81.6167388 -39.02555286
-299.0345612 331.8995751 135.976435
-309.4602213 -362.6904261 -393.6712299
367.1629463 279.2605799 -363.5756938 R
-528.8535912 -412.3910787 -431.6554843 R
-441.673345 107.6221754 542.6445903 R
174.883245 -151.7330555 -138.0519704
455.3910142 -337.483325 -422.1574532
-365.0681817 345.5321795 86.37886909
5.118672227 -46.47406217 -343.2798167 R
-519.4285218 473.6416319 -388.4808077 R
-519.1954141 -458.4904516 364.8689354 R
120.557902 -6.437274595 286.9607962
-114.8347734 255.8611797 485.8732507
32.967868 444.4295122 394.7693956
-346.8059497 -31.23069548 502.9608515
-13.48211625 446.5962884 -510.7815075
69.36202947 440.8970438 505.0644355
490.9840362 -508.1404402 -418.8254361
357.1061399 -69.36061406 387.1506482
431.75844 261.2319591 433.6483775
14.59781184 -311.8972352 308.7437296 R
293.9539008 -60.66071118 -46.48328462
238.3894079 -140.6376702 308.3734062
150.750711 185.3420915 262.3928587
-489.4268216 -456.4436533 -345.6333395 R
-208.0431235 4.851425152 11.95571223
-251.0405418 -50.46533161 233.3888271
372.4306414 286.6630205 317.8025959 R
82.96367414 -353.3839407 -7.117320491
-461.7423007 126.9467949 -289.5901161 R
336.0751794 306.6641645 -420.2301544
535.8776097 479.7231404 309.807111 R
-350.9189526 397.0793052 209.7280293
488.9519238 428.4731626 500.6518877 R
291.3208847 151.1140287 -196.951669
439.3033874 -151.6403375 471.7706524 R
363.775716 -527.7280732 -525.9725179 R
-47.79814132 285.0697225 486.068608 R
-95.80304336 -74.33782434 -260.4082781
414.7736752 173.2534635 -138.9039672 R
-61.50580888 -433.6341536 489.0705384
-58.32259262 -505.1362334 -345.4671605
-26.59640978 -269.6451016 -261.7513828
-186.8112718 -89.9354893 -126.9372175
516.5106914 -324.3876463 161.0958004 R
-162.244386 -38.27005335 -87.24856407
52.75586221 -115.6806383 -213.549966
-416.6587064 -153.194046 6.147703603
-449.8721618 -120.8097678 -403.3750708
-89.86493192 254.9082949 -63.45114744
-25.06864661 -187.4481635 260.3883554
106.3677629 352.3280194 -98.20468877
-54.55011528 6.466738824 445.248479
317.1301813 -373.0123923 -501.5865452
-95.0353836 -403.5913011 -190.6078566
180.1610114 380.3169847 -440.4056135 R
-493.0344901 375.7526432 -9.07704274
-513.6271778 33.00220099 419.0477641
-4.982152086 -269.7886055 -161.2472896
391.1822458 -244.2513272 -1.320134938
-510.2569704 240.7195666 461.6264454
-391.2105696 -527.8572723 107.6185611 R
-374.6229193 -334.576301 -495.0943998
-291.8816613 -144.7185608 -256.3438535
343.0240312 -435.3352842 -325.1782463
485.0318382 377.8927861 305.7056203 R
41.99895337 180.669162 -432.2152385
246.1948214 2.79838261 101.0569921 R
231.3589723 -51.24919522 17.83834113 R
380.1182101 256.7413121 107.1135433
-403.9663708 -321.5713584 18.68994387
-102.7284799 269.5583926 442.1390044
253.2224994 -451.6364883 108.8927488
392.5370887 -82.71473951 -380.1365088 R
275.0139633 -112.9225964 381.1267866
-544.9223939 277.5305575 -79.38525275 R
430.2616113 -222.9003961 -478.3154445
305.660777 61.16170343 112.2310671 R
-136.4528224 -41.69067297 502.8202802
137.6731411 -284.9492666 110.3566259 R
-388.9629701 -267.8221527 -333.2112863
-61.07028548 -459.6531558 -406.2199301
180.1969959 492.7093676 351.1524253 R
-464.1206198 -146.540724 400.6242073
28.38704333 275.4867295 312.125537
-113.0513239 -363.2325464 -423.8020657
-247.0405229 -446.4856961 -114.4435374
-195.6692437 -168.3252876 526.9739419 R
184.9683019 -140.5704227 229.2464198
-19.86182984 -17.66879898 -194.2450387
-434.8954546 -128.1734748 359.3199276
-304.9969138 6.104830837 164.6683266
-519.7330963 -260.4953906 -435.1617342 R
-394.7815524 -467.532587 378.2654826 R
-424.4722857 -344.5810134 -283.6289391
-406.4488217 -206.6473078 21.07201121
-509.2572538 475.6786171 273.5668165
-217.9751712 503.3151671 -326.987085
223.9450477 -317.9611182 -270.7629717
-512.3473118 240.6543035 453.0289962
-532.1019791 223.0143985 358.4122152
-516.129657 -219.8208786 -387.4933779
-56.94952985 -288.6289697 -336.8224279
199.5697044 -15.14032376 -2.593545746
52.50825264 343.6067237 402.4438125
42.01473986 4.243851088 289.6414517
-494.4255882 86.51077858 260.751024 R
86.56407369 -90.29041779 17.18456757
97.06640976 301.9892217 -111.5478677
-363.2746207 434.7793693 -8.043709604
-73.1799529 502.623112 474.7123595 R
386.7640443 216.788389 369.4283226
-177.2118949 204.0160622 463.5552917
307.3075817 -342.4363227 384.0310537
86.81307091 -292.07441 454.1627114
-232.1547138 50.06948194 -73.52090972
305.0377315 221.1685023 -465.6497625 R
-406.1264469 501.775394 -229.2255001
-177.9664573 -443.6238239 151.2193737
-14.4501717 96.24570155 429.725492 R
-156.9643832 -291.4837851 -472.3657254
-283.8665783 487.459085 329.4124923
492.0904395 -155.5553157 109.5994997
-437.1780982 -145.6766249 -293.2401104
-28.79908434 -389.4973095 -328.4091125
-343.5347473 70.7718438 324.295602
-94.0511095 319.3504335 -402.2372866
158.2763635 299.7583703 -136.6307836
-491.1817138 24.16018339 402.73773
151.6603283 -163.1578143 232.2559512
-57.18770109 512.0004829 -424.821207
-389.2765542 -213.2655294 481.711695
470.4350876 177.533223 -86.27174119
26.4430037 -324.2211757 -9.53943933
-480.3545509 -121.2704651 -410.2443258
234.9040981 -515.610103 -505.2474049
-421.0194514 -48.30833292 -489.0895176
89.13917455 80.53803902 -276.3191211
-106.4706926 -106.613747 235.0286423 R
416.3021754 -179.3687253 258.6433697 R
-222.2589726 -292.0312756 63.27423643
-387.3416314 -131.5896937 451.1476071
301.5057279 149.6147646 336.2424641
-408.0907749 238.0547082 -299.1720986 R
159.4639819 -350.9116062 184.6256032
500.9908512 -124.2729163 -349.8654282
385.0715838 393.6413096 -212.2690929 R
200.0356199 478.4798091 501.0620787 R
275.4111433 136.6835939 355.8428687
35.47172079 -503.5170079 -74.66415546
175.6397923 -177.3207252 -381.7501597
496.1224185 379.620712 37.59514066
-94.56758054 -408.9441125 -210.6457038
-362.7893344 -451.0749175 -335.5410093 R
410.4300533 -115.6563558 116.7778692
-416.4864729 -83.50219716 248.8933043
423.4686905 -276.111034 343.2688142
-504.7765497 -457.9044609 429.9976375 R
273.4592169 -384.0115554 -320.7780884
329.9822599 517.1334913 79.2742935 R
267.4007186 164.5971032 -362.5780625
304.5789864 472.0457475 12.75141541 R
-17.68430993 199.0762239 122.9963535
-341.4654715 77.68061482 341.4053983
-144.2560751 -359.295273 -315.1330219
340.8600123 -28.30645146 -28.69334892
396.8701477 141.9654029 -468.2997385
-211.1133954 -285.8514344 478.12559 R
222.0589124 -538.5999109 329.4547458
-507.9313311 -165.292305 -70.00744731 R
-200.9259717 511.4633733 -271.8961014 R
26.24904937 414.4124025 47.89513948
542.2583447 -300.148879 62.66202115
-144.3641219 264.4756422 -165.6354119
-214.3211243 -364.3610262 -323.4802061
-14.70925145 208.754406 -265.1567817
337.8719918 -124.8681035 -118.5824367
-423.8902224 36.69803629 294.2614023
-160.3411444 216.2050161 377.5064032
-211.3782432 -243.554939 -520.4600592
55.19914609 -394.4201486 -191.3851781
388.2932486 209.81608 -15.95492923
-88.75776752 404.3799335 -78.34282167
395.7926796 388.2526293 -398.0095132
-100.4769494 205.6345759 407.3308264
-459.5489598 -534.3544595 305.0148063 R
477.2979529 -62.60811364 153.3207861
447.962387 -189.4487095 -143.3142548
-165.9112686 -91.95033184 300.4403236
-96.907274 -430.6574644 454.2585686
-239.8198953 1.964449258 -455.3068971
420.6606155 -11.33065277 -224.569919 R
334.3361478 500.5850923 -507.3155891 R
-412.8152544 3.520080885 -368.7412386
-222.0729785 106.4782299 53.63104583
189.1274142 499.4862917 -69.42196572
-489.6411726 359.0835454 -195.4723339
-131.2295204 419.6042703 -53.88122777
-241.5117037 197.5408824 -367.0824702
81.51090453 358.4800349 -349.0670719
-321.1449086 -10.22466088 -392.9076834 R
65.89510074 294.6817785 295.0710273
206.7836536 434.8976972 340.3246235 R
-90.83868351 103.1454445 64.52319474
149.7837503 58.38609644 -310.2876628
40.43631619 -378.356214 61.77571344
498.8385207 34.9952821 238.3106201
361.8553251 265.3208627 415.5490207
-252.1560079 -131.1604741 236.0223099
399.8347673 385.9661729 36.75246482
-44.55909878 380.7058307 -332.8568628
417.3003608 -117.521711 -502.5650284
-64.69245099 -430.8001642 -18.74664569
-537.8170376 -493.567146 2.142461471
402.381118 -165.3819988 -506.0838343
-353.201148 347.419072 243.7646882
-396.0825635 -341.4246675 -204.9910342
27.25422098 95.03452271 302.1445384
391.9310521 338.2642149 248.6134376 R
8.344550977 280.2888992 479.1713981 R
268.6824934 -498.0342105 128.9539451
487.1635766 340.5775618 5.953795237
299.5758037 -136.4554065 -20.27174454
37.25525713 299.12753 101.7651874
416.8998572 -58.85002798 278.3340846
-130.1796857 402.249709 240.4281595 R
10.38030635 -143.6219892 -446.3118797
231.8325056 356.5978899 -190.3198368 R
-173.312604 457.4319722 -266.1487799
-223.8924771 -450.6906478 -230.1453724
95.8773363 -443.1469496 -110.1116259
-333.9572581 326.4889045 87.97552537
490.7979495 -290.6826988 117.8085938
100.7560133 280.3634494 -281.5946219
-251.7954751 147.9075419 72.95153708
428.6780182 459.8109128 -83.92687532
-13.6110684 418.1865502 344.8723247
-124.7322154 -33.4581219 -75.54557584
55.804743 -377.7233413 -43.54581075
524.4790156 -125.6630579 480.1073762
48.45706925 -474.6540063 242.6783277 R
-440.0654327 -171.4614915 -294.6550034
-431.0299052 -71.05960838 -224.0221151
-102.1702191 -398.8624011 -133.4761114
-235.0753618 -328.3602518 398.649823 R
-77.37943774 -450.2818631 36.42671597
302.6730928 -400.5740084 97.34352113
-270.4925978 443.9997461 -319.6212711
269.1169834 63.12310233 -306.0182248
435.2854204 200.8537241 324.0651024
-21.81648651 -193.5359812 197.318413
-62.56506714 -389.071673 -54.01663812
-32.27699745 -125.492088 -476.4476309
-109.3254448 -16.4940489 10.35010724
-33.26173863 -243.7135996 -106.4709611
-489.1726162 -70.96254273 452.6172113
191.7416381 -384.7056927 361.8049177
-58.55232423 -63.66125537 -47.90778147 R
200.0121925 40.86482973 83.69413368 R
-203.2384338 295.1530516 -85.69986465
-507.6968504 -190.3275651 -429.0672376
-263.0540372 221.4141194 477.7546882
-416.8450562 98.16462233 476.3611776 R
-412.7740147 223.5624044 7.064275101
89.63976297 -245.0754632 -79.47556684
112.0720483 -224.6518516 -262.2947345
-291.3711621 418.7521805 -355.4681836
190.7529843 184.4240877 168.4272825
73.86256452 -511.5168142 53.41013
353.7910717 -335.7880527 -410.9508187
-362.6984562 -324.1649955 -52.7919561 R
-128.4440696 -259.1225668 361.8291709 R
-495.3444539 121.1092557 -528.7565688
433.3204467 -397.0411377 238.159576
-204.0637998 -466.4213776 9.175806358
310.3248231 148.1001471 33.986284
-445.5150346 -374.6555352 -80.96596456
-301.2045963 509.8016552 -29.74829162
398.2526682 516.4563507 -94.60907251
-297.4520899 223.0338109 -347.2308944
-66.35649113 407.0491702 30.88272847
-373.5630094 166.4947995 296.6212171
167.0573887 -10.02920747 105.5329371 R
37.96271187 -77.20578401 -143.911052
407.4610577 432.4552116 -365.245711
222.1380551 -128.018056 67.28963435
-398.6344201 235.6747189 263.9969169
62.53738685 140.3248265 -329.1949864
512.286781 182.4567889 269.5256735
254.3414271 -509.8113403 365.5575957
-357.4458028 -321.3845292 -260.3386159
-129.8843551 -47.60174346 31.07722022
449.0598293 -10.96772187 -75.98892036
-220.785786 -395.9728377 -236.6735728
474.0075257 498.899177 -169.0851957
447.2822739 33.02816257 -25.70444659
-364.293882 -298.4860852 -498.5843979
-152.3639389 -147.7285366 -146.1203769
-384.4907439 -141.1133987 -129.2346936 R
32.08606519 -469.5493497 225.8202992 R
-10.1799255 55.25291865 15.39268637
398.9900316 70.0227275 -349.9410361
319.6551952 -532.1151386 108.421159
-41.55212671 391.5173447 179.3521968 R
474.3250279 201.5686705 -473.9199956
522.4379772 402.3160242 -300.4411536
200.4217247 -390.7616729 525.6733833
-82.17285415 143.068545 59.08262196
-162.0087985 111.3764154 -375.3413469
310.144814 78.39534127 419.2906186
-448.4846863 392.6775686 191.4215104
206.2960744 -498.7541026 200.7628146 R
-163.1563636 178.301272 -232.3093196
367.8851582 163.0114698 -233.3850155
-212.421113 298.7740186 -278.3320523
-34.11153156 -267.7542208 -234.9551178
381.1495796 -81.49460675 163.9991656
-38.32768873 -282.3189776 -448.4453899
418.3703041 25.47299254 -528.1208375
-188.4799944 -546.9169811 -8.262991311
71.224705 -498.6721802 175.2075601
-311.2364794 -406.9017084 1.028158505 R
175.9879461 415.701336 158.4714434 R
297.8708609 -318.1583936 -130.8771256 R
507.7193539 -443.780406 -40.32002498
82.18685984 -352.8060762 -321.9878727 R
-481.2307428 69.85579429 -266.3550934 R
200.3091815 139.4226921 -161.9608157 R
-183.6301254 517.1197188 12.14564926 R
-195.0504684 -115.9907233 70.12891282
-466.8569429 -400.4246839 -192.2653433 R
-44.96714007 62.22731722 521.1066135 R
-435.8701808 335.7058672 409.6717229
-484.4404663 459.2066745 357.6254281
251.5605417 -523.6715813 -81.97274391 R
-509.9766432 -495.5334462 468.5681542 R
-140.8024653 334.202018 -360.5318358
-213.5644313 499.0055579 -420.8406806
-177.7657846 -508.8814139 36.42504432
469.432567 332.2685137 -1.961401574
119.7680057 245.2772723 308.8260494
-257.8891381 406.6582109 243.7524788 R
-479.1606914 323.1310689 -253.9669917
84.01949319 -267.5791355 -269.2813147
139.560217 38.55588906 178.7358194 R
-331.362193 72.16650277 -129.4419316
219.1934481 -60.14815592 -416.7226685
-5.660188314 -34.96581353 205.0577338 R
457.9033951 -52.21584631 438.9512686
44.33345186 -336.1688514 -502.1037798 R
309.1364755 -515.8943615 234.4124651 R
-531.5349247 -504.8942672 157.0390087 R
-398.8351723 441.3016797 -120.6750113
165.7837535 -182.7193136 5.60637416
100.9211021 81.57043318 -207.7925521
102.3932989 466.2424828 -266.5161501
-474.7456766 453.5632454 200.5828286
525.2408804 457.0234969 -336.2354156 R
379.2024462 -25.19832995 364.7191456
-386.0123747 -270.1025702 143.2069444 R
313.0442485 -103.8078381 245.7708523
540.4335805 458.1648874 -265.0148865
269.0944747 211.3625386 -325.2430181 R
-176.6495176 349.4706462 21.93604283
-142.626939 344.5200446 310.2854279
-206.2036901 -486.4249979 158.0188202
86.7921943 90.50869139 -338.6886938
121.901177 -66.41802493 412.1136864 R
-374.2266662 -502.4135944 234.770001 R
-520.9527918 40.31085595 -96.68222075
-502.2161869 367.2920332 -237.0509753
440.025301 106.5391056 -46.64924388
111.5837208 476.0579107 -249.902959
479.3756254 -196.2127762 -451.0601043
-167.037306 524.0241941 18.90938357 R
-371.5338029 210.8432448 -120.5459699
121.5651877 247.9306573 -160.2877021
-251.7243807 -70.53084374 133.9542274
53.44285641 -378.3122462 350.5769894 R
12.08519338 380.9473184 -505.5842353 R
-403.5879802 -505.0759213 -473.4999002
413.0008928 470.1572442 -503.6736595
473.7670005 145.1467047 525.2110615
-273.5258758 -347.3654335 -223.86381
183.4967666 314.5940424 -400.9873815 R
258.6002733 -348.5769199 -497.7857007
303.3053769 -96.36801932 502.2345157
373.5314461 441.300551 347.9848123 R
-33.40182508 85.10184725 158.2885514
-117.3206293 -319.8587422 462.4970573 R
101.8560453 466.9038641 -9.94332944
-522.9865217 -531.2146838 100.232856
266.2786858 429.4920954 539.9664859 R
212.7547554 216.596941 -37.75574181
-191.8446695 153.1982706 324.801916
511.6824201 -387.6566235 -196.9907611
-421.0818025 13.26720963 -77.62801447
-145.5460953 -100.9146786 91.8192221
-371.427011 265.191711 -341.998406
-246.7723213 321.0390502 -77.31152359
90.72970523 -76.72696257 -160.8551561
428.8096739 -127.7419301 94.0326449
505.930809 416.6224276 378.3296877
-237.4469713 124.2373256 -462.7699309
194.1424532 -454.7237945 -300.8513047
-476.7766789 148.2466077 -273.1608414 R
294.0343904 -450.6290397 445.4969099
-482.5184527 366.7299424 -47.50461828
361.6733693 392.3628903 92.94444451
94.23079821 -456.0517865 -397.8503072
244.7385944 287.8005042 -154.4662942
399.3710666 -530.7607689 -299.8538233 R
468.4892154 -495.7064365 -19.79976265
498.9508715 84.85434923 137.870354 R
-181.8248942 186.2625851 -155.2004303
-70.50247267 339.1432059 193.9901414
414.1232817 468.1595467 186.744876
-69.84511644 -375.019301 -20.29743589 R
349.2299305 497.3897016 484.1535846 R
430.5305483 -364.0794176 -86.69490159
242.4326293 -21.29243886 -460.3393048
-353.9328879 -251.1457063 462.9399443
355.3013258 -410.240131 229.7530267
166.715976 60.9923438 -469.3642592
-296.4116965 -236.9859387 375.7200418 R
376.4679156 -379.8651345 173.613489
9.331998308 -202.4385397 -453.4416696
392.0633845 130.3085261 -272.9414002
-388.3472817 -370.033257 21.84726177
496.7851171 -87.48389386 43.89223501 R
-435.5060952 -35.14799276 180.3311216
253.13654 493.1369166 -345.6066975
342.4724038 240.5328267 298.0737725 R
-54.81904728 -61.894221 237.3764034 R
-73.33383464 358.3152026 -39.64589067
170.3211513 -273.0288358 42.87088166
-242.3496463 -260.2619474 427.5846657 R
-46.93398512 432.9690038 -429.5468867
252.0997853 -13.79997837 215.1320629
430.8719518 12.99835452 -103.9836473
-489.8009418 4.591905856 -16.4166516
87.66579624 201.8424816 137.5894547 R
-240.6026548 -434.7018038 -364.7790039
124.7612471 -203.6308637 -324.8311804
-396.8533516 -504.550851 515.3795848 R
-388.0088625 -204.5038563 -57.41311792 R
-140.1856061 -119.8017372 -443.6462963 R
299.9543038 -448.7572554 -209.474887 R
-100.7205817 -92.7545105 -277.6972773
-298.2019128 143.9010673 -138.8643255
253.0984411 211.5953894 274.2964124
-448.256564 -39.80634419 -468.649105
231.0729008 125.7151075 59.60624903 R
167.6029058 39.98028633 -476.525469
183.0775808 388.7591271 -387.428787 R
-124.0952729 336.236789 -140.3803931
227.1014917 296.4253514 231.7538622
196.3501831 -378.9367202 -181.0021266
-142.4574734 73.81492961 -230.8416377
-35.07351457 -129.3872465 -513.3938814
-326.447357 257.5970801 -107.8275464
53.3684305 493.712588 -138.6991459 R
123.83447 371.0402574 -273.0441248
326.0023512 36.54666578 -220.3447772
-201.499911 439.8548879 334.8706447 R
29.94716968 -430.8400781 -331.764121
469.1146985 -138.6747372 -29.62686257 R
451.8304452 -315.3915891 194.5495504
-395.183914 -122.1445354 80.623177
-418.1979149 273.6620332 111.3927034
-407.5328949 38.11825274 63.42994873 R
221.6111633 -243.8578815 -466.8873155
498.6448036 130.1124721 264.5872137
-444.7233298 -189.502011 99.59151881 R
401.6833558 381.3046489 -418.0129086
406.732099 17.26196822 281.3853725
-172.3414716 73.84167042 -201.7073348
-1.967839184 76.77551814 480.2978515 R
-512.9902993 -446.6453978 43.6880445 R
494.9343739 448.9610463 -278.8554431
454.0975889 -232.7102358 -389.5233648
-309.5564853 -204.9229238 -412.4712772
383.5206243 285.7463281 -179.407224
-351.7448086 433.2079858 295.8861972
-235.3901007 -362.0279255 0.09673581432
163.2177095 -473.8781416 -71.72234387 R
-105.0271744 -510.0516479 -329.8934242
268.8865468 387.5709733 -319.7119487
-200.0534851 -175.9329129 542.9919717
-402.3929384 407.7455553 400.7870933
106.1984051 135.6326084 323.7087286
-85.75397543 112.7784183 257.8556538
-199.2073627 324.7531828 -78.33092956
-8.551257864 85.02373505 101.194765
157.6977433 245.4850485 219.0757055
-31.27876414 162.1749696 -87.69039948
-515.0223443 56.38076883 -120.0070181
483.8322393 322.9942983 -151.1406861
407.1538148 -195.4591968 365.8175199
400.0060389 -460.5875819 -411.1620289
95.12387776 -449.4774198 -64.92707979
-364.3825249 -369.49416 -86.31610399 R
341.2867489 -443.979413 363.3150265
413.440102 -186.0533471 500.6382765 R
158.2078009 -280.6846825 -234.5725092
61.93259017 -265.6237532 -18.53494426
-67.74356076 501.4551907 -54.68264549
365.6626636 481.3326223 -93.07313924
95.53468577 -495.0306523 465.4296995
-465.0368329 -435.5757189 -482.6160263 R
-103.742855 -210.052867 -523.6538105
327.1210889 -137.4885356 -186.4015533
-69.95272623 -159.7499988 135.1885415
-398.2310574 -144.0485439 -410.3827032
364.3714195 6.408462238 -345.3399653
125.7877879 97.05902025 -276.2070912
-303.542072 -16.70206668 -12.29408605
24.08150086 171.1306952 -538.8683224 R
117.3368682 -483.0384458 -289.3837001
457.5257423 121.9387461 486.932555
59.79000861 -454.0999367 473.5804856
-473.7806498 45.91616849 -153.1168392
73.68673916 374.4659056 -142.0812586
-413.766546 -57.94708807 112.2689551
282.9282445 -284.8859112 -384.646825
-402.4256145 406.7075581 472.0143563
250.2378599 346.8673081 -225.4232313
-275.8333305 -381.4064127 219.382976
-47.23926471 430.7187872 -222.7181599 R
-491.3049097 443.8330717 32.35677021 R
452.8669207 289.6307402 -250.6712407
128.9115561 9.148307968 173.0557407 R
-454.9198804 -493.6646075 514.765328 R
-115.8330116 -276.934921 -183.1625482
538.8981231 474.7074924 347.1919488
302.1299959 -327.8023596 257.1670756
-289.4319432 -458.3326292 -428.0963798 R
-129.8839245 189.45785 433.0551085
-197.0700909 -104.8954595 -117.7452923
-503.7570383 192.3874273 375.4908374
141.3679247 500.0218198 223.681605 R
-372.6560791 -185.4006813 -294.3924278
468.7184872 -397.3618758 360.7604777
358.9012861 -465.6801757 240.4048379
-147.4056482 -409.794315 16.26462793
-122.8793572 -504.5372669 -75.02172861
408.5743205 421.282276 -365.8439727
-16.64015303 -360.808623 -249.1163965
-275.4373212 -170.5293238 -143.7612681
-477.3542973 -281.3540283 -370.4913058
408.6576452 -48.25429795 -44.06675612
-525.6958266 481.7569029 353.7637705
452.5730898 319.293202 500.5199019
-237.9471469 -66.93055549 430.5257396
210.3039262 471.0845934 137.5111368 R
-510.0212451 -459.2105953 -119.8368849
340.5874435 427.0128985 539.7714725 R
-352.0430224 400.3569474 475.3824371
-490.8517124 -176.8458496 256.5186934 R
-344.9786122 504.7878193 -392.8498678
-247.7763219 -267.6537299 -317.8648955 R
176.7031268 333.288583 -157.3600872
83.8781331 77.89415584 180.5787525 R
-79.55456608 -526.7181342 64.17149633
-239.7885043 498.8640534 433.3167019 R
-452.081608 51.26482179 456.8975012
-54.64440921 121.7713415 406.6637074
-422.5534981 333.3275061 439.4550092
-86.91598985 244.772916 -146.8312506
-343.18649 453.6241966 183.9678174 R
156.9282308 -187.9058092 -194.5412052
-330.6736038 22.37034695 -183.4388841
-156.4511711 131.2591208 147.5959605 R
-351.4118792 -169.4937946 102.530923
421.3891974 348.4965525 300.4693733 R
193.5159288 -278.0192759 146.4351231 R
-427.8749425 -100.3105357 529.3106137
-250.6117886 209.809266 481.1758229
511.7705954 -66.59300502 133.3825622
281.3502458 116.7611497 -3.001845469
105.4075684 114.5044337 -320.3567265
-178.7901156 -182.7402041 231.4303233 R
-507.6130673 -5.909300295 348.9785561
-449.5830954 -19.31788882 386.8292306
-512.3820131 -15.68902146 -153.4671871 R
-485.0476195 478.338147 177.2257383
-199.6212334 -387.722087 -304.6982545
-46.04322392 -165.8458459 -260.8005304
491.9382675 -440.1546522 122.6154866 R
-405.4747086 -161.0239585 -75.42272968 R
-319.2201091 242.8792793 118.5205322
-402.6676964 5.000188113 -181.9530826
407.6531163 481.2163986 -348.1286078
-289.7323507 -240.7203843 -132.0463818
-195.912647 389.3450184 -119.2414554
198.3990188 85.7765367 -414.4009322
-77.7021484 -482.9435264 -388.9404668
-29.00055743 234.1107811 66.36110205
-45.04644727 -271.2748528 -452.8853766
-390.6104384 -102.2778995 -157.6829615
476.439891 423.3925139 -356.5673577
524.1799118 309.7157708 -135.2509551 R
23.43816696 467.3332515 -344.8043957 R
341.6901748 -378.5655937 37.81358434 R
209.4325429 -186.6119954 325.6005071
-109.9800492 235.8078356 376.0126626
340.6940847 -115.3097586 -128.7825122
-503.839696 496.5615866 -397.9157132 R
346.2121388 137.9840992 510.5332336
332.3890946 -305.9599725 -290.7802954
216.975241 -119.1793302 -403.6592529
-461.5262178 -176.5435562 75.92142047
491.378578 221.9317509 -3.917145888
-37.65400254 -474.6931626 -475.1142972
-247.2235291 -355.8716311 233.997422
-394.017382 197.6492947 273.6712433
152.4217641 134.7326579 -129.7453393
452.6536239 -107.3373079 -423.0157284
116.8263369 217.5131733 501.2108641
501.451421 195.2237666 361.4370004
-478.2117353 73.27514806 -458.9438808
493.1030118 -177.6201128 31.08710713
-497.5385729 54.72010483 372.0916509
-461.0464962 -480.7985793 332.6840195 R
511.5302479 -40.60506706 117.7255163
-16.80061395 -251.5963381 27.2964819 R
-506.3629239 -136.9758072 -86.93406093 R
-239.6779146 241.5721816 -259.1838486
150.506118 170.2615563 -105.8181173
-252.1652911 -472.5691765 78.96555292
238.3737999 -219.733774 70.8932295 R
-342.4921508 -314.3134978 -28.18583549 R
173.225117 192.3785338 216.7973854
121.0874834 -435.1992694 481.2042284 R
-222.2374739 -132.837938 397.4645644
-131.8269178 436.8686787 -131.4149239 R
391.8301107 -530.918969 -489.7969939 R
-65.92624279 470.1732588 -15.11496913
142.6049158 106.7741386 173.147517 R
-376.3279786 -366.1272795 20.35532265
427.0639361 254.5676207 346.27107
303.4424427 464.9959227 -414.7756808 R
186.0611499 -23.10992751 241.9200643
-471.5671161 305.9095423 414.5652307
-202.8882252 -74.87228424 314.7845394
381.7565684 19.92045941 516.2174353 R
505.3352954 456.7792873 200.0418444 R
-226.2439672 -47.81684217 206.2960709
289.5908163 -489.6505871 57.40195274
179.0201738 -48.97310416 109.6108567 R
-136.3098709 20.07218933 -196.9243153
253.1515018 60.18167066 273.2737472
374.9706309 449.9875742 200.888747
526.8087011 13.90016705 12.27878655 R
-285.3210671 -41.90676154 -389.042982
-457.9031787 90.87810598 -120.6416939
-317.820243 -228.4628602 -289.1506178
-193.0922327 -241.3478836 -454.6449538
-377.1324421 369.8142369 263.8271968
-51.10706435 -347.8384372 -61.30246463
365.3405339 -516.090135 242.3759477
-264.5418541 -129.0810301 -369.6006265 R
350.1092221 490.4645706 -130.5931822
80.87430744 -153.9926524 248.5537182
86.79140915 272.1590125 326.6341057
-176.8814428 349.6813183 -504.0873363
33.33737973 -188.0071792 428.2944705
-8.464030051 -80.26129591 237.7433631 R
-195.0087387 -537.819645 173.0124222
33.09607928 396.41384 -460.5782765
233.0091297 -329.2117061 390.2460436
-300.859366 245.0649481 262.520755
487.657089 -311.8119635 440.8920702 R
177.2377435 100.7774904 471.4016294
18.71316884 386.4166805 396.6065609
20.10770246 -14.47639667 -458.0902597
-501.9727878 40.43161877 339.722905
-79.48325506 -313.3628762 139.745543
-200.7335526 -286.3068379 -465.9905163
-243.2755959 357.1738532 4.079193865
-9.75556895 273.3121816 -368.2358053
62.53962916 460.7485247 -417.6479009 R
487.0129391 -413.6010623 -175.7448994
-508.6042612 103.7032431 154.4497317
-320.1120592 419.1005375 240.2779686
477.7664492 364.5134945 466.0173823
-200.3142776 483.3881125 534.8078435 R
-287.29935 -323.1287332 -185.5115814
-335.5322502 189.755478 -57.75940566
80.98468366 -464.4179653 467.0204241
-251.7575582 -136.2714976 -4.726830976
-421.6216726 -159.0769015 366.213491
405.0201103 385.5609888 -359.5201114
509.2276721 278.4047307 -376.3330217
-268.7230837 204.7507733 -7.953761871
404.6621922 -158.9688777 316.7359119
233.7373885 203.0046389 317.9569904
126.2866633 187.6885928 -310.0143624
-219.0485422 387.8775833 -164.6213502
320.4426993 -334.9212653 -276.9543851
424.2124639 -470.6091803 209.1589271 R
325.1604057 -56.21083931 -376.4656338 R
124.6071008 -428.7399501 416.3079486
228.6819219 114.7781532 477.9639098
-421.1868322 -392.5244099 -149.1809505
425.8498532 396.7001495 324.841709 R
-304.2487229 -294.0424769 188.7899274
68.97471457 -325.5744567 -339.1941254
-44.30208272 259.3490406 319.1459253
-147.8774615 -372.255273 457.5163179
-221.6809093 -431.8452102 174.4408455
-483.0641536 278.4381755 304.5240067
-319.7320236 -355.7632299 470.1951594 R
367.4301341 -410.8508224 -35.05228248
188.2793662 -261.6372572 7.342219478
266.2978482 302.7660507 -396.4931913
-347.8650928 460.2934745 -445.1345775
-225.3582803 -443.8877126 -185.0589334
-344.1075767 -295.1318542 164.5967451
-337.6776723 -460.1301629 462.1049413 R
-81.89356336 -286.5180838 -51.88485654
195.9686279 -486.4739142 -436.8208359
-196.81383 -30.95677848 -379.4103552
-219.9847486 412.0166777 -514.046359 R
-250.3534487 -212.5818745 59.75635052
-124.0421778 -501.8572865 -219.1284557 R
-265.4552574 253.8729767 -417.9770501
57.70076136 -305.2209479 362.064663 R
383.8461076 -177.695559 -83.90817759 R
469.9163919 -536.7042341 342.1828089
338.0400646 -55.08809392 368.6677535
414.6135225 221.6185652 109.3010276
437.6060321 -113.3388855 208.4484842 R
386.8571292 -192.7219041 -475.7213777
476.4595347 -278.8510968 -396.0679783
-138.9419047 456.0486098 114.3174051
-471.3642775 -92.70248371 331.1040524
322.5010992 202.369111 348.6991958
464.1597567 36.92159403 -447.534872
-516.9051416 -188.7444735 5.823129513 R
-403.7035955 351.9385353 348.841758
408.0804111 402.09024 -330.6662721
-278.1150801 148.3517053 352.3427591
82.99944387 -208.9033032 229.6155381
156.9509931 191.7123316 -100.7185534
-453.739286 -273.1626576 -107.1059724
491.5621171 -128.4062549 371.3107058
-106.4551766 503.7824635 266.4701004 R
19.06919742 84.27255232 -161.6026126
-256.1190442 -529.7621184 -110.7795988 R
-155.9013762 281.5021814 -197.465063
-186.0720183 -118.0435022 -75.20302957
-482.9553371 357.2841942 427.8016747
286.7038517 471.2237902 296.896831
187.9191051 287.8238845 359.7281906
172.2264306 -314.5428248 436.6724465
-358.5469109 89.77838268 139.2667854 R
88.3842204 -263.7835379 216.5735052
379.7167519 460.7182811 192.2479536
-311.0372474 181.7092382 229.2558576
-453.0178982 42.89464378 -408.8542521
-531.0888798 121.0436456 -401.083775 R
163.2902083 310.8798296 10.62764293 R
321.3420712 -32.54452897 18.3137037
129.7388051 -237.7852207 327.0338773 R
236.6856838 -333.9140166 502.2791461
-458.8324272 -130.1331 -126.0889845 R
407.6532717 472.4240173 -448.9477432
-361.6895795 195.4902481 192.9961339
72.35400294 -360.0192898 -42.82792728
-311.4831782 -336.4188014 450.7271006 R
181.0232186 274.5705403 503.871747 R
80.63934086 -57.45290108 -421.234323
452.5214923 -300.6903468 -440.0485224
-404.2204808 -211.5507769 307.8289853 R
303.9908085 -280.780845 417.7369394
-400.687682 375.555048 -503.0849254 R
311.6204249 -218.1843935 -172.1987949
501.388391 177.4435886 220.8930228
-111.7670443 389.1212129 57.30934886
-422.3831562 -480.0340904 250.093739 R
-376.2615198 -469.2854037 -454.1362953 R
3.477813487 -496.785044 -326.2884214
243.2295426 -383.0307041 485.0974792
-259.9833426 52.91167234 440.5592644
-493.8635908 174.5892469 29.5867637
388.1410441 -317.7307619 -258.6624837
227.7005341 -124.0137877 -478.8099258
-105.5876665 370.8451988 -118.3521897
-83.04315859 239.6885384 -24.41252804
203.5444084 -438.1856523 -494.1796102
-316.732214 112.5248397 -493.6725461
-155.8601478 -434.7653962 -193.6600846
-125.4923473 -69.87048744 522.4441239
178.1465264 455.7109026 386.781368 R
-335.7849224 -138.5046607 136.6640527
-33.02499358 -294.1924895 -414.9773371
499.5978278 38.87749667 -394.197562
348.3739362 38.79143433 281.6914457
131.3025464 173.7917615 261.7522775
-353.9183863 -168.1903993 245.6781834 R
-75.2596405 -521.4639675 -209.2686077 R
13.11087706 104.9868517 -290.9163165
302.5061184 209.7400347 64.16663624 R
173.1744542 -392.9958534 497.9677619
321.1214741 235.9101324 -231.0269031
-138.535854 278.2304707 -199.2048191
227.8268757 -513.884489 287.4831505
-219.8016062 -249.2581711 90.41342948
46.8680451 -244.536907 -48.81493634
-227.2369481 -189.3158968 63.36949279
406.5624262 -213.1526566 161.5685542
511.3933803 105.5542807 318.0794468
423.2103077 348.275584 -336.3135668
-472.4253142 335.1691969 -214.5696449
251.1561684 465.6461133 -133.3575706 R
297.5189301 -69.8070484 -24.65015743
409.2176544 313.6496546 42.33604807 R
193.6060806 492.9315729 -40.56156803
198.4992999 -451.9622579 283.916756
182.3894148 149.1759221 -24.42366213
461.3389126 120.5076163 252.5833113
341.936197 340.8982591 -417.9244245
210.4363251 84.78468695 -143.763852
-44.26610644 -87.81242039 218.8656682 R
112.6176948 194.3934465 -491.0760709
98.02129956 401.0509533 180.6512718 R
189.2975471 16.60663958 -264.6007056 R
140.9874496 -206.2585582 164.2540047 R
-393.3267071 412.9833344 -187.2641817
-218.8573223 376.215109 -220.8212839
28.20106548 -528.0023604 -67.06109994
-448.2446921 533.3857678 111.9428754 R
-109.7460274 -453.0607256 472.4386901
45.46583641 478.1887602 2.134718045
343.3072446 535.6854811 -237.6153556 R
293.6839284 -147.4881811 -215.8102366
-169.0185921 264.5587234 -138.3832383
203.1107758 -478.6170347 361.696526
-478.24415 436.4792821 76.04795397
344.8571104 -230.0934697 -129.7558738 R
12.19754592 258.081092 52.25909156
-332.3270961 137.223018 368.4441929
-225.2289799 -359.5144571 -402.4932733
-61.20173504 149.25765 -418.4762779
363.9746317 -201.1470325 -170.5837983
-280.0266009 59.23742664 -478.9125303
-462.5282907 -37.50557095 233.1374488 R
-342.9814378 515.765923 194.5693988 R
-217.2678628 -528.9189425 -182.2041932
357.2419883 163.6695366 316.5930437
-396.0033093 406.3351625 -19.48997409
-39.14126533 -164.2981874 -103.7812011
-228.6297266 310.6844411 486.5127138
-336.867818 319.4562601 353.5166023
387.1582851 403.1215758 -363.3054073
-515.7862106 56.28445355 -323.9732555 R
213.2505031 176.0265624 523.3730754 R
191.6399311 221.6984851 124.572489 R
-287.5197842 86.90470628 322.6939673
-44.92903671 262.8422089 4.917864534
-58.40604199 -263.8239236 -24.3532475
-300.4888202 346.1869787 11.74365143
393.7926906 -28.16718374 441.9066401
302.4914259 161.7649506 274.4033823
189.0423858 373.5194998 -371.458929 R
-331.5969727 -18.79474796 326.1695442
-189.2592532 -39.45422607 -114.1430188
-185.8892628 276.2780208 6.010781194
-281.1634742 -13.05052734 -195.3680569
-62.78504047 -113.7279395 -421.516279
-327.9107505 -69.73026788 393.9710631
-70.37312624 442.0956884 58.63640329
166.8314697 55.29769753 -459.3615294
-106.5430076 -74.75506759 -104.2809093
389.6810491 287.2255184 -67.6709033 R
294.9217519 3.319958247 134.8056984 R
373.4264381 -408.1883048 -417.8145779
23.30727099 -117.2212045 -176.4186334
-369.5244012 82.12277872 -394.7215293
-67.05310945 -334.7745666 181.2526331
135.0605558 -371.1988191 230.0463105
-286.6394775 193.7673485 214.9841287
-310.5003554 380.2206818 -176.7727914
-41.72330807 280.6169526 -415.8631019
201.0942562 -186.1716078 101.8548268
347.1133073 519.9700396 152.9361576 R
316.8603269 -272.9243218 -216.6551731
-157.7691712 -50.85401823 -296.9868459
-471.5943595 487.1942496 -54.39667833 R
36.12707785 -474.223268 -164.3781408
-504.6834153 512.3215526 -292.7536382
-264.5917949 493.7374349 -361.151792
-524.193625 -174.2204809 319.45707 R
285.64357 133.3331053 425.1245942
-151.5433263 66.51942668 -53.92033717
-419.9194822 -149.6967293 91.62018574
75.65076183 -318.0066851 410.4091223
49.91874233 -296.8679018 -487.8770334 R
-215.7727759 117.2224116 341.1306209
480.9567887 -86.2675739 1.842003275 R
44.14544519 -412.6127279 178.3023008
164.0708155 185.0842586 489.9194273
-371.1523001 76.85287507 -528.0830731
-505.2164171 -288.3332461 200.4472237
-84.87851192 497.4303249 214.0818866 R
-384.9124334 85.80799205 13.12085578 R
-317.7404912 92.52851039 -504.9461893
355.4685537 -158.9239274 197.020854
282.7049959 -244.9769416 -330.0987468
74.15702451 32.66764777 327.3777699
498.1828353 -176.225353 -81.51700926 R
104.3079345 -166.756345 421.9365838 R
404.4467775 525.6290194 388.2132018 R
353.9216953 -475.5315804 471.0884178
106.7533034 -96.79078502 -479.1037443
-48.1719637 -230.2418957 -260.7335119
34.31505379 -47.07268124 -326.7223848
-179.1454879 208.4136883 -138.6106427
443.7068217 -365.1502987 45.33430065 R
-160.7697856 15.44468705 274.1827838
-497.5258113 396.8355132 -331.7781363
81.86850905 -298.3677726 -141.9441615 R
498.9772916 -411.3959936 336.0920008
303.3231264 -133.0144524 -300.0991766 R
197.8020306 531.1569595 354.8466828
-203.5925985 326.2615894 -480.6915054
134.2009299 9.602752492 35.59047561
-448.9153787 126.4204429 224.544252
-473.7587751 -11.33684648 -33.5073462
525.4836361 314.8488872 -453.4157738
146.2791229 32.69595264 306.7921545
-409.393403 -147.7155656 383.1659012
364.5156169 -229.5768437 432.2030814
-91.21058315 419.8741239 -508.9792544
384.0020089 14.94951059 89.18055427
-125.9460022 459.4769137 507.931301 R
87.35887634 -233.1997768 41.32241289 R
179.5977836 256.1532691 -205.7904845
-352.7091288 49.27488391 -173.3703796
110.0241029 76.15869323 -451.7840412
-232.420766 -15.21269474 -22.0665591
-434.184756 75.7133917 55.025093 R
-170.3897032 305.2149928 -403.2359926
-432.7065496 330.3412404 -199.810795
64.67495683 402.5213998 -498.2238978 R
-84.67319756 -45.92606586 -351.3407275 R
436.3893372 -191.8018364 148.1081764 R
505.9405946 476.6023268 -139.2473908 R
11.22084985 -505.7670899 -75.86954272
311.8068514 494.7345755 330.8664695 R
266.207469 467.968035 -469.2333423 R
518.3705248 -29.75981062 422.2635782
69.0537291 -501.3199283 -217.5530563
-444.6876498 433.6047372 -456.7058816 R
-448.9292519 135.0349229 501.805926 R
205.4175254 261.122153 98.10455806 R
-164.7880105 293.2789215 -472.00977
-480.8618552 -297.7185032 -119.93192
266.4821251 161.5556323 259.2683592
496.0668823 147.1961616 -475.9932347
169.8798981 -268.805888 180.8042325
32.4227834 484.4568884 -288.5787191
-324.0429982 -153.0298321 74.88878318
319.9779414 -197.9385686 -425.1052873
-513.7005804 -249.6359868 -47.56425905 R
-360.9518691 -90.78339924 389.6586359
-271.2910591 164.4226805 380.0925608
-134.4886101 -255.2871989 -183.7061226
150.0974504 519.5804837 -342.6619308
-35.42133174 -286.9193443 -276.6239439
37.66482045 -180.9449962 239.3922744
-356.9156277 -252.8006068 -419.4679878
164.4342985 285.3422465 -329.7262805
-102.7052855 94.04250653 -30.33132147
294.9347635 -433.489753 -440.046464 R
-484.4875753 461.0933165 225.6572135
204.628945 77.24601426 -274.2917664
449.888538 -51.14962838 53.52412261 R
-104.1153089 -194.3261091 226.4241724 R
77.38820344 33.19491961 -2.238925134
222.8736362 -63.96100749 308.9031764 R
-169.8467534 -133.05763 78.03659484
-60.56374565 308.2846226 -505.5968567 R
-66.69040202 111.9366533 -179.2906834
-268.233585 -222.2239634 -165.4063375
29.57382937 53.96857565 -13.06401686 R
339.0537246 -302.6589333 214.6449376 R
-21.97227428 -102.3585686 -193.4120994
-304.863093 -331.5041979 -4.628950526
161.5640475 161.8665619 -9.056222154
385.1089631 -418.041861 151.4010976
-469.0934211 -225.3635182 232.3972144 R
433.1931413 -374.9272644 311.0080296
440.1234625 291.9552494 -268.9421499
-129.6366465 -46.0842245 -84.12058512
-260.2391558 -275.3385809 35.05575905
489.8587531 -76.52876914 -335.7811747 R
498.0920481 67.63528732 28.80137332
341.9259443 -119.5332006 -471.2222865
489.0047515 309.6793288 -493.0425015
-385.2535706 236.7122397 -98.01655168
101.2585179 52.1886498 10.59969561
157.0006312 -286.1217481 218.1700196
76.74647021 -336.4701855 524.6871769
454.5838821 415.3675876 -431.2434818
408.4602151 126.8699688 370.2961086
-465.2730707 536.4488777 -274.5205574
129.0755178 -242.6926697 -59.54296813
-519.3392442 92.98769663 -136.0113905
156.0089228 -328.6395997 -524.03629 R
251.3418336 435.655043 -500.5461118 R
33.54681001 -52.64101587 184.3454721 R
-8.300785169 -100.764772 -358.6680237 R
-148.0322613 -7.590205078 -495.7183019
-469.0601084 -338.5810742 -493.8541922 R
506.0071645 239.2165317 486.1954903
30.22522265 167.2553531 6.802375287
383.7919359 112.6100118 -444.696415
335.2944873 455.9977694 120.2137503 R
352.8118712 -205.7669509 7.873801687
-274.1869682 -207.0097767 420.0302695
-269.041178 306.8952864 321.5849288 R
104.0730312 401.1398679 348.0177463
-240.6881619 386.3661301 418.9386941 R
-166.4067595 238.2033875 490.665332
-336.1519095 296.6716504 -204.6618108 R
-360.6532115 342.3567958 265.8195164
68.1206425 -538.0333164 -458.6749666 R
-5.876962906 -77.30613371 502.9879781 R
32.98294368 282.7800404 208.3858267
529.0235115 -194.9608099 544.0783287 R
358.9527599 -55.64175066 331.0470226
78.66871411 277.6505149 342.9445143
-149.4160362 522.7739976 147.0041008 R
-14.68657982 -218.4939225 -296.6183059
334.2745797 -93.3887838 99.29066494
74.20722025 169.4124109 -442.782041
271.8375558 160.4226747 422.5479037
-278.4860123 104.0530426 45.24891062
-374.5534039 -455.653872 492.261981 R
351.3729054 412.9607492 29.01724416 R
439.5530721 209.8003014 -494.6512598 R
-337.4767665 -264.8886605 -384.9942898
68.15165818 -393.3758766 108.8088629
60.29677169 168.338107 -201.7704623
-481.8775336 335.096339 374.0953142 R
256.7315729 -90.57664107 339.4875172
-390.5382535 -76.22768157 -332.7653035
213.7418169 -460.7071185 -16.64727076
478.3839269 103.4317582 114.430043
-494.5309436 308.8112678 -77.07296833
-86.46497048 312.4082113 -425.7114524
289.2809035 -270.1167574 -10.87835274 R
-197.4067372 -69.27087358 488.8142514
281.8636154 11.83594948 -341.3235025
35.38061938 317.9878762 491.1281973 R
200.6242102 176.7769993 -265.8146122
-203.2931223 -534.736973 238.9021621 R
131.9884083 504.2834952 252.1615907 R
422.6901762 382.1708079 532.0098158 R
468.6702286 -414.4707686 419.6240349
302.1045233 -117.1576307 209.9704066
502.8586139 215.9087972 168.5373356 R
161.2058851 -78.7292472 -103.49163
-412.534429 279.2755036 255.6139986
521.8671939 -150.4914074 281.0881918 R
-314.3793101 546.7718176 -207.2460374
-489.104691 68.77066765 89.17121594
148.5683814 202.8253026 -257.7995357
47.32574842 -399.773122 499.056236
454.8170597 -462.3430886 -4.713304247
-411.9883543 -106.8403852 140.5902002
272.8544998 -109.5328768 -365.9780564
-240.2185537 235.9082884 89.17824501
-478.8070391 -309.2586567 -523.1558973 R
-323.2081245 -204.6602063 55.82133574
429.627651 398.5226187 -93.01151924
-476.0532597 -386.3467164 -215.625159 R
-147.5240835 -277.2029633 -389.2201324
511.9991852 51.10685652 525.9946057
-239.5921502 -513.9722975 136.9811155
-155.5491139 -54.51307077 -46.46594131
-34.88795804 -182.6333542 161.5187534
130.1689122 -147.9921639 -298.2052525
128.1727388 265.5319461 -517.7053531
-270.762744 423.6607702 -427.81996
43.78481642 -449.1769471 -64.17960052
-221.170053 41.18639556 342.1319384
-5.996769269 -388.7689145 -365.3948508
491.4507659 -128.1822228 -509.0396462
-454.682226 -367.8348296 187.5254625 R
-495.5125707 -373.2101011 376.9613427 R
478.0077772 210.0288231 -453.6646403
-377.9216614 290.6497919 445.6369151
-326.8883427 -251.3339132 37.92930884
289.1517514 -183.8707042 -415.6943405
-81.67261702 122.1656758 140.4009199
32.47409997 -68.25746935 -15.18946591
-297.0376024 27.85577023 264.6744462
-464.5144234 200.6654695 364.1759745
434.4976392 165.0072126 -414.0183948
-177.6294752 -151.2929389 -354.0875871 R
347.4684912 522.1636634 -174.2404721
310.3457926 249.5981755 -119.7226614
374.5450168 493.0359441 -282.2907871 R
-42.1939609 -110.9062215 99.98245724
475.6566034 63.02534057 40.93351005
-351.063266 -142.451918 -246.2539289
-197.1948568 433.5874353 517.8910847 R
200.8216354 63.70011011 328.2916873
-103.1148489 236.7215959 -213.886633
126.8845962 -253.4047032 294.3590994 R
-253.1617349 121.467146 276.9971318
61.01883331 58.4415819 -249.6119234
-315.6219716 488.0089684 -60.90159538
160.3231369 292.5197196 -105.6758331
448.1321686 -418.2416122 41.06343684 R
-192.8766372 493.4259297 246.7111121 R
-506.6839907 156.6342503 130.723888
55.62312264 174.8187148 381.4959314
464.3731047 264.9689117 197.2881742
-248.3714772 -97.06218467 350.8331273
138.4786903 217.8803403 -266.7824704
28.1795925 205.0402034 495.2794908 R
-476.9673121 71.33783719 -38.61265145
-516.3930688 319.8083786 -327.3483587 R
234.825524 134.5285392 427.5270032
-488.1326989 -369.0322118 434.9037142 R
-311.8830642 476.6017015 84.03879294 R
378.1839103 -461.5265162 -409.0587678
6.473988249 263.3806755 225.7506161
-308.9775844 95.01625255 -224.4003568
53.33799202 -118.3311069 -302.4606291
-178.4961387 296.6432116 22.51291353
267.4008468 123.3032592 314.5794576
-32.49533209 339.632687 248.1927025 R
292.4833946 -228.1919785 14.22300789
497.1519615 -119.2424609 -299.8391969
435.0482422 258.6233437 -206.8475535
473.604343 -328.9170924 250.5020151 R
-64.87700837 -237.0868888 -243.1384247
127.3907917 -108.8140443 42.16711184
-461.1170393 -81.38749447 511.7388697 R
250.5993399 228.1264885 244.0431133
-529.436376 -202.2382951 -176.8829754 R
29.64409942 494.9273236 199.9335454
461.0888456 -8.830467945 -128.5767037
498.6347978 316.4718589 -425.684206
541.6719516 367.1523304 -435.7805547
508.3249292 -260.6866959 406.6006455 R
-454.1692345 142.1562718 314.0861633
437.2138309 -309.1813674 164.9462755
-345.9103145 299.2904184 -323.6472039 R
-22.40994182 220.7724468 116.426044
-32.6423357 98.13058234 -9.752038695
279.8259255 -293.3600407 244.9922306
-242.1191065 -87.07023513 -447.643723
226.3697734 -360.2425192 73.38982036
-233.0747519 -364.1580551 -189.3834428
-422.2859687 -221.496003 404.7017095
-378.9725064 480.8863774 -37.9934317 R
439.5508188 5.142175994 -379.1387858
327.003806 -425.1624737 -541.9649126
158.5876822 95.54251068 209.8701681
335.0965094 -390.6679763 49.00111963 R
-530.7640991 506.3332656 271.8519984 R
119.4071306 442.3974681 515.9257077 R
384.4918404 -205.0020593 -300.0879093
433.8917115 65.66631196 514.0380246
-47.95161139 -3.407571538 -391.9832496
17.68560594 -60.09400894 312.3261356
-94.9635291 310.0082984 -293.8995147
-344.43617 214.9197405 -511.2499497 R
386.3175876 286.7630449 -101.6668822 R
-149.3365528 24.6937524 -501.4144817
-123.4638351 87.05412522 114.8163406
-88.31141296 320.9584573 -348.2609683
27.66005298 204.7132387 501.9323615 R
-124.7637208 204.8950486 -199.0017026
-525.3895175 463.5808885 -262.2322603 R
462.9785484 302.4770346 64.81455049 R
61.69352781 -149.2399353 -7.005319395 R
-66.28538063 528.2396995 166.9671807
-302.726552 -106.5167204 0.4660527313
-25.15757516 239.7875224 226.5224432
157.6304275 -67.10645544 -431.7643895
-445.1706156 -413.8712493 449.6287664 R
-311.8234614 481.6809774 103.9655114 R
-243.4769309 221.4555847 -321.209262
395.8525453 90.3278648 267.8388044
-237.2613965 -73.3377535 -439.8438857
-104.3662784 -265.78718 -498.702999
-134.6201396 -425.4057139 480.9654626
431.8100074 478.018924 97.68887849 R
-181.8657669 338.0316494 -442.6007942
269.5253173 394.2745818 -9.699472974
-88.94001726 530.4349185 390.1064734 R
-484.9147294 76.65122145 313.8691612
196.5013964 152.7071728 484.9010496
-443.0389603 -321.8699344 -172.5294655
-30.00458311 400.1159536 -392.4210314
437.0507125 202.8917545 -374.813249
-116.3615201 51.02666325 -94.20838546
-71.41336514 -166.0945809 29.17970415
-233.5902565 -389.5032032 52.65880452
-472.5905418 -386.0952414 347.0289589 R
109.7337848 -64.74707978 357.309522
-531.0397616 36.70342921 -102.6959378
257.4558455 -181.7065675 -495.5593413
-62.15655057 -196.6666935 260.3918617
112.1750034 6.896856265 419.9430197 R
28.82265469 -24.94730523 -522.6819883
-507.5706864 -411.5520382 470.2034232 R
-44.23804989 130.9283123 376.7218569
221.4309577 -172.4102602 -139.7787876
237.5642088 547.1555387 -362.7924605
342.515938 9.361441468 -210.9035512
398.5418014 438.0129029 26.06642526
-185.0536257 257.8799614 -296.1411422
285.7906466 -458.4451733 -336.3078524
16.37825357 451.9937498 320.4698185
97.34545382 449.3144711 110.2215772
-452.921665 -220.941657 165.0356356
270.2091467 143.8532076 -508.3472783
-398.399969 482.822594 -329.48806 R
-437.3034887 270.800983 -481.8861855 R
-491.9116327 443.4495187 -65.39466199 R
237.8924697 -411.9459307 342.379783
318.6943864 -148.511929 -253.1433976
-413.9390885 -460.0246735 159.8881527 R
-213.4944301 -428.409916 217.0107064
-240.3257093 -479.7239206 -95.82256144
-479.0304345 498.1096097 119.6904249 R
-35.06164712 -38.54864576 28.72278215 R
446.2947918 217.7440959 432.7254815
375.8319415 12.49153486 248.8217997
165.0155153 -485.3766661 -235.6330632
-388.4238892 -108.1468719 282.9321974
346.1142734 17.01455873 108.8170445 R
97.43913074 -486.4871769 -324.0880237 R
299.5037819 402.6126438 98.4087171 R
314.9487832 -188.3907411 -189.863346
82.35941534 -429.1756838 -264.2385673
-39.50445795 112.3623109 -51.25577771
288.9269034 183.8527166 -239.2087071
137.6554258 -61.73414026 259.3202573 R
488.6136349 -102.18832 444.0627004
-90.20238581 -419.2296891 -296.4103208
-200.6673728 -128.4290659 -121.6737586
-425.3415524 249.1388589 86.37771775
-97.94338968 215.8200381 75.86373081
312.8370153 230.9203779 -318.3474748 R
199.5805749 -460.3889129 372.5555256
443.3051783 163.3002997 70.13985757
413.4215226 -335.0546752 -429.194376
-461.0112475 441.1366498 296.4679862
-10.89210719 498.1241579 384.5867058
-408.6317542 357.3629325 523.4374332 R
-315.2369686 360.8331489 485.5211695
-151.4166808 -157.7496311 -2.38244535
-471.2060527 468.4360944 -416.439098 R
-269.3450696 383.1991253 385.874726 R
435.9803507 272.1685553 409.8549047
30.5773742 -200.7029852 26.88850009
-19.24994783 -199.6283623 -13.94247127
-117.1642489 -327.258024 274.2727542
376.2190644 -300.6008056 -255.3351461
-455.4487911 -104.5820648 218.8965622 R
124.2678614 105.3613 377.2368353
101.4614532 520.8634874 -205.1024127
143.97719 92.4842713 447.4993884
158.3646247 -486.5321405 -337.8571847
80.96591952 -391.7744772 -234.257943
516.8383536 325.7311392 463.4486846 R
483.3698193 -408.8447678 -171.4450614
204.3742197 510.5914984 362.2579693 R
-40.24786724 215.5959669 -145.5488415
86.84749118 9.818679444 -235.1062928
-273.7238437 64.53275258 -435.1224833 R
-40.26781867 149.0833588 -163.9493561
-193.4149504 -480.8680652 442.4728074 R
264.3828197 -389.1255954 284.6372594
529.5621796 20.69030993 456.4510161
-392.0890196 144.7699239 44.70150463 R
81.11971215 -497.1985791 3.393173961
397.2009378 495.7791592 -211.3322723
159.5801454 447.507417 451.8232788 R
-325.7331267 390.8205998 -401.6698025 R
-227.6342312 -171.3799252 -54.86017157 R
207.9651213 9.067450996 -39.9237185
-51.69052007 -105.4280733 -392.1426113
4.128183526 -313.5655875 -54.01224966
-107.7430299 520.2108599 -455.8368732
-12.94927508 255.8232536 340.591651
448.6200935 263.6252941 -16.61514199
204.4715609 259.6286495 395.5985165
29.83548476 -221.1634139 221.7796633
121.580327 -407.2683954 450.6087459 R
382.541824 -432.36705 530.0151174
171.6926904 255.3513907 220.5494304
347.7043386 414.9199897 -511.5081305 R
-471.0824531 -362.1654809 417.6767237 R
189.5046363 172.7212613 -468.251173 R
-213.0156146 -169.6820183 177.0281905
339.727515 0.2320448236 -72.73153693 R
-463.3782879 -88.85849785 -452.2736686
-491.64352 -50.38334419 351.4745047
-447.3469584 -249.4234765 525.7323931 R
-230.5919181 193.5188281 502.8995356
-200.7016957 535.2573665 -352.9839168
-118.8248728 219.8685493 -271.6242716
473.9405962 -496.1526375 44.93861203
97.6132032 123.8558407 -338.0007094
422.9542173 -130.242232 -160.8000459
-171.0676805 114.6260688 -203.6971009
136.570641 297.1122848 -301.0713965
-279.8031816 -230.2119597 246.68402
259.7338347 -101.3350977 -457.9735842
267.8862843 -388.2542564 -503.7118106 R
139.3233854 -186.100886 -94.83985014
384.2090069 -280.0748964 467.7244568
-330.6877873 -477.1720469 221.5784013 R
229.6673778 -409.3663444 286.8103831
197.7794683 341.4127064 352.8382006
282.5104136 -9.099335821 -354.1929832
359.0866833 -255.651072 -26.8021557
172.1393803 -55.23585481 191.6794865 R
337.4810574 -295.2075895 62.12459318 R
301.3709183 -405.7724491 -345.6385435
40.62996831 -309.3655958 232.885093
-512.3226731 234.263571 382.4792105
315.3267101 -323.7186928 448.3601635
-531.4672312 -237.0994973 348.2561547 R
-383.5003397 -386.4041284 -377.3291668 R
-424.2060175 -476.222598 -389.3661262 R
411.2826727 506.7822412 288.0552206 R
-175.3801161 37.9019738 -447.1475863
337.2486017 428.4777939 393.6875202 R
-206.5265084 -112.1080858 217.4910064
25.71888133 -272.1054639 243.520224
-408.1312545 260.4106163 -447.1096939 R
-259.5454611 58.92650808 371.3005539
-376.0169817 -513.4901397 310.9130464 R
42.78013796 175.3884367 359.3578475
297.9884422 210.0196108 -509.732274 R
62.7084763 511.4974019 -311.5505353
133.3986031 -445.6369435 302.1369028
16.51550897 -369.5002538 119.5451953
409.0865585 516.8237937 398.8238579
-457.4537231 -127.3209921 -347.191309
-19.24597408 -319.9899098 -301.6493246
339.9116084 -305.283491 371.2612989
-260.9697759 -427.6045651 39.87807413
241.6255693 485.9717926 137.4379622 R
149.0859145 509.437981 171.4216837
-332.8954044 -290.4835234 460.1903075
-291.4748293 -239.3632266 -225.430015 R
276.6490888 227.8153533 -152.4557726
-125.2368132 -307.9258084 -53.17267898
394.8055564 -258.615181 74.00775126
-387.502335 -257.1114579 460.1450107
-12.51347758 316.4010189 336.9734963
-122.0830309 243.1588198 205.1638784
-242.3722139 120.3140726 -421.3759311
-58.02411483 -79.58425066 -215.5734803
215.6999309 480.6943705 372.9938735 R
-230.1861406 129.4168226 260.4824834
503.3793879 -20.40963683 -285.3971436
317.5940953 188.3380416 -171.1693992
-255.0788628 -142.4918497 -372.2990042 R
480.4226522 5.73043163 348.8036654
341.9938883 -405.6419369 -190.3192973
-36.13076671 415.4243117 23.23481132
-43.11127481 94.27030255 -210.0528183
-96.4947459 -71.91671783 248.8635581 R
-121.4000706 535.9159227 -471.082403
-272.7614432 512.4501222 -224.1588062
-465.7956755 -183.6111136 8.493562641 R
437.5445852 71.71021982 -124.5799246
-297.0925555 184.9510847 -110.4296401
411.4839041 -491.4030065 72.61704412
-354.9350868 44.53564613 -220.1241974
5.497950496 -240.8339579 501.0175228
-511.5745788 -94.04237013 250.803261 R
420.5291504 -332.1218675 -272.9741889
429.1013594 133.9119815 429.5554031
81.97944577 402.4407342 193.0750344
459.7344453 -136.1524705 -465.9274282
-134.5074557 -393.2519962 -184.4766338
408.263621 -339.610673 -269.8750599
130.8036237 -370.4040693 -369.1075727
488.5350166 104.2541957 -152.4984816
-37.72973272 199.9859778 158.388923
-515.1981865 -271.3234409 -302.0529623 R
-220.559079 307.8176631 -366.1435572 R
414.2083244 44.25600106 92.21792862
-256.789045 -227.1508955 163.0773759
-276.3077938 107.3677701 404.1806327
468.8527057 450.0458592 34.74396023 R
-537.1441389 -277.7942601 223.5730885
525.9663585 224.2015797 -236.5052614
-130.4087898 -137.3268885 -512.9677633 R
440.6654471 359.383235 162.3923292
508.989363 466.7318116 183.3174273 R
397.6643285 -91.97945008 250.3486512
136.9249382 517.9810981 -484.2735741 R
-278.9419103 445.9697702 -326.9880714
-82.19367487 -172.9720419 145.2513907
466.0420293 362.9430569 185.5516088
-481.270656 127.8856612 83.20585803
40.76459634 400.4097747 459.5553785
-252.4138413 -200.8896613 -176.1464268
-367.9729513 -465.3526046 489.2507558 R
-424.187027 251.2108626 54.0226085
-183.8657464 -241.5106939 99.42054589
119.8650465 0.4670382135 351.3829984
-253.6950647 -463.0077561 69.536153
-52.63434856 -331.9611482 -415.5916166
-266.9909357 172.1525404 -453.3013286
-235.1648874 -486.0583732 393.7907983 R
-380.8718876 290.6385983 -359.3770088
-158.4041317 164.0062445 149.4195407 R
-203.5606663 62.6934194 -287.8401583
-371.5898456 57.89008672 261.9764868
-112.5803654 -187.6189281 473.9485318
-412.8615657 387.2257723 -447.5033563 R
-528.5318227 -363.7407811 55.50798763
-83.6482918 421.6839356 459.6534693
-273.1624453 -380.1676382 263.7660259
-264.604406 -399.2411754 -188.3039945
514.5650571 55.18768758 -268.5542321
260.3390344 -150.8871953 -358.081485
-343.8292475 -114.6361821 -510.863705
-109.4173038 69.24475868 16.14867642
-501.1292877 -18.30498936 76.35806226
36.3565141 370.6470493 372.930654
156.689103 500.4324557 69.64452484
-256.0107192 -86.21999409 -339.1137 R
-67.51288892 242.8231875 303.8051662
159.6659471 -478.8244039 -196.9557942
467.7069185 230.163198 444.270601
374.3854918 -350.9346185 -322.9091353 R
-466.5478941 -411.4109984 442.1338294 R
-285.7368402 406.1935103 97.61669369
-77.28109654 -99.85972294 -163.5163203
-248.8950807 300.4310975 222.0137171
267.7294472 133.3301623 84.95383567 R
43.18998024 -191.5373343 -268.4327907 R
-145.2945919 211.8360657 101.820105 R
514.4601662 377.956659 392.1691452
-496.3536304 364.238002 -171.4918501
487.526822 -353.0284228 -0.4506688121 R
524.6293532 -392.4608622 -473.3183356 R
-160.1134673 132.6931119 -159.7273324
342.7818156 396.4893662 -124.4694967
162.5125908 84.98513288 457.1910588
-494.6914607 112.1460086 114.4044177
259.9403873 460.1678238 -470.0595803 R
-273.7557214 -222.5265252 -66.79399987 R
-456.1672459 -392.4012165 297.0922245 R
-56.55731615 -455.0507256 -437.3541509
-241.7081355 256.1640715 217.3451121
-35.62450838 -444.0034872 103.410977
65.29296802 -72.08776134 -325.6032388
-197.4908931 455.1034131 414.7381118
-160.3651559 318.7396506 195.4376658
59.64572841 17.85037697 296.9664407
-226.4678587 122.1070978 -140.5757024
240.0568728 -430.4038688 -21.16060797
-170.5557934 318.8772586 -155.0156387
-363.290384 -160.7281176 134.5066565
-503.4050428 -202.4589529 407.7458659
-405.1968736 463.5661586 80.95270139 R
-448.1795805 -417.3166164 15.67888828
-209.4492714 393.5138456 479.7618448
-146.9026363 -128.0583526 246.4781225 R
265.8153868 -87.7225019 139.1919323
416.5682591 -462.4044987 -145.2109513
-522.3140493 -198.6403902 -216.2118869
-480.1484177 -259.9056861 -87.34172746
527.1668835 114.9524099 -310.1429602 R
296.2395711 -120.1375253 186.636046
-407.5455287 202.5811322 -79.74863117
89.87635287 426.3450583 378.6724866
293.5039191 24.81843882 143.7125544 R
-513.1236887 -276.3064136 -199.585791
358.9577297 -85.01352687 -297.1963065
13.95918179 -179.420113 297.8409931
86.81403799 -140.8998666 169.3053076 R
194.8687441 454.5468495 413.7693843 R
66.48861375 294.8015102 -205.814666
-9.57051577 462.597615 218.8354362
150.3351814 -269.4952705 -142.601521 R
-52.60409866 -91.01569588 -242.3045656
-331.6939772 -409.0349659 -69.6003223 R
350.4770535 156.4114145 -360.9960932
255.5063814 -134.1961387 338.2354813
411.8073194 449.6403368 -471.2537526
-471.5835939 432.5018267 105.1342649
-112.2071368 -489.1638606 37.83335932 R
-330.1727166 68.04007973 -238.7600949
66.74132541 404.688993 -492.460419 R
91.81304661 155.7142597 -199.7494557
533.6156354 -266.645342 -96.76208543 R
-177.9346736 446.1734535 407.4788476
30.4346124 213.8380615 -397.8404908
47.9245182 -505.742264 -394.3129799
-400.8546662 317.9404109 252.2749027
-250.5604765 -86.69078783 77.94564923
-196.2383437 -127.2650302 -131.8289679
161.0635213 -216.1174485 -334.8925747
-258.0706949 -532.1967697 427.438114 R
29.75023958 525.9397441 31.75408919
-214.7543531 -260.5653893 -150.0443626
443.9010555 524.9681147 373.714752 R
83.92388618 246.7517716 -411.627524
-204.8397323 -224.3511449 -225.3865725 R
-90.09447802 -233.5773503 22.53336402
-346.0375035 182.7431297 -35.87751444
320.5119052 -301.3338613 424.3457643
179.8604822 -506.7073551 -7.809380017
254.9155762 -411.3642864 -535.3963216 R
-241.1880819 -120.7616942 -229.2588285 R
462.2683059 171.6772258 -36.56592118
238.5931915 62.63498006 268.4177904
-378.0813613 -415.8540334 66.44568901
-157.9924578 279.037262 -334.088914
-289.2670847 437.0443659 -96.34258664
-267.8156121 -386.9611185 -324.6757298
-2.486877566 292.1525107 415.77006
40.23167948 -275.0761881 468.3665894
217.6755005 -212.2614048 -361.0561872
57.21685759 -430.3317868 138.8240948
337.5764246 -486.1769923 -407.8472975
-282.2535195 288.2238703 159.2754263
-147.7749356 454.9781547 -15.27215653
456.40688 -477.8491747 431.3627299
-285.6599783 470.8614268 385.5238399
-432.4331318 -309.1637873 380.9631221 R
176.5463337 44.99190596 -432.625881
503.139225 121.376233 420.8337255
-328.9666563 -41.52737656 -461.2931573
44.92909547 347.051655 -148.3700882
-16.61307558 -263.8698588 79.52412955 R
-143.9556222 11.28232797 -347.0309153
-25.02510863 -414.1393806 86.38599877
-189.0386997 -393.6323016 -356.4526474
77.91054432 -442.7201859 361.7749987
-168.9677761 -53.49349154 -407.32813
336.808761 269.4459037 283.0272585 R
498.2335782 -469.7183856 500.4919476 R
234.158879 -315.8274964 -409.6613692
-133.1551141 356.8375969 549.0677712 R
-463.9093371 -215.1530267 -264.5917671
489.401995 -83.6899597 65.47634516 R
-253.6369464 -181.8381084 82.86208153
527.8973738 246.0131807 425.8150398 R
440.5069055 94.69722378 -49.16016474
-251.1555502 139.2985945 111.7153991
-442.3994166 -397.7434466 460.4050298 R
-26.49955695 -477.2347179 455.5913266
246.3952854 85.43878741 18.96582447 R
-315.9006132 -137.3134964 -265.9014347
490.9800767 -331.7397009 -478.3671436 R
291.989649 163.6234907 398.8713371
-26.03032964 -278.0851736 50.6611375 R
-87.58411458 517.0558563 323.7968378 R
-142.0189186 -394.6502657 -155.98953
319.9735369 -532.5863858 -111.406759
-52.08776549 166.751303 -8.936262388
246.3923588 -459.4951685 -158.0425442
-311.8529411 -341.2517028 -180.1298021
-156.550988 486.928011 -452.7628387
-33.12137335 -65.2625804 469.1066925 R
-545.920339 -48.81773813 -457.6215581
-292.3793788 241.738988 -188.1389595
9.864879864 -71.72277486 189.2974597 R
378.7077134 417.9896213 -113.7515676
-42.72639684 49.48378753 290.7355303
-308.2459065 127.5487663 319.1968442
-168.7030891 94.53861908 -385.5040594
-509.2545894 468.4686476 297.0479312
193.0054674 214.4548628 216.0461306
-176.0808209 488.7006386 502.4453351 R
497.9476662 310.096904 139.7386491 R
226.8768197 -207.7052106 -192.1364506
-468.4756939 -35.07210907 224.5616086 R
-484.4337534 -275.3113861 -357.73604
265.873959 -264.5147222 -177.6655134
16.44300434 -133.3871459 -343.0440961 R
85.72669701 -413.4540141 47.85871738
373.5028246 -48.64265371 249.5797068
115.1526499 -157.484199 -138.3178825
-356.7289489 -387.9071387 431.5015403 R
18.05507025 -142.0735643 71.67749101
83.39838535 491.1710069 270.0692211
133.6465537 -521.0625883 179.1582412 R
254.5911504 -410.9454608 -73.44741375 R
-308.3524933 145.1969126 522.1349292
-15.25848681 -475.7637409 -179.3143214 R
194.1688713 -492.1421263 259.1343147
440.0187509 -432.403654 -512.0564
120.9342972 136.836642 -151.1603625
209.6948302 295.0122988 -278.6949741
233.2623012 526.8166049 -267.9166131 R
531.5562661 -340.9344769 -29.94006901 R
392.8115142 23.39502981 -183.7598232
145.0203216 -300.8733443 -233.797448
102.4177504 499.115145 168.942543
348.9436964 97.92688977 -66.81914387 R
204.5843537 -308.8358568 -321.890491
-519.0022799 -169.7594463 -19.61993041 R
-81.46551721 198.548472 -361.0398664
302.3903819 413.885478 -200.2187893
-442.4347727 -491.6776062 120.7658259 R
-10.44800047 19.58991288 -147.2682079 R
351.8833027 280.6619111 154.2562589
110.3316963 -108.1517889 -338.0847922 R
-82.41126618 302.2562224 -328.8853661
506.458319 71.30669205 499.0894146
-465.4471079 355.4147399 -377.802037
120.7743658 -300.2937029 -233.3535473
-2.499107778 397.7060603 -142.8205583 R
323.2409462 285.4932102 288.3149569 R
-8.084317206 87.01150918 33.48358547
256.3776668 519.1539302 -81.7175384
74.90548169 -324.6252826 -394.5983084 R
233.0165685 -335.9365461 -501.0538418 R
-264.7800758 207.9698716 470.967084
-114.5953933 296.6228107 298.2600461
-472.9181046 415.3419392 -52.33275306 R
-328.1849003 -26.90039289 510.8431506
-93.60774132 -443.2368335 -295.3757576
167.5080653 327.1350243 127.6724914 R
174.3469084 -411.8304294 456.2269891
41.37047432 -281.0346965 44.44346649 R
-182.0270837 130.0879326 240.9788201
448.8916064 -470.9210088 -432.1361112
-299.8952888 -398.7150768 -274.904547
-485.6035206 377.6064442 -385.0766993
119.0792757 256.7418708 281.8699724
60.05435788 232.126191 -265.0850261 R
412.7964343 258.8864525 278.8939361
-20.91685355 -401.0566606 269.159531 R
-372.7963345 240.1900253 186.6967353
298.3341798 -423.637045 -456.3576496 R
48.2353551 263.2493819 31.08097579
533.5050788 -417.7539136 -423.7712647
-389.0969202 -410.7285139 352.082876 R
-274.8980262 -18.8215851 280.8686437
-387.7667167 324.3867822 -15.91938298
-414.3056608 418.6128914 -397.9848187 R
-462.9498348 -12.4426051 167.842011
-143.6784608 482.4729982 -215.8911323
-55.77258536 -303.0941652 249.9044369
480.2202261 40.40093361 -85.18333865
-43.30275061 -459.8041087 -415.7729983
-281.5051162 379.2006255 -406.9158264 R
-433.5982738 426.8074416 206.7188015
118.8254913 97.0684881 -244.5644438
196.3242276 -330.5377938 456.3842608
-256.2283448 -27.99521374 -172.5322252
415.007715 -65.4627575 321.7066748
112.1082058 166.6220491 -64.02613199
-316.1720736 -97.74086165 -56.71603247
289.7461294 -191.6223515 -470.9252422
-179.0872372 142.9660623 0.3514106504
-432.9411104 424.102146 -513.2002276 R
232.5850055 250.0684522 198.6205187
-60.16889359 342.2025453 156.7118315 R
300.6416631 -131.6510684 -344.7939698
-456.1551168 238.3906821 -187.7020949 R
-188.9848085 0.3233747901 -155.0456722
-18.36078477 386.9461743 33.44935144
-54.4112181 -492.8101316 -440.0966846
-102.1894583 -359.4290379 433.0040611 R
-59.73039819 101.5076154 -490.2519639
-447.3391819 -306.8405076 300.8017271 R
-64.82905053 345.1488124 475.4407523
-418.0789466 197.9826056 361.9486839
-483.0368734 173.0986566 -84.77468896
158.4097027 -510.6918094 357.975034
416.1683247 -372.6598259 31.56788955 R
-75.90314352 -219.9003518 300.1731059 R
-45.07747097 111.6022253 249.7633494
-10.98916629 104.3196149 -502.1151322
100.8718747 -463.4404763 327.8567011
167.8713222 282.581622 -225.8770448
-128.967955 253.3947982 331.7275746
528.6316132 39.03968166 -370.8827376
-479.6698943 -334.469965 224.2360923 R
-139.0280406 -306.7579997 -431.4824794 R
262.6346682 -58.4928432 192.1334145
250.4059746 -287.7505634 -26.75900801 R
458.1376672 480.5956894 394.3635218
67.62234962 -402.149012 -128.4226443
-27.43079149 -61.5648626 -193.5133251
-402.4626007 326.7427289 -432.0019398 R
128.4997593 176.2694013 414.1448578
-203.1660907 63.01552633 12.72959851
-224.2216496 -269.857199 459.3014293 R
-301.458251 122.9726036 327.4062925
-330.9936617 270.2386423 -384.3007276
-75.6296324 13.79431573 -427.6687248
-364.0383953 -390.0030848 78.74725883
449.1826062 -281.7958815 -279.7852354
-24.01389734 -250.852828 -193.1732299
-281.813655 248.4859662 -169.8866937
507.1122058 -381.1389146 94.20065606 R
27.14382009 23.07504362 118.8337234
406.558023 -8.833685211 190.5600682
-353.1541457 311.6536318 -56.51387308
28.25604796 411.4089498 -189.1231828 R
234.9081373 171.8858846 158.8544247
17.61121241 395.2711415 -428.4751855
-311.6721487 327.2676068 477.1403456 R
-118.073325 262.0146216 139.8953364
344.467899 -495.0083795 268.9184086
-425.527949 -344.8358397 55.63680368
-514.0989766 -88.44037655 -303.6648528
484.1867997 -194.955712 -391.7197776
379.1710545 483.3239484 -163.2526659
461.3903559 -33.37822925 360.9731424
-400.6359636 -411.1485353 471.3023522 R
189.4736907 -412.8957737 -144.323122
79.22475927 181.0646529 351.6296278
-461.7430304 -230.5620765 -129.0558078
-288.7873561 -142.3393552 -507.0414909
158.6503956 -29.31787636 -21.27008574
-184.7500299 50.68389647 -231.5201247
-121.5560508 -451.1710545 -461.129712
-141.5241624 334.2699948 17.41841181
-102.7138576 310.4556538 -25.70492131
442.4927322 -248.1962072 -205.5799191
-502.0567834 -350.3410478 -384.1434059
-67.00324295 -205.6190785 -496.4186745
9.422329192 -396.9167911 -300.9033515
-483.238237 -62.31936431 -189.9677151
82.01324076 392.5515612 -417.2167383 R
-133.4838835 345.1813302 -348.9629775
122.9182014 405.2101941 249.1437104
255.7494827 182.5108939 -373.5628762
127.8171702 444.4107853 483.1235629 R
126.3227351 -105.8012552 94.10753234 R
-149.459465 3.37848611 -278.3887971
-395.2631469 -121.1042085 -238.1517791
-481.5674211 283.3763219 7.452096064
250.1650091 -471.1709716 74.00526594 R
-442.2011918 -439.8055493 215.4463519 R
26.72912594 304.886991 -182.635953
-39.51544334 -328.0682928 -493.8816768 R
220.9465567 153.4222503 246.6789783
297.53624 434.8799495 520.710495 R
109.8024029 -98.49017636 -496.4100089
241.7027861 -266.2221189 -71.6479344 R
-405.1601933 -352.514367 128.2049417
-142.0120645 4.734570251 -202.7146509
29.11220878 208.6936052 416.8266538
450.3435954 -450.0924199 -15.79945255
332.1963125 -98.96738337 498.4795226
-535.9059622 384.7976279 -15.96671816
-30.21177985 47.56166823 -326.0281947
-519.2424899 -437.0313794 -138.7567463
-127.7157063 -234.5806522 -206.728342
-382.223493 -422.223701 -314.400333 R
-515.0118002 516.5714511 464.7391133 R
-215.487929 328.7918202 -143.7287786 R
323.5577376 -228.8432924 -346.1584653
-270.1058846 -511.6323186 364.6774264 R
-482.6857145 1.783390124 -382.6207041
-174.040509 415.6242024 -308.903776
-412.7666839 184.5487347 -122.1842868
-110.1554033 2.824998008 -112.4907574
295.6142442 -474.2987385 97.86933052
-402.4875153 42.23162105 -358.2221792
489.9100769 -200.3608372 344.4001234
331.2481801 -375.4202293 436.3279504
-4.893277455 -477.4761001 137.0854156 R
-54.53994845 450.4370727 -481.4521287
-156.711245 -346.6104347 398.1472904 R
465.9100778 278.5004469 -220.4114971
404.7934316 170.4240666 170.2164333
127.3523989 -276.295234 -369.8658936
103.4245083 30.39888173 196.9579603 R
219.2307206 -316.6821994 -441.506379
98.33169781 -372.51633 82.87721265
479.330426 272.2618047 -169.9112628
-58.01991907 -381.0599442 -125.4593641
177.7161114 149.5922077 -525.5542055
-384.8332254 -250.6023894 -104.2693877 R
27.19954731 -111.6044357 382.122735 R
-497.5858092 469.120246 -264.218453 R
-470.8103927 -300.3805974 431.5428427 R
406.7666155 218.5469116 -452.870374
-224.954889 -52.85587774 396.15547
268.7051587 -335.4371423 481.9166525
-302.2512627 99.64544886 285.1710341
186.5040023 164.9949341 447.2459262
-103.9366312 -187.7477675 -522.2527096 R
456.2435687 396.9050788 -17.45891915 R
-53.006527 410.8721981 -270.6140766
462.5177133 456.1458345 -42.86954586 R
208.7201099 -390.9379185 -148.8629922
-210.7768421 212.9435335 -518.0606028 R
-105.3955144 -430.3240201 170.6033571
-221.9125411 340.8761909 -52.90432473
498.8363867 298.5661098 -255.3458502
494.9615515 -454.7634292 -497.6540805
147.3019453 306.0581851 -310.1356121
-469.3551277 -474.9550274 88.93850533
407.8638916 -381.8288259 -45.99385153
147.4683225 -147.1273843 421.2081955 R
310.2686893 -42.99661198 -486.7656402
-191.0405731 44.33728538 -257.0035123
264.6293876 23.34328491 -221.9407926
-344.1161603 -377.9162718 90.99826397
150.4636185 494.0706004 -381.8680049
197.9648002 421.2706908 -198.8194952 R
81.16170023 433.195614 129.9125404
-542.0194015 92.90609821 206.634428 R
-293.4319455 235.0447277 -519.2545674
445.0458061 256.7011952 224.066033
-325.5420794 194.6005838 -493.5501708
-477.855839 -222.9677473 -392.8064042
370.488464 507.7751805 -193.7065205
500.3310106 -437.7923839 -123.993433
-205.8240216 100.5579312 61.80149773
-372.9701246 -201.6662793 88.69179912 R
41.67031984 238.5284917 -189.5665362
429.3613961 -359.3820061 -116.8483417
-294.5339468 41.09242887 -168.6439534
-265.7648185 -92.04639448 181.0791501
468.165363 500.3620587 -329.6251463 R
-9.527677611 -534.7406802 13.92473328 R
385.3508685 57.99025672 -339.8750241
-201.3737617 26.66178634 42.3258084
-160.1157642 -479.2294854 240.9492598 R
463.2908966 -89.94694636 -354.9536981
203.9240511 -131.7417963 238.7641273
433.4282639 250.576715 172.5980711
235.290802 -39.7402699 525.121668 R
-260.965019 -494.6902073 2.72925196
-56.02541153 411.4630287 -58.28436105
198.5082654 -195.8976122 -512.7655895
123.2562881 -274.2296061 244.9895025
214.2918221 -11.80037006 -217.648589
417.3954698 85.45960656 137.7778551
-307.7423259 -354.7303795 -234.5897877
-107.992697 438.4528378 -330.7122558
-89.42380925 -378.4381114 41.01258118
24.90996683 221.6267492 261.2526954
12.18512875 -399.705737 84.04352034
-229.6496685 318.6265412 321.2992414
259.7742629 227.725959 -352.7033354
-229.0149042 -71.44990656 -470.3613192
320.3694984 263.0621958 -438.8313211
312.8943773 183.2847341 309.653378
248.0062378 -263.7835014 234.2947753
229.1836332 -284.405233 384.8739696
-376.6307387 -482.6351885 483.7074713 R
338.0727413 -286.6056961 -404.754843
313.0674226 -462.4808911 -483.5264578 R
-282.943595 362.3539305 -141.9603405
-402.3427483 -427.8657958 14.78195441 R
-332.1743043 165.3552295 -471.3234881
-257.7982874 -235.5242051 -142.8812385
-474.1509868 188.9225851 251.0276871
295.4504095 -79.85674789 170.4992066
-388.8591001 410.3147783 -286.5953699
-63.89977918 346.9609864 401.7166543 R
-14.22004081 200.8473804 -104.7675709
-107.0414262 10.7239606 -208.4109645
-476.4263638 250.9377165 -480.5575831 R
-195.4066604 -470.6297031 -461.8859783
-97.45328758 20.52937927 -113.9082243
134.4117536 222.9267201 -235.4956337
34.13636423 -167.8700807 -155.3698997
-415.5309246 510.0136411 -411.8769452 R
348.4939162 -418.348306 -527.3803023
-487.9663552 -97.50762204 250.0799873 R
248.962263 -176.1161443 -108.8803157
-234.4777108 -461.7770839 -439.6719617
-428.0349178 200.1805481 450.6807548
-452.434636 264.9567616 -323.4382535
295.7928492 406.4904124 -114.6009929
-292.8855718 124.8998233 -443.9699207
-99.67032247 -374.595477 -385.9557255
136.5927616 -509.1354123 68.63156332 R
-102.6260263 57.98010246 -498.3351204
-372.5248922 464.2709404 290.4768835
264.0411096 -189.406358 18.22509772
348.9757137 -76.64077347 198.7907989
-282.6852187 -68.40618043 169.1393415
-288.244263 235.9324287 515.5915197
133.769424 -364.2851772 135.1905605
-225.3475248 -185.1931664 52.99892602
347.6596403 -85.58593999 -423.6932359
-62.23351622 -103.3343353 317.9803847
461.0191126 -5.139066459 -336.6020838
162.8126014 275.6646879 -264.08331
-539.2130208 258.3648872 -201.9302935 R
158.6321107 226.9497752 -489.0312419
401.8579826 177.9945534 213.3381225 R
-315.29337 -161.1027538 -0.8393759132
55.06073175 473.2627015 419.454905
-382.6480453 -78.90337443 -332.3690797
-513.7806885 324.3584555 -23.46696788
12.97760082 516.930008 17.45797504 R
3.797419442 271.4475234 -330.6860441
-408.4011819 -146.4034963 -355.4800602
-35.30843962 -460.2001354 -465.2526159
-341.7880798 23.68663924 -112.3133039 R
-476.4357877 109.7217989 167.7856981
422.3514832 -371.2774011 -495.5470409 R
147.0314269 303.6685493 327.8065673 R
105.2262157 101.4576548 368.9722605
-457.0713635 174.5373901 301.9558188
507.1958243 138.0064801 326.6413207 R
176.2522332 -404.1690034 129.3041533
-350.5951666 -154.9698489 -23.25911732
-53.15000441 343.6320776 530.3178304 R
216.5665779 -191.7725827 531.7501096 R
105.6063109 521.8116632 -20.65537368
503.5348657 -278.4182517 -453.0840579
-397.0820743 -506.7458336 28.57207796 R
-342.689468 226.4282563 425.3897225 R
294.3679769 -330.050525 -99.37375149 R
-154.98587 408.6805622 -455.4771638
220.1084474 -517.941456 20.62748933
393.09632 -416.848873 -131.9953068
72.13731597 281.8835447 202.9249634
-110.14834 -399.6294135 -393.118657
-535.6826991 118.0481688 -182.9817246 R
-319.0594431 -292.6702536 -407.0032464
404.2748576 329.6174351 -407.4371958
-435.1485867 -256.4013515 229.5085625 R
509.1680346 52.575818 20.29745015
-94.59448991 229.8332539 -473.0228197
495.4796566 -437.5011836 65.23307718
420.9350865 502.077408 -355.508392
137.4165878 71.69464227 295.4402126
-430.8132899 270.511345 403.3771246
-392.1961674 -491.2976819 -289.3382915 R
-63.15340176 -455.0067545 178.3464929
351.5179571 518.9290919 -147.5693019
-275.4288048 83.43461627 485.9775381
-431.9420493 -256.26805 -397.7689014
-470.7889461 -506.103171 -374.8672031 R
114.6049041 347.7777981 -441.9301002 R
-50.78172271 -485.4299445 -35.15395724
-436.3677429 -524.8661913 -40.37892021
426.5138385 -73.35502478 313.387849
518.5067641 -224.9076901 -384.0087266 R
502.6338703 -185.232415 -33.74669466 R
354.0458499 336.0647966 260.2991456 R
455.1942603 312.0224259 -29.38472161
284.5605618 481.0032263 19.05902616 R
-353.3096539 -432.2574562 -55.47651079 R
265.8739296 -16.64997115 285.0052738
274.8167986 -367.1003109 83.01772982
-387.8188285 461.9225027 -502.493422 R
-487.2472809 -206.2143083 435.2145389
208.0198215 385.4105277 231.9466922 R
-347.6154551 251.0781603 1.081954748
-192.1326648 -127.474441 -225.9612397
-178.1875029 -61.18161055 329.3265778
-415.236144 -466.1991141 -434.2370099 R
-255.7808306 142.6618772 -318.5548236
-379.5811629 -291.6658237 321.8984095
-206.2409677 476.0211814 -325.0792822
334.3297599 -105.5378816 -405.8281899 R
199.6792621 20.29181428 -120.7307192
136.9465617 -356.9515315 -17.13224879
-88.03854391 149.6473486 224.9429939
-249.1445917 311.5509698 472.3343616
203.7227527 357.0285048 248.8532946 R
-92.30433925 -94.67587985 340.320983
105.355593 -345.0138307 158.6708207
253.5725612 -0.06050970181 -521.9359845
159.2408945 -43.04047068 -98.40241194
-191.2952242 226.2029089 78.41564223
198.2040581 271.7210797 -157.6827432
-403.2312488 -111.9589843 -12.30031963 R
-170.6979379 -343.3135882 -19.98423138
120.8535609 199.7937395 265.8285721
-99.28901699 -371.4826816 149.2129638 R
-251.0842363 101.7310564 -127.353963
446.5959111 262.8896454 266.0191632
360.8824576 -416.3559711 -227.7282536
-244.5542619 206.394444 -144.1783118
-229.7125872 420.3401276 -91.27977513
390.4403655 302.984488 -426.4093063
126.2405444 -534.1242841 199.1516599
-194.4194219 -540.2438785 411.6519448 R
-306.8038623 458.03887 -235.6556091
285.2491966 76.14793784 -347.5785283
-167.8832762 344.1803111 -281.9580829 R
-172.319997 -422.7954217 40.64452557
101.5911411 525.9489174 343.6691556 R
-93.17268096 99.51184804 -10.38203593
-490.5140874 -490.7279325 -20.32893984
-13.46764068 469.9321572 212.3906719
-400.561998 440.6265399 -305.8928086
-149.580008 126.4433879 40.77219718
269.9145249 -177.111022 274.3032114
-479.4300945 -378.4094911 -132.7465
-51.35647295 33.06118298 202.1732801
-128.6946102 116.9294475 -524.8610609 R
219.9575333 326.0679999 -393.5263569 R
187.890364 -432.7428168 484.0837038
211.6091803 35.91007143 470.7408946
-132.5041706 195.8078824 194.8018567
459.1097792 233.0823077 400.3688307
-442.9686767 -0.6322387762 -104.2809941
-118.1744846 -498.2089059 -249.2727775 R
-268.9951797 -97.32155416 -182.4036451
8.031048243 301.0643332 -7.868999466
225.9641608 -212.9666845 -446.2288864
198.6550511 -65.64897026 -200.1191665
-34.34851236 183.6652096 379.6443811
311.165782 -523.4510294 349.6201523 R
144.29809 439.9437595 -38.83040508
-331.0854227 226.7278139 -155.5240102
134.1275724 -512.9208709 399.1548852
-435.8924721 -113.5612685 -383.7445452
-35.02383625 267.1512116 -398.0113679
-138.7613576 -360.9657381 81.41266151
336.491967 186.9423263 -482.5686624
384.413226 -396.4943943 32.53272293
-94.89003414 -142.3302782 1.962117633 R
382.9959857 20.18559282 33.24480025
-111.4236784 227.4518072 -497.7399617
514.8297875 120.9146738 -154.985357
84.2987784 220.1276539 -16.22161759 R
314.4025021 67.77285721 -422.5166852
-444.9748605 58.68675363 318.1217588
-129.1134617 -492.0144736 503.5848552 R
-16.76877003 -524.1687909 -505.9220507 R
196.3656643 526.8534588 -499.5766903 R
-73.98957789 67.14409997 70.5273853
-58.58334023 99.61250965 -490.0702259
295.7513609 -346.8465143 508.8212248
520.2356574 139.0878501 -370.9172949 R
-376.972625 451.5247446 -455.0060746
-398.0057029 258.8808169 183.0860354
101.1625087 282.4801587 113.8027475
329.6911228 -503.4584515 -355.752941
-57.41961967 125.5044852 133.2123142
212.8153806 65.27789707 -176.6508854
-229.8487094 253.332968 40.76507604
-156.6451735 -326.902314 81.15353841
111.0559292 55.09086389 -450.554612
-511.6937049 287.2693868 372.3527053
-153.7169452 -127.4314237 -175.7658648
219.1294315 -342.5161287 99.5765802
320.7414622 326.4571697 -389.890995
-276.1394686 -394.1787798 464.5593498 R
-460.1931551 -112.1321895 432.2542989
-443.4372026 33.83405973 -123.2138667
383.4844835 -505.7856293 151.5166605 R
-411.9242175 -175.3116945 -359.2675063
-428.6832525 194.1331726 499.2906131
271.804284 74.78438828 429.2053839
130.9053714 383.5183311 84.84012249
-275.749782 -374.1864096 254.546638
-374.6823824 325.2705512 334.7385474
-210.3064727 -11.6577778 -370.8525892
12.59416148 -78.30777108 -534.9713913
186.4016258 335.7093176 357.9789014
-341.5053535 323.8819287 -165.5181949
-107.8243103 -277.4191159 -216.3791266
-32.6271522 422.9521835 13.29460749
-63.56559472 -286.4992599 123.5736071
-131.837346 474.4368648 484.1876526 R
414.2203096 -391.7311771 475.9499293
-343.7172449 -62.20067043 387.0887817
479.6451096 -58.15798635 162.1839668
309.7191181 -432.0325897 -126.052547
209.1313277 139.2173846 -171.4538506 R
-64.91504308 -330.3336018 202.5797357
18.54684469 20.14619622 53.65087099 R
-454.0912777 -252.143942 390.3321442
166.2530932 -232.5752554 400.8453904 R
460.0833564 238.4892126 265.6482124
-206.0526263 -33.0406589 487.411326
-489.2093092 -175.6312492 -277.2109672
176.1585572 -240.8419424 -1.707987267
-230.5984057 470.6518624 -220.1848679
-506.9048767 -300.3729313 -441.0975184 R
482.3285483 -283.2732637 -154.1156234
30.11364803 -261.877824 327.6707995 R
442.2549441 224.7499581 397.2121697
444.3343143 298.7447064 -382.8688128
-303.665847 -414.9085104 -11.80736277 R
-478.048995 197.5199945 418.2365672
343.7863376 497.6890955 52.7700787 R
59.29087449 187.365999 3.747964714
-32.5535485 201.7770696 -468.0769373
352.7557941 251.0259477 176.7724497
-22.1561665 -439.6152805 -223.5881931 R
441.0439192 63.15703054 177.4948532
-207.5438358 -486.4223553 -192.1346179
-55.057133 211.3644265 114.5088372
-118.8981565 218.0071375 275.4328064 R
117.281336 250.4789784 -321.0450896
-175.671462 228.6455153 27.05945093
28.21475016 124.3260923 -48.56365589
-24.93425256 452.9423727 -2.485012475
-359.4863439 -463.9081955 -351.8389352 R
-485.2612255 293.4774766 83.84709998
-397.3051474 -389.2098487 -400.2408542 R
312.448048 -449.8150434 95.41837156
131.7719138 489.8254599 409.4703906 R
336.8067707 375.9136403 335.3797572 R
144.6023422 -347.2150964 44.4295812
-291.567248 78.6746113 -255.2729263
60.37308265 -289.7548946 -272.6521438
451.0466042 -188.6636555 282.9806178 R
434.8005751 206.9256556 -415.6587033
456.8883724 22.48221759 -462.030154
197.7487698 -540.4245533 -46.04320293
363.5587288 -65.60896186 101.1379645
-76.90504969 108.4954943 -509.2703927
-247.546333 306.2180465 174.8499836
-201.0420348 -12.93899588 -63.99330828
-229.5548563 251.7435144 307.375516
-181.6473113 -126.8302932 -386.8669155 R
-417.7878475 406.4420008 331.1800249
238.2137093 -194.3730156 -133.7169486
-278.4981937 385.2949787 15.21796463
288.226203 361.3116403 -7.031498145
516.1195114 -496.4999647 543.7930629 R
499.6919193 -363.7817147 -324.148175 R
-43.73798523 -424.1827061 -399.8818261
-492.8715099 -79.88771647 536.6617185
-131.0828477 -124.5944163 453.0800757
-302.2107307 -298.9076871 20.63548286
-377.3350912 -272.6114476 -388.4624492
-138.6255037 -57.65103899 445.2349192
139.3100696 269.8858861 308.0918907
-134.8937364 61.61000037 487.0564774 R
-348.2163838 -517.0563427 209.9778169 R
-158.9645125 -274.426354 157.7240316
-211.2112955 -419.9019534 -443.6699573
-153.9761051 486.6662313 478.0082749 R
-519.9779638 28.54217633 -141.4521241
-434.6116226 -499.1780696 179.5160524 R
-184.9462718 -170.7339895 -113.9338587
211.8829906 374.7833633 257.5092896 R
-509.0658211 -294.6054421 -175.2976087 R
-22.85357595 453.0487043 50.28888091
496.3663097 -38.93374859 171.4122299
-438.0350072 495.3275811 199.184383
377.3000775 -447.4913906 99.29409468 R
-165.123947 318.5056136 -291.6976591
-60.98244064 122.2894522 -78.7930242
-373.5598117 272.1269561 430.9198986
475.0328139 65.81209684 393.2834031
-311.6079216 285.8210907 249.4041588
-95.99047235 -224.8091854 -382.8769526
365.3166776 262.3598024 221.829654 R
244.593789 115.6254358 178.8134884 R
-443.1707334 -352.5856186 -505.8881837 R
153.8926711 -33.20264493 -426.1136303
311.9409939 196.3597111 -277.6360009
-32.11651822 363.8887163 5.193196548
-475.8313028 -350.5670517 -83.12751083
233.8742453 -414.799904 404.0088782
-520.2255824 -466.0801255 420.1763314 R
2.326878797 42.65641904 53.25382805 R
-400.9952344 373.8732158 425.0328581
425.3613062 546.3238836 -120.2694878
-292.8358107 270.3453113 10.3842004
-127.4964476 469.9337819 -61.95093303
-487.932462 152.8157274 -125.3971402
-301.9491573 272.7025725 261.5217182
-4.832446011 252.0182351 301.4381867
514.5652201 -274.4639582 -381.8997375 R
-317.1970772 88.01777083 238.3274898
274.0204682 479.5600666 107.3614699 R
189.4011052 -0.4349684905 -512.7906124
306.3177538 -141.4844283 -130.212804
-304.8137883 190.4937341 149.6948459
-335.0322168 -491.1429317 222.8610729 R
-263.1484475 15.37330012 -371.6163924
476.6503793 -422.4029328 448.3425552 R
-406.5655727 129.873731 50.63440698 R
470.0821454 -301.2443611 120.2430192
130.1012923 484.1316258 300.0595894 R
-447.2636003 -225.4585963 -7.93886405 R
-64.32435723 158.647986 -236.1510768
-17.02824978 -250.1461607 508.6784127
-15.35796196 -60.23409755 137.5914876
120.902461 -383.1744683 136.4791589
-216.5966118 -259.7137378 225.962125
-65.05808765 -143.2360411 -181.214058
-175.4870335 261.834328 227.1945814
109.6008562 -261.7287293 -387.2107683
434.1629015 -348.1213091 -27.40123172
218.2749044 -244.8615616 52.41508436
-129.0320637 -259.6411809 337.361323 R
408.607265 402.9062632 -16.72077734 R
-483.0856212 -443.7747205 -25.00032102 R
-107.3292936 -369.8312505 233.4244907
233.5059872 -139.0881964 -281.3985394
225.0672003 336.5113767 -500.5551853 R
-31.58824599 177.9687502 230.897395
-330.698754 262.9534553 321.8032875
265.9489281 -313.6694865 287.322012
439.830062 120.7527741 6.004640838
-39.89315705 -156.6520088 158.4233994
-436.6418647 316.7751691 198.9731069
-301.4611629 447.2016442 237.7800604
-525.1420327 364.7440234 413.1194375
-257.8278249 171.6072568 140.7401257
-376.8659606 -416.5217207 -35.44270018 R
-94.03995435 3.912768044 80.08185767
313.6004268 -328.3090702 -368.9066628
525.0515654 -414.5727972 -182.5225248
311.2308478 -375.3942854 524.0331681
-233.4758305 387.7130693 -122.8333845
-31.0256576 363.750144 -145.1625763 R
-202.179893 -73.34692399 -483.5978893
40.19074115 300.845468 461.8442844 R
144.1063119 -130.3402731 -59.53152908
256.7775512 -433.8187662 360.5866652
305.3511855 -87.47604736 -370.1496399
-97.66644601 257.8396909 371.0700465
-74.20753453 340.2187581 -190.4688309
355.4664059 -23.59340839 32.64998446
-317.8898192 -397.6062262 -108.2807509 R
-374.2297146 262.6280691 31.51882059
-208.5367681 -190.2428117 -379.019652 R
407.0232994 126.9885187 121.1051481
160.1721721 18.35340578 -435.0413197
500.6814422 -437.4946629 -465.4180586
75.42307514 388.495728 412.9975473
269.7238764 -471.7199535 -33.35003057 R
536.2656204 304.2608696 64.61725625 R
-143.8251678 -38.20057454 170.6009711 R
-429.0458509 -13.33964794 510.5325247 R
186.8835091 -157.7019119 -424.269267
-137.6432783 -297.6658276 -4.338647833
204.1264702 -427.6423487 303.2816078
432.2629182 -299.446125 183.5017509
-253.9661447 -506.4090816 357.9088747 R
319.6666147 461.2177549 340.3776268 R
-535.6422873 306.8758075 -79.71277457
337.0438144 -214.2124304 -14.09437828
269.5634911 448.3972957 259.2448316
-127.8558385 495.0862013 -315.6833543
-307.5697591 -252.7384121 436.2407443
-364.6542029 -209.6617454 -432.5786557
-113.9502028 -92.55986345 -120.4634119
-519.5466464 102.4926165 -379.5131789 R
531.2305871 477.3394388 358.9093802
-97.62215911 -174.4912951 438.3814321
355.4662774 35.89763101 224.8008377
-167.6041613 526.9538272 -41.04342634
82.21662579 308.3920967 415.1934464
-67.02869577 -130.8675921 62.71126343
-462.2922672 446.4382285 22.53725514 R
326.0427351 -93.22825677 -12.42876455
-23.57483524 80.66713385 -507.2638778 R
143.5286392 -259.4394806 364.2587599 R
-377.9898239 -115.3364023 -97.3257669 R
-193.054967 414.1708668 -391.4797018
-221.6636046 246.4899202 -441.7598255
-413.8140296 -46.57020911 -483.5373525
515.8519595 197.635108 -356.0281291 R
90.48440828 223.4622122 52.49423835
260.6099553 -266.8120754 -308.5148821
288.6073899 -262.2218478 -134.8885552 R
256.565014 -385.0857968 253.7975069
-437.533648 -478.7809048 -327.2923073 R
14.52627719 -491.9805267 321.9453735
-340.734155 397.6295313 435.6108584
-279.6583799 -88.43408394 -92.93479051
29.45436367 -171.393389 -518.3485893
-173.7282942 -380.0937889 -55.58044758
104.5563029 -106.8064302 -197.2586789
-486.5980663 -512.1442976 -318.5390777 R
348.5117155 -167.9019274 249.2597294
-388.892371 -184.363082 327.3862075 R
182.1928356 81.65535552 -353.4453191
-29.18994609 155.2156627 -183.1643595
208.1338385 -234.7736725 -80.60793503 R
535.1738908 513.3364876 -393.2149759 R
333.0605117 -142.5764413 -14.86985316
208.6549814 -145.2917481 -34.34267182
-504.621774 -91.29313942 -396.606853
297.0618592 315.290322 -240.1342802
-111.1314756 512.3102216 -66.46935231
390.6156416 -441.8613315 327.4689942
305.1671554 322.709149 -226.0721705
21.89612688 56.41252267 386.3055302
-451.2661394 92.77524945 -238.0905296
506.3366634 282.0099112 -275.2603956
-120.8222644 -68.38364264 -291.5280905
-282.6106757 36.61144029 -48.73540114
-274.8348306 -434.4231204 -80.39142881 R
164.6244556 -223.5660149 69.15899044 R
546.0414712 381.51472 81.29814941 R
-80.64842097 -47.64567308 -244.3320113
-152.639974 141.3221841 -44.29190587
156.0164879 -253.9414198 -97.04328495
-102.8178574 263.1734476 332.775212
1.421109463 -189.6918568 -129.5990384
-310.1079933 -266.0584749 153.9546182
-546.343187 -242.3613985 305.0177282 R
527.812794 -49.83372461 143.7606126
367.1330923 354.734633 292.850789 R
-188.0998538 -410.4316824 -458.4761946
-365.9048299 367.1834018 114.5084323
416.757247 -319.3595727 -481.2295731 R
-75.5791678 26.92544894 294.1081202
293.2727116 78.92410299 530.8031082 R
154.0919971 -359.7883424 335.977055
-310.501877 -201.4771097 -50.27614282 R
383.3969618 457.0004471 331.0547582 R
351.2298784 162.7691611 -414.2991241
-348.841859 -189.2617845 -304.8960977
196.920663 147.1674948 -239.4926164
160.1583399 424.9296067 -40.18432685
248.8105254 -127.0082094 72.57935698
549.076167 305.9205176 -352.7002878
291.1999172 23.62244287 -119.0208025
-436.9750231 -288.8559803 483.5205854 R
17.40122134 422.1856103 -311.0054576
118.3072104 -1.817117014 21.92699909
330.4866711 298.9714653 -373.519156
-302.7850888 512.0984193 -397.2258018
451.3466597 -229.5380652 171.2093804
410.4585834 503.8467004 -136.29985
-325.9650681 514.7811386 -9.312491138
-405.3115352 -203.0806292 -301.1835721
232.9731764 -263.1596937 325.6248748
-448.3059045 -381.1084444 -104.1517337
-119.6830877 366.235786 44.24940033
-408.2011358 -139.6193059 419.130393
-55.12291301 -241.2862341 467.396196
-24.312928 -377.4126759 342.1898196 R
-160.5921072 -96.43394613 442.8549016
-412.2425134 69.19710992 -503.4218345
-9.220840775 -291.2815319 80.77879761 R
-488.9356333 61.46663244 118.8606368
-106.7349952 -192.5623442 -251.9562208
6.781181285 169.4208915 -472.6290603
421.1952563 -459.552591 -469.9025702
299.6191663 232.7632967 -161.3874286
444.7430452 -401.8019897 265.3802579
-483.4940911 460.7097792 -320.58328
-296.6090201 -423.9345167 -257.232577
-364.8367609 -74.52270834 -401.8319991
459.1913247 395.9900689 492.6373048 R
362.9513624 -495.4898424 -175.408206
-84.23509957 98.59921796 402.2797025
270.8004689 -184.5156653 354.113024
477.2104897 221.0665764 -211.4536564
429.3519477 49.09030161 -105.8832147
443.39937 -273.4576758 -237.6620924
218.397321 -367.1493301 -103.2212795
-6.313270045 405.0602044 333.0079709
72.4093453 -5.861549685 34.99221429 R
278.687335 337.7321448 236.2799072
200.6494703 172.1451299 -42.51031195
-474.4527203 -157.98103 200.8060818
224.4247159 -391.8653737 72.78715772
143.7092445 309.5503843 -60.18598867
50.92336673 -204.7875947 -137.017085 R
-465.9994971 25.12965419 -463.3393686
262.9941781 151.020755 246.3247976
-55.89377381 514.5507891 -445.4712794
470.5533342 159.2949701 -60.69666258
-53.99663941 435.5329375 -166.4487917
55.59603074 -430.3693964 432.3358734
163.2223965 -79.98722986 81.7877228 R
-235.895709 -367.8048123 -528.2267144 R
-161.2021608 168.485051 -13.95006286
266.7593171 33.30690703 334.4891835 R
-109.0494741 460.1198398 -210.859265
-537.4930907 306.4997024 367.4178551 R
444.4531226 -443.1083946 -357.7610341
367.8341413 -120.7309474 -486.4149425
235.0247245 -138.4443701 -244.8466212
130.3573885 299.8950757 -170.9114178
-264.6883672 -315.8420405 -507.6771195 R
-248.6270319 -101.6040746 125.8723495
-318.6364912 42.89727943 -288.2078489
-474.4320609 -419.3030425 313.8336035 R
12.1192439 -46.0011899 297.2949065
437.8553533 20.6457396 -139.5932948
47.33067318 -373.4449787 324.9683878 R
406.7450585 -261.1740704 330.7487907
-43.62816588 538.7159956 -349.843351
-36.03534216 454.6958102 393.5437319
276.5925163 -117.6051478 -378.4923829
164.7815794 -491.6448572 282.4509444
68.31161904 438.3335963 -6.217095194
-335.4212109 -366.0006837 41.91511203
-465.4556198 -476.1262409 420.2965729 R
-181.3796926 -202.9795797 -395.045672
213.5223864 480.6420024 -273.0438232 R
-464.5573563 254.5754356 476.4834436
387.7244003 237.0711766 -3.52070824 R
-90.79828002 460.1972885 9.929055099
-414.1103996 -56.34662417 -154.0084014
519.9479287 -110.8922302 116.6389873
439.5133229 9.889989254 428.2471669
-271.6802915 207.5538623 -473.5716547
392.5781622 -111.5310423 -176.7331066
417.9355836 -371.5575829 361.1168426
136.7385436 286.1423284 208.6724393
400.399515 53.68491844 -143.9530868
-341.0722328 -537.973218 408.2739318 R
-221.2584795 320.445839 339.2965413
-221.1519742 231.4795001 465.2584305
-169.6503274 437.7459507 -312.798184
423.3070501 -184.0725088 -157.023688
-339.7099507 27.3736509 258.0941535
-39.0559046 58.66796664 427.6920303
-56.76489653 189.3656493 -461.6316265
260.6473337 269.3198419 513.6452337 R
-225.9858881 389.0510849 328.5172548 R
-266.5208462 -368.6991172 540.7446078 R
440.4099622 -465.2564383 -6.987964538
-425.0410441 -36.82149052 -241.2022565
241.819486 258.3875641 -63.32154458
-198.6989702 271.0481968 425.6735545 R
433.3036263 417.0882445 273.0527478 R
16.40925533 440.5720865 173.5585436
8.523297928 -292.4190462 -397.1551176 R
-347.7050126 233.5355742 -430.4990316 R
-175.240603 -265.1906524 155.5573038
-12.27354943 346.3942447 -184.7336717
-339.7982498 -127.5517258 -376.5500383
244.1515923 -423.0856421 148.5148005
85.06967405 468.5323682 335.7285307
-421.170353 -135.4329426 330.65679
162.095485 -465.046673 448.7628071
-236.9300945 524.7837191 -63.69659044
98.74099801 -159.3575779 -62.64661766
-167.2001729 -55.02286996 155.8521843 R
101.8759549 -180.3502425 -94.88607779
401.8520297 57.26800314 -448.7641633
-37.5729024 -450.9921837 -431.1329706
166.3005738 132.1722216 -109.0875076
160.1292109 271.461967 -229.6435745
227.7368755 196.6965158 455.7832711
-95.79404943 -147.6606121 -469.2241767
-448.022945 372.6550263 -227.0217842
281.6387635 -364.1209721 -40.88370163 R
414.516307 -396.544076 -387.7075803
-15.84241681 -40.32065108 -423.9239125
429.4608371 -356.7649855 284.9110601
-291.8679305 198.7015447 -243.973204 R
-283.362734 -155.5475403 -189.4939415
338.9107666 -502.289264 -437.9318916
-512.263107 -316.6048719 176.2389916
-466.4769945 -22.91881773 291.5672634
-126.9030807 407.7213918 -228.3514272
284.6784289 509.7539683 51.98949586 R
-437.8173031 312.9367934 309.0569384
-414.7071937 105.8983066 -62.61721836
-128.9188447 -238.1877826 490.1481984
-51.24161906 -138.9447285 -441.807608
422.9549062 -346.6553189 -520.1096322 R
337.6067659 -225.2908428 -472.4291481
41.5325965 262.1262644 51.1023709
-138.7405433 -111.6277642 -35.51825881
125.2515218 320.0909792 -134.1351936
253.1168139 -98.85639982 136.064363
202.9274148 -201.1464978 -504.3592386
145.8307172 -154.7074743 1.180570959
-140.5238954 -284.3538673 332.9694738 R
-205.5594553 199.043292 -33.81673142 R
-207.7753225 -294.1345272 -397.8329349
-352.2081083 210.4864679 167.7694984
-21.13905094 -108.861782 288.7700526
458.8716932 69.91960753 291.5847496 R
-470.4459386 167.80376 221.4498336
-304.9681021 70.8838133 306.2755451
375.8043672 -278.2348102 -399.3467408
455.8931896 16.59586072 -246.8527274
-289.8541596 -292.6028244 236.5914551
-179.3727891 -452.3973893 -105.5936722
-103.8318926 -183.5794443 -441.7298388
252.5062667 132.4759448 344.3972237
260.5634435 -225.7633741 226.6559957
