3.394294103364326305e-05
4.133919629286248305e-05
3.324545210546023092e-05
3.663335282645214998e-05
3.572501459978423251e-05
3.379894407072582768e-05
3.389127911436863263e-05
3.456685292901556339e-05
3.510063052648842866e-05
4.791465683244301835e-05
3.399772700403990870e-05
3.387108328979262617e-05
4.395238299711705528e-05
3.518223548531948633e-05
3.637656825011066804e-05
3.682494108282919628e-05
4.550978646606093712e-05
3.419396167081797293e-05
5.709247873257596934e-05
3.413973847243407481e-05
3.933837361401895612e-05
4.265892317563326624e-05
3.569596714455723283e-05
3.477575142043163312e-05
3.406152623977565084e-05
4.104055564896270692e-05
3.559104901611882620e-05
4.039904494695370827e-05
3.412770216659168960e-05
4.052171478724131870e-05
3.540710879599946671e-05
3.335398364809441144e-05
3.578785269893334831e-05
3.581789126109749614e-05
4.161433519358842607e-05
4.068708181257816111e-05
3.783293538652409587e-05
3.367014174267812923e-05
3.466441229797542929e-05
3.752684393776512998e-05
3.370314063552670817e-05
3.781562781273956964e-05
3.350523438225581013e-05
3.457067498476200178e-05
3.418920755481249650e-05
4.043026251533874234e-05
3.378367914824505252e-05
3.816593348914234027e-05
3.550392635700456176e-05
4.424915466117591812e-05
3.673324935534665552e-05
3.753867950449178269e-05
3.424924746249295140e-05
3.544776334970145044e-05
3.629793231812544719e-05
3.664736820730005504e-05
3.650171234058821709e-05
3.630781623559556202e-05
3.609531086230253946e-05
3.529233886770582801e-05
3.378328605055198403e-05
3.468775109559294286e-05
5.399985184711732233e-05
3.979202491500969958e-05
4.177337926966427352e-05
4.019728086896617506e-05
4.984154536826328479e-05
3.400680226098611107e-05
3.556581969712584520e-05
3.764976483856619034e-05
3.638428710813768199e-05
4.314437145727443689e-05
3.697729973710998491e-05
3.955818435905154688e-05
3.480131827680073563e-05
3.689504663315011206e-05
3.344043251985205834e-05
3.449141315852635167e-05
4.579969245516010603e-05
4.567131054918839215e-05
4.235898698322596592e-05
3.523744294634427113e-05
3.760699044667709903e-05
4.911955941010041801e-05
3.532727490593493258e-05
3.484113275140016455e-05
3.860108349111898522e-05
4.146680872366327207e-05
5.429800378942697080e-05
3.501358989450928920e-05
3.620290935956695983e-05
3.470309508885512106e-05
4.279633382103228750e-05
5.506538105887874861e-05
3.540987244089867185e-05
3.323364933394430524e-05
3.709881063574066527e-05
4.100316746112286329e-05
3.899554430817150788e-05
3.380359834369304133e-05
3.319112847827078872e-05
4.794202342271460345e-05
3.329234371350129040e-05
3.446648434496049239e-05
3.373176572812650829e-05
3.691052952832523146e-05
3.393720224970419111e-05
3.564770852436740400e-05
3.770675634611474778e-05
3.517032578961248152e-05
4.911293748483610573e-05
3.435230539320957387e-05
3.647904243882048444e-05
3.530438450962766235e-05
3.413660087799515354e-05
3.522313141464479596e-05
4.075146682857215357e-05
3.709742141269586392e-05
3.329061888651060365e-05
3.322924236021084236e-05
3.383109547085798026e-05
4.217255002725335956e-05
3.342459725734509967e-05
3.524046833829180125e-05
3.714485616925180980e-05
3.364639890696293872e-05
3.454167741390106274e-05
4.376611133736198553e-05
3.743845739016296548e-05
3.334621574609526019e-05
4.002640958701528419e-05
3.380399079216685860e-05
3.448390521818110873e-05
3.737827010451128776e-05
3.383333285695293736e-05
3.373602272896426282e-05
3.502829052548410638e-05
3.408108448929114773e-05
3.880623405729599965e-05
3.949992092595481428e-05
4.247178910796851702e-05
3.329573418240924321e-05
4.250848088394371571e-05
3.681731852034895482e-05
3.942688618777119406e-05
3.594420256287547661e-05
4.349674328251768610e-05
3.915437325671893389e-05
4.527607306184999129e-05
3.390321390290508341e-05
4.124768965501720333e-05
3.569451909838455784e-05
3.458950470207524796e-05
4.128980993592022925e-05
3.390457634890323352e-05
3.789562403522159760e-05
3.629482046291091033e-05
4.657155082745664332e-05
4.333083546552728610e-05
3.824075965591589645e-05
3.398742997041896805e-05
3.839146775251016527e-05
3.642927372284239935e-05
3.814594238434574502e-05
4.642235319851117958e-05
4.110256369025985481e-05
3.943265017005979684e-05
3.385872662676902179e-05
3.602321103724599131e-05
3.995383557714975034e-05
3.350239034242544130e-05
3.675932040225984328e-05
3.384440193073572680e-05
4.006300055053304085e-05
3.404336677002332091e-05
5.138024841310536578e-05
5.052630665015523021e-05
3.321992366451950528e-05
3.666419413559979419e-05
3.376015538490603459e-05
3.774501966772149055e-05
3.353587341312103955e-05
4.056819645708282878e-05
3.362761597770140380e-05
3.476062530275019781e-05
3.667506360696131556e-05
5.003917624426171799e-05
3.738492352324470107e-05
3.493949815527767433e-05
3.735196466459166494e-05
3.510055470084101842e-05
3.423523245305966958e-05
3.372496837976241647e-05
3.419540113025582267e-05
3.536053116640302364e-05
5.152153419209338196e-05
4.119830987080355764e-05
3.602798770243866239e-05
5.691642028830571975e-05
3.441263478287433111e-05
5.126698067832436128e-05
3.844088478437081464e-05
3.398110394630883449e-05
3.485680714748472003e-05
3.433029502010320072e-05
4.435747251711143251e-05
3.881070210346473882e-05
3.767920538504197764e-05
3.543740246253124422e-05
3.337978274521657078e-05
3.389091727364432492e-05
5.576674858719153725e-05
3.648399768862588374e-05
3.318573278537095849e-05
3.394380023537384589e-05
3.391233108182226667e-05
3.455648799228182977e-05
4.199359315023961427e-05
3.536602838620667448e-05
3.574974409483918367e-05
4.157604938374697952e-05
4.055581679786504211e-05
3.508310282269923064e-05
3.547641543395800367e-05
3.656892622815955188e-05
3.454262834981971494e-05
3.697513124404115193e-05
3.659764134383752988e-05
3.485590536418104298e-05
3.329395138178266837e-05
4.695395517551947880e-05
3.537070660058726766e-05
4.020857481400508157e-05
3.719283625790068785e-05
6.021460277938468455e-05
3.909590342605488337e-05
3.457884238074634785e-05
3.336427499969958112e-05
3.567746827509659350e-05
3.630797745029624264e-05
3.639925389525451978e-05
3.788249434086371573e-05
3.483264295479568135e-05
4.645349122329343682e-05
3.715091165402665152e-05
3.347820354808771415e-05
3.574585015634377199e-05
3.400238959416888065e-05
3.359352849548988577e-05
3.424765195409280931e-05
3.689914484161739214e-05
3.844495891436562282e-05
4.022660267772039627e-05
3.773700688643168643e-05
4.323103335068491848e-05
5.223229784262949717e-05
4.577730280410513970e-05
4.104297253062701189e-05
3.888035855825791419e-05
3.374923539361655730e-05
4.386604451982741655e-05
3.784266005155889547e-05
3.978321507926630194e-05
3.717991868959861503e-05
3.852325827311786871e-05
3.406594531835098217e-05
3.785740868468686834e-05
3.706068536158729418e-05
3.376299636720500250e-05
3.472961600260545041e-05
3.593986891771913796e-05
3.629765573848038959e-05
3.575740838066277910e-05
4.272739772431893249e-05
3.561579217247329954e-05
3.338805124860240719e-05
3.351852649112740121e-05
3.381853058427198720e-05
5.049444215251912125e-05
3.401603618576606121e-05
4.198097610282361077e-05
3.501755921117429514e-05
3.626941411916304161e-05
3.338349701537533012e-05
3.688219305530224398e-05
3.333130605826488949e-05
3.455775439713047292e-05
3.776861672778347473e-05
3.897495872426327070e-05
3.410832677432420605e-05
4.092882093335125759e-05
4.439720611391508818e-05
4.211306864052403873e-05
3.511555940193421732e-05
3.464016531228892329e-05
3.858299274057576394e-05
3.352179705523145411e-05
3.641057072615611230e-05
4.856810479373225149e-05
3.380104712315370384e-05
3.528409452780895714e-05
4.548928188937131282e-05
3.408409914419519428e-05
4.540246292399113581e-05
3.930765508034119701e-05
4.088251199966281294e-05
3.667654206690069014e-05
4.412873913628941372e-05
3.370381892535715215e-05
3.504944693024681523e-05
3.348672185883970210e-05
3.439941665675927944e-05
3.812998911907826925e-05
5.100718499478174250e-05
3.531771113594318315e-05
3.590965926870674937e-05
3.882534277793108190e-05
4.287444591416520123e-05
3.532414572866327695e-05
3.955532773940387682e-05
4.780313700179275301e-05
3.718533306258157392e-05
3.612673037612380416e-05
3.355505530367750369e-05
3.484139071085655891e-05
4.297901390856275400e-05
5.392394242535156922e-05
3.788007596568596796e-05
3.377339831477097414e-05
4.005960919817565328e-05
3.643468102210640797e-05
3.455429786603167328e-05
3.572833705408913469e-05
4.018874806851390142e-05
3.767600205768140067e-05
4.723640979067838689e-05
3.965746732410678358e-05
3.543373354856382856e-05
3.359007742871974881e-05
3.502562125663798918e-05
4.296311812755012222e-05
3.558311536399235396e-05
4.027774889236354199e-05
3.693164379516368013e-05
3.492333618206606944e-05
3.357500680594345961e-05
3.979997065279194441e-05
3.460362822793713373e-05
3.795780460033246206e-05
3.331812833969617887e-05
3.985928256083411141e-05
3.717024939644296216e-05
4.229846935248067572e-05
4.559185960218959760e-05
3.329450670848885116e-05
3.891911172499334980e-05
3.379064050909802371e-05
3.588351924452707676e-05
3.906783964622284735e-05
3.322871341534111973e-05
4.030153538434408248e-05
3.320415075877289297e-05
4.639127501572794064e-05
3.567754077644255087e-05
3.929342934173808352e-05
3.689665521904662892e-05
3.612079822001624158e-05
4.090366839640311011e-05
4.379398698238517627e-05
3.371017606765149379e-05
3.650536588429850949e-05
4.315694879272527202e-05
3.323881813492004979e-05
4.291268661389423852e-05
3.774893118699286217e-05
4.433546821975773973e-05
4.135659377834063921e-05
3.704679088482946666e-05
5.721575357286793858e-05
3.332326119048703035e-05
3.731288075497522978e-05
3.791483514991861851e-05
3.411264718383192430e-05
5.250891565057519753e-05
3.341201259106597800e-05
3.363082902246480042e-05
3.651255656998374357e-05
4.941217649411934167e-05
3.779570022807951952e-05
3.510136348452438200e-05
3.936629773925068266e-05
3.540873744424048302e-05
3.725284126385493283e-05
3.330388495905428202e-05
4.037455623452809278e-05
4.003193931172624302e-05
3.710692604862591166e-05
4.316171637678131647e-05
3.358651125286481128e-05
3.588651612173342692e-05
3.608496150367244580e-05
3.708263034312544911e-05
3.394612809435285675e-05
3.355265206295351830e-05
3.360062721161197658e-05
3.837278733739886839e-05
3.605287816841603677e-05
3.630498314175103727e-05
4.085288566163562473e-05
3.600274343200446646e-05
3.331634883272121715e-05
4.562827884793648544e-05
4.327594803085075067e-05
4.111570669625938160e-05
3.504272031059055997e-05
3.399827888159628512e-05
4.509364327793255944e-05
5.205850964363548230e-05
3.422136425760628596e-05
3.330154837977387369e-05
4.034272004508091344e-05
3.598802656319535027e-05
3.588979762633132489e-05
3.403717932610615584e-05
3.343052344760857154e-05
3.370175567721516059e-05
3.469075351503560673e-05
3.379925254093465629e-05
3.657651141793300995e-05
3.799495043899436207e-05
3.720132623365242933e-05
3.392935215178271657e-05
3.383906430237502175e-05
3.373334465575626332e-05
5.911117896897270883e-05
3.551046444629130555e-05
3.597197008216953976e-05
5.098592122846068973e-05
3.532186045096966049e-05
3.425303259689658922e-05
3.939757151794180012e-05
3.681652055942546839e-05
3.702640236281797801e-05
4.101756749325723779e-05
3.388292623614053920e-05
3.499874488118596744e-05
3.763890124764598515e-05
3.467706713075517178e-05
4.295939179945166029e-05
3.332821699428177917e-05
3.636760689408773860e-05
3.985894401909836953e-05
5.541134005315843112e-05
3.580789408071164526e-05
3.603527875853364070e-05
3.592773654302041183e-05
3.352627114249814692e-05
3.566857170187097507e-05
3.628905582985759390e-05
3.911879116005949716e-05
4.149708032190175763e-05
3.453380301175669481e-05
3.379532597854692814e-05
3.555050225733139783e-05
3.478459039272783392e-05
3.719695262230402562e-05
3.343491563644642302e-05
3.396678246400366481e-05
3.392821444413615222e-05
3.698141672119314690e-05
3.334199513668122073e-05
4.255924226035795048e-05
3.412300456836820408e-05
3.340309418029664370e-05
3.347005377505308491e-05
3.464713520694880891e-05
3.603878172629266217e-05
3.357968982434581651e-05
3.387306255081462466e-05
3.371949391699089133e-05
3.413436315229702040e-05
4.493155518793854426e-05
4.073324833409882684e-05
4.291780543969999826e-05
3.406800335720908921e-05
3.787761616557584749e-05
3.598882887027027294e-05
3.439115825538208236e-05
3.408966062834743494e-05
4.298522582152336226e-05
3.462951961074375168e-05
5.299670057931446944e-05
3.507819176043929291e-05
3.443857645865705872e-05
3.573505159584911001e-05
4.264333334976164462e-05
3.411958949996121845e-05
3.488570751626327747e-05
3.758181446391339751e-05
4.148792222887383161e-05
3.443537997857058579e-05
3.519072128633561093e-05
3.545823881776849701e-05
4.219686612513424013e-05
3.348767116625221360e-05
3.922203144214161989e-05
3.596355617591584318e-05
5.779585924857207887e-05
4.172547330198757282e-05
3.653643707549492775e-05
3.802502130345975851e-05
3.823782386663223727e-05
3.976600969231753750e-05
3.339396630019712245e-05
3.376130873421965124e-05
3.357295027911582329e-05
3.977432818492329750e-05
4.042842903008389305e-05
3.531584723481007599e-05
3.352110858834221591e-05
3.373844658589786793e-05
3.355293818786267760e-05
3.598512368844823201e-05
3.662002004363414310e-05
3.353257796356407607e-05
4.526584100126397137e-05
3.422987119403280153e-05
3.345327629179794572e-05
4.163009042287385927e-05
3.653419585596236142e-05
4.615009232398933182e-05
4.033080461296078054e-05
3.988417043943601539e-05
4.015599857865578338e-05
4.172643164775515710e-05
4.458498471664450066e-05
3.709909280419152855e-05
3.785506803483986978e-05
3.335543775846137881e-05
3.454606168584849760e-05
3.559423570941638648e-05
3.601504196303264443e-05
3.677860696607631658e-05
4.362186657039878688e-05
3.372745083575074126e-05
3.608657766523988819e-05
3.988482855161477528e-05
3.511525645111685792e-05
3.687661125265386371e-05
3.875331539526570372e-05
3.444959805666141943e-05
4.834966263717019905e-05
3.453430521834205386e-05
3.446478345061839994e-05
3.465161381821103945e-05
4.045549682106056732e-05
4.054730293743992063e-05
3.328412665648145403e-05
3.508034374724352937e-05
3.504685823653959169e-05
3.490409943761175310e-05
3.496054703047058083e-05
3.943828341673651528e-05
3.461421704449187386e-05
5.794979530858783651e-05
3.434516969300285144e-05
3.408766097307965536e-05
3.992736459498529841e-05
3.318679442377716569e-05
3.784255728976491435e-05
4.237140240542394242e-05
3.506664078127778980e-05
3.595298385221407127e-05
3.763512512131813356e-05
3.338947228376601146e-05
3.530552875538751207e-05
3.328099627445679911e-05
3.406800335720908921e-05
3.412527165464652068e-05
3.636352528753446168e-05
3.482461241028558666e-05
3.325249304658231406e-05
3.427285871639462912e-05
4.524028958651668634e-05
3.489922149754052296e-05
3.373791112383347021e-05
3.339750235667796312e-05
3.550955861651216639e-05
3.863480747052134456e-05
3.404831449942732468e-05
3.369570524858606753e-05
3.750164604987334674e-05
3.678538513497083175e-05
4.537410361510725375e-05
3.440011128979200727e-05
3.406413396128040046e-05
3.732268363676706843e-05
6.562994418290886412e-05
3.897818015349726180e-05
3.585832779272541196e-05
3.919725698919196188e-05
3.445034312873429208e-05
3.547764266036333388e-05
3.670775306374594377e-05
3.669847569805685959e-05
3.323215114319217608e-05
3.896227433681875531e-05
4.245371759784004491e-05
3.623794029665657632e-05
3.926042223931801355e-05
3.715849880479275716e-05
3.791232020136523834e-05
3.445529141153338737e-05
3.390682822545249827e-05
3.671901136969949202e-05
3.468075137817298496e-05
3.342728608220290698e-05
3.443151647614677198e-05
3.384747490732205511e-05
3.648672455946110424e-05
3.329538348827307069e-05
3.748172004123574447e-05
3.791548937028202127e-05
5.173983530382314700e-05
3.786089838838088613e-05
3.566066119939149709e-05
3.520391581852592251e-05
3.875968613791210465e-05
3.604388168967045849e-05
4.826796369327529637e-05
3.461621294485385010e-05
3.377556193723102158e-05
4.461101898038303095e-05
3.430792281008043440e-05
3.413870178982206688e-05
3.400067926234836088e-05
3.451441305816239653e-05
3.636302073181982937e-05
3.991691530190389947e-05
3.554215295523266692e-05
4.488641478009534463e-05
3.933266396177308313e-05
3.704225792494418134e-05
3.371780028920987678e-05
3.772192105587654726e-05
3.745880604844745648e-05
3.336982405438894698e-05
3.597796995587803146e-05
4.565798473238793077e-05
3.467194397670989015e-05
3.548699029377162616e-05
4.009855341656408888e-05
3.681782830381841420e-05
3.326122984663488103e-05
3.474836584183880415e-05
3.810510725618538724e-05
4.378284258073312585e-05
3.353335175781323808e-05
3.388618453218501770e-05
4.674866354368086431e-05
3.708045701329011721e-05
4.501215579515053194e-05
4.266331330591543992e-05
3.482706601070635854e-05
3.752526648865096777e-05
3.363898579493390895e-05
3.586747662966837833e-05
3.420647667718548687e-05
3.390215720846159590e-05
3.849242255409364753e-05
3.365392103739927329e-05
4.008545492332326189e-05
3.573914119321147827e-05
3.384294898375994729e-05
4.037185568058772295e-05
3.403816952500186003e-05
3.563559150931839398e-05
3.377691049606243911e-05
4.075944504341360089e-05
3.509602962171100591e-05
3.610172243302074620e-05
3.454822684605399414e-05
4.580419108885259034e-05
3.382281360220939668e-05
4.336987357889460410e-05
3.627373272557368663e-05
3.399052274234444488e-05
3.511515546591381578e-05
4.478096543285689019e-05
3.387565462294819818e-05
3.960662406809507948e-05
3.599849987920628920e-05
3.997969296936589500e-05
5.133738710936959065e-05
3.507122696165144841e-05
3.462642385124650989e-05
4.444392301235148803e-05
3.552042438261646991e-05
3.481967794285032233e-05
3.329523736271828557e-05
3.990134272443652760e-05
3.764832658561942440e-05
3.505193361138512792e-05
3.560940431398623924e-05
3.684185476005978507e-05
3.599432571041031773e-05
3.555162485153258201e-05
3.662602482034204833e-05
3.503040012317666543e-05
3.409097529440735568e-05
3.437256358034150231e-05
3.475140584242008142e-05
3.370494932499464664e-05
3.555569953743626543e-05
4.290905006415883798e-05
3.429424310396211211e-05
4.737668807431436491e-05
3.611067934778216913e-05
3.744609698991930398e-05
3.765182815500747065e-05
4.039026807577811973e-05
3.569333640749644234e-05
3.800513028403281564e-05
4.327729803921554619e-05
3.967916901790021823e-05
3.488115679695498418e-05
4.875369654641338807e-05
3.688446482354163755e-05
3.948703683184791828e-05
3.830622435383458478e-05
3.319030306406737786e-05
4.027882227881626130e-05
3.508598782299857739e-05
3.557912236176774442e-05
3.319289703293444729e-05
4.474380945636395195e-05
4.421233681176783029e-05
3.391002462784360017e-05
3.434804055876925118e-05
3.327909424510180550e-05
3.925115020505811584e-05
4.051016515871494803e-05
3.381822259739444267e-05
4.003672769441442503e-05
3.632452602823608593e-05
3.368823704972158107e-05
3.853411492769087958e-05
3.349279039718245466e-05
3.577624955789168330e-05
3.477912184526661714e-05
3.499395411577414870e-05
4.115805229853497694e-05
4.086580142295854356e-05
3.549079119982051137e-05
3.346406035457764883e-05
3.489752661634838975e-05
3.670759663151559491e-05
4.308944602478401495e-05
4.273360773788922098e-05
3.555260094117170357e-05
5.722557614888273460e-05
3.325753653353813520e-05
3.925410527461343591e-05
4.003269640351732388e-05
3.509271695456402459e-05
4.964037147476217763e-05
3.396069495405219086e-05
4.491039310920746019e-05
3.353567284599174203e-05
3.362187020035234392e-05
3.660966837986973522e-05
4.131478979114018004e-05
4.369910669737125095e-05
3.905819639171484583e-05
4.400727745835835911e-05
3.494893993326197881e-05
3.359190290781698514e-05
3.376890125656845890e-05
3.450127542168634657e-05
3.600764538056375853e-05
3.436225101505093583e-05
3.367563829361124928e-05
3.408240006524494638e-05
4.339072499648536843e-05
4.158818265546222298e-05
3.515563697366443161e-05
4.652095487583357667e-05
3.369033086772531878e-05
3.721295359227617629e-05
3.655733691619347364e-05
3.498956949460436738e-05
4.532489843731883980e-05
3.412759294031563519e-05
4.081532291142005056e-05
5.166743715370566883e-05
3.858322656963254841e-05
3.320144139622193037e-05
3.437893436748821568e-05
5.152311760651317942e-05
3.806004513035728088e-05
3.438530190970566752e-05
3.379456856861719086e-05
3.706085949608203426e-05
3.523116485454479857e-05
3.734802297550627215e-05
3.991350745447758353e-05
3.461166918551235972e-05
3.799911675120343826e-05
3.357592070668534727e-05
3.789093483195974494e-05
3.514778260200587860e-05
3.626116557796579137e-05
3.966357309757443842e-05
3.749671470268094994e-05
3.660338594708309142e-05
5.289770820092439603e-05
3.616557346975915075e-05
3.633999710235490517e-05
3.363148290164023527e-05
4.201233731109201193e-05
3.781274453116134236e-05
3.467327724267049683e-05
3.593437283110244231e-05
3.455820288491160612e-05
3.578921850381146539e-05
3.538994611614982379e-05
3.875608731093415764e-05
4.889160056778966220e-05
3.462038755518797824e-05
3.841988517269024500e-05
3.747205229026427794e-05
3.747131320616204980e-05
3.390852381165127509e-05
3.348985716855706456e-05
3.370418631667531213e-05
4.295128360262128885e-05
4.469480337403608782e-05
3.878915423569958111e-05
3.404281690023048813e-05
3.704049227299481268e-05
3.630963554440320442e-05
3.451012364893198142e-05
4.109958322000927504e-05
3.792057896223252882e-05
3.437165320277182001e-05
3.889060017168423052e-05
4.542081128978398523e-05
4.427518809456756232e-05
3.458926785978011623e-05
3.630641128130424148e-05
3.370432761809603086e-05
3.323455990815914402e-05
3.362212625781255891e-05
4.117530250370087208e-05
3.956842349894721913e-05
3.683864634514579623e-05
3.669896767212417937e-05
3.452626750172007610e-05
3.814264460098858877e-05
3.671204306178018554e-05
3.438198477136136837e-05
3.711382248214912133e-05
4.107899847707143149e-05
4.499985614291902440e-05
3.628391165133697260e-05
3.472394135724762469e-05
3.320312009467049608e-05
3.628704914676689029e-05
4.707198580171529365e-05
3.431787694241429833e-05
3.440462546456561567e-05
3.438819031335961165e-05
3.818946396894543337e-05
3.409094790695310596e-05
4.060916707982438543e-05
4.698640142656112069e-05
3.847118598188768469e-05
4.279104300602562473e-05
3.484335103110538606e-05
3.671802887986127417e-05
4.098664136976859127e-05
3.482425078687188450e-05
3.631028030254867850e-05
3.444408846997887855e-05
3.846030005236296189e-05
3.847385704545603675e-05
3.370141647989155037e-05
3.325785901057183179e-05
4.181680936581969326e-05
3.353793619787514456e-05
3.485948635367002390e-05
3.687983265546829410e-05
3.458966259446109322e-05
3.527963390044068910e-05
3.936467509125439425e-05
3.623398051416721119e-05
4.544174882226682225e-05
3.351832563841567359e-05
3.783456006881876643e-05
3.379425998081752935e-05
3.461925870908261443e-05
3.402066433605849147e-05
3.355099240614601924e-05
3.701325885123738700e-05
3.657050683283851280e-05
3.940053327612234624e-05
3.425992399471220986e-05
3.680840525561831957e-05
4.230063317832380312e-05
3.352191179593268125e-05
3.379807470393577008e-05
3.955130567624647568e-05
3.777374026403559578e-05
4.309271017565334457e-05
4.995950094142686979e-05
3.379928058329702024e-05
3.579209341406938634e-05
3.446265700801873244e-05
3.727946788507574902e-05
3.338663004709673123e-05
3.809954050051685018e-05
3.523581744082089477e-05
3.364290593105102254e-05
3.596620383117038119e-05
4.171453444599317880e-05
4.297221996996718955e-05
3.547580177697302883e-05
3.458810989991180438e-05
3.477541432853733849e-05
3.578039814997067481e-05
4.488541224052912209e-05
3.581887143262886514e-05
3.321824730037365326e-05
3.670672504695584790e-05
3.909887208566641462e-05
3.676984581692761887e-05
3.427299366358610520e-05
3.668408861921472572e-05
3.526494523478087510e-05
3.407628693551979521e-05
3.621126403826264485e-05
3.355474062051583408e-05
3.530500639497491041e-05
3.361509695620488775e-05
3.342468400291573972e-05
3.783710981620561200e-05
4.368857402294594228e-05
3.463114589129555272e-05
4.350072267959253331e-05
3.524319307998544570e-05
3.542082248640497514e-05
4.190289558130067454e-05
3.586175935877381924e-05
3.646817077425820291e-05
3.655448887243128872e-05
3.729917902888702137e-05
3.483512080862503376e-05
3.496496721201508215e-05
3.325885570340667756e-05
3.763318449643556851e-05
3.851697517629935967e-05
3.411390474179762443e-05
3.380225271093745509e-05
3.474971704349961776e-05
3.933848445849951619e-05
3.833193943056398907e-05
3.334662317545184304e-05
4.272498368425031999e-05
4.004672188902409883e-05
3.546136013974135730e-05
3.367246532814626683e-05
4.166289280550591217e-05
3.459524018696991907e-05
3.442562567133266541e-05
6.816237037246967501e-05
3.500422147249525611e-05
3.351577165104042884e-05
3.326969675985460873e-05
4.466319706603310430e-05
3.459755468792920214e-05
3.765332855350412574e-05
4.058095581915427419e-05
4.796624187652481211e-05
3.522956357386105187e-05
3.683964214235344845e-05
3.476760684076467175e-05
3.482458658038421783e-05
3.411190899260196587e-05
4.003119978870673399e-05
3.417558713814217950e-05
3.447477290115168549e-05
3.422301733417005664e-05
3.825782289102355429e-05
3.405644646909557460e-05
3.406816798554853303e-05
3.802944215207378851e-05
4.808598180531380455e-05
3.408766097307965536e-05
3.525216313562441490e-05
3.396077798573446252e-05
3.704395796366023827e-05
3.361936624479174826e-05
3.831329824909475028e-05
3.895102142415937609e-05
4.539547423033703531e-05
3.516512123889290739e-05
4.481355759041044120e-05
3.842865526443549747e-05
3.386274459990166308e-05
5.192603748525003571e-05
3.504767043234746751e-05
3.348988592912989954e-05
3.879266784325251911e-05
3.697865760520815915e-05
4.205813666460244852e-05
3.726716868601870640e-05
3.355651418321617548e-05
5.076331828317287028e-05
3.364645569508056339e-05
3.429278807934327554e-05
5.440727689144620268e-05
4.343618625947214245e-05
3.683638893071552566e-05
4.868978787676964522e-05
3.756087241953343829e-05
3.653917583048223080e-05
4.661863771839749832e-05
3.702417629182496605e-05
3.778854232873709928e-05
3.600102260139895238e-05
3.486633636354860132e-05
3.332191985980788009e-05
4.571003811563426647e-05
3.940959870507655173e-05
3.411674744649042634e-05
3.818425178589480599e-05
3.725912746259512904e-05
3.648595200295786414e-05
3.365375077616326871e-05
3.584860011485836658e-05
3.427037542723484120e-05
3.713061508414968847e-05
3.670209799132749057e-05
3.803655715571279419e-05
3.324662588043402069e-05
3.663652105305115555e-05
3.354535360957670371e-05
4.788896828023688060e-05
3.647328929970971163e-05
4.805788145868972086e-05
4.790649219498633828e-05
3.855898504372281779e-05
4.130836298327483764e-05
3.486108330336255715e-05
3.501333540892559394e-05
3.676074504472307366e-05
3.927319625958073214e-05
3.323423680903285325e-05
3.498362745156805215e-05
3.665466205083187286e-05
3.424913929889083944e-05
3.672905541323578130e-05
4.619540021071630656e-05
3.499357179615030644e-05
4.476026749411688197e-05
4.962223744216666383e-05
3.725651035540085431e-05
3.456927809223848730e-05
3.550010481686477796e-05
3.481515514517934167e-05
3.772318575281124911e-05
3.933961132863365417e-05
3.506372605262417718e-05
4.142628771802646620e-05
3.712439883971514607e-05
3.331687396032476838e-05
3.495290390048898336e-05
3.568693835390212497e-05
4.770264305826531334e-05
3.349670027011563626e-05
3.669708912809570295e-05
3.432212520778226040e-05
3.954842948440290441e-05
3.501852590862013546e-05
3.741907463422331669e-05
4.518919354024921315e-05
3.697732163929636184e-05
3.686800233883839899e-05
3.378600939769785505e-05
3.450551487200525581e-05
5.964433491819787773e-05
3.700600477551957033e-05
3.763687770729753825e-05
3.432951589367828416e-05
3.384032206728480288e-05
4.991079793590794198e-05
3.426597447122883236e-05
3.734228950460616976e-05
3.655457929589786146e-05
3.681113307875790363e-05
3.935345903986126520e-05
3.804097431899163830e-05
3.869213682275666474e-05
3.862435878118060200e-05
5.525779954647069408e-05
4.095619663965572921e-05
3.880943662024709229e-05
3.765709966260422808e-05
3.713860319553023617e-05
3.751623997307195640e-05
3.458237116192426982e-05
3.329912370215148254e-05
3.568346035253831990e-05
3.359361404674377204e-05
3.910783067306110154e-05
3.342740171724349201e-05
3.433088604909384863e-05
3.586857215376137000e-05
3.835188308452548695e-05
3.876016719488256060e-05
3.686307732081299684e-05
4.123295772102048468e-05
3.392391240594155139e-05
3.398591091509875646e-05
3.381494625952804182e-05
3.928315874579799735e-05
4.027182653996252526e-05
4.332006883876080109e-05
3.322988881694234468e-05
4.327846321647804792e-05
3.597988272290807675e-05
4.645992238068091194e-05
3.822565470283692784e-05
3.406138897606618497e-05
5.029296736835448716e-05
3.332562273800981711e-05
3.677805122611028726e-05
4.021674834490583471e-05
3.724857013381731335e-05
5.724955276139355600e-05
3.323591095637829261e-05
4.598158495579728679e-05
4.258499141868296660e-05
3.414821964947347435e-05
3.429176407134979735e-05
5.696085902553791453e-05
4.568311953737456960e-05
3.716031390155729105e-05
4.848107335659623433e-05
3.383503859048429368e-05
3.501867853835066539e-05
3.366810115764860644e-05
3.417387333417258458e-05
3.406512200706287956e-05
3.885591655591134745e-05
3.513147945003581131e-05
4.253477658082154309e-05
3.908930627323985396e-05
3.931526226114540984e-05
4.811754081207533247e-05
3.866035265264788006e-05
3.624488440989670436e-05
3.395177963925455063e-05
3.728497105460380306e-05
3.432223274003795002e-05
3.780207112886922142e-05
3.356675003941013413e-05
3.394460395059329104e-05
3.428850285400339236e-05
3.427269677783606488e-05
3.522741153771111536e-05
3.391605384434084972e-05
3.639511340482263482e-05
3.503060343943488361e-05
3.407305096475791019e-05
3.453723876075622028e-05
3.833953565632777891e-05
3.503807306198161421e-05
3.758554251260869610e-05
3.915753555128584547e-05
3.986849142626754339e-05
3.475641894663740217e-05
3.505873144682124525e-05
3.460630911804204969e-05
3.926162957613118002e-05
4.742680371447538051e-05
3.327244942723559624e-05
3.349859725621958902e-05
3.476459668753698707e-05
4.186136152388072182e-05
4.085132036082662438e-05
4.540203945100711430e-05
3.423090030159992259e-05
3.323502985510527503e-05
3.658657317730318537e-05
3.494466769410493732e-05
3.326635757796309875e-05
3.959811760184241765e-05
3.865756181723013432e-05
4.037840839442180134e-05
4.123203243602682684e-05
3.488527051238993600e-05
4.845693146214876372e-05
3.621703959131325565e-05
3.644911249394236654e-05
3.339744439683923208e-05
3.407519009095807868e-05
4.044582935791321375e-05
4.203541578492629108e-05
3.473076103466374889e-05
5.076286011755865111e-05
3.805225397241358267e-05
3.568899090339334995e-05
4.713064098513318045e-05
3.429216829507685210e-05
3.533593825308068380e-05
3.360700968320125411e-05
3.382015438753785408e-05
4.176498234012473304e-05
6.053201069200162823e-05
4.109974699754341212e-05
3.427094230856345618e-05
3.335218030909111895e-05
4.603706353817440297e-05
3.824720822752388882e-05
3.397140143513355839e-05
3.542434720912429727e-05
4.161827553877152093e-05
3.437063564348240036e-05
3.658709185098137046e-05
4.007708466358862894e-05
5.240089989789477424e-05
3.512068323104832547e-05
5.153059303386374544e-05
3.530659828420823054e-05
3.382107817991537516e-05
3.493488986263015074e-05
5.008031011673388249e-05
4.460388007021458636e-05
3.423650473613456321e-05
3.621423331363839740e-05
3.595028618619998872e-05
3.378932152181572728e-05
3.673826697055362125e-05
4.424866003247188823e-05
3.549682130839442275e-05
4.684047656282294182e-05
4.039141915805732327e-05
3.482574887379091350e-05
3.827016322608364806e-05
3.861609920600661382e-05
3.700569879482341353e-05
3.558192246192232216e-05
4.070084932141351862e-05
4.588774185277727052e-05
3.447649899409262783e-05
4.679125027200797864e-05
3.413318954951325844e-05
3.779869017708292425e-05
3.399342151335632821e-05
3.822689408679491905e-05
4.184958512012419213e-05
4.968183575555464764e-05
3.383652042929094294e-05
3.997124397142836721e-05
3.442167914764042311e-05
4.114074952253578190e-05
5.025862222512843545e-05
3.527918525990167685e-05
3.811476309565367754e-05
3.451610723568300656e-05
4.506751728828540870e-05
3.560483615601197651e-05
3.611353118160645637e-05
4.009369765056630853e-05
3.350273510988836524e-05
3.851670108300282470e-05
3.329669853891098101e-05
4.073454080719147573e-05
3.456337252950786646e-05
3.410077611729050707e-05
4.062062256803939894e-05
3.962269826786963335e-05
3.757337023430504063e-05
3.588986895422486087e-05
3.499313848668993848e-05
3.359749174118073755e-05
3.490748721898920991e-05
3.330087652978175702e-05
3.479577929086216166e-05
3.322139396787473424e-05
3.399375275819135623e-05
3.400294126364642973e-05
6.496856737131012280e-05
3.604016854873195839e-05
3.330689264117381651e-05
3.510692248555372346e-05
3.379526987570852264e-05
3.404559349295432268e-05
4.558190758248411781e-05
3.559138961620920771e-05
3.416736961034431774e-05
4.252903800038318027e-05
3.348640540658887808e-05
3.362909465183050797e-05
3.342025918923690166e-05
3.828456305583986249e-05
3.394188773701900584e-05
4.034611529182409142e-05
3.622322984142889094e-05
3.367719614534570288e-05
3.443679185787937769e-05
3.460452192143529938e-05
3.675473380312575361e-05
3.972724052662995236e-05
3.377929820580295636e-05
4.243943408010671656e-05
3.385487483838651177e-05
3.350437262211160906e-05
3.853610928998400955e-05
5.245004335383443263e-05
4.024613529576284102e-05
3.477401400447446958e-05
3.466961695913590926e-05
3.427237289440619635e-05
3.509822916223485109e-05
3.510100964796882000e-05
3.374678550478513021e-05
3.853661761144884539e-05
4.131443461223372534e-05
3.847794121537690911e-05
4.384643970115904138e-05
3.412406987736306527e-05
3.331348940526597177e-05
3.583325473454130906e-05
3.773613700077135629e-05
3.881334774721161717e-05
3.687921491215850097e-05
5.262354592438915781e-05
3.723809050205878723e-05
4.232301016265424120e-05
3.423428492374353888e-05
5.548365566566474381e-05
3.713594101674458451e-05
3.668128995103915439e-05
5.016542451904876422e-05
3.545425619197937035e-05
3.977936356761914584e-05
3.463775377419005220e-05
3.417082598784294199e-05
3.406718018269398512e-05
3.943180590985779886e-05
4.566296324368191096e-05
3.347348137626274706e-05
3.511523120489096493e-05
3.318685340095027292e-05
3.940529655933665770e-05
6.254706256097562875e-05
3.941128979333898306e-05
3.389127911436863263e-05
3.624483812792127343e-05
4.712119767306883659e-05
4.270985795836173150e-05
3.783626680685758087e-05
3.444105316966268078e-05
3.578329898044783414e-05
3.412199380605094923e-05
3.447418863124327733e-05
3.784130353408356829e-05
4.186052065428306980e-05
3.736769871453273449e-05
4.102194735348112947e-05
3.796397874951225261e-05
3.878562054545386440e-05
4.195032438426166967e-05
3.519400864928482245e-05
3.692344396662467919e-05
3.336395534333228056e-05
3.639822461253382625e-05
3.718017759344129542e-05
3.874482301003261570e-05
3.497676387095598920e-05
3.443242250785174207e-05
3.410808062974035799e-05
3.675807371553894515e-05
4.329590214616850356e-05
4.286611839249469358e-05
4.426212989064398721e-05
3.670956307479765485e-05
3.401066205320568225e-05
3.692931405821627352e-05
4.211352813246997543e-05
4.941691291348518643e-05
3.755631919953398965e-05
3.528728329947870043e-05
3.859689879243069380e-05
3.514110762801420204e-05
3.434068767677890386e-05
3.755657103015660862e-05
3.477295069188664250e-05
3.341638253840271494e-05
4.239800761164846325e-05
3.622322984142889094e-05
3.565267322827479432e-05
4.035385076197136087e-05
3.589048711297308282e-05
3.341311246091266634e-05
4.274918071596145545e-05
3.361125332116828251e-05
3.756733244940393788e-05
4.519700175861896772e-05
3.397405587050425811e-05
3.640666236912977656e-05
3.964765292890450098e-05
3.410687718589515719e-05
3.328228363237467120e-05
3.664801920479841520e-05
3.827161782716061357e-05
3.653442225894100155e-05
3.562690876098853975e-05
4.104190388972566334e-05
3.432223274003795002e-05
3.442173248733610699e-05
3.627860389446788001e-05
3.608898982600426621e-05
3.488956278052117064e-05
3.543080259156615539e-05
3.865310308330561497e-05
3.565296378619263516e-05
5.159940266873103951e-05
4.411004717625171824e-05
4.253775682146721356e-05
3.650296055867342467e-05
3.624474556348285942e-05
3.437617766063901214e-05
4.058685668541819587e-05
3.771818848343200779e-05
4.730073939300341883e-05
3.554584000793660774e-05
3.836491232895631958e-05
3.603770037307407823e-05
3.550544486016370040e-05
3.809776512254843268e-05
3.385783356576100336e-05
3.649453848469755323e-05
3.669476294522583371e-05
3.619125036524423568e-05
3.437101054338529739e-05
4.764110599328113480e-05
3.455596028592466165e-05
4.299192728518620640e-05
3.412680102106238497e-05
3.694390122355657214e-05
3.554481457568175882e-05
3.339161802167748725e-05
3.725520161219615742e-05
3.551114989686113109e-05
3.390668923263705860e-05
3.433467334344077188e-05
4.276613295953914090e-05
4.336328914024300987e-05
3.487549825887107969e-05
3.432325425026200798e-05
3.489382790780170830e-05
4.187790474900177740e-05
3.719619840843407885e-05
3.423146898244016099e-05
3.523594248702878017e-05
4.960135098415954379e-05
4.276538416048283149e-05
3.596991437443147093e-05
4.751945972445510875e-05
3.934258510060972374e-05
3.719339667436646451e-05
4.027629450134826729e-05
3.652312003984299062e-05
3.682620370473785440e-05
3.668337221607824569e-05
3.547472166977450991e-05
4.126626241200979971e-05
3.862715621822715759e-05
3.960421229698600981e-05
3.550652239923042270e-05
3.975761463839385025e-05
4.269555819228964199e-05
4.156031715047613052e-05
3.619387570107703158e-05
3.626190515355081663e-05
3.650981231986853503e-05
5.095375304782761851e-05
3.682963654839351345e-05
3.509514464214709786e-05
3.526701613318843987e-05
3.728280859682757674e-05
3.977689089409737878e-05
3.800884680152081011e-05
3.484611044167496843e-05
3.382908147540605664e-05
3.819385271346255561e-05
3.692399370957421970e-05
3.370421457708978105e-05
3.449668990355320727e-05
3.333733620677603165e-05
3.325797627281582762e-05
3.361301869623013625e-05
4.029965117286386865e-05
3.794701868560299951e-05
3.533968476842547696e-05
3.363401280042612791e-05
3.465169237613121818e-05
3.518798535579081746e-05
3.612773437368464719e-05
3.753687224888402270e-05
3.435345852600851812e-05
4.301646514184362386e-05
3.475844440395308506e-05
3.462214625322943164e-05
3.328909849623562164e-05
3.521632031731461362e-05
3.329424366217161296e-05
3.394756892994700939e-05
4.845911808159095093e-05
3.337235079332257019e-05
4.206137975040725660e-05
3.417180557352200113e-05
3.547499170505263790e-05
3.446263042520283465e-05
4.067188565836198761e-05
3.650983500194626122e-05
3.323796660958032808e-05
3.343061015089843717e-05
3.701057180321722209e-05
4.312521391329710783e-05
3.719531484726669896e-05
3.422315282251242417e-05
3.560503057854899275e-05
4.167104683675916993e-05
3.447748143317385321e-05
4.257059084565162078e-05
3.583876969592248124e-05
3.659493714288904951e-05
3.354827351490954456e-05
3.384543565395302221e-05
3.937999072452417164e-05
3.724356755071751200e-05
3.995187051567612220e-05
3.375137512624497706e-05
3.849242255409364753e-05
3.334659407380893359e-05
4.438671194795339571e-05
3.453364441603073987e-05
3.369389519411495292e-05
3.458202886085269485e-05
6.043902725757812060e-05
3.728698332924241550e-05
3.892683442421948495e-05
4.344902468452248252e-05
3.757500500863733615e-05
4.277084516146065836e-05
3.389623248064363838e-05
3.341907318110338878e-05
3.630772411202561333e-05
3.612467544421041164e-05
3.557744201074385820e-05
3.569606367522529461e-05
4.135712505138296934e-05
4.443368384068624590e-05
5.410801810697560618e-05
4.817350557361805310e-05
3.734431461283541770e-05
3.510111074512844873e-05
3.783930962173404853e-05
3.389013788830638659e-05
3.455917895005153296e-05
3.340225412243037718e-05
3.564862895451450234e-05
3.452716671246127626e-05
3.836869209626242357e-05
3.385800101963438920e-05
4.188118635676471048e-05
3.363657059298767515e-05
3.929381851515691636e-05
3.332661386775825370e-05
4.746498402077761991e-05
3.373500794896660708e-05
3.623981556785926253e-05
5.319784655088348973e-05
3.486661955495725187e-05
3.324025678281353213e-05
3.347091796719931412e-05
4.023973147026798123e-05
3.878170172322074319e-05
3.450432267138188978e-05
3.798087730845069128e-05
3.577183573022702016e-05
3.589680967107410688e-05
4.033202936559888697e-05
5.111943307232655852e-05
4.651466343060299774e-05
3.325777106314268698e-05
3.414617487956502704e-05
3.831548327706101726e-05
4.113160034853102971e-05
4.376832941031788261e-05
3.643292446226644246e-05
3.520965595931007779e-05
3.551981281427501645e-05
3.611367141975181894e-05
3.333520997505964303e-05
3.973509613575684443e-05
3.323329683518269357e-05
3.468871716939046730e-05
3.454841165951716561e-05
4.201572885747525905e-05
4.149403355955935999e-05
3.744573732653249629e-05
4.121694385807638596e-05
4.211260913479064182e-05
3.617669697368057269e-05
3.859787208951426766e-05
4.300763479172015524e-05
6.015901174970855118e-05
3.382757076240285558e-05
3.841316099272108005e-05
3.508497561648498395e-05
3.416350386034832618e-05
5.619648916422482099e-05
3.676167988383240203e-05
3.537657052929564960e-05
3.649185864506613398e-05
3.380113123776657536e-05
3.834688993595229120e-05
3.808741094409747959e-05
3.938096697834432634e-05
3.773793884559439453e-05
3.532146296986273307e-05
3.799680003020612510e-05
3.490794911912936221e-05
5.604378008407705848e-05
4.037913056190097920e-05
3.486829282962935870e-05
3.415260795202794088e-05
3.952499804430484407e-05
3.566003202264358436e-05
3.353254930357478405e-05
3.791602090147034757e-05
4.906782302262711057e-05
5.082123042653120885e-05
4.690801667937677096e-05
3.516393923417671601e-05
4.627702599200346218e-05
3.466504010976789111e-05
3.478275052931454622e-05
3.900925774808389505e-05
3.322606834360822162e-05
4.021513139173539634e-05
3.433910382533802058e-05
4.025281380824773293e-05
3.908169036715686121e-05
3.879525928799278659e-05
3.376628658445861265e-05
4.133200589776286552e-05
3.800324117894653294e-05
4.841752582899182673e-05
3.349069119759401272e-05
3.337499314134595218e-05
3.360940225089631157e-05
3.703541200796824968e-05
3.868252397878634447e-05
3.671202072161159111e-05
3.436259937040403759e-05
3.333908351530788999e-05
3.640414761136393380e-05
3.469652137661916605e-05
3.869229150296222560e-05
3.414099328820284317e-05
3.318543786923789935e-05
3.783196871234960487e-05
3.899232682276516243e-05
3.530580236426458313e-05
3.330073047050307163e-05
4.002521179023130508e-05
3.928082180305974934e-05
4.689138466865095875e-05
3.806892372553744182e-05
3.667775159404884682e-05
3.715517049398847394e-05
4.232352384633286283e-05
3.756622103848796115e-05
3.660374631012340292e-05
3.781051987219874189e-05
3.865492551937293228e-05
3.330134390763521044e-05
4.492987604862841823e-05
3.748813327924231534e-05
3.400222408852580209e-05
3.511081234646146849e-05
3.686963625001815463e-05
3.609435119725527483e-05
3.883124074766022561e-05
3.655900929244864663e-05
3.553250303826528320e-05
3.428030561654716918e-05
3.797259349075128300e-05
3.426411102149266099e-05
3.503106088915132309e-05
3.617613869562741872e-05
3.530572774424003437e-05
3.778274314076382229e-05
3.326451184509029058e-05
3.349152516951714876e-05
3.452653198215291049e-05
3.599024458630871166e-05
3.335282023426836603e-05
3.721684867592907028e-05
3.711954514712250010e-05
3.472214472245432752e-05
3.669274957499319426e-05
3.351413567006816823e-05
3.515651777206841834e-05
4.432457455099167416e-05
3.867909890416265807e-05
3.426637953212338065e-05
3.359016300414707448e-05
3.844881545066126862e-05
3.324568686957221029e-05
3.383204640966655979e-05
4.050273317731743463e-05
3.486520353465545765e-05
3.330835241178790976e-05
3.466025225486139166e-05
3.868654785965892700e-05
3.541591584701941697e-05
3.421556320262503659e-05
4.037391984298772978e-05
4.423566055275906931e-05
3.361763024731104568e-05
3.855449488597688130e-05
3.426878262263209694e-05
3.983959837155528328e-05
3.754737620231131227e-05
3.405886305226668191e-05
3.716590891563627128e-05
3.378614976005705535e-05
3.884392834956800958e-05
3.448812401352358405e-05
3.884658689991821851e-05
3.485523542647681348e-05
4.502787415315298792e-05
4.145854373070854433e-05
4.095475793753905328e-05
3.589761759689765998e-05
3.532593392329783240e-05
3.372022774971967992e-05
3.501992494601292698e-05
3.615812151168074437e-05
3.352082171566158296e-05
3.910061917149916229e-05
4.167068417813448832e-05
3.857521570446757552e-05
4.327532272457485537e-05
4.273309278374316447e-05
3.553995487376181329e-05
3.506983354536545415e-05
3.620801562647462491e-05
3.351043237566649595e-05
3.749070616475571428e-05
3.397142908844191252e-05
3.484719341058569055e-05
3.348706707009792223e-05
4.200768041634488922e-05
4.704885130602915025e-05
3.331699065225677810e-05
3.632355992196816333e-05
3.627130801370178931e-05
3.932835711747965148e-05
3.365772292128519863e-05
3.517623177158945929e-05
3.944294247636667049e-05
3.767758301413757626e-05
3.982463905535662348e-05
3.375973340076610882e-05
3.653831578641589820e-05
3.417784464613258556e-05
3.573317476153304944e-05
3.323781978880303113e-05
4.045436785217076437e-05
3.594640435660371297e-05
3.760667681692743251e-05
3.752791649901449284e-05
3.371664284232939017e-05
3.760611226525131356e-05
4.068913597035495977e-05
3.544439266869788560e-05
3.636210330846511690e-05
4.068206308018042352e-05
4.111120696770141349e-05
3.566496782052476109e-05
3.850451809261836323e-05
3.351048979967330942e-05
3.593309323785443161e-05
4.726966380545506572e-05
3.558477063773873926e-05
3.824149849844800077e-05
3.323649832154236739e-05
3.737858903275109620e-05
3.561996807992948508e-05
3.435230539320957387e-05
3.785032391840405388e-05
4.638105949501618828e-05
3.397773242735179053e-05
3.475067838747930002e-05
3.539634466776331534e-05
4.511792836489079620e-05
3.368588815228636222e-05
3.481854093432607726e-05
3.628132727125180654e-05
4.721629224382847156e-05
3.525725753053524547e-05
3.346544371361846563e-05
3.724223607994422904e-05
3.558535480145088632e-05
3.341053629345190135e-05
3.776357396316484203e-05
3.377477520952765233e-05
3.902495989848151273e-05
3.758635919647165466e-05
3.919272246364516283e-05
3.367597820543820613e-05
3.334880559964948922e-05
3.689279869691899829e-05
3.413853809517984795e-05
3.666836368137616072e-05
3.863008904350262072e-05
3.647055966531192577e-05
3.714628377805944797e-05
3.499204240277570092e-05
3.845892397080288036e-05
3.709876722468591895e-05
4.402632004540560465e-05
3.452880628392043311e-05
4.208799010949828710e-05
3.641356406735033537e-05
3.510922118297332304e-05
3.708086997291460763e-05
3.662022249593933459e-05
3.751550328050502162e-05
3.777002175855916668e-05
4.127058627253415784e-05
3.592166612830117046e-05
3.535354482097546934e-05
3.319236649374451522e-05
3.532285409992598897e-05
3.564940400289888777e-05
4.046862754833808253e-05
3.985979926718619386e-05
3.331888673864255790e-05
3.865477042762973937e-05
4.295334368650527413e-05
3.968290303836863488e-05
3.652511391533253677e-05
3.576900433494669730e-05
3.666558412907532539e-05
3.950684249502393777e-05
3.338839927259237107e-05
3.389038841039757700e-05
3.418817499220744326e-05
3.698975632031491017e-05
4.714356089701021301e-05
3.474090564732601575e-05
3.836677265654371121e-05
3.363881532573270142e-05
3.599734445158826572e-05
3.978541804117404407e-05
3.371048677675686343e-05
3.368557681882185343e-05
3.467121192759906653e-05
3.389979322189032746e-05
3.434710156314920912e-05
3.395618272653648913e-05
3.406805823356532205e-05
4.090526138024875284e-05
4.187147945976138925e-05
3.422160816795814244e-05
3.672791746778092230e-05
3.775863273795706772e-05
3.327411829291418096e-05
4.780681183409604484e-05
4.571013592185128996e-05
3.905928912050477919e-05
4.342868649223662406e-05
3.749475431292260014e-05
3.351163822298646160e-05
3.632611304943576331e-05
4.272392374328503380e-05
3.437465184307977065e-05
3.706510332872879100e-05
3.642370440739675820e-05
3.757607379380378451e-05
3.430590411213767943e-05
3.517550309576537268e-05
3.908642963277569730e-05
3.526631755423650488e-05
3.812783512877162732e-05
4.103764500666640477e-05
3.985149409953051816e-05
3.387821828678588051e-05
3.743138535313560590e-05
3.521569411552962148e-05
3.488820072099108619e-05
3.627146967502804879e-05
3.696822916559760650e-05
3.499994229080237397e-05
3.364543346863343120e-05
3.353424012769829849e-05
3.361034206007022877e-05
3.382743087218398071e-05
3.624284784921432805e-05
3.712478879284222675e-05
4.222909602441044701e-05
3.502399399927899100e-05
3.773769032933955129e-05
3.511336284564545748e-05
4.155872872960832490e-05
3.750815522611500958e-05
4.447826601878148280e-05
3.738513603885988690e-05
3.820266609255396843e-05
6.744494222416549771e-05
3.670616630896917715e-05
4.807630080167167575e-05
3.417322039429558666e-05
3.421013920973663987e-05
3.446967289983821081e-05
4.200143301348766239e-05
3.604329423742209292e-05
3.579439288513925412e-05
3.511078709144695138e-05
3.578869136803678505e-05
3.964521184861664942e-05
3.521298857187958354e-05
3.913963780947880133e-05
3.968272267311690236e-05
3.659311149654696701e-05
3.548855983583127418e-05
3.567983644286798007e-05
3.683875699293550748e-05
3.407052741804379953e-05
3.763464520744352237e-05
3.652393575235926175e-05
4.530184472684633195e-05
3.349833859369141825e-05
4.130188495006879422e-05
4.046397842246135924e-05
4.242696829365865681e-05
3.388927493989740084e-05
3.606728785311418694e-05
3.464841871443248155e-05
4.083954201153665222e-05
3.613660357695428681e-05
3.379860754894071237e-05
3.339257478256122248e-05
3.367192697563868781e-05
3.602292861827072754e-05
3.583392333903213912e-05
3.997391353701232488e-05
3.373162474256140081e-05
3.417849734310498974e-05
3.339077716957065224e-05
3.504145073880733386e-05
3.544882111895584608e-05
3.623349414303592104e-05
3.757272046198059380e-05
3.342861581875997151e-05
3.806320081881423272e-05
3.749317314809955858e-05
4.336815002154239835e-05
3.744730285077766150e-05
5.205611554057994271e-05
3.340622216069906935e-05
3.430633479511006493e-05
3.709347002756778955e-05
3.551768433069036674e-05
3.354008456104694036e-05
4.976864100186039131e-05
3.667526522478616117e-05
3.378148887232254794e-05
3.937894071688564994e-05
3.329412675086276585e-05
4.117553063408826237e-05
3.351419307662709232e-05
3.321715900964021637e-05
4.221154383807953619e-05
3.463001800936136887e-05
3.357217899223456398e-05
3.522560955494256815e-05
3.530515564297583128e-05
3.800939505557387435e-05
4.048850649915828454e-05
3.472787223163416992e-05
4.189738185199089985e-05
5.092707001577176054e-05
4.847556109587948162e-05
3.798866811039255394e-05
3.685624997624985146e-05
4.185531868765727582e-05
3.618530076377543000e-05
3.542767385976156117e-05
3.740049212275801195e-05
3.388225776120771491e-05
3.811174006980479065e-05
4.504250810420429340e-05
4.220915433737364625e-05
5.236484234190233385e-05
5.207577242240025745e-05
3.368359542044197799e-05
3.400517527336445678e-05
3.650463979418749964e-05
3.476890409959507860e-05
3.535654297319813300e-05
3.647015017169176758e-05
3.344969871598364221e-05
3.609856383881871893e-05
4.921979207325047828e-05
3.921707626759543677e-05
3.658952709180969087e-05
3.375250115149125500e-05
3.391358138859701323e-05
3.426178807073316509e-05
3.460969883782581046e-05
3.793514239212381674e-05
4.426812622998736334e-05
4.438978670315592555e-05
3.519124832502174179e-05
4.103725029959370097e-05
3.580897070090306727e-05
3.520802692326949391e-05
3.645494445871951114e-05
3.943020902093952721e-05
3.388064213036902665e-05
3.865905420786878153e-05
3.947090171138168248e-05
3.866895424263468780e-05
3.840288113714849085e-05
3.389820770633708092e-05
3.588703931543793979e-05
3.505845250251605707e-05
