9.601027050111529563e-11
1.424107625116512654e-10
9.210500714137083964e-11
1.118335449422774767e-10
1.063563890128997116e-10
9.519738502467105040e-11
9.571823333400329275e-11
9.957227678468265156e-11
1.026711886130876133e-10
1.913178616142315113e-10
9.632045345343535699e-11
9.560419026867245054e-11
1.609843309271053502e-10
1.031491411453728073e-10
1.102712264712466377e-10
1.130063571461534598e-10
1.725950553488719268e-10
9.743558456211406059e-11
2.716292606524699173e-10
9.712681191384960424e-11
1.289589698830118974e-10
1.516486438753817577e-10
1.061835058654424618e-10
1.007794072379710735e-10
9.668229748191042019e-11
1.403606006646337329e-10
1.055602308389810666e-10
1.360069027188321653e-10
9.705833793096559569e-11
1.368341141082109833e-10
1.044719461076452276e-10
9.270735209977911892e-11
1.067308667333792472e-10
1.069101111993170285e-10
1.443127411336943487e-10
1.379532188686190353e-10
1.192775833300756003e-10
9.447320374766969076e-11
1.001351233303358556e-10
1.173553346607816296e-10
9.465847405817430440e-11
1.191684755726368906e-10
9.355006091749141486e-11
9.959429740850409640e-11
9.740849276883731326e-11
1.362171772549337444e-10
9.511141473263062163e-11
1.213865399248030783e-10
1.050440655636336129e-10
1.631656406857221884e-10
1.124443006835062829e-10
1.174293715784126162e-10
9.775091264558998376e-11
1.047119938747031207e-10
1.097949908809346616e-10
1.119191330434522468e-10
1.110312503162541811e-10
1.098547933164813913e-10
1.085726221871879687e-10
1.037957652294149604e-10
9.510920136445168648e-11
1.002700063391507818e-10
2.429986666258850019e-10
1.319504372363960513e-10
1.454179346339347393e-10
1.346517824382128393e-10
2.070149703913872575e-10
9.637188333481750277e-11
1.054106275607053938e-10
1.181253993666112524e-10
1.103180290306161707e-10
1.551197323702731099e-10
1.139433913206728583e-10
1.304041624820592205e-10
1.009276461502654028e-10
1.134370388385267848e-10
9.318854392623158359e-11
9.913813180601373916e-11
1.748009857489374690e-10
1.738223839400339101e-10
1.495236481870922314e-10
1.034731154497389658e-10
1.178571442047052036e-10
2.010609263868653735e-10
1.040013626899583289e-10
1.011587109500574343e-10
1.241703038906948970e-10
1.432913521437397006e-10
2.456894346263854946e-10
1.021626231084069255e-10
1.092208871747517403e-10
1.003587340621766939e-10
1.526271823767693265e-10
2.526830159299602228e-10
1.044882555233929363e-10
9.203962067096473624e-11
1.146934792155453850e-10
1.401049784870737271e-10
1.267210396575472868e-10
9.522360508181058146e-11
9.180425080508985595e-11
1.915364674886763092e-10
9.236501249482573957e-11
9.899487859178389038e-11
9.481933492810082713e-11
1.135322658384474103e-10
9.597780804477727920e-11
1.058965935865213654e-10
1.184832895121053906e-10
1.030793180122900572e-10
2.010067190324515994e-10
9.834007381902796239e-11
1.108933781044388316e-10
1.038666304669698146e-10
9.710895995862829856e-11
1.033890822211114308e-10
1.383901707233513844e-10
1.146848896225954629e-10
9.235544215390803959e-11
9.201521231946922222e-11
9.537858506319228372e-11
1.482103313167655989e-10
9.310030848464347018e-11
1.034908840585122516e-10
1.149783616528670235e-10
9.434001328387306574e-11
9.942728988050022727e-11
1.596227084661971060e-10
1.168031743129206777e-10
9.266417538209428587e-11
1.335094553689590930e-10
9.522581612307513580e-11
9.909497659137484634e-11
1.164279230004835148e-10
9.539120101744759936e-11
9.484326913076609988e-11
1.022484280948099745e-10
9.679335999718347289e-11
1.254936501424699938e-10
1.300203127630569314e-10
1.503210725026460987e-10
9.238382622880460067e-11
1.505809122550506938e-10
1.129595785857358382e-10
1.295399462052885798e-10
1.076654748234186593e-10
1.576638896821039551e-10
1.277554120938722504e-10
1.708268993251648471e-10
9.578565941217804507e-11
1.417809918230511046e-10
1.061748911387449876e-10
9.970281962790713640e-11
1.420707003787014021e-10
9.579335811655070406e-11
1.196731934182387384e-10
1.097761660362447066e-10
1.807424455395314467e-10
1.564634418450497665e-10
1.218629749217937418e-10
9.626211633284445595e-11
1.228253996826689969e-10
1.105909986644813177e-10
1.212594100324854363e-10
1.795862397072767799e-10
1.407850618259889794e-10
1.295778249528597376e-10
9.553444739885646847e-11
1.081393111194967963e-10
1.330257481104930862e-10
9.353417988802012246e-11
1.126039697029997235e-10
9.545362850409901740e-11
1.337536677593342318e-10
9.657923508652733975e-11
2.199941605827013646e-10
2.127423053087933853e-10
9.196361068970858572e-11
1.120219276344125158e-10
9.497900763441667201e-11
1.187238758097235077e-10
9.372123379840654830e-11
1.371482136483723224e-10
9.423471302864656411e-11
1.006917559531831113e-10
1.120883575478881831e-10
2.086599299336905185e-10
1.164693755699045853e-10
1.017307109452210082e-10
1.162641053587420333e-10
1.026707450255610470e-10
9.767092842625249283e-11
9.478112435133123655e-11
9.744378820492510860e-11
1.041972636975133076e-10
2.212057071255873052e-10
1.414417280175624861e-10
1.081679914905892892e-10
2.699565748695882147e-10
9.868578605829102458e-11
2.190252756559736240e-10
1.231418019171059760e-10
9.622628545082048534e-11
1.012497503764118178e-10
9.821409634727689277e-11
1.639654473421913511e-10
1.255225498136568440e-10
1.183102098706813568e-10
1.046507911076179615e-10
9.285082467648816239e-11
9.571618947075028045e-11
2.591608539989191352e-10
1.109235072786382370e-10
9.177440504183706353e-11
9.601513120158045996e-11
9.583718328359404998e-11
9.951257186339318886e-11
1.469551554723209606e-10
1.042296636511646861e-10
1.065036835705407647e-10
1.440473235299806368e-10
1.370645230118326860e-10
1.025686753056738859e-10
1.048813376702311371e-10
1.114405304567146445e-10
9.943276444281404679e-11
1.139300275428390191e-10
1.116156126610138423e-10
1.012445115630620664e-10
9.237393321770900210e-11
1.837228255520576870e-10
1.042572404520689714e-10
1.347274573811203219e-10
1.152755890755843343e-10
3.021498656565901253e-10
1.273741387249508272e-10
9.964136169937498629e-11
9.276457052129820430e-11
1.060734785433769927e-10
1.098557688776017127e-10
1.104088070109334401e-10
1.195902814571309464e-10
1.011094179346897742e-10
1.798272372360500132e-10
1.150158530604411029e-10
9.339917606726606688e-11
1.064804836166485074e-10
9.634687484280368960e-11
9.404376306477423907e-11
9.774180536405640945e-11
1.134622408368882901e-10
1.231679054939383904e-10
1.348482969159317966e-10
1.186734740622160451e-10
1.557435203806693059e-10
2.273510781600965011e-10
1.746301210015610264e-10
1.403771328458169493e-10
1.259735234682249689e-10
9.491757413781171723e-11
1.603524884846234162e-10
1.193389099814876228e-10
1.318920168369301221e-10
1.151955294804303620e-10
1.236701189981120333e-10
9.670738586940659703e-11
1.194319493599503857e-10
1.144578666225475744e-10
9.499499364099150411e-11
1.005121856407023837e-10
1.076395148185695137e-10
1.097933176757698656e-10
1.065493545084577234e-10
1.521358763576778873e-10
1.057070543394008599e-10
9.289683051494173780e-11
9.362430151136745251e-11
9.530775090661163747e-11
2.124740573578416677e-10
9.642422648261218065e-11
1.468668628788205842e-10
1.021857877590081371e-10
1.096225333789452942e-10
9.287148941463113047e-11
1.133580137140487552e-10
9.258133029581047302e-11
9.951986574769920771e-11
1.188723674608504710e-10
1.265872839631688091e-10
9.694816294534012936e-11
1.395973652495276773e-10
1.642593258934549450e-10
1.477925458601241176e-10
1.027585426758975512e-10
9.999508773855873513e-11
1.240539440682768346e-10
9.364257315101035579e-11
1.104774717170346994e-10
1.965717336045798327e-10
9.520923221847143692e-11
1.037472772206131686e-10
1.724395639008904064e-10
9.681048453927729315e-11
1.717819699636991402e-10
1.287576456595894332e-10
1.392816489502144786e-10
1.120973948320946606e-10
1.622788014798900539e-10
9.466228417943858371e-11
1.023719775096823158e-10
9.344671173760773701e-11
9.860998886044397686e-11
1.211580058517522746e-10
2.168110767576572966e-10
1.039450599901604331e-10
1.074586357328847015e-10
1.256172701519870858e-10
1.531848427038897540e-10
1.039829392883200025e-10
1.303853293809711497e-10
1.904283256010139406e-10
1.152290829145935304e-10
1.087617206390955275e-10
9.382847803607131827e-11
1.011602088888801373e-10
1.539329697127025704e-10
2.423159638910525776e-10
1.195750129305116319e-10
9.505353614401458399e-11
1.337310240925466307e-10
1.106238317652200637e-10
9.949995841787009404e-11
1.063761723875498841e-10
1.345946226095400002e-10
1.182900942542010828e-10
1.859398674927414231e-10
1.310595595468831159e-10
1.046291227658848121e-10
9.402444180561566516e-11
1.022328453677875835e-10
1.538191266034854790e-10
1.055131749172657280e-10
1.351914213196910509e-10
1.136621927844043343e-10
1.016366175071337604e-10
9.394009016826247046e-11
1.320031386635916604e-10
9.978425721144062394e-11
1.200662441730850182e-10
9.250813967170546753e-11
1.323968671887011820e-10
1.151356200161473613e-10
1.490967091302289255e-10
1.732181384988139704e-10
9.237701474680076176e-11
1.262247714552095621e-10
9.515061550125803726e-11
1.073022461143620992e-10
1.271913412185817992e-10
9.201228293657258581e-11
1.353511461946281848e-10
9.187630230094320392e-11
1.793458664654086330e-10
1.060739096545600804e-10
1.286644657861802783e-10
1.134469305294334016e-10
1.087260053375940405e-10
1.394258406902422123e-10
1.598261079844435320e-10
9.469799754267195120e-11
1.110534781955421218e-10
1.552101857581592629e-10
9.206825258385749713e-11
1.534582227018581489e-10
1.187484838133601954e-10
1.638028118554290565e-10
1.425306540788903095e-10
1.143720595720236416e-10
2.728035380759291746e-10
9.253664469745158869e-11
1.160209225195834006e-10
1.197945603704587080e-10
9.697272482404966718e-11
2.297655185666017198e-10
9.303021544879595541e-11
9.425272172818840409e-11
1.110972322730219224e-10
2.034635988238333587e-10
1.190429129775708472e-10
1.026754765393918116e-10
1.291421164746111223e-10
1.044815572829298499e-10
1.156478485191643965e-10
9.242906278049350390e-11
1.358420659279226188e-10
1.335463470881444031e-10
1.147436633981826819e-10
1.552444800491426965e-10
9.400447817823455678e-11
1.073201699462860886e-10
1.085103705601268662e-10
1.145934560970740199e-10
9.602830104985102033e-11
9.381503837146825054e-11
9.408351241780993349e-11
1.227059006701032475e-10
1.083175020188874798e-10
1.098376500769022507e-10
1.390798555735561281e-10
1.080164612192283996e-10
9.249825829529703548e-11
1.734949858854206825e-10
1.560673064974079162e-10
1.408751114277356999e-10
1.023326872305230008e-10
9.632358057589965559e-11
1.694530553397860011e-10
2.258407021930407134e-10
9.759181430431441858e-11
9.241609370753500103e-11
1.356279217196477885e-10
1.079281713261045116e-10
1.073397978049181387e-10
9.654413137312570052e-11
9.313332483175886208e-11
9.465069464389203647e-11
1.002873649534129498e-10
9.519912269382315067e-11
1.114867656255153180e-10
1.203013549051364985e-10
1.153282227952197094e-10
9.593341145330686301e-11
9.542352273835596398e-11
9.482821180533663864e-11
2.911776232584934769e-10
1.050827570992765716e-10
1.078318859660416967e-10
2.166303469595665385e-10
1.039694854764812075e-10
9.777252017367169697e-11
1.293473867926115727e-10
1.129546821752165088e-10
1.142462059944410622e-10
1.402034035886594101e-10
9.567105752697840263e-11
1.020760119381950903e-10
1.180572405941705422e-10
1.002082487325750665e-10
1.537924453148995447e-10
9.256417066816107685e-11
1.102169026002414952e-10
1.323946181931348191e-10
2.558680505405633216e-10
1.068504398746220051e-10
1.082117762671021626e-10
1.075668544253903638e-10
9.366757139335866874e-11
1.060205839376259165e-10
1.097412977518767840e-10
1.275233184853624209e-10
1.435006396035305003e-10
9.938196253790130154e-11
9.517700483302074390e-11
1.053198508957104020e-10
1.008306440658211258e-10
1.153011070321608512e-10
9.315779863469078555e-11
9.614519257974556109e-11
9.592697794727409787e-11
1.139687652255453339e-10
9.264071997453950180e-11
1.509407584813198379e-10
9.703162006440644545e-11
9.298055840148062509e-11
9.335370830874544891e-11
1.000353315040493020e-10
1.082328156929471649e-10
9.396629739160617312e-11
9.561536388095000874e-11
9.475035583483213714e-11
9.709622898440771692e-11
1.682370543005639316e-10
1.382664599872803950e-10
1.534948353133285559e-10
9.671907106223415148e-11
1.195594838655577256e-10
1.079329836211332619e-10
9.856264717889459964e-11
9.684208014632510690e-11
1.539774699106132291e-10
9.993363570590718051e-11
2.340541893577925183e-10
1.025399614318459229e-10
9.883462904156401584e-11
1.064161593798331610e-10
1.515378232649078138e-10
9.701219897048865708e-11
1.014177157425223504e-10
1.176993982000008656e-10
1.434373075724236154e-10
9.881628285571166184e-11
1.031989053877128503e-10
1.047738916714920455e-10
1.483812925652084591e-10
9.345201001158666271e-11
1.281973125373621490e-10
1.077814477348545545e-10
2.783634455233962066e-10
1.450845935229064764e-10
1.112426028476333751e-10
1.204918537607140322e-10
1.218442645046324883e-10
1.317779605707910392e-10
9.292974877155843470e-11
9.498549728727467443e-11
9.392858253699859795e-11
1.318330985468319812e-10
1.362048228200441736e-10
1.039340888260368717e-10
9.363872674928585489e-11
9.485689816912361805e-11
9.381663841987779986e-11
1.079107605727431823e-10
1.117521556663472059e-10
9.370281540687526690e-11
1.707496967959758547e-10
9.764034016333972447e-11
9.326014122128087600e-11
1.444220357180544960e-10
1.112289555701514507e-10
1.774859184593949237e-10
1.355478167274015562e-10
1.325622543034984616e-10
1.343753518207504371e-10
1.450912581712319468e-10
1.656517385152853121e-10
1.146952239078346294e-10
1.194171813268629338e-10
9.271543567154925464e-11
9.945253150020412679e-11
1.055791346447910516e-10
1.080902706332501851e-10
1.127221608637597857e-10
1.585722702571395947e-10
9.479507832316528740e-11
1.085200906324491947e-10
1.325666290493087533e-10
1.027567696356419964e-10
1.133237047899464685e-10
1.251516211770781476e-10
9.889790052212752282e-11
1.948074897606809929e-10
9.938485307613392357e-11
9.898510819150166175e-11
1.000611950172028491e-10
1.363872685865701415e-10
1.370069812917103443e-10
9.231942394039159551e-11
1.025525431187306731e-10
1.023568560210085816e-10
1.015246797958907564e-10
1.018533207224787850e-10
1.296148499049028711e-10
9.984533513359930901e-11
2.798482313589357318e-10
9.829922343676345749e-11
9.683071921796815131e-11
1.328495369584071322e-10
9.178027701050393065e-11
1.193382618524283065e-10
1.496113118168638366e-10
1.024724413069312241e-10
1.077180873231304724e-10
1.180335535747726082e-10
9.290473828236487975e-11
1.038733633914578822e-10
9.230205941836727434e-11
9.671907106223415148e-11
9.704451379195177480e-11
1.101921642780965241e-10
1.010628024605514174e-10
9.214402448441709135e-11
9.788573704949561733e-11
1.705569834893241717e-10
1.014963050945328803e-10
9.485388724997385401e-11
9.294943030535917098e-11
1.050773960949594521e-10
1.243873623570209868e-10
9.660731002099274641e-11
9.461671268329922119e-11
1.171977880374984325e-10
1.127637132940110975e-10
1.715674399062074418e-10
9.861397139583962494e-11
9.669710187767139381e-11
1.160818928208500133e-10
3.589407977876444470e-10
1.266082106732073039e-10
1.071516393408786447e-10
1.280354129563965050e-10
9.890217847396083545e-11
1.048885940613693586e-10
1.122882612490791447e-10
1.122315098800725007e-10
9.203132246699743419e-11
1.265049017914604540e-10
1.501931781564294565e-10
1.094323597453372062e-10
1.284483962007946924e-10
1.150628361188154059e-10
1.197786685875705638e-10
9.893059218780720316e-11
9.580608335919517795e-11
1.123571496640100367e-10
1.002295430128872804e-10
9.311528790178635586e-11
9.879411057059722225e-11
9.547096313348301540e-11
1.109400890898318403e-10
9.238188013593058496e-11
1.170732781041311127e-10
1.197986945156640819e-10
2.230842131055620134e-10
1.194539688979418570e-10
1.059735630981488623e-10
1.032763074131549622e-10
1.251927724591213066e-10
1.082634506049134571e-10
1.941496932579451784e-10
9.985684988695560620e-11
9.506571534797741203e-11
1.658452512056745881e-10
9.808613062853644164e-11
9.712091332453336624e-11
9.633718252509048087e-11
9.927039239578758639e-11
1.101891063952298925e-10
1.327800106016141450e-10
1.052703863910961944e-10
1.678991859842301556e-10
1.289215378608136029e-10
1.143440726815075032e-10
9.474083802858679943e-11
1.185786106788152019e-10
1.169301792146003101e-10
9.279542978507292851e-11
1.078678601788385200e-10
1.737209641519141070e-10
1.001786415936757788e-10
1.049438733425201320e-10
1.339911655084202962e-10
1.129627067507876928e-10
9.219245090922293129e-11
1.006207440565224794e-10
1.209999332504493538e-10
1.597447753707714886e-10
9.370714000943634284e-11
9.568945851244126374e-11
1.821197952600230154e-10
1.145800243595380157e-10
1.688411807772419528e-10
1.516798585198917734e-10
1.010770439095081869e-10
1.173454687536892680e-10
9.429844710931378094e-11
1.072063233149839416e-10
9.750692055556955146e-11
9.577968861560371434e-11
1.234722161735747793e-10
9.438220009929210294e-11
1.339036413674817590e-10
1.064405177690254639e-10
9.544543299311486935e-11
1.358238942578502542e-10
9.654974871773044104e-11
1.058246151849171026e-10
9.507330688825108236e-11
1.384443633539211228e-10
1.026442746006680383e-10
1.086111968859061249e-10
9.946499818386715536e-11
1.748353267753435725e-10
9.533189333081675539e-11
1.567454945207749983e-10
1.096486404871962824e-10
9.627963635815290639e-11
1.027561786162747528e-10
1.671112387582269748e-10
9.562999801110596834e-11
1.307237225059506878e-10
1.079909994627679337e-10
1.331979874937304049e-10
2.196272762681055730e-10
1.024992467163056197e-10
9.991576906051443608e-11
1.646051910606522012e-10
1.051417123600978845e-10
1.010341643369847725e-10
9.238106925331264858e-11
1.326764292677453113e-10
1.181163745581215219e-10
1.023865041580792099e-10
1.056691396330784902e-10
1.131101885134449806e-10
1.079659569455920938e-10
1.053265024653424315e-10
1.117888078450259733e-10
1.022607443991546417e-10
9.684954971032439228e-11
9.845609392371825276e-11
1.006383506687157146e-10
9.466863408337141213e-11
1.053506474663704477e-10
1.534322147840407966e-10
9.800792583947107246e-11
1.870458810742400643e-10
1.086650969131951412e-10
1.168508483148702946e-10
1.181383469511844540e-10
1.359478129361017491e-10
1.061678553248925849e-10
1.203658273255256809e-10
1.560770437979241629e-10
1.312030378292577263e-10
1.013912582911465737e-10
1.980769105783133886e-10
1.133719787765900361e-10
1.299355064799761739e-10
1.222805686871925028e-10
9.179968479038670848e-11
1.351986270140387524e-10
1.025855451263003708e-10
1.054894956694701259e-10
9.181403445324903463e-11
1.668340403889503664e-10
1.628942271964334071e-10
9.582414752174662188e-11
9.831565751890478003e-11
9.229150948119733904e-11
1.283877327016694914e-10
1.367561234321968739e-10
9.530601497057666720e-11
1.335782970397242486e-10
1.099559325980000827e-10
9.457477629318614869e-11
1.237398344383740835e-10
9.348058404913309152e-11
1.066616693690454126e-10
1.007989430273251433e-10
1.020480687214088809e-10
1.411654390840783591e-10
1.391678104950567254e-10
1.049663549991047416e-10
9.332027795123462634e-11
1.014864469948953657e-10
1.122873042051712573e-10
1.547250298935645820e-10
1.521801025246487956e-10
1.053322861401835790e-10
2.728972137976313650e-10
9.217197802330198286e-11
1.284070650758695272e-10
1.335513984446824094e-10
1.026248986044287709e-10
2.053472066793652174e-10
9.611073348018215320e-11
1.680786174352957574e-10
9.372011276944897689e-11
9.420251298077842117e-11
1.116889849070028171e-10
1.422426546238417418e-10
1.591343271790197408e-10
1.271285587811472224e-10
1.613867057747446276e-10
1.017857002048961443e-10
9.403466174735025788e-11
9.502822433965591060e-11
9.919483381025486894e-11
1.080458771543695533e-10
9.839702456844742710e-11
9.450405120684469588e-11
9.680083285061739869e-11
1.568962513100517049e-10
1.441314113820074045e-10
1.029932342520068070e-10
1.803499368799453181e-10
9.458653283140045627e-11
1.154003262550750272e-10
1.113699068670068481e-10
1.020224977848123834e-10
1.711955348627723149e-10
9.705771665832346355e-11
1.388242153636242048e-10
2.224603385026770908e-10
1.240554477102999124e-10
9.186130923222994189e-11
9.849259402033853470e-11
2.212193039912157023e-10
1.207139196104027430e-10
9.852908228513401158e-11
9.517273872824740396e-11
1.144589422156944870e-10
1.034362480840093929e-10
1.162395683482453644e-10
1.327573397765531371e-10
9.983063698394548928e-11
1.203277394892991296e-10
9.394520427513516733e-11
1.196435785366516953e-10
1.029472184864889328e-10
1.095726774227209232e-10
1.310999192388858868e-10
1.171669677911874846e-10
1.116506552325933206e-10
2.331806277425120041e-10
1.089957253663789010e-10
1.100496157832635789e-10
9.425638684694330208e-11
1.470863738617478437e-10
1.191503040815726661e-10
1.001863462289243049e-10
1.076065958970561094e-10
9.952244888622607042e-11
1.067390134261300704e-10
1.043706905086656654e-10
1.251695253043959736e-10
1.991990505066908561e-10
9.988093620595121487e-11
1.230072980568919845e-10
1.170128919036916785e-10
1.170082761161911962e-10
9.581566559044345686e-11
9.346421109752942868e-11
9.466434793909694229e-11
1.537343969260670302e-10
1.664687873869789744e-10
1.253832071934075523e-10
9.657611520855153284e-11
1.143331723188156901e-10
1.098658027806157185e-10
9.924571952204786009e-11
1.407646450715389996e-10
1.198308590692426942e-10
9.845087865763453603e-11
1.260398984761504585e-10
1.719208415185140312e-10
1.633576900674447815e-10
9.970145425630148762e-11
1.098462916772679933e-10
9.466514168232924232e-11
9.204466435741825811e-11
9.420394784135739507e-11
1.412837946892729397e-10
1.304716781826698770e-10
1.130904887118936503e-10
1.122345190166346289e-10
9.933859563336097595e-11
1.212384447631103232e-10
1.123145088141668925e-10
9.851007306817709308e-11
1.147863182697064578e-10
1.406236763232697610e-10
1.687489210736172679e-10
1.097101870601689107e-10
1.004793419484643277e-10
9.187059866842596186e-11
1.097291613149896332e-10
1.846476539430738501e-10
9.814305648622425045e-11
9.863985444641973586e-11
9.854563608565332402e-11
1.215362631862817936e-10
9.684939409954920223e-11
1.374253709097577301e-10
1.839768265848287492e-10
1.233360125710826345e-10
1.525894467952945480e-10
1.011715925897360648e-10
1.123511370685272178e-10
1.399920642311688331e-10
1.010607035722455865e-10
1.098697046374712124e-10
9.886626921064432339e-11
1.232662233431492099e-10
1.233531396628489331e-10
9.464878939592547298e-11
9.217376549725617322e-11
1.457204621281088061e-10
9.373276370106199475e-11
1.012653157368088878e-10
1.133435047246121292e-10
9.970372986655508455e-11
1.037210473457603281e-10
1.291314704200019961e-10
1.094084453250874357e-10
1.720793780021656928e-10
9.362317946690611831e-11
1.192878279667546247e-10
9.517100063759044284e-11
9.987442279719936724e-11
9.645046682223016721e-11
9.380575761977232171e-11
1.141651108990585749e-10
1.114501641675573541e-10
1.293668352035686867e-10
9.781186601028812413e-11
1.129048914551525311e-10
1.491119639405923656e-10
9.364321420452422558e-11
9.519248780773525466e-11
1.303588150579905539e-10
1.189046211279019973e-10
1.547484725235714445e-10
2.079959778597026949e-10
9.519928066236991880e-11
1.067561625801224262e-10
9.897289400436189002e-11
1.158132271495328324e-10
9.288892215847519078e-11
1.209645821958769736e-10
1.034635692269048406e-10
9.432042662379567054e-11
1.077973181687745796e-10
1.450085320038292818e-10
1.538843074289372476e-10
1.048777093099235661e-10
9.969477887069807959e-11
1.007774534767866690e-10
1.066864076475354100e-10
1.678916860001867930e-10
1.069159625589330221e-10
9.195432947573178557e-11
1.122819719727346536e-10
1.273934831976087048e-10
1.126684634500524617e-10
9.788650788868444174e-11
1.121435298185332809e-10
1.036346968676745334e-10
9.676611094265643076e-11
1.092713036040644593e-10
9.382671817584128513e-11
1.038702897124349366e-10
9.416456194792126230e-11
9.310079172456427388e-11
1.193039066036335887e-10
1.590576250132022519e-10
9.994302214534972713e-11
1.576927394705680173e-10
1.035068882060944923e-10
1.045528888011176928e-10
1.463210548414489542e-10
1.071721486922168051e-10
1.108272899683716697e-10
1.113525547270585771e-10
1.159357296857471120e-10
1.011238034792917375e-10
1.018790776781074845e-10
9.217929022500224085e-11
1.180213812785631904e-10
1.236297813943050944e-10
9.697987472770353839e-11
9.521602402783987576e-11
1.006285695502739799e-10
1.289596966243006527e-10
1.224447983757021868e-10
9.266643976713183113e-11
1.521186859016213334e-10
1.336449945047368378e-10
1.047923385800364291e-10
9.448624343960103699e-11
1.446497197435897065e-10
9.973588696617820692e-11
9.876030857189321105e-11
3.871757278994776679e-10
1.021079600746248181e-10
9.360891244705710890e-11
9.223939354105669452e-11
1.662334310132756808e-10
9.974923253202098636e-11
1.181477625965107661e-10
1.372344979330126128e-10
1.917300299797735449e-10
1.034268458003931241e-10
1.130966027647220064e-10
1.007322071194988654e-10
1.010626525412230507e-10
9.696852792662991236e-11
1.335414130436128327e-10
9.733089635306242651e-11
9.904249721549854235e-11
9.760124295457535521e-11
1.219717510300771685e-10
9.665346217519769905e-11
9.672000582429616864e-11
1.205198725331605480e-10
1.926884705150808353e-10
9.683071921796815131e-11
1.035595838117230761e-10
9.611120344969554566e-11
1.143545684677855628e-10
9.418848222512024353e-11
1.223257352270072396e-10
1.264318391654435720e-10
1.717290900497661479e-10
1.030488126455030909e-10
1.673545786590861016e-10
1.230634621194021848e-10
9.555712265318076368e-11
2.246927807432993065e-10
1.023616002278702437e-10
9.346437162884440474e-11
1.254059231997431688e-10
1.139517598569349250e-10
1.474072383081980676e-10
1.157368218226811113e-10
9.383663701069902525e-11
2.147428735932260671e-10
9.434033173675161031e-11
9.799960952122902981e-11
2.466793148952080233e-10
1.572251897306297047e-10
1.130766291212451078e-10
1.975579536237353487e-10
1.175682614097056451e-10
1.112592808642414028e-10
1.811081152265994979e-10
1.142324691740111546e-10
1.189978276108962974e-10
1.080061356955365068e-10
1.013051176180092949e-10
9.252919526195490056e-11
1.741172987110614308e-10
1.294263725079309388e-10
9.699603802730091680e-11
1.215030903707175681e-10
1.156868816061591994e-10
1.109353911301787530e-10
9.438124510867581877e-11
1.070935108495852766e-10
9.787155266030179463e-11
1.148902147106070288e-10
1.122536664137504529e-10
1.205649733549838521e-10
9.211151103612877300e-11
1.118528895725550336e-10
9.377422906596172929e-11
1.911127735787945252e-10
1.108584026950265808e-10
1.924633308581227735e-10
1.912526662023572642e-10
1.238996106335033300e-10
1.421984043631658870e-10
1.012745940903319668e-10
1.021611380381602298e-10
1.126126980202609937e-10
1.285319953702955074e-10
9.204287468990618141e-11
1.019878491391754844e-10
1.119636875050578408e-10
9.775029522623574006e-11
1.124186259623787204e-10
1.778345833856873691e-10
1.020458389210271746e-10
1.669567955120747167e-10
2.051972040638972866e-10
1.156706303218409205e-10
9.958624898487665838e-11
1.050214535006988176e-10
1.010079189819089681e-10
1.185865619450917964e-10
1.289670849573301069e-10
1.024554070577896090e-10
1.430114428413925298e-10
1.148517491008535998e-10
9.250117420734721504e-11
1.018087909230681723e-10
1.061297974229342082e-10
1.896285128953556650e-10
9.350241074883040948e-11
1.122230292062833078e-10
9.816735656489020370e-11
1.303398562235657554e-10
1.021914297343916426e-10
1.166822622067978980e-10
1.701719344015084390e-10
1.139435263013312498e-10
1.132707997047161377e-10
9.512453591844398353e-11
9.921921304851464595e-11
2.964538906528465642e-10
1.141203657871481081e-10
1.180445469628392032e-10
9.820963845785916484e-11
9.543061646813023425e-11
2.075906458832527125e-10
9.784641720524218262e-11
1.162038821204849972e-10
1.113531056250070446e-10
1.129216265451686898e-10
1.290578948668365338e-10
1.205929772615151153e-10
1.247567876592435134e-10
1.243200909381136014e-10
2.544520342264947265e-10
1.397841702655122564e-10
1.255143642317479871e-10
1.181714295832756121e-10
1.149396539429207120e-10
1.172890218097601759e-10
9.966169959842429232e-11
9.240263661093222800e-11
1.061091118942645141e-10
9.404424206013171236e-11
1.274518683294015719e-10
9.311593213049775967e-11
9.821747807632221281e-11
1.072128723624654659e-10
1.225722446774259986e-10
1.251958800812708485e-10
1.132405391300197988e-10
1.416797335352885720e-10
9.590265274383291726e-11
9.625351172741907119e-11
9.528754921123079452e-11
1.285972134206304801e-10
1.351516677387358306e-10
1.563856970162478756e-10
9.201879256552915135e-11
1.560854481983369567e-10
1.078793300628515814e-10
1.798770323015746153e-10
1.217667231217099192e-10
9.668151824824025564e-11
2.107818805595307843e-10
9.254976090634640810e-11
1.127187543325326978e-10
1.347822372864571869e-10
1.156213314178255968e-10
2.731259409482986986e-10
9.205214809169221537e-11
1.761921795872669430e-10
1.511234578441084916e-10
9.717507543572385113e-11
9.799375692709306958e-11
2.703782884106003536e-10
1.739122842221711713e-10
1.150740774385226716e-10
1.958678728173054241e-10
9.540081970163010767e-11
1.021923205476951210e-10
9.446175296347162657e-11
9.732113488833933723e-11
9.670271144633998353e-11
1.258151876166621178e-10
1.028517373623573887e-10
1.507672682317003849e-10
1.273311554102623672e-10
1.288074872218870335e-10
1.929414778168112842e-10
1.245519056022581647e-10
1.094743038238977721e-10
9.606027838937498922e-11
1.158474222118869578e-10
9.816797168844441363e-11
1.190830484693406697e-10
9.389389235068669363e-11
9.601967811355279855e-11
9.797511899741656034e-11
9.788481203545787360e-11
1.034142103039385159e-10
9.585822569768565115e-11
1.103836899791583526e-10
1.022619314442455948e-10
9.674773350391583644e-11
9.940173843479015268e-11
1.224933328619024164e-10
1.023055469913967932e-10
1.177227504972596311e-10
1.277760492041845816e-10
1.324580507171973853e-10
1.006673881661812871e-10
1.024262208883610662e-10
9.979971923112335548e-11
1.284562964144448832e-10
1.874418092142813235e-10
9.225465757399585042e-11
9.351300151120020598e-11
1.007147652372589725e-10
1.460311323860867766e-10
1.390691979352406567e-10
1.717787655259005260e-10
9.764621128817280413e-11
9.204726745581158274e-11
1.115481114048467426e-10
1.017608166876184269e-10
9.222087887540857238e-11
1.306675764674451887e-10
1.245339238044140994e-10
1.358679887055594136e-10
1.416733749004640162e-10
1.014151748935518948e-10
1.956728505606152352e-10
1.093061630632293210e-10
1.107114834663387815e-10
9.294910768666402436e-11
9.675988164457729958e-11
1.363220927041195246e-10
1.472480150176358590e-10
1.005188135039098201e-10
2.147389972762355786e-10
1.206645026984221189e-10
1.061420059752077711e-10
1.851081099724596182e-10
9.799606719815617774e-11
1.040523776854608964e-10
9.411925832056523069e-11
9.531690356640799778e-11
1.453594791559108978e-10
3.053436932013833062e-10
1.407657669385065545e-10
9.787479055974039577e-11
9.269732761417712184e-11
1.766176016014922774e-10
1.219040780999642622e-10
9.617134295558286544e-11
1.045736979327160266e-10
1.443400715684256551e-10
9.844504954475191403e-11
1.115512741760122896e-10
1.338477262610375744e-10
2.288211925090990430e-10
1.027885325513032448e-10
2.212835015351405768e-10
1.038796568668713000e-10
9.532211077099565226e-11
1.017038774761748986e-10
2.090031217823531755e-10
1.657921764431738193e-10
9.767818804561370508e-11
1.092892245412197473e-10
1.077019230724734735e-10
9.514318740871996226e-11
1.124750216666392639e-10
1.631619928891062692e-10
1.050020269166737022e-10
1.828358537193637614e-10
1.359555618001566782e-10
1.010693987183624256e-10
1.220504494459237643e-10
1.242669264906787285e-10
1.141184786077662661e-10
1.055061005071876830e-10
1.380465946237006079e-10
1.754737376955938788e-10
9.905241524080582267e-11
1.824517585014738981e-10
9.708955240191675620e-11
1.190617482585920929e-10
9.629605884872639801e-11
1.217746192935863751e-10
1.459489812272100197e-10
2.056904003368257104e-10
9.540917623015195412e-11
1.331416953852873858e-10
9.873766627859195824e-11
1.410467726063356848e-10
2.104940923306811648e-10
1.037184093835386512e-10
1.210612638198169526e-10
9.928013822543072529e-11
1.692567595441586872e-10
1.056420298080381521e-10
1.086822612004051437e-10
1.339587159412521892e-10
9.353610498694554030e-11
1.236280218597825974e-10
9.238917779925972573e-11
1.382752345643956343e-10
9.955222671779492074e-11
9.690524431679755916e-11
1.375029148179259919e-10
1.308298515022199432e-10
1.176465125636800103e-10
1.073402244626194607e-10
1.020433117623883782e-10
9.406595427489232708e-11
1.015443886619912537e-10
9.241236480431412392e-11
1.008955213715326840e-10
9.197175143072865122e-11
9.629793554875354079e-11
9.635000121491575584e-11
3.517428955233718455e-10
1.082411457517506856e-10
9.244575811755655165e-11
1.027080005338898022e-10
9.517668883099766545e-11
9.659186969062446624e-11
1.731425249048435848e-10
1.055622512344003761e-10
9.728409550749003125e-11
1.507265894365030490e-10
9.344494558786873824e-11
9.424300059181460451e-11
9.307614368964779281e-11
1.221423140313815351e-10
9.600431192936676238e-11
1.356507515950968084e-10
1.093435316787487095e-10
9.451279501767396391e-11
9.882438612190894774e-11
9.978941145092467789e-11
1.125758714115529103e-10
1.315211366550590984e-10
9.508674893971356027e-11
1.500921304199769651e-10
9.551271252690134844e-11
9.354524873344182965e-11
1.237526432674660009e-10
2.292505873182593106e-10
1.349792838537372866e-10
1.007693374986155454e-10
1.001651950077670322e-10
9.788296198443572387e-11
1.026571408603960768e-10
1.026734065255666709e-10
9.490379432549797114e-11
1.237559080775857779e-10
1.422402089440446720e-10
1.233793300145000940e-10
1.602091895389479760e-10
9.703767874959643386e-11
9.248238136289734190e-11
1.070018454058772647e-10
1.186680029784154261e-10
1.255396636121647636e-10
1.133397077114311601e-10
2.307697988046912209e-10
1.155562820199600608e-10
1.492697657690111833e-10
9.766552202000450724e-11
2.565363371688376173e-10
1.149231762665943923e-10
1.121264193726838329e-10
2.097141514313649094e-10
1.047503568438756365e-10
1.318664804870688018e-10
9.998116554345142680e-11
9.730377905762021870e-11
9.671439713334481684e-11
1.295722764427247127e-10
1.737588510161537439e-10
9.337282962058408082e-11
1.027566218810790132e-10
9.178060322134705445e-11
1.293981164107724493e-10
3.260112529172166044e-10
1.294374802645454529e-10
9.571823333400329275e-11
1.094740242432679705e-10
1.850339391787023277e-10
1.520109972352862527e-10
1.192985904899760589e-10
9.884884528629430440e-11
1.067037071603432408e-10
9.702587177501494646e-11
9.903914014854525839e-11
1.193303544298871350e-10
1.460252657873049613e-10
1.163620756016742737e-10
1.402333470559814544e-10
1.201053068744515069e-10
1.253603634246610623e-10
1.466524763287315921e-10
1.032181870671612370e-10
1.136117261963727004e-10
9.276279301265587762e-11
1.104025629120385969e-10
1.151971338233195205e-10
1.250967758398960773e-10
1.019478342403843447e-10
9.879930997993460147e-11
9.694676368707244788e-11
1.125963319397495922e-10
1.562112618875498760e-10
1.531253421699476478e-10
1.632613452046866516e-10
1.122993350952122754e-10
9.639376110811374278e-11
1.136478530675308422e-10
1.477957709803616637e-10
2.035026068249149005e-10
1.175397593181071278e-10
1.037660302214723647e-10
1.241433830327614884e-10
1.029081204436398234e-10
9.827356917617287424e-11
1.175413356285998964e-10
1.007631749850316502e-10
9.305455182940548417e-11
1.497992541197834152e-10
1.093435316787487095e-10
1.059260923601785261e-10
1.357027726099547164e-10
1.073439221005405755e-10
9.303634036046644389e-11
1.522910376571608973e-10
9.414302915164549134e-11
1.176087056136698550e-10
1.702307473307171887e-10
9.618637269101207132e-11
1.104537554049841706e-10
1.309946985642391432e-10
9.693992261447796523e-11
9.230920031548623902e-11
1.119231093029394587e-10
1.220597275923531813e-10
1.112303341495503117e-10
1.057730523219834957e-10
1.403698229077898702e-10
9.816797168844441363e-11
9.873797228581082377e-11
1.096780917109750031e-10
1.085345988884532963e-10
1.014401325846606784e-10
1.046118143568775900e-10
1.245051981640541867e-10
1.059278188949636146e-10
2.218748629808206556e-10
1.621413551575960356e-10
1.507883962835233751e-10
1.110388441290056312e-10
1.094734650801342087e-10
9.847679921298472516e-11
1.372744113002229818e-10
1.185551452059752468e-10
1.864466622604021294e-10
1.052922284891522334e-10
1.226555415007087333e-10
1.082263206816219560e-10
1.050530512265104202e-10
1.209533089444056534e-10
9.552940781389769988e-11
1.109876116009225653e-10
1.122088023005265808e-10
1.091505502499825761e-10
9.844719714779194392e-11
1.891395816885872921e-10
9.950953260686686153e-11
1.540254843078948357e-10
9.705321232759872596e-11
1.137376531346587307e-10
1.052861536016332117e-10
9.291667950880139556e-11
1.156625039304485884e-10
1.050868139164450308e-10
9.580529789321881829e-11
9.823914946673186044e-11
1.524118440260816752e-10
1.566979037550264461e-10
1.013583649003766474e-10
9.817381519401074775e-11
1.014649355049401038e-10
1.461465755138721271e-10
1.152964313366328147e-10
9.764945572464690552e-11
1.034643035790999895e-10
2.050245016211487537e-10
1.524065068661396622e-10
1.078195616753276560e-10
1.881749210420092449e-10
1.289865835332265340e-10
1.152790630147311919e-10
1.351816582299447132e-10
1.111615247870650620e-10
1.130141066085706686e-10
1.121391497619451103e-10
1.048713231289974239e-10
1.419087011214044171e-10
1.243380997922770821e-10
1.307078026387281552e-10
1.050594277405876454e-10
1.317223268112524198e-10
1.519092241125992758e-10
1.439383301373466989e-10
1.091663865220845342e-10
1.095771471137596024e-10
1.110805329693353516e-10
2.163570791382501760e-10
1.130351773572302705e-10
1.026390981211021788e-10
1.036468689115478008e-10
1.158339847389733564e-10
1.318500874334105820e-10
1.203893695984565668e-10
1.011876177427841009e-10
9.536722945580509319e-11
1.215641987581392571e-10
1.136151092887230420e-10
9.466450668820927042e-11
9.916846785849249309e-11
9.261483211363501084e-11
9.217441548026505666e-11
9.415291882275971699e-11
1.353384903878756800e-10
1.199980189271252583e-10
1.040744432943069796e-10
9.427056808826905660e-11
1.000616487108358721e-10
1.031828594499457491e-10
1.087677659146262681e-10
1.174180648524199486e-10
9.834667605818227724e-11
1.542013561082873018e-10
1.006791214485581241e-10
9.989108426500073394e-11
9.234700655767305858e-11
1.033491013909755132e-10
9.237555508633788902e-11
9.603645302112530075e-11
1.956905104371312416e-10
9.280948312271479588e-11
1.474299722089974812e-10
9.730935801288244839e-11
1.048729197061294577e-10
9.897274131867635301e-11
1.378501902505726409e-10
1.110806709891116912e-10
9.206353536163140368e-11
9.313380792177946859e-11
1.141485354334248071e-10
1.549820062556362122e-10
1.152909538822748715e-10
9.760201575942001656e-11
1.056431835416173975e-10
1.447063453726147130e-10
9.905806049790396953e-11
1.510212670789898034e-10
1.070347844431142951e-10
1.115991187076667037e-10
9.379055465259843472e-11
9.545945955048954127e-11
1.292319724553008146e-10
1.155902769920715223e-10
1.330126631417792551e-10
9.492961024270901842e-11
1.234722161735747793e-10
9.266627802694910339e-11
1.641816831292157359e-10
9.938104972107091910e-11
9.460654777933355251e-11
9.965972667773739872e-11
3.044063346535225754e-10
1.158599271496001416e-10
1.262748698575499350e-10
1.573181455030203320e-10
1.176567501165934163e-10
1.524454329854702053e-10
9.574621469848673255e-11
9.306953769032865230e-11
1.098542358495805046e-10
1.087493479957948958e-10
1.054795316689868323e-10
1.061840801588115610e-10
1.425343160429773915e-10
1.645293549711718206e-10
2.439731352887333306e-10
1.933905532709507837e-10
1.162164861585360801e-10
1.026739979618143187e-10
1.193177793874545771e-10
9.571178717403501630e-11
9.952807080847375661e-11
9.297588170495142158e-11
1.059020621947208159e-10
9.934377009917450419e-11
1.226797110981492233e-10
9.553035275379694999e-11
1.461694808875045501e-10
9.428490677142026213e-11
1.286670144585073785e-10
9.255526599088805847e-11
1.877437256743895622e-10
9.483756344307001615e-11
1.094436860327045443e-10
2.358342398042788499e-10
1.013067632658439542e-10
9.207622258228175645e-11
9.335852913058215519e-11
1.349363323999396067e-10
1.253350323790719092e-10
9.921235691756985841e-11
1.202122534266320423e-10
1.066353526258621947e-10
1.073817453801099651e-10
1.355560493956275707e-10
2.177663698030062129e-10
1.803011595051896415e-10
9.217327800736758995e-11
9.716343824215314138e-11
1.223396882295618666e-10
1.409840456026064945e-10
1.596388882808414489e-10
1.106131654061010434e-10
1.033099893977483015e-10
1.051380918634279656e-10
1.086831052844832798e-10
9.260301867344298820e-11
1.315731554098198715e-10
9.203766821128033080e-11
1.002755915714970910e-10
9.946606234962181378e-11
1.471101226187399411e-10
1.434795684201531972e-10
1.168486036606390832e-10
1.415697050833184002e-10
1.477893206783043448e-10
1.090627836604590966e-10
1.241496441532087197e-10
1.541380541981648141e-10
3.015922245584643022e-10
9.535871197378105044e-11
1.229642447877257018e-10
1.025796261674454865e-10
9.726208300133624809e-11
2.631704495320698427e-10
1.126184256567806534e-10
1.042918118678524639e-10
1.109713122809573367e-10
9.520970607939327173e-11
1.225403306466699190e-10
1.208875727020463608e-10
1.292383800124538565e-10
1.186793356928185199e-10
1.039671455276153609e-10
1.203130677112893411e-10
1.015470759753103709e-10
2.617421071760326943e-10
1.358728487445871270e-10
1.013164870710651803e-10
9.720005249374351507e-11
1.301854558668584875e-10
1.059698236546638287e-10
9.370265523305614521e-11
1.198020534167280141e-10
2.006376046816546025e-10
2.152331218388817817e-10
1.833635023993907618e-10
1.030418852054060548e-10
1.784635945553803243e-10
1.001387504843180534e-10
1.008199778653776033e-10
1.268101825047036186e-10
9.199763479784369240e-11
1.347713994045451413e-10
9.826450429394535865e-11
1.350240849567882807e-10
1.272815434961934583e-10
1.254226786018825404e-10
9.501350914198248227e-11
1.423612259610586989e-10
1.203538616754314624e-10
1.953547339500909028e-10
9.346886640771676116e-11
9.282418059874078426e-11
9.413265997187950362e-11
1.143018118833299046e-10
1.246948051141150321e-10
1.123143721220032480e-10
9.839901962424098695e-11
9.262454080338953726e-11
1.104384969424978679e-10
1.003207163031825634e-10
1.247577851458502418e-10
9.713395189209263318e-11
9.177277388108740585e-11
1.192714880543499522e-10
1.267001292544443005e-10
1.038749733820425494e-10
9.241155415575764350e-11
1.335014649044059324e-10
1.285819134603111954e-10
1.832334963452828416e-10
1.207702461350656306e-10
1.121047884995627196e-10
1.150422245364459646e-10
1.492733892309255401e-10
1.176017469260446185e-10
1.116528536613227145e-10
1.191362844171613375e-10
1.245169389090223826e-10
9.241495883788273985e-11
1.682244801454261482e-10
1.171133447301862554e-10
9.634593691386036674e-11
1.027307619690359194e-10
1.132808397673877279e-10
1.085668490292335999e-10
1.256554381668956557e-10
1.113800967037788858e-10
1.052132310136942999e-10
9.792827943032295500e-11
1.201598213678205630e-10
9.783577534109789589e-11
1.022646022516189572e-10
1.090594175771059631e-10
1.038745342958667038e-10
1.189613066034113124e-10
9.221064569101268772e-11
9.347352151503339552e-11
9.934011755955230877e-11
1.079414754485269606e-10
9.270088479828510661e-11
1.154244854472502869e-10
1.148217193274388003e-10
1.004689445105885819e-10
1.121964892810969296e-10
9.359977414264462507e-11
1.029983951548135504e-10
1.637223257605348991e-10
1.246727243364997516e-10
9.784873051996035035e-11
9.402492088709755532e-11
1.231926174632507100e-10
9.210630795247049321e-11
9.538394702215265450e-11
1.367059495694141956e-10
1.012985347927459581e-10
9.245386169898812969e-11
1.001110905308853569e-10
1.247207487748067178e-10
1.045239246069300952e-10
9.755873043940237455e-11
1.358377836239998632e-10
1.630661387115770738e-10
9.417875528707687346e-11
1.238707563260681138e-10
9.786245520310096508e-11
1.322661332005692067e-10
1.174837883064911549e-10
9.666717936775471060e-11
1.151087321271143007e-10
9.512532630075028394e-11
1.257375641355311260e-10
9.911922483101518326e-11
1.257547761477414848e-10
1.012406197195936952e-10
1.689591208960152614e-10
1.432342373559227273e-10
1.397743498102015114e-10
1.073865790944247216e-10
1.039934672961003887e-10
9.475447995774709445e-11
1.021995952686982083e-10
1.089508126044558214e-10
9.363712404109744107e-11
1.274048682995506503e-10
1.447038266561523358e-10
1.240039388871834897e-10
1.560627964096754029e-10
1.521764349053335233e-10
1.052573660357521791e-10
1.024911020749700052e-10
1.092516996339192224e-10
9.357908983367644805e-11
1.171294207276710061e-10
9.617149952591977440e-11
1.011939073828972414e-10
9.344863841310305812e-11
1.470537678301471492e-10
1.844662007680700672e-10
9.250182217688045920e-11
1.099500837837343290e-10
1.096339820854022996e-10
1.288933061300010387e-10
9.440352602050058403e-11
1.031139401373816518e-10
1.296454759328308521e-10
1.183000218156023591e-10
1.321668229907863475e-10
9.497663327423356592e-11
1.112540433756541019e-10
9.734375538793115030e-11
1.064049815448552118e-10
9.206272202607886979e-11
1.363796565265622725e-10
1.076786655140382036e-10
1.178551784344022633e-10
1.173620430630836813e-10
9.473433371310013328e-11
1.178516399755570993e-10
1.379671488345028132e-10
1.046920809710703744e-10
1.101835464179574898e-10
1.379191880383149254e-10
1.408442781950984341e-10
1.059991608032555657e-10
1.235498261287312419e-10
9.357941055116740924e-11
1.075989324700283218e-10
1.862017596900623736e-10
1.055229917783727582e-10
1.218676839505667260e-10
9.205540172315738158e-11
1.164299098399417068e-10
1.057318438345996121e-10
9.834007381902796239e-11
1.193872517273425076e-10
1.792668899900192837e-10
9.620719174205944653e-11
1.006341373658350849e-10
1.044084346532580486e-10
1.696356216616181324e-10
9.456158838402889392e-11
1.010275660662783922e-10
1.096945590469733378e-10
1.857815211045514123e-10
1.035895173812070255e-10
9.332799357911380031e-11
1.155820123528583064e-10
1.055264563620952944e-10
9.302199461800556368e-11
1.188406265392851433e-10
9.506128670451030776e-11
1.269122912565075338e-10
1.177278664705157768e-10
1.280057911760263472e-10
9.450595900776242317e-11
9.267856957693442884e-11
1.134232163076156901e-10
9.711998193967047289e-11
1.120474079224721804e-10
1.243569816257451048e-10
1.108418101917564278e-10
1.149871998766768649e-10
1.020369192931377284e-10
1.232574027493330253e-10
1.146932107992858449e-10
1.615264047283736060e-10
9.935320528270860053e-11
1.476165759547687988e-10
1.104956373405856216e-10
1.027214510062452258e-10
1.145825764956833493e-10
1.117533913043417723e-10
1.172844155324652370e-10
1.188812119701694203e-10
1.419384409398904148e-10
1.075305081194282965e-10
1.041560942840601290e-10
9.181109945458780593e-11
1.039753351470548520e-10
1.059066671468252641e-10
1.364758179705090010e-10
1.324002998016980740e-10
9.251235112520758189e-11
1.245159397343965533e-10
1.537491444875868684e-10
1.312277327960472192e-10
1.111736622106682161e-10
1.066184725927863062e-10
1.120304216271916991e-10
1.300658836605524239e-10
9.289876716550388939e-11
9.571320221730086237e-11
9.740260910814986624e-11
1.140201727196897392e-10
1.852096111708425373e-10
1.005775437663673926e-10
1.226674370065758420e-10
9.429749137656243784e-11
1.079840672971910404e-10
1.319066240592481066e-10
9.469974322715827858e-11
9.455984046806235236e-11
1.001744113773739820e-10
9.576633170724344746e-11
9.831028214910724336e-11
9.608519544649459432e-11
9.671938265046648515e-11
1.394367007155391668e-10
1.461017326791016438e-10
9.759320546677162624e-11
1.124116601266772482e-10
1.188095288533269518e-10
9.226391234757051051e-11
1.904576048117221519e-10
1.741180438328433133e-10
1.271356722165985835e-10
1.571709008700813409e-10
1.171547167488689803e-10
9.358582469902726817e-11
1.099655407733656054e-10
1.521111383351695546e-10
9.846805744441229007e-11
1.144851570641118349e-10
1.105571868964511807e-10
1.176634434797822951e-10
9.807458807926541190e-11
1.031096681700166049e-10
1.273124151198271696e-10
1.036427628196874888e-10
1.211443176338993276e-10
1.403406923077643494e-10
1.323451318304096422e-10
9.564447285725943471e-11
1.167590507879112471e-10
1.033454260032122977e-10
1.014322124623469064e-10
1.096349593655399405e-10
1.138874973033451249e-10
1.020829966966247146e-10
9.433459944101988455e-11
9.371210507851090330e-11
9.413792444957716182e-11
9.535792328436549231e-11
1.094620016851083107e-10
1.148541619094286551e-10
1.486080459199065190e-10
1.022233463051275695e-10
1.186777726160939986e-10
1.027456875274962485e-10
1.439273278017643790e-10
1.172384757055282252e-10
1.648596790031243020e-10
1.164706997203383545e-10
1.216203080482643983e-10
3.790683526350851257e-10
1.122785537584753242e-10
1.926108915644013828e-10
9.731741600975832810e-11
9.752780206246335089e-11
9.901319581848674252e-11
1.470100312655409418e-10
1.082599216237820528e-10
1.067698801679756367e-10
1.027306141817431443e-10
1.067358691530492329e-10
1.309785685434744874e-10
1.033295470136101814e-10
1.276592706547652121e-10
1.312265398959588656e-10
1.115879840832264788e-10
1.049531566017814012e-10
1.060875607158175120e-10
1.130911680653795635e-10
9.673340321197285614e-11
1.180305433241793087e-10
1.111664902368722468e-10
1.710214279712745682e-10
9.351155737813299861e-11
1.421538083690599388e-10
1.364444624811182036e-10
1.500039698825930630e-10
9.570691299599649096e-11
1.084041044232831691e-10
1.000427432842195925e-10
1.389890159760055878e-10
1.088211765064954448e-10
9.519548935394267919e-11
9.292200421741197183e-11
9.448322218772868375e-11
1.081376155197523469e-10
1.070058384889693647e-10
1.331594802887114365e-10
9.481854231441504763e-11
9.734747338605290824e-11
9.291199999899339543e-11
1.023252724900217511e-10
1.047182432269775087e-10
1.094055081511181997e-10
1.176424435761779179e-10
9.312269629652078111e-11
1.207339380477816919e-10
1.171448360594478118e-10
1.567330363575840065e-10
1.168583742331550495e-10
2.258199304311840504e-10
9.299797325416512587e-11
9.807705058951496466e-11
1.146604598905058328e-10
1.051254916845473307e-10
9.374477269684828329e-11
2.064098022643382988e-10
1.120895899423674251e-10
9.509908253590434010e-11
1.292250809986662228e-10
9.237490634187630782e-11
1.412853602498950832e-10
9.360009479811994288e-11
9.194830438931017047e-11
1.484845360995092027e-10
9.993651227739105921e-11
9.392426685721965481e-11
1.034036307097717610e-10
1.038711679145623511e-10
1.203928427075569671e-10
1.366099298776985600e-10
1.005020924780589742e-10
1.462825505042946894e-10
2.161305383659432503e-10
1.958233352966953602e-10
1.202615754001296654e-10
1.131985968593181025e-10
1.459889752037793699e-10
1.091146659470738862e-10
1.045933395928027141e-10
1.165664009187070170e-10
9.566728258307669181e-11
1.210420609290303562e-10
1.690689613597757761e-10
1.484677258230190449e-10
2.285063927910239591e-10
2.259905061158019328e-10
9.454871670400165257e-11
9.636266211435312094e-11
1.110490605419481424e-10
1.007397243572366252e-10
1.041737609179672001e-10
1.108393211288124207e-10
9.324019534917313343e-11
1.085921926021058619e-10
2.018823276445008867e-10
1.281649225815331070e-10
1.115661244001895998e-10
9.493594449845154904e-11
9.584425021674947015e-11
9.782251015031945434e-11
9.981927113708344396e-11
1.199229190258924555e-10
1.633055833261746014e-10
1.642044302959732079e-10
1.032019965561121348e-10
1.403379926792919451e-10
1.068568652215111870e-10
1.033004299858057979e-10
1.107469146240270391e-10
1.295617819529150677e-10
9.565815926384471374e-11
1.245435393539114203e-10
1.298293401591294514e-10
1.246073351849146132e-10
1.228984399694962814e-10
9.575737380849755223e-11
1.073232992356490308e-10
1.024245909892645407e-10
