Fracture Radii List After Isolated Fracture and Cluster Removal
Format: xRadius yRadius Family# (-2 = userPolygon, -1 = userRectangle, 0 = userEllipse, > 0 is family in order of famProb)
32.6565 32.6565 2
68.3938 68.3938 2
30.2103 30.2103 3
43.4707 43.4707 3
39.5645 39.5645 3
32.14 32.14 2
32.4705 32.4705 1
34.965 34.965 3
37.0331 37.0331 3
118.964 118.964 1
32.8546 32.8546 2
32.398 32.398 3
86.0683 86.0683 3
37.357 37.357 1
42.339 42.339 3
44.3294 44.3294 3
98.0736 98.0736 3
33.5714 33.5714 1
229.525 229.525 2
33.3722 33.3722 1
56.7833 56.7833 2
76.9478 76.9478 3
39.444 39.444 3
35.764 35.764 3
33.0864 33.0864 3
66.5593 66.5593 1
39.011 39.011 3
62.7409 62.7409 1
33.3281 33.3281 2
63.4583 63.4583 3
38.2603 38.2603 1
30.5818 30.5818 1
39.8261 39.8261 3
39.9516 39.9516 3
70.1165 70.1165 1
64.4349 64.4349 3
49.0537 49.0537 3
31.6831 31.6831 1
35.3365 35.3365 3
47.5819 47.5819 2
31.7997 31.7997 1
48.9696 48.9696 2
31.1051 31.1051 1
34.9795 34.9795 2
33.5539 33.5539 3
62.9229 62.9229 1
32.0856 32.0856 3
50.6925 50.6925 2
38.6541 38.6541 2
88.2679 88.2679 1
43.9169 43.9169 3
47.6382 47.6382 2
33.7754 33.7754 1
38.4253 38.4253 2
41.9968 41.9968 2
43.5331 43.5331 3
42.8878 42.8878 2
42.0397 42.0397 3
41.1244 41.1244 1
37.7973 37.7973 1
32.0842 32.0842 3
35.4258 35.4258 2
186.265 186.265 1
59.2781 59.2781 3
71.1267 71.1267 3
61.5739 61.5739 2
137.92 137.92 3
32.8875 32.8875 3
38.9074 38.9074 2
48.169 48.169 2
42.3727 42.3727 3
80.2832 80.2832 2
45.0211 45.0211 2
57.9823 57.9823 3
35.8627 35.8627 3
44.6467 44.6467 2
30.8801 30.8801 3
34.6797 34.6797 3
100.437 100.437 2
99.3853 99.3853 1
74.9385 74.9385 3
37.5773 37.5773 3
47.9641 47.9641 3
130.576 130.576 1
37.9378 37.9378 1
36.0168 36.0168 3
52.8941 52.8941 2
69.1889 69.1889 3
190.151 190.151 1
36.6899 36.6899 3
41.586 41.586 2
35.4846 35.4846 3
77.8814 77.8814 3
200.426 200.426 3
38.2715 38.2715 3
30.1701 30.1701 1
45.5784 45.5784 1
66.3322 66.3322 3
54.9497 54.9497 1
32.1566 32.1566 3
30.0256 30.0256 3
119.219 119.219 3
30.3704 30.3704 1
34.5858 34.5858 3
31.9011 31.9011 3
44.717 44.717 2
32.6358 32.6358 1
39.2444 39.2444 3
48.443 48.443 3
37.3096 37.3096 1
130.51 130.51 1
34.1581 34.1581 1
42.788 42.788 1
37.8457 37.8457 2
33.3607 33.3607 1
37.5201 37.5201 2
64.8181 64.8181 3
45.572 45.572 2
30.3645 30.3645 3
30.1551 30.1551 1
32.2548 32.2548 3
73.7091 73.7091 2
30.8253 30.8253 3
37.5894 37.5894 3
45.7909 45.7909 3
31.5994 31.5994 3
34.8696 34.8696 2
84.7084 84.7084 3
47.163 47.163 2
30.5551 30.5551 3
60.5981 60.5981 3
32.158 32.158 2
34.6514 34.6514 1
46.8793 46.8793 1
32.2628 32.2628 3
31.9162 31.9162 3
36.7477 36.7477 3
33.1577 33.1577 1
53.956 53.956 3
57.6627 57.6627 2
75.6896 75.6896 1
30.382 30.382 1
75.9351 75.9351 2
44.295 44.295 2
57.2639 57.2639 3
40.4825 40.4825 1
82.7698 82.7698 1
55.7937 55.7937 3
96.1982 96.1982 3
32.5134 32.5134 2
67.8278 67.8278 3
39.438 39.438 3
35.051 35.051 1
68.0879 68.0879 2
32.5183 32.5183 3
49.3592 49.3592 3
41.9833 41.9833 3
106.933 106.933 3
81.5921 81.5921 3
51.0662 51.0662 3
32.8173 32.8173 3
51.825 51.825 2
42.5695 42.5695 2
50.593 50.593 1
105.654 105.654 3
66.9372 66.9372 2
57.2953 57.2953 2
32.3537 32.3537 3
40.8172 40.8172 3
60.1871 60.1871 1
31.0952 31.0952 2
44.0339 44.0339 3
32.3024 32.3024 1
60.8061 60.8061 2
33.0203 33.0203 1
154.577 154.577 2
145.161 145.161 2
30.1234 30.1234 1
43.6081 43.6081 3
32.0019 32.0019 3
48.6276 48.6276 3
31.2119 31.2119 3
63.7317 63.7317 2
31.5333 31.5333 3
35.7057 35.7057 1
43.6566 43.6566 3
139.982 139.982 3
46.9106 46.9106 3
36.3996 36.3996 3
46.7557 46.7557 3
37.0328 37.0328 2
33.7236 33.7236 1
31.877 31.877 1
33.5767 33.5767 2
38.0719 38.0719 3
156.177 156.177 2
67.5238 67.5238 2
40.8375 40.8375 1
226.882 226.882 3
34.3836 34.3836 3
153.303 153.303 3
52.0756 52.0756 3
32.7944 32.7944 2
36.0776 36.0776 2
34.0761 34.0761 2
89.0809 89.0809 2
53.9793 53.9793 1
48.3104 48.3104 3
38.3832 38.3832 3
30.6706 30.6706 2
32.4692 32.4692 2
210.168 210.168 3
42.8098 42.8098 1
30.0073 30.0073 3
32.6596 32.6596 1
32.5462 32.5462 3
34.9257 34.9257 1
72.543 72.543 1
38.0941 38.0941 1
39.6673 39.6673 3
69.8749 69.8749 2
63.6588 63.6588 2
36.9638 36.9638 3
38.5419 38.5419 1
43.1847 43.1847 3
34.8732 34.8732 3
45.0112 45.0112 3
43.312 43.312 1
36.0741 36.0741 3
30.3759 30.3759 1
110.263 110.263 3
38.113 38.113 2
61.6388 61.6388 3
46.0131 46.0131 1
280.247 280.247 1
55.4819 55.4819 3
35.0105 35.0105 3
30.6172 30.6172 1
39.3674 39.3674 3
42.0404 42.0404 3
42.4381 42.4381 2
49.2951 49.2951 3
35.9839 35.9839 3
105.92 105.92 2
45.8189 45.8189 2
31.0111 31.0111 3
39.6511 39.6511 2
32.8715 32.8715 2
31.4136 31.4136 1
33.7695 33.7695 3
44.6653 44.6653 1
52.0963 52.0963 3
61.7425 61.7425 3
48.5889 48.5889 1
80.8896 80.8896 3
164.411 164.411 1
100.253 100.253 2
66.574 66.574 3
54.3435 54.3435 3
31.9631 31.9631 3
85.436 85.436 3
49.101 49.101 2
59.2289 59.2289 3
45.9532 45.9532 2
52.4953 52.4953 1
33.1025 33.1025 1
49.1728 49.1728 3
45.403 45.403 3
32.012 32.012 1
35.5864 35.5864 3
40.4642 40.4642 2
41.9956 41.9956 3
39.6992 39.6992 2
77.412 77.412 2
39.1128 39.1128 3
30.6991 30.6991 2
31.1514 31.1514 1
32.2099 32.2099 3
144.818 144.818 3
32.921 32.921 2
72.4613 72.4613 1
36.7055 36.7055 3
41.8732 41.8732 1
30.6834 30.6834 2
44.5884 44.5884 1
30.5039 30.5039 3
34.9305 34.9305 3
48.7417 48.7417 1
54.841 54.841 1
33.2572 33.2572 1
65.8823 65.8823 3
89.3805 89.3805 3
73.32 73.32 3
37.0922 37.0922 2
35.2439 35.2439 2
52.8012 52.8012 1
31.1628 31.1628 3
42.4876 42.4876 3
125.163 125.163 1
32.1475 32.1475 2
37.7642 37.7642 3
97.908 97.908 2
33.1687 33.1687 1
97.2091 97.2091 2
56.6172 56.6172 3
65.6032 65.6032 1
43.6632 43.6632 3
87.3705 87.3705 2
31.8021 31.8021 3
36.831 36.831 3
31.0407 31.0407 3
34.3341 34.3341 1
50.5137 50.5137 3
150.41 150.41 3
37.8993 37.8993 3
40.3368 40.3368 3
54.0557 54.0557 3
78.4158 78.4158 3
37.9252 37.9252 2
57.9666 57.9666 2
117.929 117.929 3
45.9783 45.9783 1
41.2588 41.2588 2
31.2789 31.2789 2
36.0178 36.0178 3
79.1354 79.1354 1
185.285 185.285 3
49.2833 49.2833 3
32.049 32.049 3
60.7868 60.7868 3
42.5932 42.5932 3
34.9174 34.9174 3
39.5783 39.5783 3
61.5249 61.5249 3
48.295 48.295 2
112.771 112.771 3
58.5299 58.5299 3
38.3683 38.3683 3
31.4015 31.4015 1
36.7372 36.7372 3
79.0257 79.0257 3
38.9784 38.9784 3
62.0374 62.0374 3
44.813 44.813 1
36.3365 36.3365 1
31.3487 31.3487 1
59.3225 59.3225 2
35.1047 35.1047 1
49.6636 49.6636 3
30.4587 30.4587 2
59.6547 59.6547 2
45.9084 45.9084 1
74.5378 74.5378 2
98.7385 98.7385 3
30.3778 30.3778 3
54.5469 54.5469 3
32.1104 32.1104 2
40.2268 40.2268 3
55.3327 55.3327 2
30.1533 30.1533 3
62.1749 62.1749 2
30.0698 30.0698 3
105.389 105.389 2
39.3677 39.3677 3
56.5404 56.5404 3
44.654 44.654 3
41.2334 41.2334 2
65.7306 65.7306 2
84.9109 84.9109 1
31.8246 31.8246 1
42.9039 42.9039 2
80.371 80.371 2
30.1877 30.1877 1
78.6784 78.6784 2
48.6465 48.6465 3
88.9153 88.9153 1
68.5018 68.5018 3
45.3392 45.3392 2
231.389 231.389 3
30.4763 30.4763 3
46.5725 46.5725 2
49.4531 49.4531 2
33.273 33.273 3
167.7 167.7 3
30.7818 30.7818 2
31.5446 31.5446 2
42.9356 42.9356 3
133.517 133.517 1
48.8729 48.8729 2
37.036 37.036 3
56.9346 56.9346 1
38.2669 38.2669 3
46.2921 46.2921 3
30.4099 30.4099 2
62.5984 62.5984 1
60.6295 60.6295 3
45.6158 45.6158 3
80.4043 80.4043 3
31.389 31.389 2
40.2394 40.2394 1
41.0802 41.0802 1
45.5039 45.5039 1
32.668 32.668 3
31.2705 31.2705 2
31.4385 31.4385 2
51.7305 51.7305 2
40.9434 40.9434 1
42.0274 42.0274 2
65.4251 65.4251 3
40.7303 40.7303 1
30.4526 30.4526 3
99.0346 99.0346 3
81.2052 81.2052 2
67.0175 67.0175 1
36.8045 36.8045 3
32.8566 32.8566 3
94.7527 94.7527 3
162.369 162.369 3
33.6724 33.6724 3
30.4019 30.4019 3
62.4135 62.4135 3
40.6679 40.6679 2
40.2532 40.2532 1
32.9978 32.9978 1
30.8458 30.8458 3
31.7948 31.7948 3
35.4373 35.4373 2
32.1411 32.1411 3
43.2183 43.2183 1
49.8461 49.8461 2
46.0525 46.0525 3
32.6075 32.6075 3
32.2833 32.2833 2
31.9067 31.9067 1
261.469 261.469 3
38.6808 38.6808 1
40.5999 40.5999 3
150.175 150.175 3
37.916 37.916 2
33.7894 33.7894 3
57.1044 57.1044 1
44.2914 44.2914 3
45.2457 45.2457 3
66.4196 66.4196 3
32.4405 32.4405 1
36.6316 36.6316 3
48.1169 48.1169 1
35.3849 35.3849 3
79 79 1
30.4933 30.4933 2
42.2999 42.2999 2
59.6528 59.6528 3
205.189 205.189 3
39.9098 39.9098 2
40.8685 40.8685 3
40.413 40.413 3
31.1784 31.1784 3
39.3306 39.3306 3
41.9583 41.9583 3
55.6038 55.6038 3
69.3785 69.3785 1
34.8398 34.8398 3
32.1271 32.1271 2
38.8446 38.8446 3
35.7981 35.7981 2
46.0322 46.0322 2
30.861 30.861 3
32.7426 32.7426 3
32.6034 32.6034 3
45.0399 45.0399 1
30.5406 30.5406 3
76.2757 76.2757 2
33.3109 33.3109 2
30.751 30.751 2
30.9828 30.9828 2
35.2705 35.2705 2
40.8834 40.8834 1
31.3651 31.3651 1
32.4051 32.4051 3
31.8576 31.8576 1
33.3525 33.3525 3
93.4818 93.4818 1
64.7095 64.7095 1
78.7136 78.7136 2
33.11 33.11 1
49.2713 49.2713 3
40.6713 40.6713 1
34.3032 34.3032 1
33.189 33.189 3
79.1783 79.1783 3
35.2033 35.2033 2
173.617 173.617 1
36.9444 36.9444 1
34.4809 34.4809 2
39.6062 39.6062 3
76.8424 76.8424 2
33.2984 33.2984 3
36.1899 36.1899 1
47.8438 47.8438 1
69.3211 69.3211 3
34.4689 34.4689 3
37.3908 37.3908 3
38.4679 38.4679 3
73.8686 73.8686 2
31.044 31.044 3
56.1561 56.1561 1
40.5643 40.5643 3
240.31 240.31 2
70.8213 70.8213 3
43.041 43.041 1
49.9942 49.9942 1
51.0515 51.0515 3
59.1329 59.1329 1
30.7195 30.7195 3
32.006 32.006 2
31.3415 31.3415 3
59.1793 59.1793 2
62.9122 62.9122 3
37.8918 37.8918 3
31.1604 31.1604 1
31.9248 31.9248 1
31.2715 31.2715 1
40.6556 40.6556 1
43.4114 43.4114 2
31.2004 31.2004 2
96.1167 96.1167 3
33.7038 33.7038 3
30.9246 30.9246 3
70.2161 70.2161 3
43.0311 43.0311 3
103.349 103.349 3
62.3444 62.3444 3
59.7945 59.7945 2
61.3371 61.3371 3
70.8274 70.8274 3
90.8064 90.8064 3
45.5797 45.5797 3
49.1614 49.1614 1
30.5868 30.5868 2
34.8862 34.8862 1
39.0241 39.0241 2
40.7825 40.7825 2
44.1206 44.1206 3
83.6662 83.6662 1
31.8858 31.8858 1
41.0871 41.0871 3
59.7982 59.7982 2
37.091 37.091 2
44.5631 44.5631 1
53.6806 53.6806 2
34.5223 34.5223 3
123.065 123.065 2
34.8417 34.8417 3
34.5794 34.5794 1
35.2876 35.2876 3
63.0703 63.0703 2
63.6087 63.6087 3
30.3423 30.3423 3
36.9529 36.9529 3
36.8208 36.8208 3
36.2615 36.2615 2
36.4819 36.4819 3
57.326 57.326 1
35.145 35.145 1
242.719 242.719 3
34.1315 34.1315 3
33.1817 33.1817 2
60.0377 60.0377 3
30.0109 30.0109 2
49.1005 49.1005 2
75.0209 75.0209 1
36.8988 36.8988 2
40.5196 40.5196 2
48.0988 48.0988 2
30.704 30.704 3
37.8503 37.8503 3
30.3316 30.3316 3
33.11 33.11 3
33.3192 33.3192 2
42.2821 42.2821 2
35.9528 35.9528 3
30.2343 30.2343 1
33.8628 33.8628 3
95.9134 95.9134 3
36.2425 36.2425 3
31.9229 31.9229 3
30.7317 30.7317 3
38.6771 38.6771 3
53.0676 53.0676 2
33.0383 33.0383 3
31.7734 31.7734 2
47.4622 47.4622 3
44.1511 44.1511 1
96.9816 96.9816 2
34.3367 34.3367 2
33.0959 33.0959 2
46.6184 46.6184 3
387.072 387.072 3
54.858 54.858 3
40.121 40.121 3
56.0232 56.0232 1
34.5251 34.5251 3
38.5469 38.5469 3
43.8027 43.8027 1
43.7612 43.7612 2
30.165 30.165 3
54.7741 54.7741 3
75.5689 75.5689 3
41.7371 41.7371 3
56.3625 56.3625 1
45.854 45.854 2
49.4408 49.4408 2
34.5437 34.5437 2
32.5264 32.5264 3
43.8531 43.8531 3
35.399 35.399 1
30.8346 30.8346 2
34.4544 34.4544 2
32.3134 32.3134 3
42.8218 42.8218 2
30.3808 30.3808 2
47.3677 47.3677 2
49.4563 49.4563 2
158.673 158.673 2
49.1898 49.1898 2
39.2979 39.2979 2
37.4434 37.4434 2
53.7137 53.7137 1
40.9051 40.9051 3
122.287 122.287 1
35.1526 35.1526 3
32.0567 32.0567 2
91.0054 91.0054 3
33.9929 33.9929 1
33.3684 33.3684 2
32.8653 32.8653 3
34.7665 34.7665 3
42.2799 42.2799 1
59.9788 59.9788 3
38.8104 38.8104 3
93.1301 93.1301 2
56.7524 56.7524 2
45.3184 45.3184 1
31.8516 31.8516 3
48.5161 48.5161 2
47.2592 47.2592 3
30.6363 30.6363 2
40.6253 40.6253 2
99.2766 99.2766 1
35.3653 35.3653 3
38.585 38.585 1
61.0087 61.0087 1
44.2973 44.2973 1
30.2641 30.2641 3
35.6585 35.6585 1
50.3902 50.3902 1
84.8299 84.8299 1
31.2031 31.2031 3
32.4522 32.4522 3
108.466 108.466 3
45.4939 45.4939 3
94.1122 94.1122 1
76.9775 76.9775 1
35.9623 35.9623 2
47.5744 47.5744 3
31.5733 31.5733 3
40.1594 40.1594 3
33.6175 33.6175 1
32.5096 32.5096 2
52.3379 52.3379 3
31.6259 31.6259 1
60.934 60.934 3
39.6232 39.6232 1
32.2972 32.2972 3
62.5827 62.5827 3
33.0014 33.0014 2
39.1944 39.1944 3
32.0615 32.0615 1
64.8657 64.8657 1
37.0149 37.0149 1
41.1518 41.1518 3
34.8944 34.8944 1
100.474 100.474 1
32.2252 32.2252 3
81.8681 81.8681 3
41.8919 41.8919 1
32.8285 32.8285 3
37.0906 37.0906 2
92.3123 92.3123 3
32.4144 32.4144 3
58.249 58.249 3
40.7123 40.7123 3
60.3333 60.3333 1
154.094 154.094 1
36.9169 36.9169 1
35.1915 35.1915 3
89.7337 89.7337 3
38.7215 38.7215 1
35.9337 35.9337 3
30.3803 30.3803 3
59.8911 59.8911 3
48.1621 48.1621 3
36.8408 36.8408 3
39.0865 39.0865 3
44.4058 44.4058 1
40.6946 40.6946 1
38.8492 38.8492 3
43.4381 43.4381 3
36.756 36.756 3
33.1938 33.1938 3
34.2337 34.2337 3
35.6702 35.6702 2
31.8061 31.8061 3
38.8659 38.8659 1
78.6534 78.6534 3
33.9421 33.9421 2
114.032 114.032 3
41.1901 41.1901 3
47.1991 47.1991 3
48.1789 48.1789 3
62.6898 62.6898 3
39.4331 39.4331 3
49.8962 49.8962 3
81.2147 81.2147 1
58.6501 58.6501 3
36.1722 36.1722 2
126.966 126.966 2
44.5987 44.5987 2
57.5922 57.5922 3
51.3948 51.3948 3
30.0228 30.0228 3
62.0436 62.0436 2
36.9752 36.9752 1
38.962 38.962 2
30.0316 30.0316 3
92.0254 92.0254 1
87.9928 87.9928 1
32.5379 32.5379 3
34.1422 34.1422 3
30.3251 30.3251 2
56.3126 56.3126 3
63.3905 63.3905 2
32.2088 32.2088 3
60.6567 60.6567 3
42.1123 42.1123 1
31.747 31.747 2
52.5508 52.5508 3
31.0618 31.0618 3
39.7777 39.7777 3
35.777 35.777 2
36.6128 36.6128 3
67.2767 67.2767 3
65.5027 65.5027 2
38.6005 38.6005 2
30.962 30.962 2
36.2359 36.2359 2
43.802 43.802 1
79.9006 79.9006 2
77.4542 77.4542 1
38.8532 38.8532 2
231.538 231.538 3
30.2515 30.2515 2
56.3285 56.3285 2
60.6338 60.6338 1
37.0018 37.0018 3
135.844 135.844 1
32.7206 32.7206 3
93.3168 93.3168 2
31.2112 31.2112 3
31.5131 31.5131 1
43.3654 43.3654 3
68.2425 68.2425 3
84.2231 84.2231 3
55.2815 55.2815 2
86.4721 86.4721 1
36.4365 36.4365 2
31.4079 31.4079 2
32.033 32.033 3
34.7169 34.7169 3
40.7511 40.7511 2
34.1952 34.1952 1
31.7025 31.7025 1
33.1625 33.1625 3
82.0158 82.0158 3
69.9514 69.9514 1
37.2512 37.2512 3
106.498 106.498 3
31.7544 31.7544 3
46.1065 46.1065 3
43.1334 43.1334 3
36.5956 36.5956 3
96.5878 96.5878 3
33.3277 33.3277 3
65.1998 65.1998 2
157.842 157.842 2
52.8024 52.8024 2
30.0606 30.0606 2
34.2575 34.2575 3
156.195 156.195 3
50.1671 50.1671 3
34.2813 34.2813 3
32.1244 32.1244 3
45.4038 45.4038 1
37.5522 37.5522 3
46.7372 46.7372 3
59.9596 59.9596 3
35.1353 35.1353 2
49.8666 49.8666 3
31.3519 31.3519 3
49.3363 49.3363 3
37.22 37.22 1
41.8375 41.8375 3
58.5637 58.5637 3
47.4388 47.4388 3
43.3375 43.3375 3
172.404 172.404 1
41.4254 41.4254 1
42.1796 42.1796 1
31.5469 31.5469 1
72.6645 72.6645 3
48.9556 48.9556 2
35.3704 35.3704 3
40.441 40.441 3
34.9322 34.9322 2
39.8318 39.8318 1
38.1908 38.1908 3
53.695 53.695 2
128.318 128.318 2
35.1685 35.1685 2
51.969 51.969 3
47.3219 47.3219 1
47.3184 47.3184 1
32.5325 32.5325 3
31.0516 31.0516 2
31.8034 31.8034 2
78.9441 78.9441 3
91.648 91.648 2
53.867 53.867 2
33.0183 33.0183 3
45.3103 45.3103 3
42.0476 42.0476 1
34.7503 34.7503 3
66.919 66.919 2
49.4812 49.4812 2
34.2303 34.2303 3
54.3972 54.3972 3
97.3565 97.3565 1
88.4628 88.4628 2
35.0501 35.0501 2
42.0336 42.0336 2
31.8039 31.8039 2
30.1732 30.1732 1
31.514 31.514 3
67.3825 67.3825 3
58.0386 58.0386 1
44.3913 44.3913 3
43.7634 43.7634 3
34.8113 34.8113 3
50.5766 50.5766 2
43.8219 43.8219 3
34.2689 34.2689 2
45.6476 45.6476 3
66.7934 66.7934 2
94.0158 94.0158 2
41.936 41.936 3
35.5646 35.5646 3
30.0663 30.0663 3
41.9496 41.9496 2
111.306 111.306 2
34.0299 34.0299 3
34.3536 34.3536 3
34.2921 34.2921 1
50.8098 50.8098 3
33.1937 33.1937 2
63.9734 63.9734 1
110.549 110.549 3
52.2297 52.2297 3
77.8453 77.8453 3
36.0254 36.0254 3
43.8487 43.8487 3
66.232 66.232 3
35.9514 35.9514 1
42.0504 42.0504 3
34.5016 34.5016 1
52.1743 52.1743 1
52.2433 52.2433 3
31.7936 31.7936 1
30.2526 30.2526 2
71.4044 71.4044 3
31.2191 31.2191 2
36.088 36.088 3
44.5777 44.5777 3
35.0516 35.0516 1
37.7463 37.7463 3
56.9258 56.9258 2
41.72 41.72 2
97.5249 97.5249 3
31.1507 31.1507 1
49.0616 49.0616 1
32.1233 32.1233 2
35.1642 35.1642 3
32.9378 32.9378 2
31.2647 31.2647 3
45.1855 45.1855 2
43.1917 43.1917 2
57.1205 57.1205 3
33.8149 33.8149 2
44.2548 44.2548 3
74.5521 74.5521 1
31.1632 31.1632 1
32.1369 32.1369 3
57.9445 57.9445 1
48.7665 48.7665 1
79.9233 79.9233 1
139.148 139.148 2
32.1412 32.1412 3
39.8438 39.8438 2
34.5714 34.5714 3
46.4163 46.4163 2
30.6942 30.6942 2
50.3626 50.3626 3
37.5708 37.5708 3
31.5871 31.5871 1
40.5755 40.5755 3
70.7517 70.7517 1
79.0885 79.0885 3
38.5394 38.5394 3
35.0457 35.0457 2
35.7627 35.7627 3
39.795 39.795 1
93.1223 93.1223 1
39.9557 39.9557 3
30.1177 30.1177 3
43.7981 43.7981 1
55.4977 55.4977 3
44.0812 44.0812 3
33.8633 33.8633 3
43.6969 43.6969 3
37.6874 37.6874 2
33.1402 33.1402 2
41.622 41.622 2
31.2778 31.2778 1
37.8482 37.8482 2
31.4893 31.4893 1
30.8256 30.8256 2
49.074 49.074 3
84.147 84.147 3
35.2095 35.2095 2
82.7982 82.7982 3
37.6003 37.6003 3
38.3159 38.3159 3
71.9572 71.9572 2
40.1354 40.1354 1
42.7402 42.7402 1
43.1208 43.1208 2
46.5084 46.5084 2
35.9935 35.9935 2
36.4992 36.4992 1
30.256 30.256 3
48.0895 48.0895 3
52.4632 52.4632 3
33.2776 33.2776 2
32.1518 32.1518 3
35.6637 35.6637 1
56.7839 56.7839 2
51.5243 51.5243 2
30.5565 30.5565 1
77.3956 77.3956 3
60.7135 60.7135 3
38.4806 38.4806 3
31.6913 31.6913 2
70.4238 70.4238 3
35.0728 35.0728 3
34.4323 34.4323 2
446.12 446.12 2
36.6531 36.6531 1
31.1418 31.1418 2
30.293 30.293 2
91.4052 91.4052 2
35.0816 35.0816 2
48.1861 48.1861 1
63.8069 63.8069 1
119.445 119.445 3
37.5458 37.5458 3
44.3958 44.3958 3
35.7326 35.7326 2
35.9527 35.9527 3
33.2703 33.2703 3
60.6253 60.6253 2
33.5038 33.5038 2
34.617 34.617 1
33.6785 33.6785 3
51.1517 51.1517 1
33.0679 33.0679 3
33.1106 33.1106 2
50.016 50.016 2
120.567 120.567 2
33.1817 33.1817 3
37.6362 37.6362 3
32.7209 32.7209 3
45.3262 45.3262 3
31.5043 31.5043 3
51.4304 51.4304 1
54.7148 54.7148 3
97.153 97.153 3
37.2889 37.2889 1
92.5645 92.5645 3
52.0135 52.0135 3
32.3681 32.3681 3
160.825 160.825 2
36.824 36.824 3
31.0517 31.0517 1
53.8853 53.8853 3
45.0273 45.0273 3
72.962 72.962 2
46.3589 46.3589 2
31.284 31.284 1
147.731 147.731 3
31.5996 31.5996 1
33.9367 33.9367 3
191.59 191.59 3
82.3385 82.3385 1
44.3811 44.3811 3
126.343 126.343 3
47.7439 47.7439 3
43.0531 43.0531 1
107.339 107.339 3
45.2355 45.2355 3
48.8382 48.8382 2
40.723 40.723 3
36.1146 36.1146 3
30.4717 30.4717 3
99.7017 99.7017 1
57.1698 57.1698 2
33.288 33.288 2
50.7838 50.7838 3
46.3214 46.3214 3
42.8184 42.8184 1
31.6253 31.6253 3
40.0802 40.0802 2
33.8536 33.8536 1
45.7251 45.7251 3
43.7774 43.7774 2
50.0511 50.0511 2
30.2143 30.2143 1
43.4848 43.4848 3
31.245 31.245 1
118.725 118.725 3
42.7627 42.7627 3
120.303 120.303 3
118.888 118.888 3
52.6781 52.6781 2
68.2027 68.2027 2
36.0942 36.0942 2
36.6889 36.6889 3
44.0403 44.0403 3
56.4313 56.4313 1
30.1721 30.1721 3
36.5723 36.5723 3
43.5656 43.5656 1
33.775 33.775 3
43.8981 43.8981 3
103.73 103.73 3
36.6113 36.6113 1
92.1524 92.1524 3
135.658 135.658 1
46.3092 46.3092 1
34.9742 34.9742 3
38.6385 38.6385 3
35.9162 35.9162 1
48.5222 48.5222 2
56.79 56.79 2
36.8873 36.8873 2
68.9357 68.9357 3
45.6964 45.6964 3
30.4544 30.4544 3
36.452 36.452 3
39.4066 39.4066 1
117.002 117.002 3
31.0754 31.0754 3
43.755 43.755 1
34.0457 34.0457 3
57.9287 57.9287 2
36.7093 36.7093 3
47.0715 47.0715 3
95.5078 95.5078 3
45.0212 45.0212 3
44.5241 44.5241 3
32.0939 32.0939 3
34.7329 34.7329 3
270.423 270.423 1
45.1523 45.1523 3
48.1072 48.1072 3
34.0732 34.0732 3
32.2878 32.2878 3
138.64 138.64 3
33.8373 33.8373 2
46.7103 46.7103 3
43.1212 43.1212 2
44.2671 44.2671 3
56.865 56.865 3
50.0729 50.0729 3
53.3635 53.3635 3
53.0138 53.0138 2
203.065 203.065 3
66.0477 66.0477 3
53.9727 53.9727 1
48.2042 48.2042 2
45.762 45.762 3
47.5315 47.5315 3
35.0239 35.0239 2
30.3936 30.3936 1
39.3922 39.3922 3
31.4139 31.4139 1
55.5454 55.5454 3
30.835 30.835 2
34.0783 34.0783 2
40.164 40.164 3
51.6249 51.6249 2
53.7162 53.7162 3
44.5018 44.5018 3
67.737 67.737 3
32.5879 32.5879 2
32.8118 32.8118 3
32.1971 32.1971 2
56.485 56.485 3
62.0032 62.0032 2
81.5161 81.5161 3
30.1573 30.1573 1
81.2229 81.2229 3
40.6334 40.6334 2
105.975 105.975 1
50.9906 50.9906 3
33.0859 33.0859 3
142.663 142.663 3
30.4844 30.4844 2
44.1181 44.1181 3
61.6858 61.6858 2
46.2722 46.2722 3
231.902 231.902 3
30.1778 30.1778 2
101.941 101.941 2
76.4489 76.4489 3
33.4033 33.4033 3
33.9329 33.9329 3
227.547 227.547 3
99.4817 99.4817 1
45.8624 45.8624 3
124.324 124.324 1
32.2689 32.2689 3
36.7099 36.7099 3
31.6759 31.6759 1
33.4975 33.4975 3
33.0995 33.0995 3
54.2155 54.2155 3
37.1553 37.1553 3
76.1114 76.1114 3
55.4468 55.4468 3
56.6583 56.6583 3
120.864 120.864 3
53.1993 53.1993 1
41.7671 41.7671 3
32.6884 32.6884 3
46.442 46.442 1
34.0461 34.0461 1
48.9038 48.9038 3
31.3198 31.3198 1
32.6625 32.6625 3
33.9208 33.9208 2
33.8622 33.8622 3
37.5372 37.5372 2
32.5596 32.5596 3
42.42 42.42 3
36.7568 36.7568 3
33.1284 33.1284 3
34.8528 34.8528 1
51.5626 51.5626 2
36.7862 36.7862 2
47.8616 47.8616 3
55.8106 55.8106 3
59.7064 59.7064 3
35.6895 35.6895 1
36.8676 36.8676 1
35.1149 35.1149 2
56.369 56.369 3
114.485 114.485 2
30.3024 30.3024 3
31.082 31.082 3
35.721 35.721 3
71.6901 71.6901 1
65.4157 65.4157 3
97.2057 97.2057 2
33.7076 33.7076 2
30.1748 30.1748 2
43.2629 43.2629 3
36.4198 36.4198 1
30.2816 30.2816 2
58.2021 58.2021 2
53.1849 53.1849 2
62.6208 62.6208 1
67.7313 67.7313 3
36.1882 36.1882 1
124.092 124.092 3
41.6469 41.6469 3
42.6565 42.6565 3
30.7315 30.7315 3
33.1362 33.1362 2
63.0138 63.0138 3
72.8143 72.8143 3
35.5908 35.5908 3
147.726 147.726 1
50.1286 50.1286 1
39.4151 39.4151 3
111.827 111.827 3
33.9344 33.9344 1
37.9727 37.9727 3
31.4609 31.4609 2
32.2157 32.2157 3
71.0731 71.0731 3
285.827 285.827 1
66.92 66.92 3
33.8557 33.8557 2
30.5756 30.5756 2
102.403 102.403 2
51.0985 51.0985 3
32.7593 32.7593 3
38.3302 38.3302 3
70.1414 70.1414 3
34.2265 34.2265 1
43.2652 43.2652 1
60.8863 60.8863 3
166.41 166.41 1
37.1125 37.1125 3
156.28 156.28 3
37.8546 37.8546 3
32.219 32.219 3
36.3816 36.3816 3
140.414 140.414 3
90.9508 90.9508 1
33.7283 33.7283 1
41.6348 41.6348 1
40.5082 40.5082 2
32.1057 32.1057 3
43.9394 43.9394 2
88.2642 88.2642 2
38.6251 38.6251 1
109.267 109.267 3
62.6965 62.6965 1
35.9572 35.9572 3
51.2136 51.2136 2
52.9713 52.9713 1
45.1509 45.1509 1
38.9735 38.9735 3
64.5167 64.5167 2
101.163 101.163 3
34.6235 34.6235 3
108.837 108.837 1
33.3482 33.3482 3
48.8874 48.8874 1
32.839 32.839 3
50.9968 50.9968 3
71.6145 71.6145 2
136.27 136.27 2
32.2742 32.2742 1
60.2855 60.2855 2
34.4175 34.4175 3
67.1707 67.1707 3
142.298 142.298 3
37.7445 37.7445 3
50.4381 50.4381 3
34.7729 34.7729 3
94.547 94.547 3
39.0677 39.0677 3
41.2023 41.2023 1
60.981 60.981 2
31.0964 31.0964 3
52.4618 52.4618 1
30.3853 30.3853 1
64.7172 64.7172 3
34.9518 34.9518 3
33.2296 33.2296 3
64.0411 64.0411 3
58.3377 58.3377 3
47.8035 47.8035 3
40.2535 40.2535 2
36.6096 36.6096 2
31.4275 31.4275 1
36.2747 36.2747 3
30.3996 30.3996 2
35.8413 35.8413 2
30.1284 30.1284 2
32.8402 32.8402 3
32.8735 32.8735 3
372.646 372.646 3
40.8893 40.8893 2
30.4202 30.4202 3
37.058 37.058 2
32.1269 32.1269 3
33.0284 33.0284 2
98.6577 98.6577 2
39.0124 39.0124 3
33.4736 33.4736 3
76.0729 76.0729 3
31.0396 31.0396 3
31.5385 31.5385 1
30.8103 30.8103 3
51.2859 51.2859 2
32.6527 32.6527 2
62.4332 62.4332 3
41.6736 41.6736 3
31.708 31.708 3
34.4742 34.4742 3
35.1081 35.1081 2
44.0133 44.0133 3
58.917 58.917 3
32.07 32.07 3
75.4736 75.4736 2
32.3399 32.3399 3
31.1021 31.1021 2
52.561 52.561 3
166.996 166.996 3
61.855 61.855 3
35.7573 35.7573 3
35.3564 35.3564 3
33.861 33.861 2
37.0236 37.0236 3
37.0346 37.0346 3
31.9544 31.9544 3
52.5636 52.5636 2
68.2403 68.2403 2
52.2641 52.2641 1
85.2929 85.2929 3
33.3148 33.3148 3
30.4428 30.4428 3
40.0159 40.0159 3
48.5847 48.5847 3
53.9931 53.9931 2
44.5749 44.5749 3
169.077 169.077 2
46.2234 46.2234 3
74.7001 74.7001 1
33.7201 33.7201 1
206.195 206.195 3
45.7497 45.7497 2
43.6844 43.6844 3
141.311 141.311 3
38.4517 38.4517 2
59.2074 59.2074 1
35.2347 35.2347 1
33.4863 33.4863 3
33.107 33.107 3
57.2907 57.2907 3
99.3172 99.3172 3
30.9947 30.9947 3
37.0909 37.0909 2
30.0111 30.0111 3
57.1464 57.1464 3
323.173 323.173 1
57.179 57.179 2
32.4705 32.4705 1
41.7669 41.7669 3
111.743 111.743 3
77.2929 77.2929 2
49.0699 49.0699 3
34.4902 34.4902 3
39.8071 39.8071 2
33.3072 33.3072 2
34.6148 34.6148 2
49.0944 49.0944 3
71.6847 71.6847 3
46.8296 46.8296 2
66.4462 66.4462 3
49.6939 49.6939 3
53.8486 53.8486 3
72.2631 72.2631 1
37.4039 37.4039 3
44.7757 44.7757 2
30.6161 30.6161 3
42.4336 42.4336 3
45.9544 45.9544 2
53.6365 53.6365 3
36.5454 36.5454 3
34.4578 34.4578 2
33.2563 33.2563 2
44.0283 44.0283 1
81.3457 81.3457 2
78.3587 78.3587 1
88.365 88.365 2
43.8108 43.8108 3
32.9015 32.9015 1
44.8024 44.8024 3
73.323 73.323 3
133.565 133.565 1
47.7222 47.7222 2
37.777 37.777 2
52.8726 52.8726 1
37.1935 37.1935 2
34.1148 34.1148 3
47.7234 47.7234 3
35.7532 35.7532 2
30.7969 30.7969 2
75.1977 75.1977 3
41.6736 41.6736 3
39.2649 39.2649 1
62.4781 62.4781 3
40.2561 40.2561 3
30.7856 30.7856 2
77.5601 77.5601 1
31.4758 31.4758 3
47.7747 47.7747 3
95.5697 95.5697 3
32.7689 32.7689 3
42.4705 42.4705 1
58.4756 58.4756 2
33.2519 33.2519 2
30.336 30.336 3
43.536 43.536 2
51.2209 51.2209 2
43.0321 43.0321 3
39.1586 39.1586 1
66.5675 66.5675 2
34.0461 34.0461 3
34.4177 34.4177 2
41.913 41.913 3
41.0974 41.0974 3
36.2049 36.2049 1
38.3564 38.3564 2
53.1619 53.1619 2
39.2661 39.2661 3
157.064 157.064 3
87.2318 87.2318 3
76.1314 76.1314 3
42.8933 42.8933 3
41.7665 41.7665 3
34.2472 34.2472 3
63.8417 63.8417 2
48.4981 48.4981 3
113.348 113.348 3
38.8255 38.8255 3
51.6907 51.6907 3
40.8788 40.8788 3
38.6603 38.6603 1
50.3538 50.3538 3
32.3505 32.3505 1
42.8562 42.8562 3
43.7446 43.7446 3
41.5358 41.5358 3
34.2279 34.2279 3
116.437 116.437 3
34.9237 34.9237 2
79.2246 79.2246 3
33.3248 33.3248 2
44.8688 44.8688 3
38.8213 38.8213 3
30.7114 30.7114 2
46.3031 46.3031 3
38.6836 38.6836 3
32.5259 32.5259 1
34.0924 34.0924 1
77.6755 77.6755 3
81.8215 81.8215 2
36.1502 36.1502 2
34.0499 34.0499 2
36.2215 36.2215 3
71.7964 71.7964 1
46.0287 46.0287 2
33.7097 33.7097 2
37.5713 37.5713 2
135.444 135.444 3
77.6704 77.6704 1
40.5912 40.5912 2
115.326 115.326 3
56.8061 56.8061 3
46.0157 46.0157 2
62.029 62.029 1
42.9822 42.9822 3
44.3351 44.3351 2
43.6937 43.6937 1
38.535 38.535 1
67.9424 67.9424 2
53.0282 53.0282 2
58.2357 58.2357 2
38.6647 38.6647 3
59.0861 59.0861 2
77.1959 77.1959 3
69.7758 69.7758 3
41.5471 41.5471 2
41.8407 41.8407 3
42.9235 42.9235 1
149.82 149.82 2
44.3506 44.3506 3
37.0114 37.0114 3
37.6957 37.6957 3
46.4319 46.4319 1
59.1936 59.1936 3
49.9145 49.9145 2
36.0361 36.0361 2
32.2476 32.2476 3
50.8317 50.8317 2
44.7782 44.7782 3
31.8035 31.8035 1
34.6996 34.6996 3
30.5246 30.5246 1
30.253 30.253 2
31.482 31.482 3
62.164 62.164 3
49.6107 49.6107 2
37.9878 37.9878 3
31.5558 31.5558 1
35.2879 35.2879 3
37.3799 37.3799 1
41.2631 41.2631 2
47.6296 47.6296 3
34.1624 34.1624 3
79.3943 79.3943 3
35.6973 35.6973 3
35.1752 35.1752 1
30.3593 30.3593 1
37.4929 37.4929 2
30.3769 30.3769 1
32.6732 32.6732 2
124.113 124.113 1
30.645 30.645 1
72.9831 72.9831 2
33.4899 33.4899 3
38.5361 38.5361 3
34.5713 34.5713 1
64.3447 64.3447 1
42.9236 42.9236 3
30.1848 30.1848 1
30.8461 30.8461 2
45.1732 45.1732 3
80.1496 80.1496 3
46.0246 46.0246 1
33.679 33.679 1
39.0685 39.0685 3
70.4755 70.4755 1
34.6272 34.6272 1
76.352 76.352 2
40.039 40.039 1
43.3 43.3 3
31.2552 31.2552 3
32.3061 32.3061 2
57.0089 57.0089 2
46.2489 46.2489 3
60.176 60.176 3
31.9707 31.9707 3
52.3379 52.3379 3
30.5564 30.5564 1
89.3013 89.3013 3
34.8392 34.8392 1
31.767 31.767 3
35.0226 35.0226 2
284.184 284.184 2
46.4514 46.4514 3
54.5875 54.5875 3
82.4298 82.4298 1
47.8113 47.8113 3
77.7076 77.7076 3
32.4883 32.4883 1
30.8062 30.8062 3
42.0393 42.0393 3
41.25 41.25 1
38.9551 38.9551 3
39.4444 39.4444 3
68.5051 68.5051 3
89.6562 89.6562 3
187.668 187.668 2
121.392 121.392 3
46.7198 46.7198 3
37.035 37.035 3
49.0847 49.0847 3
32.4664 32.4664 3
34.9359 34.9359 2
30.7481 30.7481 3
39.2482 39.2482 3
34.8147 34.8147 3
51.7098 51.7098 3
32.3511 32.3511 2
71.8175 71.8175 1
31.5648 31.5648 2
56.5425 56.5425 2
30.4878 30.4878 1
114.831 114.831 1
31.9126 31.9126 3
41.7452 41.7452 3
176.101 176.101 1
36.1157 36.1157 1
30.1926 30.1926 3
30.9858 30.9858 3
61.8181 61.8181 2
53.8282 53.8282 3
34.7284 34.7284 2
49.7769 49.7769 3
39.7593 39.7593 3
40.2827 40.2827 3
62.3515 62.3515 3
151.655 151.655 3
106.444 106.444 3
30.2523 30.2523 3
33.3958 33.3958 2
51.4414 51.4414 3
67.1147 67.1147 3
84.7245 84.7245 3
42.5855 42.5855 1
37.4663 37.4663 3
38.719 38.719 3
41.2029 41.2029 3
30.5173 30.5173 1
58.9607 58.9607 1
30.1689 30.1689 2
35.4295 35.4295 1
34.8951 34.8951 3
72.6865 72.6865 3
69.3594 69.3594 3
47.1974 47.1974 3
67.6384 67.6384 2
73.317 73.317 3
41.4732 41.4732 1
52.8776 52.8776 3
79.3332 79.3332 2
279.278 279.278 3
32.2422 32.2422 2
51.9349 51.9349 3
36.9712 36.9712 3
33.4594 33.4594 1
216.306 216.306 2
44.0445 44.0445 1
38.1367 38.1367 3
42.8444 42.8444 1
32.1478 32.1478 3
51.5997 51.5997 3
50.3025 50.3025 2
57.0142 57.0142 2
48.5934 48.5934 3
37.9144 37.9144 2
49.8552 49.8552 1
36.2765 36.2765 1
214.11 214.11 3
62.625 62.625 2
36.1222 36.1222 1
33.4194 33.4194 2
57.8001 57.8001 2
39.2953 39.2953 3
31.2003 31.2003 3
49.4589 49.4589 2
130.061 130.061 3
148.364 148.364 3
109.859 109.859 3
37.2842 37.2842 3
104.419 104.419 1
35.3389 35.3389 3
35.791 35.791 1
55.0222 55.0222 2
30.1443 30.1443 3
61.6765 61.6765 1
34.1089 34.1089 3
61.8935 61.8935 3
55.4063 55.4063 3
53.8988 53.8988 3
32.0237 32.0237 1
68.3492 68.3492 3
49.8869 49.8869 1
123.714 123.714 3
31.0545 31.0545 2
30.6541 30.6541 3
31.4693 31.4693 3
45.287 45.287 1
53.3138 53.3138 1
43.8218 43.8218 3
34.1965 34.1965 1
30.5306 30.5306 1
42.4595 42.4595 3
35.4594 35.4594 2
53.3643 53.3643 2
33.3768 33.3768 3
30.0063 30.0063 1
49.049 49.049 3
54.9327 54.9327 2
37.8514 37.8514 1
30.3991 30.3991 3
60.5913 60.5913 1
56.4724 56.4724 3
109.713 109.713 2
50.211 50.211 3
43.6686 43.6686 1
45.8386 45.8386 3
74.7035 74.7035 3
47.7694 47.7694 1
43.3391 43.3391 3
48.9448 48.9448 1
53.1713 53.1713 3
30.4012 30.4012 1
93.4687 93.4687 1
47.3981 47.3981 1
32.8709 32.8709 2
37.0734 37.0734 3
44.5315 44.5315 2
41.1203 41.1203 1
54.0865 54.0865 1
43.1408 43.1408 3
38.7709 38.7709 1
33.8904 33.8904 3
49.7362 49.7362 1
33.8304 33.8304 3
36.7586 36.7586 3
41.4708 41.4708 3
37.8511 37.8511 1
48.8101 48.8101 3
30.2753 30.2753 1
31.0574 31.0574 3
34.8123 34.8123 3
40.6773 40.6773 3
30.5778 30.5778 3
46.1246 46.1246 2
45.674 45.674 3
35.5577 35.5577 1
43.7356 43.7356 3
31.1361 31.1361 1
37.2547 37.2547 3
88.8334 88.8334 3
53.2961 53.2961 3
33.8388 33.8388 3
31.4018 31.4018 1
52.1159 52.1159 3
30.2111 30.2111 3
32.2582 32.2582 3
63.3469 63.3469 3
36.1102 36.1102 3
30.4252 30.4252 1
35.3206 35.3206 3
53.3346 53.3346 2
38.296 38.296 2
33.651 33.651 3
62.5947 62.5947 1
88.167 88.167 3
31.4982 31.4982 3
52.6551 52.6551 2
33.8477 33.8477 1
59.5443 59.5443 2
47.6796 47.6796 1
33.0767 33.0767 3
45.8883 45.8883 3
32.0944 32.0944 2
54.1528 54.1528 3
34.6673 34.6673 1
54.1667 54.1667 3
36.0715 36.0715 3
94.2355 94.2355 3
69.1372 69.1372 1
66.039 66.039 3
40.2861 40.2861 3
37.9324 37.9324 3
31.8602 31.8602 3
36.7148 36.7148 3
41.3934 41.3934 2
31.1594 31.1594 2
55.507 55.507 1
70.4732 70.4732 1
52.7613 52.7613 3
81.2008 81.2008 3
77.4507 77.4507 3
38.8014 38.8014 1
36.9114 36.9114 1
41.608 41.608 2
31.1232 31.1232 3
47.4103 47.4103 1
32.7594 32.7594 1
36.0403 36.0403 1
31.0419 31.0419 3
72.6343 72.6343 3
111.101 111.101 2
30.4548 30.4548 2
42.1081 42.1081 2
41.8814 41.8814 3
56.7291 56.7291 3
31.6393 31.6393 2
37.3331 37.3331 2
57.3514 57.3514 1
48.3026 48.3026 3
59.4605 59.4605 2
32.0004 32.0004 3
43.0493 43.0493 1
33.5121 33.5121 3
39.5984 39.5984 1
30.1843 30.1843 2
63.0637 63.0637 3
40.4918 40.4918 3
47.9626 47.9626 3
47.587 47.587 3
31.8475 31.8475 2
47.9599 47.9599 1
64.4471 64.4471 2
38.4116 38.4116 2
42.2759 42.2759 1
64.4051 64.4051 3
66.99 66.99 3
39.3157 39.3157 3
52.3996 52.3996 3
31.1234 31.1234 2
40.4356 40.4356 3
113.069 113.069 3
38.9852 38.9852 3
51.0699 51.0699 3
30.1798 30.1798 3
46.8808 46.8808 2
39.13 39.13 3
34.1581 34.1581 3
49.1383 49.1383 1
105.302 105.302 3
32.7822 32.7822 3
35.6674 35.6674 2
38.2167 38.2167 2
94.9442 94.9442 3
31.7387 31.7387 3
35.9293 35.9293 3
41.9248 41.9248 3
112.591 112.591 2
37.6566 37.6566 2
30.9668 30.9668 3
46.2427 46.2427 1
38.9876 38.9876 2
30.7767 30.7767 3
48.7173 48.7173 3
32.0539 32.0539 1
55.1053 55.1053 3
47.8655 47.8655 1
55.9989 55.9989 2
31.7037 31.7037 3
30.564 30.564 3
44.6365 44.6365 3
33.3678 33.3678 3
43.6267 43.6267 3
53.0433 53.0433 3
42.7507 42.7507 3
45.7975 45.7975 3
36.6053 36.6053 3
52.1673 52.1673 2
45.5782 45.5782 1
86.6125 86.6125 3
34.8209 34.8209 1
73.1564 73.1564 3
42.5007 42.5007 3
37.0671 37.0671 2
45.4958 45.4958 2
43.4123 43.4123 3
47.528 47.528 2
48.7485 48.7485 3
67.9691 67.9691 2
40.3874 40.3874 2
38.0437 38.0437 1
30.0298 30.0298 1
37.92 37.92 3
39.2514 39.2514 1
63.1471 63.1471 3
59.6576 59.6576 1
30.4613 30.4613 3
53.1705 53.1705 2
78.9583 78.9583 2
58.6708 58.6708 1
42.991 42.991 2
39.7475 39.7475 2
43.6143 43.6143 3
57.7006 57.7006 3
30.7003 30.7003 2
32.4673 32.4673 2
33.5501 33.5501 3
45.078 45.078 2
111.942 111.942 3
35.6298 35.6298 3
51.7001 51.7001 2
31.5727 31.5727 1
40.7074 40.7074 1
59.2412 59.2412 1
31.8257 31.8257 1
31.7376 31.7376 3
35.3625 35.3625 1
32.5011 32.5011 3
34.1387 34.1387 3
32.7043 32.7043 3
33.1102 33.1102 2
65.7402 65.7402 3
71.7551 71.7551 2
33.6733 33.6733 3
43.893 43.893 2
48.6934 48.6934 3
30.3081 30.3081 3
117.963 117.963 1
99.7025 99.7025 1
55.2873 55.2873 1
82.2852 82.2852 2
47.4295 47.4295 1
31.1274 31.1274 2
42.1192 42.1192 3
77.3884 77.3884 3
34.2415 34.2415 3
45.4233 45.4233 2
42.5451 42.5451 3
47.8164 47.8164 2
33.9854 33.9854 2
37.3302 37.3302 1
55.4315 55.4315 1
37.6929 37.6929 3
50.503 50.503 3
66.5416 66.5416 1
59.611 59.611 1
32.4236 32.4236 2
47.1296 47.1296 3
37.4904 37.4904 2
36.1996 36.1996 2
41.8821 41.8821 1
44.9797 44.9797 1
36.6363 36.6363 3
31.596 31.596 2
31.2062 31.2062 2
31.4726 31.4726 1
32.2417 32.2417 3
41.7583 41.7583 2
45.6982 45.6982 3
74.0804 74.0804 3
36.7308 36.7308 2
48.5922 48.5922 1
37.0835 37.0835 3
69.7658 69.7658 3
47.4931 47.4931 3
89.994 89.994 1
46.9116 46.9116 3
50.8757 50.8757 2
428.765 428.765 2
43.7956 43.7956 3
120.476 120.476 3
33.4951 33.4951 3
33.631 33.631 2
34.5978 34.5978 3
72.5938 72.5938 3
40.9026 40.9026 3
39.8534 39.8534 3
37.0733 37.0733 2
39.8296 39.8296 2
58.4621 58.4621 3
37.4796 37.4796 2
55.715 55.715 3
58.6698 58.6698 3
43.2919 43.2919 2
38.5914 38.5914 3
39.3772 39.3772 3
44.3918 44.3918 3
33.1192 33.1192 2
48.0965 48.0965 2
42.9858 42.9858 2
96.4037 96.4037 2
31.0811 31.0811 3
68.1626 68.1626 3
63.1199 63.1199 3
75.3905 75.3905 2
32.4633 32.4633 1
41.0048 41.0048 3
35.2754 35.2754 1
65.345 65.345 3
41.3011 41.3011 3
32.1388 32.1388 2
30.7147 30.7147 1
31.6894 31.6894 1
40.816 40.816 2
40.0187 40.0187 3
60.3006 60.3006 2
31.9006 31.9006 2
33.5145 33.5145 3
30.7085 30.7085 2
36.7995 36.7995 2
38.4296 38.4296 1
41.7179 41.7179 2
47.8004 47.8004 2
30.8392 30.8392 2
50.1827 50.1827 3
47.422 47.422 3
81.8559 81.8559 1
47.2048 47.2048 3
162.341 162.341 2
30.7618 30.7618 3
33.987 33.987 2
45.5538 45.5538 3
38.7103 38.7103 2
31.2266 31.2266 1
137.165 137.165 3
43.6575 43.6575 2
32.0778 32.0778 2
57.0032 57.0032 3
30.3765 30.3765 1
67.3839 67.3839 2
31.1363 31.1363 3
30.114 30.114 1
73.965 73.965 3
35.2052 35.2052 3
31.3388 31.3388 3
37.53 37.53 2
37.8488 37.8488 3
49.9172 49.9172 3
63.2635 63.2635 2
35.5797 35.5797 3
71.9217 71.9217 3
149.526 149.526 3
124.271 124.271 3
49.8152 49.8152 2
44.4709 44.4709 2
71.6513 71.6513 3
41.5102 41.5102 2
38.3437 38.3437 3
46.9839 46.9839 3
32.4381 32.4381 3
50.4231 50.4231 2
94.3504 94.3504 2
73.9493 73.9493 3
165.981 165.981 3
162.571 162.571 3
31.7306 31.7306 2
32.8816 32.8816 2
42.9007 42.9007 2
35.7376 35.7376 3
38.0558 38.0558 2
42.7489 42.7489 3
30.9122 30.9122 3
41.1383 41.1383 3
131.578 131.578 3
56.1295 56.1295 2
43.276 43.276 2
31.9747 31.9747 2
32.5507 32.5507 2
33.8218 33.8218 3
35.1278 35.1278 2
49.5525 49.5525 3
88.4099 88.4099 3
89.3245 89.3245 3
37.3929 37.3929 3
66.5392 66.5392 3
39.9143 39.9143 3
37.4598 37.4598 3
42.6821 42.6821 3
57.282 57.282 3
32.4323 32.4323 3
53.1926 53.1926 3
57.504 57.504 3
53.2437 53.2437 3
51.8828 51.8828 3
32.4954 32.4954 3
40.2416 40.2416 3
36.8665 36.8665 3
