3.384750283995392316e-05
3.642137555668702908e-05
4.051868346023619453e-05
3.349385423690259497e-05
3.413774687397834191e-05
4.594184440612482200e-05
3.429184491714349357e-05
4.160474114831623184e-05
3.744101850926684209e-05
3.329652320707817483e-05
3.363370014464831399e-05
3.907734465152320092e-05
3.549380660626776085e-05
4.003542512860218123e-05
3.523981831432016095e-05
3.516388893367995667e-05
3.805794093824401277e-05
3.366934822224618959e-05
3.426570442331689626e-05
3.904924415451576291e-05
3.383176672941184195e-05
3.852408015209739456e-05
4.191501876772949121e-05
3.723044040532557162e-05
3.339350247870264559e-05
3.716707515190452069e-05
3.422578100451411796e-05
4.013996327923586026e-05
3.446084924807140104e-05
3.485051909366934154e-05
3.362724628122934619e-05
3.702771164443903229e-05
5.059652905903447133e-05
4.605563535864324584e-05
3.556694096234381413e-05
3.791174762863990151e-05
3.394205405298823548e-05
3.545506756738546201e-05
4.801062644845249528e-05
3.433977497335728105e-05
3.705933574295667594e-05
3.415634087694424171e-05
4.019677600515132450e-05
4.050619394710536621e-05
3.420598825802387906e-05
3.981036153141937145e-05
3.724348165332744043e-05
4.006020669578151580e-05
3.497987718059011864e-05
3.597137939463437986e-05
3.462786688469569256e-05
3.607575261171220519e-05
3.728094560911631426e-05
3.713912258386528414e-05
3.638696589623583079e-05
3.806309968611345390e-05
3.419808948559929643e-05
3.410996761339455524e-05
3.435975865115289295e-05
3.650609193469646092e-05
3.530557850288979258e-05
3.860507239112181120e-05
3.355033420385712293e-05
3.529457961556840259e-05
3.487729897666599351e-05
3.410022878954733426e-05
3.326339840971236268e-05
3.892415288061020520e-05
3.717786885916457432e-05
3.360484457539974123e-05
3.749875911002407958e-05
3.534134677975360044e-05
4.048806276060118242e-05
3.652588419615912047e-05
3.489904174814458616e-05
4.388969986491256410e-05
4.097358236900264705e-05
4.200772668387062246e-05
3.809849144103465650e-05
3.528598795656190867e-05
3.563040196265992375e-05
3.526888713935666061e-05
3.539221932505275770e-05
3.718563499565330570e-05
4.037570854901243692e-05
3.553770755955984077e-05
3.481531023927901411e-05
4.263311899146581994e-05
3.441930530103371843e-05
3.595792812801708343e-05
4.121333594189100457e-05
3.642712844416782689e-05
3.393498364703358063e-05
4.808013129013773818e-05
3.359349997827211021e-05
3.394709790604394790e-05
3.319304440079320125e-05
3.427949638636213072e-05
3.428370380979513590e-05
3.775747470416243075e-05
3.364123008455390635e-05
3.589445689634582269e-05
3.410498973196050203e-05
3.574659538297646769e-05
3.903683361805289988e-05
3.387208689851001144e-05
4.832754273049922087e-05
3.570670178180609526e-05
3.631359570435948713e-05
3.735043073777944214e-05
3.719753441569908175e-05
3.610406164256102892e-05
3.392316286519204965e-05
3.667963286272928210e-05
3.318523142365624099e-05
4.005285928783976462e-05
3.592294684118401576e-05
3.721017685374459165e-05
5.028102445808604393e-05
3.553675477579476164e-05
3.977185465035256638e-05
3.503698083955696205e-05
3.543161544477307283e-05
3.681485798806051219e-05
3.452703447962655469e-05
3.644291321837146881e-05
3.495346642791834495e-05
3.819487455079821527e-05
3.809292202589387443e-05
3.722751675498111928e-05
3.604042709261741687e-05
3.467343408822081801e-05
3.349730388864900088e-05
3.737323004482919023e-05
4.899321969164861801e-05
3.653256564060732573e-05
4.146465099037621044e-05
3.585866145683555415e-05
3.411999935780364661e-05
3.647815575395275695e-05
3.460347051073077337e-05
3.563406396144188769e-05
3.582823910697512175e-05
3.446023774082842628e-05
3.400352049010874907e-05
3.977468663309980654e-05
3.623722252965344863e-05
3.368399172575994025e-05
3.648142937276479245e-05
3.514118321327226594e-05
3.707519610498601645e-05
3.918488160855895200e-05
3.332244474601744969e-05
3.469503399044695103e-05
3.382796244655246779e-05
3.866310418402539909e-05
4.243997388666396515e-05
3.336189190413308341e-05
3.350713004004910535e-05
4.484818472895968323e-05
3.689039607415086757e-05
4.318015743991959808e-05
4.382063312024934624e-05
4.007866432585205135e-05
3.429319226987826683e-05
4.835217688343373618e-05
3.646550836006190194e-05
3.597763932582299278e-05
6.627101901198051014e-05
3.475099015901032302e-05
4.014686515847551174e-05
4.133344102713019952e-05
3.548176528620560302e-05
3.396202339398175682e-05
3.703624067983667909e-05
3.590056372624059265e-05
3.319487161277843382e-05
3.370506235922444315e-05
4.957838702280465174e-05
3.458710975786123275e-05
3.952264550302347511e-05
3.746149013940984566e-05
3.539846858008487178e-05
4.072080460999578033e-05
3.787333096460432971e-05
3.489220938372587007e-05
3.615073524911901196e-05
4.231306549420008972e-05
3.968416553201145971e-05
3.334420750138081501e-05
4.434284619416317805e-05
4.106831798454670758e-05
3.333742357818419505e-05
3.510341048921720156e-05
4.672980409159787729e-05
3.759653224324503913e-05
3.846039833872210909e-05
3.369151909174334422e-05
3.701666604312646008e-05
3.353163214834793091e-05
3.471334012022444257e-05
3.780382312430461431e-05
4.078268476352408546e-05
3.380875523843806450e-05
3.949264877310995598e-05
4.874324893561205038e-05
3.366778937165060628e-05
3.347207012795386650e-05
3.576249938952601637e-05
3.615409103735056363e-05
3.555648016898423455e-05
3.414194795437639022e-05
3.384549152841029806e-05
3.403164925916157710e-05
3.571246346501990166e-05
3.485734818667267891e-05
3.783912460490874253e-05
3.654677800946634565e-05
3.386500413375983750e-05
3.624682810612526947e-05
3.919098664613705388e-05
3.862940930407995368e-05
3.329523736271828557e-05
3.398745758787845517e-05
3.332197818162065914e-05
3.900821788280885101e-05
3.370664472899513218e-05
3.492971634278065659e-05
4.262652789911023683e-05
3.399918942570860294e-05
3.400158962970328662e-05
3.550968102965516344e-05
4.829478351043501428e-05
3.333486042182272845e-05
3.553384712951121270e-05
3.388919142555407179e-05
3.546534057232647797e-05
4.338114269645318834e-05
3.799456422936210080e-05
3.714920341712897941e-05
3.571145113678619648e-05
4.563077274926687337e-05
4.561946733780170867e-05
3.920468079276584976e-05
3.673721900220078458e-05
4.115674712640993708e-05
4.135359897921358840e-05
3.784789988580403511e-05
3.361916704448700521e-05
3.404578590699999747e-05
3.744340986321060497e-05
3.592548417920929133e-05
3.632031604828781922e-05
3.540602291604253717e-05
3.490160935508789647e-05
3.342751735118403873e-05
3.372516586624931727e-05
3.321436430047804643e-05
3.338120474852507795e-05
3.848557620051918428e-05
3.696428352915726538e-05
3.464236674828828492e-05
4.193003131930749905e-05
4.748415264850908238e-05
4.339025942276242943e-05
4.608686145009856385e-05
3.478218037647612528e-05
3.599644833546055247e-05
3.366625867066457874e-05
3.652925931187588174e-05
3.775006925045137083e-05
3.806637600980208175e-05
3.782820420605705021e-05
3.581521334332032029e-05
4.732109185530754302e-05
4.417543445350622088e-05
4.050261382592333751e-05
3.757739394242465725e-05
3.728989417681667808e-05
4.121351473296618409e-05
4.220065870502989546e-05
3.700178599975822671e-05
3.451597488629899090e-05
3.445723294560974742e-05
3.886940307478366387e-05
3.365823353213951731e-05
3.511341334543597757e-05
3.396005835927373283e-05
3.348660678624546715e-05
4.183521054670589232e-05
4.352292726635242085e-05
3.704500403469972061e-05
3.435297583220850139e-05
3.635331575546353307e-05
3.326339840971236268e-05
3.382194592167176122e-05
4.223800133126339861e-05
3.498311727559404855e-05
3.965360020160654282e-05
3.754252438022086643e-05
3.851243236659273738e-05
3.446898211511291145e-05
5.092961291366286338e-05
3.523559235457134260e-05
3.580791800657191423e-05
3.378589710665588455e-05
3.784829022497620030e-05
3.823948156533652144e-05
4.401682870993586550e-05
4.964660693133249498e-05
3.751777637527914280e-05
3.344750548801830517e-05
3.465527933273141045e-05
3.336819736935049398e-05
3.341044944682907872e-05
3.512126363377647597e-05
3.722014033109150699e-05
4.086185798038094935e-05
4.395678095133755776e-05
3.958503068792221610e-05
3.892137571133296467e-05
3.813343078287825024e-05
3.322018833233056270e-05
3.955712911341029207e-05
5.748468981072382147e-05
4.069102150349959728e-05
3.428435097968975510e-05
3.475543206778092172e-05
4.937819556195630489e-05
3.966676946873772593e-05
3.579130287705306493e-05
3.438837750168618449e-05
3.735162380693734797e-05
3.513294178726400789e-05
3.949074790508380796e-05
4.575829665660134768e-05
3.618169715810909913e-05
3.704705235521352073e-05
4.216252270796613111e-05
3.399648518945509138e-05
3.408198896276067746e-05
3.511697307738941140e-05
3.352007581509351279e-05
3.415985479557982128e-05
3.846157772115891302e-05
3.459129403306848363e-05
3.801103968726257643e-05
3.747847007801141086e-05
3.699463510515198694e-05
3.336578598852778574e-05
3.335229666163480085e-05
3.629403662073811424e-05
3.456956802609356921e-05
3.344793839328482352e-05
5.146902983882452445e-05
3.362283750039925603e-05
4.939766343769783991e-05
3.534144599751155201e-05
3.710180566121938189e-05
3.717169591368353875e-05
3.423119818528025084e-05
3.380197235223731891e-05
3.441508994703345215e-05
3.521697153469004172e-05
3.345056435501255127e-05
3.899100176359617274e-05
3.369632739305985066e-05
3.348879297960946172e-05
3.569179150605673563e-05
3.892152789910426769e-05
3.725470811881941301e-05
3.520662327983187489e-05
3.460299734725024947e-05
3.537644684531812038e-05
3.910095729234957916e-05
4.294752542574202568e-05
4.579215147886848877e-05
3.580949701615655215e-05
3.540782443953894448e-05
3.376566797843206792e-05
4.505875696943278865e-05
3.341858138768528610e-05
3.897213463402975374e-05
3.757228027607409701e-05
3.724934290034437171e-05
3.321804141505239687e-05
3.392294077029745040e-05
4.344879978548750661e-05
3.754911907673506741e-05
4.197807131569413744e-05
3.972337407050924047e-05
3.687972234624991690e-05
3.359193142876336585e-05
3.892742391533760850e-05
3.607228295582242441e-05
3.749239303923578709e-05
3.560600264744371744e-05
3.344554279086306030e-05
3.456561380633612658e-05
3.554435066293504020e-05
3.340274657719155760e-05
3.333643333201642234e-05
3.730189482303371170e-05
4.151625601475004258e-05
3.600422835057653519e-05
4.071591494239123804e-05
3.600036249675882759e-05
3.984881974939202625e-05
3.334379999084583455e-05
3.615632775372063185e-05
3.915208998025600088e-05
3.364429756129045930e-05
3.321568819068750110e-05
4.158195070059995051e-05
4.215149577162042238e-05
3.586006751892735798e-05
3.330084731806694996e-05
3.907277174960217310e-05
3.522936339970183465e-05
3.361054140424113266e-05
3.826141248551040723e-05
3.370130341203068339e-05
3.461476857491930170e-05
3.942299327106067296e-05
3.438762873156674994e-05
3.672327543095580765e-05
3.351987498791085676e-05
3.549231124885242090e-05
3.385710790599027976e-05
3.787614007462557203e-05
3.837725709822374138e-05
4.566757255374616267e-05
4.048167827177021841e-05
3.381077256507574532e-05
4.042693808378719278e-05
4.470847864075716213e-05
3.605693982871902801e-05
3.331340186112475112e-05
3.459434583390755329e-05
4.489110533306535041e-05
3.945793657353340717e-05
3.370870715434842106e-05
3.636279138194852716e-05
4.431830635772002013e-05
3.560466603389709486e-05
3.965128666059839282e-05
3.969309001511220667e-05
3.725850540914474649e-05
3.351083433803159526e-05
3.356194768990597389e-05
3.749494404037967280e-05
3.466331355209270674e-05
3.940696976949326682e-05
3.978486285475002244e-05
3.562686023766648772e-05
4.103823704770119990e-05
3.499657906700234463e-05
4.158700940473960791e-05
3.541053858799720716e-05
3.720067997618800961e-05
3.915358725205328320e-05
3.387010748068751669e-05
3.479911850253944970e-05
4.733919975715669996e-05
3.938732021206605826e-05
4.415761695571859341e-05
3.388348327088124012e-05
3.500424693950820147e-05
3.590692889671758583e-05
3.368724660572122687e-05
3.368385018961834163e-05
3.468028110864439164e-05
4.127243203578909593e-05
3.347137884458898537e-05
3.607422888937213736e-05
4.623075289498835449e-05
3.437789063737620691e-05
3.872055010012613141e-05
3.731061590169443216e-05
4.088653303522551095e-05
3.667100820127829487e-05
3.374503930847986823e-05
3.457963249242134785e-05
3.446329497868463832e-05
5.253544912392945070e-05
3.328477018609299771e-05
3.568836309918782323e-05
3.440847057719967746e-05
4.850320904073185407e-05
3.951655263720398292e-05
3.813665027973075399e-05
3.716495857463339832e-05
3.494136659766229803e-05
3.469897387612871242e-05
3.703087521619080402e-05
3.344184744261568843e-05
3.678549622388258965e-05
3.635166313482869713e-05
3.619840491666517432e-05
3.534700096984369749e-05
4.710882355574981084e-05
3.542715643719196781e-05
3.413051441216613681e-05
4.847067142219986318e-05
3.362832690104222336e-05
5.022713741363673569e-05
3.936876823638509027e-05
3.689286481806699743e-05
3.602485835992599660e-05
3.760903931738962715e-05
3.572190805868869997e-05
3.500141978995030458e-05
3.611645250028895914e-05
4.521889291667522347e-05
3.351476712734418294e-05
3.619371308486869754e-05
3.926127667285379878e-05
3.949193597708550797e-05
3.691862725588767393e-05
3.429898422845331819e-05
3.467962792742767641e-05
4.857844946604328366e-05
4.452193702008260158e-05
4.510573324912704117e-05
3.975781201398674358e-05
5.223365328631852114e-05
3.423628818649527926e-05
3.712797298850898883e-05
3.526042801900153956e-05
3.385233423146019008e-05
3.583473516979533696e-05
5.418544234610958799e-05
3.613667357316713963e-05
3.545076423627960786e-05
3.735969557518421493e-05
3.910461975295526473e-05
3.698178893953509055e-05
3.546504576759730625e-05
3.342985870184116799e-05
3.718886956984691168e-05
3.769525234715853386e-05
4.346181055172846123e-05
3.708719319596612789e-05
3.751226136049788299e-05
4.070700521108593193e-05
3.606679527516021619e-05
5.417571390332286661e-05
3.392599422465611967e-05
3.791777889712447461e-05
3.634548693183202575e-05
3.400702285299753136e-05
3.579424918009835869e-05
3.386305147450899245e-05
3.665948501616862829e-05
4.560021813037506066e-05
3.393143305286692649e-05
3.416666188691539125e-05
3.337409306542010555e-05
4.404521815821415930e-05
5.343459978856393214e-05
3.473531411220849173e-05
4.158930825641148982e-05
3.660059280265938616e-05
4.006519660109989861e-05
4.297458152446027141e-05
3.860365208350559666e-05
3.902067234754892855e-05
3.416984632493206246e-05
3.477629593451072286e-05
3.508214101093527624e-05
3.380429913574962839e-05
3.463253593238197918e-05
3.392294077029745040e-05
3.672976936872796055e-05
3.545184635185942850e-05
4.200809681903156699e-05
3.474397343825914733e-05
3.878752193446798253e-05
3.629166175585938822e-05
3.379706503951561126e-05
3.952408625230030158e-05
4.524720608391383882e-05
3.396888472490476439e-05
3.604829848733217943e-05
3.678771780840447048e-05
4.713266387518753197e-05
4.023907183853679312e-05
3.523301608587561210e-05
3.324028614119178230e-05
3.446228484346472264e-05
3.889344057157358961e-05
3.653781784072087898e-05
4.621379763304476378e-05
3.411428745152772859e-05
3.664963533697485109e-05
3.358676805231549327e-05
3.333328730750307283e-05
3.322159979606491937e-05
3.351514024581091601e-05
3.970258537379165581e-05
3.336424594037784618e-05
3.829252337125830429e-05
3.339016824031336753e-05
3.795599054651830863e-05
3.319018514314433133e-05
4.057523922472809755e-05
3.501346265235326177e-05
3.380413094929966584e-05
4.205357058676405404e-05
3.597272612329435276e-05
3.407137780098630248e-05
3.480460428604873841e-05
3.570040681249436331e-05
5.163082710912081608e-05
3.386508781223742314e-05
3.545806675442713892e-05
3.614929013199498964e-05
3.342641878433255805e-05
3.735799217116802010e-05
4.501320160468775508e-05
4.202124621958672126e-05
3.370517539241179959e-05
6.562632673811243501e-05
3.975418705068592038e-05
3.566308082550500121e-05
3.329345448892704441e-05
3.478705176327639515e-05
3.465410124791113463e-05
4.324214587615337111e-05
3.517487489363259004e-05
4.191416533778652436e-05
3.727267685015118803e-05
3.372998919156840745e-05
3.791258603061877929e-05
4.181385748642751335e-05
3.409905195308582886e-05
3.892883098844989652e-05
3.555752906841508050e-05
4.201468064170941108e-05
3.353105889129711368e-05
3.630235680446941923e-05
3.369208487220225185e-05
3.579321924753928029e-05
3.442341257141303334e-05
3.567377016908401403e-05
3.515070338076157450e-05
3.376763616216657554e-05
4.799064062567163737e-05
3.349008725123789787e-05
3.548225598726149563e-05
3.557749071964209437e-05
3.398146315229566870e-05
3.730636293871456883e-05
3.367232365872858084e-05
4.215555925000016965e-05
4.233465448408978572e-05
3.532496534877125298e-05
3.701555224835897820e-05
3.674341642897739163e-05
4.410293932611911714e-05
3.344037476440535225e-05
3.443471394250537793e-05
3.363173875788805147e-05
4.017477137810485636e-05
3.474956114298943105e-05
3.784152962961609613e-05
3.626659587021916197e-05
3.459037308567099888e-05
3.360384735725738259e-05
3.368730320467855252e-05
3.709757336593460619e-05
3.355110687248457404e-05
3.384794975344287320e-05
3.404562098085822994e-05
3.419322829721856193e-05
3.340257277190860692e-05
3.432540452486607249e-05
3.697024537708471290e-05
4.305594560194547370e-05
4.042635537402303745e-05
3.586111600892147110e-05
5.237661688112871326e-05
3.374208147365605843e-05
3.323884749679283264e-05
4.034047909648569953e-05
3.542424862859264715e-05
3.692502716538902769e-05
3.431946348917520265e-05
4.115394062084636669e-05
3.708591140753151878e-05
3.359846097250886155e-05
3.363338748087763968e-05
3.440230180288373030e-05
3.598722420692978879e-05
3.357948997610487387e-05
3.675517917300470336e-05
3.755422043040013597e-05
3.828376677391522140e-05
4.957750697019668842e-05
3.413387189021622776e-05
3.503685383087252222e-05
4.429316917778804814e-05
3.324413147237682435e-05
3.596861462237541996e-05
3.387629558892717418e-05
3.848810719130683721e-05
3.324944247550669395e-05
3.513747900973513549e-05
3.333786042577968671e-05
3.808904632903284171e-05
3.443908249319229027e-05
4.112347576643388477e-05
3.405108985962940449e-05
4.196766826201333905e-05
4.885600316898356359e-05
3.502190877189241677e-05
3.906170036245948504e-05
3.529831332621381052e-05
3.524149330910483199e-05
3.413286201265151024e-05
3.386185183028394251e-05
3.465360380125052974e-05
3.405746258992609093e-05
3.827295273819321798e-05
4.629592464148232761e-05
4.148999684841148990e-05
3.440799000273914111e-05
3.780073121697069826e-05
3.382586399303227209e-05
3.702315042934466822e-05
5.581388956147539379e-05
5.078932344389434618e-05
3.906815972014769732e-05
3.471878511061141965e-05
3.778689156357008266e-05
3.406287134363481173e-05
3.584941103196570826e-05
3.675295217518399180e-05
3.844415205537413756e-05
3.509959420364884038e-05
3.331830335905124632e-05
3.408412654678575336e-05
3.492469447677246889e-05
3.838848451735959576e-05
3.601235706261914343e-05
3.583430538333877066e-05
3.418874562951137281e-05
3.474807999220201024e-05
3.326647475784423320e-05
4.733842250856682229e-05
3.483313340184068422e-05
3.644726668931127166e-05
3.828028250485961999e-05
3.349899960923536881e-05
3.692533498791639000e-05
3.411557217641918117e-05
3.349141014230230416e-05
3.804701017868909898e-05
4.464576647540539927e-05
4.956077780217208199e-05
3.683968639828911590e-05
3.503649819982017165e-05
4.089234665944165204e-05
4.057104791022394656e-05
3.465334197933095676e-05
3.474074963805215009e-05
3.487434051954375376e-05
3.444320990605901462e-05
3.341169418910606271e-05
3.568993255276146291e-05
3.340989940380082363e-05
3.739110636985515249e-05
3.387490214206631274e-05
3.320297284975927236e-05
3.714898716920739171e-05
3.925984639656914253e-05
3.538233288423242785e-05
3.570863066336209360e-05
3.491367015518555890e-05
3.471974881164739739e-05
3.757540319327440002e-05
5.476658425711872273e-05
3.507150562663995992e-05
3.472849689368959588e-05
3.349135262828747256e-05
3.424570461602278391e-05
4.277743397806817681e-05
3.382796244655246779e-05
3.347811718334141345e-05
3.628141957925813796e-05
3.943903557211357987e-05
4.073371833736301977e-05
3.763268364533852220e-05
4.949910785253710383e-05
3.357634907411070701e-05
4.101587118686612937e-05
3.802966518496476566e-05
3.692709383842592198e-05
3.494269737537409416e-05
3.329909448620788721e-05
3.476817765104899216e-05
4.713423706906851122e-05
3.752978802165715682e-05
3.651221640448656686e-05
3.407115835291145797e-05
4.364945484476730718e-05
3.824477289552716936e-05
3.648133844981651101e-05
3.404215702423699379e-05
3.443881616177526655e-05
3.330073047050307163e-05
3.608238460252542317e-05
3.607547132244701610e-05
3.331109630435216793e-05
3.502330743771795649e-05
3.382088222975487900e-05
3.319999811797941279e-05
4.082533559443949533e-05
3.615211029371828629e-05
3.501165567648808694e-05
3.501417519204914815e-05
3.444850697831001351e-05
3.330741817886315143e-05
3.624807747378794667e-05
3.561906988790945733e-05
3.665836355203308289e-05
3.624213034946475228e-05
3.550113380434592389e-05
3.358979217296523875e-05
3.464708281611076924e-05
5.045460349352792555e-05
3.501435332074270623e-05
3.683236004989306681e-05
3.533817140697197596e-05
3.658111460208709163e-05
3.828790694266979701e-05
5.241332351899521128e-05
4.037333502643930430e-05
3.439554203416386215e-05
3.511677113333449500e-05
3.540464075453679955e-05
3.330496547452121785e-05
3.534734807591161196e-05
3.696167438897238742e-05
3.470658924011761881e-05
5.228128650040479036e-05
4.172242504579347486e-05
3.356026070205514895e-05
4.014504827128623579e-05
3.507588746620975834e-05
4.212594451068069350e-05
4.566751126812222097e-05
3.507950831312626479e-05
3.429672164386640676e-05
3.460026316535973727e-05
3.423119818528025084e-05
3.524776634399613137e-05
4.230373463556119651e-05
3.898369278364806464e-05
3.433690220659430247e-05
3.906927050900611316e-05
3.611984041608424953e-05
3.340176164770245501e-05
4.048434165718608411e-05
3.396849749320099692e-05
3.587345326226800351e-05
3.564833829942319865e-05
3.398461266531062005e-05
3.405490839788413184e-05
3.910507045214882724e-05
3.429685633301015604e-05
4.429002260375093392e-05
3.743949459561749166e-05
3.399932738108779921e-05
3.740796211897411328e-05
3.776119660812873695e-05
4.412294655319426662e-05
3.452454824308669483e-05
3.473102125474484799e-05
3.883631332863949503e-05
4.397706667519067370e-05
3.479937731935965915e-05
3.320712446774963349e-05
3.365272915899878038e-05
4.748690501396100167e-05
3.366931988127955824e-05
4.394624017504954893e-05
4.493869280842424565e-05
3.857833483324735316e-05
3.557992593076772048e-05
3.536781076377203218e-05
3.514919271646072148e-05
3.514511303075800813e-05
3.503720945199840559e-05
3.803047618333838632e-05
3.364708034697898011e-05
3.724371786983921148e-05
3.638561512216320528e-05
3.726933364011561489e-05
3.764718004388001966e-05
3.342592728806838552e-05
3.556147997209914153e-05
4.088578540430838176e-05
3.936624242473361679e-05
3.782791616861458779e-05
3.404047968108122528e-05
3.330239544185625600e-05
4.897350860670871724e-05
3.742450035097239842e-05
3.393850549279813839e-05
3.722648472761834026e-05
3.363267685167077966e-05
3.344011486150048364e-05
3.754170507127061975e-05
3.640142656263204471e-05
3.327593328900426832e-05
3.761146411466503083e-05
3.651876872672412034e-05
3.332833357702992062e-05
3.982572850089088402e-05
3.644090694936097331e-05
3.629599613889092835e-05
3.801288712651527469e-05
3.938216417990991183e-05
4.270842857416348135e-05
3.368331233736413189e-05
3.813375276620139208e-05
3.325879707669009800e-05
3.506007536565987961e-05
5.051609373496515870e-05
3.318703033074024472e-05
3.691994707454196282e-05
3.570913694729452130e-05
3.498911055155484891e-05
3.483230737482282736e-05
4.153846171302255901e-05
3.793261072607077822e-05
3.930302586038080551e-05
3.838002525866413320e-05
3.818266769649703815e-05
3.338770321463608247e-05
3.899840158017788564e-05
3.696038059381957428e-05
3.422819194110907564e-05
3.519395846688473054e-05
3.588815697717485622e-05
3.752467752756434794e-05
3.723604946643928679e-05
3.369547900639969856e-05
3.943652211810173722e-05
3.861932587706773244e-05
3.452671711514094507e-05
3.502760419549187789e-05
3.602798770243866239e-05
3.654646133882283489e-05
3.655964202860570835e-05
3.702749343967662050e-05
3.356243372787866703e-05
3.714260629760268365e-05
3.376974458043345041e-05
3.645093525858759443e-05
3.590165647613890554e-05
3.794724305322906739e-05
3.554847646025492301e-05
4.505408882032994222e-05
3.518190899593518444e-05
4.431156965753384143e-05
3.856052698358298874e-05
3.583518881789928890e-05
4.659499465200521087e-05
3.416701575366906695e-05
4.096864305135152525e-05
3.527694182182879054e-05
3.374534913563448900e-05
3.345304551220376697e-05
4.739230260717219254e-05
3.335023123802601202e-05
3.748233196059921158e-05
4.247587360229839354e-05
4.021137519759218425e-05
3.469388571276407860e-05
3.927284364206001230e-05
3.327707484062334304e-05
3.355230870420520390e-05
4.244785890775170013e-05
3.835835962544183333e-05
4.934880555671018661e-05
3.843919180145435329e-05
3.576259542714185774e-05
3.342728608220290698e-05
3.709110298434327652e-05
4.038227673431818042e-05
4.084030863808563112e-05
4.077090202299566216e-05
3.648333861074242124e-05
3.450559434801927578e-05
3.701991954313773908e-05
3.773723470451634856e-05
3.531872995421301051e-05
3.345737190124215113e-05
3.408730483624627982e-05
4.199325353766127295e-05
4.389496247937310088e-05
3.857946534618328350e-05
4.628671420064197646e-05
3.341117314971771079e-05
4.530772078796322896e-05
3.953139719647172899e-05
3.502078972862220519e-05
3.390265775922507235e-05
3.511164573391675986e-05
3.961666574984882595e-05
3.417963948033452947e-05
3.335476888934418811e-05
3.437679328867457480e-05
3.653100316314757969e-05
3.373108898263461457e-05
3.915639421235231213e-05
4.006705859264609660e-05
3.466799563684872171e-05
3.577293932755243593e-05
4.855702927995240076e-05
3.876336099678545801e-05
3.464980685085588944e-05
3.337693823872315071e-05
3.760092566301832882e-05
4.151960089667223710e-05
3.998654754307708775e-05
3.499336788765402412e-05
3.562938320945966206e-05
3.717974608428237183e-05
3.928037662775798273e-05
3.385493067001339723e-05
4.214435916318874799e-05
3.447434798028253756e-05
3.686137633370548908e-05
3.522192971946671067e-05
4.804914411701812426e-05
4.147957299093498010e-05
3.486932242737378226e-05
3.570605071960206834e-05
3.560925854660468911e-05
3.506129237746491927e-05
3.357940432585747456e-05
3.879692907795284922e-05
3.504411669347414355e-05
3.521764776383882296e-05
3.469252852256160508e-05
3.362511319868354454e-05
3.363517808337150746e-05
3.552996110168673253e-05
3.735236942194642036e-05
4.161469920422698613e-05
3.531418192098668523e-05
4.911996066001011340e-05
4.235977077661484810e-05
3.429470113213477304e-05
3.325662768835874964e-05
3.952311968961661712e-05
6.623123433487382186e-05
3.468587095609334251e-05
3.418369050173048835e-05
4.673532609778570916e-05
4.089732795747951747e-05
3.517314089563672080e-05
3.626837467120895374e-05
3.846605846765874118e-05
4.431537770367830251e-05
3.327967951674380828e-05
3.535158697234595983e-05
5.097550666232407386e-05
3.457143925648287653e-05
3.452647908651205371e-05
3.378438107712720436e-05
3.564169990085043770e-05
3.692795119452496741e-05
3.381497426611476307e-05
3.513609280714254931e-05
4.246285331600147141e-05
3.371418643451755957e-05
3.405894542747287971e-05
3.481375921277438140e-05
3.426019416793966185e-05
4.115348369803014663e-05
3.679395848675299786e-05
3.689610435517977138e-05
3.642493716260374807e-05
3.324392602759670588e-05
3.966557768434111214e-05
3.353492785348653559e-05
3.423114402514132562e-05
3.598653980535565175e-05
3.446919466831401202e-05
3.456397903209165143e-05
4.505775222132903438e-05
3.533189277499759040e-05
3.348706707009792223e-05
3.421157679816583833e-05
3.444470076596609277e-05
3.382130211913312375e-05
3.452637329456178042e-05
3.755134459293148712e-05
3.394876026313210630e-05
3.687464714107887648e-05
4.000483414606864293e-05
3.931359680126347270e-05
3.742981799730550813e-05
3.518273776041102701e-05
3.485283882093705144e-05
3.593046256924988847e-05
3.521877473307639852e-05
3.377025054695438253e-05
3.549736044918454052e-05
3.668270055319292202e-05
3.962787733400700987e-05
3.356932194961727831e-05
3.775747470416243075e-05
4.406735273493277128e-05
3.620244505526218516e-05
4.051754229355805962e-05
3.736044074728445515e-05
3.413127879596002790e-05
3.820755110276332045e-05
3.899965027325091979e-05
3.521353974750630921e-05
5.285970630520848962e-05
4.095618010363933758e-05
3.730195896907775865e-05
3.429699102069932613e-05
4.120229552459439570e-05
3.479632294351414472e-05
4.109368603310238399e-05
3.957169557715883694e-05
3.973329889036291334e-05
3.522648555045049793e-05
3.392899142657042241e-05
3.493220091973934578e-05
3.410455202045263449e-05
3.401928709134842996e-05
3.474644272878385943e-05
3.575880140191328791e-05
3.558197115395564446e-05
4.207460626205214796e-05
3.471948835916183667e-05
3.446305574349084932e-05
4.688887706834633096e-05
3.390210159045553882e-05
3.355079208746932705e-05
3.628965546903252368e-05
3.402807128251249914e-05
3.375393668387188475e-05
3.347823233620032785e-05
3.572101689815453942e-05
3.369392347827256172e-05
3.556820836250382777e-05
4.159780304863862230e-05
3.480504408081452243e-05
3.826003658375402096e-05
3.834038823791480758e-05
3.412294993467222646e-05
3.581841721596808100e-05
3.901222567148188663e-05
3.484590415138810699e-05
4.302066900682802896e-05
4.996467036152219064e-05
4.005175158191730066e-05
3.904166332285463912e-05
3.849757962887240655e-05
3.433045621260295805e-05
3.555477247625247106e-05
3.474740432189859807e-05
3.482337251558583055e-05
3.931032083069802198e-05
3.930648865821094066e-05
3.627387126707591126e-05
3.426467818787141023e-05
3.799631224996914691e-05
3.405518306746835517e-05
3.441447620114960478e-05
4.199013492359926676e-05
3.724356755071751200e-05
3.321777670019712957e-05
3.327745533389948456e-05
3.615467355221767585e-05
4.038344563209484719e-05
3.532734940086605749e-05
3.566032241570522550e-05
3.332731343995637766e-05
4.034904456873466487e-05
4.157988867425820104e-05
5.232753628553835914e-05
3.430418123154173890e-05
3.458321370948431057e-05
3.417120694700569015e-05
3.325747790042633492e-05
3.426556939716614725e-05
3.558727748742385015e-05
4.264760953902599686e-05
3.478756988552758671e-05
3.743081350097486826e-05
3.788751418812634725e-05
3.388000139050355790e-05
3.418991399560702391e-05
3.722123737160161749e-05
3.462112256335661889e-05
3.545887789007745133e-05
3.820512883288759302e-05
3.362175639531530126e-05
3.933744987661079689e-05
3.709388258892158945e-05
3.322650922911071883e-05
3.758407654736480567e-05
3.378522333885014946e-05
3.478103999368857519e-05
4.030499202319811752e-05
3.331200106881601099e-05
3.571660836706699768e-05
3.454059431585566837e-05
3.480312956853261880e-05
3.386720747736878104e-05
4.563252931190827500e-05
3.448825665702963302e-05
3.723274018652874678e-05
4.002380249132957228e-05
3.852451064089121741e-05
4.091753490870255199e-05
3.893937958145338770e-05
3.696340656375476079e-05
4.875338935161199891e-05
3.332879989680816320e-05
3.742579287846057483e-05
4.177735679120065244e-05
3.728169511771075125e-05
3.464312667853133274e-05
3.481476740161741987e-05
4.381700779767543947e-05
3.670030932740505074e-05
3.722457096866599817e-05
3.688993313408353092e-05
3.457275685724250138e-05
3.506861734853999516e-05
3.703244581708436045e-05
3.952186123701435219e-05
3.847870686453192744e-05
3.475896369970383370e-05
4.687450824802316142e-05
3.629203069494641251e-05
3.620536989903555168e-05
4.304930034793556245e-05
3.687945760042381146e-05
3.633149370207973503e-05
4.206534429549899611e-05
3.475436719100121694e-05
4.342936203935520800e-05
3.338842827414123450e-05
4.714389780789368878e-05
3.490766684881870094e-05
4.381053784329085526e-05
3.354352115519448018e-05
4.095976798899128850e-05
3.489629383328441748e-05
3.384817320410222965e-05
3.613576359331626184e-05
4.002942125810173099e-05
3.342615858290365978e-05
3.501580370449119283e-05
3.661525027668831799e-05
3.614334483406190862e-05
3.499882131495306564e-05
3.648081563077006637e-05
4.190839179294965182e-05
4.055348914465012762e-05
3.528262443649338322e-05
3.640579368863581811e-05
3.462059756190071549e-05
3.738065125472645508e-05
3.638529457925759154e-05
4.298279347837397838e-05
4.469333376826118516e-05
3.763458260874085913e-05
3.981602776589719959e-05
3.570906462222700971e-05
3.406564344389889735e-05
3.721125317661641742e-05
3.602532898550274122e-05
3.486857597734354362e-05
3.343679339085016584e-05
4.140487901066810535e-05
3.633337871152068606e-05
3.349442924671277428e-05
3.537790624048547640e-05
3.959214737886969750e-05
4.274607912909547474e-05
3.336779066401471646e-05
3.674836338971190455e-05
3.821093356642132725e-05
3.717320703502021562e-05
3.400338258150737423e-05
3.722880667855432794e-05
3.393193241691073509e-05
3.593105510839222027e-05
3.401030369466081057e-05
3.466844021370840250e-05
3.582902740489786871e-05
3.692581869477363246e-05
3.354675639642664054e-05
4.324858184986783705e-05
3.451547194591154754e-05
3.397701378798050612e-05
3.832596664435867698e-05
3.678898394651795265e-05
3.355811588927896027e-05
4.274227112169559493e-05
3.440435839896797201e-05
3.365542490878251850e-05
3.453990742479605945e-05
4.813695795462818739e-05
4.118698157185811794e-05
3.509355152426359376e-05
3.498260707915881891e-05
3.413477252251242674e-05
3.484577521825334232e-05
3.363870167827873214e-05
3.714178413562074939e-05
3.443482051065650503e-05
3.660741695274163075e-05
3.396822089169439164e-05
3.358662538662060917e-05
4.079485935066837318e-05
3.409141348544672426e-05
4.041433611898047730e-05
3.353630318871916524e-05
3.721489051433796971e-05
3.796782855353040252e-05
3.573081630331555674e-05
3.556052893893918931e-05
3.371415819708377214e-05
3.641902345848671102e-05
3.346397388941585650e-05
3.627631859371783021e-05
3.901800850268959190e-05
3.405081509923631031e-05
3.677247031656639926e-05
4.196868878598454246e-05
3.799895418696352999e-05
4.168979864848077035e-05
4.087370179817279096e-05
3.868296898375859453e-05
3.908975745814098710e-05
3.410540007246907655e-05
3.430951062293876122e-05
3.349281915082914866e-05
3.422353218202381207e-05
3.781494823653771886e-05
3.443660539237745059e-05
3.776096918738216851e-05
5.798535535018804440e-05
3.659403562044383917e-05
3.892097621064716326e-05
3.458610953627234969e-05
3.585091348034841500e-05
3.831568189897603433e-05
3.630682587353014138e-05
5.082999747878661146e-05
5.624250867790149192e-05
3.801936136557724881e-05
3.443188955596546521e-05
3.345832350039480420e-05
3.568027136547411544e-05
3.496064924855748091e-05
4.720577703793356924e-05
3.573331914302821236e-05
3.459555582581198163e-05
3.602043365283580595e-05
3.898522684575719892e-05
3.376434630658810564e-05
3.561314511534769588e-05
3.703896621447712035e-05
3.747661260814994308e-05
3.780800639847224805e-05
3.391491490945075884e-05
4.710477190264009513e-05
4.003831173903411460e-05
3.354323480932850277e-05
3.328474093548929529e-05
3.478109183150053155e-05
3.692562081680177117e-05
3.507196161076029517e-05
3.736963493625188487e-05
3.738651730938861474e-05
3.363219360022356601e-05
3.350457370493061784e-05
5.350965670211303672e-05
3.417770866328212416e-05
3.859810567077160407e-05
3.853307852932571375e-05
3.993372983204843927e-05
3.644692484542753246e-05
3.536196760377928884e-05
3.824609042316111173e-05
3.360404680739637723e-05
3.617578975981247734e-05
3.627527968975743900e-05
3.913628416054368688e-05
3.485809529806355259e-05
4.084612371168803074e-05
3.882124338677163335e-05
4.377681309766879377e-05
4.086906187621913922e-05
5.329387306345353617e-05
3.448249863760279249e-05
3.389904221362810956e-05
3.612175595410941167e-05
3.770775262823401037e-05
3.477427333544503326e-05
3.345056435501255127e-05
3.326023334944105790e-05
3.727061958772752616e-05
3.714349331098393367e-05
3.816577287143901897e-05
3.387426110357513650e-05
3.476566070290182311e-05
3.558742350253520868e-05
3.363321693363366242e-05
3.510404221450102053e-05
4.581804411044447127e-05
5.579771707374492042e-05
4.040309668350763471e-05
3.514095645615679419e-05
4.231094877783662321e-05
5.868183090992961580e-05
3.409089313186309752e-05
3.441975876719466127e-05
4.549912874345312628e-05
3.604068563140249017e-05
4.474262954029712308e-05
3.476690626564542654e-05
3.559941545243920413e-05
3.537204292078431031e-05
3.395679183509996260e-05
4.373603352137885172e-05
3.574611459649101468e-05
3.367943344022994315e-05
5.465553969458751370e-05
4.338839699047897491e-05
3.420001714021916666e-05
3.473461174445950829e-05
4.248324689525386812e-05
3.847364102250451604e-05
3.341782919454686931e-05
3.662472064208947326e-05
3.377539335696549754e-05
3.472414964619388925e-05
4.499164697907630066e-05
3.785305557907458471e-05
3.994273214377362468e-05
3.466135126762131922e-05
3.741364675312616137e-05
3.473840926771643570e-05
3.405422169726890356e-05
3.817468434410293540e-05
3.405740766660722086e-05
3.716867316410461201e-05
3.529716843707878291e-05
3.707847897866701109e-05
3.489960666624461699e-05
3.909780118500203778e-05
3.495916700584855789e-05
3.765191151479312472e-05
3.401981046240045938e-05
3.904121060782288986e-05
3.530562825019930196e-05
3.618885690368136697e-05
3.393889366626740418e-05
3.513296699850703358e-05
4.541541097101235974e-05
3.679826529985528826e-05
3.365369402189153562e-05
3.402804375560512345e-05
3.463971973676087038e-05
3.786276604282534858e-05
4.427454744823586941e-05
3.533248850818456035e-05
3.626763545837431268e-05
3.737584600529537352e-05
3.583588119771639050e-05
3.733646830146620523e-05
3.362306508928891859e-05
3.971624988805044152e-05
3.875293036385331764e-05
3.340743838003266709e-05
3.616000818779985021e-05
3.523324121738839591e-05
3.352873692458361270e-05
3.635753818093189171e-05
3.524971510819186734e-05
3.715350603107771916e-05
4.267827771278499263e-05
4.089946940275411606e-05
4.331444176572095428e-05
3.490512613351828125e-05
3.455284636723289417e-05
3.540246848661134571e-05
4.904396375210040712e-05
3.432193702410543489e-05
3.781890166379578780e-05
4.172027204224606410e-05
3.493816704242184274e-05
3.747424818938028949e-05
3.381200521287054813e-05
4.007899778822021620e-05
3.999774110889684311e-05
3.523386656194594526e-05
3.551183531104806584e-05
3.804056913341669977e-05
3.413842896421918460e-05
3.624412073651883291e-05
4.065630265968788506e-05
3.593224010606800410e-05
6.901160715245349697e-05
4.201347818800046019e-05
4.095515483476362554e-05
3.450609768441834568e-05
3.318994929784174752e-05
3.677467182997036244e-05
3.645899798504579487e-05
3.389255938855748171e-05
3.798246430334483212e-05
3.494940032839626725e-05
3.712909919085675075e-05
3.860468328003918904e-05
3.707004190264177965e-05
5.043343895643000483e-05
3.466425534014149905e-05
3.544891951168320206e-05
3.451930966532250420e-05
3.579271622759854318e-05
4.453498385683526636e-05
3.321401123857950212e-05
3.504706129034418360e-05
3.716195592190301399e-05
3.672735961596668717e-05
3.850377345049862179e-05
3.444118631229488113e-05
3.944233725100668885e-05
3.419512954688949896e-05
3.408757878856475169e-05
3.792014979206926093e-05
3.473879935955079935e-05
3.911980420329549203e-05
3.634188089918118499e-05
3.819423340674700810e-05
3.583910386100693294e-05
3.357320736391487646e-05
3.427250784685822137e-05
5.060438691021047297e-05
4.181370128636909862e-05
3.923783551272414866e-05
3.348542722945200645e-05
3.375627258355423909e-05
3.363097117308568490e-05
4.402457135078829281e-05
4.422716241762496481e-05
4.425075875776248309e-05
3.399662317501357688e-05
3.994779792049718786e-05
3.577195569099354664e-05
3.332987819257989367e-05
3.624678183097453885e-05
3.330032149515012562e-05
3.513392498887837022e-05
3.344756320961076454e-05
3.667902819816241841e-05
4.745737677017591356e-05
4.515443413970605225e-05
3.547462347372640857e-05
4.003926208308781050e-05
3.624291728260099413e-05
3.744051055700285127e-05
3.472170203404780604e-05
3.703639332435642461e-05
4.094400461281018095e-05
4.783941894961047758e-05
3.392987934658398561e-05
3.776080378810973140e-05
3.409379587818408999e-05
3.947315293573215936e-05
3.732353758306539246e-05
3.550889756548574139e-05
3.691974911001516568e-05
3.419808948559929643e-05
3.886002500342242545e-05
3.589526496780368742e-05
3.389656634383423809e-05
3.594858211027445447e-05
3.441882514248462122e-05
4.062204330907586737e-05
4.055591873048492542e-05
3.870933457698911824e-05
4.345678174159055404e-05
3.634254705573732426e-05
3.667219582345529455e-05
3.588972629804795724e-05
3.930084034757558325e-05
3.473864332426260709e-05
3.525296239028084436e-05
4.006635598228229956e-05
5.402750898542909728e-05
3.344568711761919334e-05
5.236854369590254656e-05
4.189940119569266803e-05
3.383064794480649182e-05
3.386157282650340081e-05
3.561564647697717238e-05
3.580284474061347182e-05
4.255162228973137484e-05
4.956606237492788115e-05
3.354297709230154377e-05
3.672903310151168487e-05
3.903305926749129566e-05
3.743498535204604482e-05
4.206151806579117638e-05
3.337374463101035595e-05
3.425751919482476803e-05
3.702284483817600588e-05
3.917456991850158714e-05
4.166842919279047390e-05
3.619738307596353448e-05
3.419246771594277890e-05
3.874434142895517039e-05
3.329976643507690420e-05
3.965813583360638548e-05
3.880980093765350810e-05
3.662202193672386351e-05
3.741727264818983694e-05
3.329357140672781630e-05
3.519777176861710121e-05
3.378297717925436597e-05
3.961532484718121764e-05
3.776679823926540157e-05
3.333191794921140411e-05
4.332672801549928296e-05
3.658091155401879658e-05
4.516689636520183161e-05
3.426778364128810661e-05
3.473063092261254980e-05
3.961842323055673337e-05
3.750937666703770538e-05
3.389445172421391337e-05
3.361267703063338833e-05
3.412584518914047257e-05
4.599324832565788648e-05
3.536424576157928205e-05
3.604522098235350089e-05
3.513644567298044409e-05
3.686711906068879606e-05
3.863030266909952165e-05
3.372144129978664836e-05
3.422301733417005664e-05
3.957761978103274035e-05
3.568546514768198332e-05
3.515455476682588433e-05
4.132118157606663451e-05
3.457807855893139373e-05
3.504320271470471243e-05
3.328763640240406363e-05
3.405630914907511444e-05
3.809259909257167422e-05
4.097830540201426511e-05
4.946342134788024196e-05
3.589398153682413223e-05
4.131809900917117533e-05
4.721495023567374213e-05
3.578200447485143553e-05
3.342491532141078549e-05
3.758506085565874210e-05
3.673668383771550044e-05
3.439858839003366115e-05
3.341589063607790672e-05
3.416647133910405637e-05
3.851123767623856485e-05
3.912387440902380983e-05
3.378592517951260011e-05
4.055636043036327888e-05
4.644144082907488146e-05
4.136131018268902209e-05
3.406325563219510179e-05
3.362050446998562811e-05
4.395114372646961588e-05
4.315408468255942039e-05
3.390641124230548521e-05
3.680330295591257412e-05
3.716986075348836522e-05
3.500518918316942280e-05
3.511351434441784019e-05
4.055263954465758956e-05
4.097951069163597470e-05
3.340074766626575757e-05
3.446531500489749490e-05
6.047308568254535025e-05
3.579973279755566199e-05
4.212556191197401666e-05
3.726892639793314723e-05
3.337374463101035595e-05
4.096118967679972819e-05
3.510828659768929611e-05
3.353455534016577463e-05
3.887566439064667504e-05
3.795739696855816609e-05
3.334464410461345424e-05
4.232728530140084772e-05
4.361133815666241393e-05
3.519087187103230730e-05
3.736706033920614864e-05
4.125691408108083259e-05
4.082028003367483643e-05
3.570667766897329140e-05
3.493739902925325103e-05
3.446026432872038246e-05
3.856148329146602956e-05
3.364639890696293872e-05
3.432672138515473968e-05
3.982533559555691076e-05
3.699885612335587000e-05
4.942726948069880267e-05
4.124541915486160581e-05
3.611238584735943679e-05
3.380760633505681251e-05
3.625226430564668231e-05
4.202961093206249426e-05
3.586947708252693145e-05
3.958475829566190463e-05
3.684667700041032091e-05
3.387451194869681544e-05
4.180421693650680515e-05
3.838652827539482511e-05
3.695845063400920782e-05
4.360401839070986488e-05
3.799661711463523804e-05
3.455651437701796831e-05
3.372821239765821070e-05
5.300963886271073302e-05
3.540345592656111225e-05
3.640334736097372868e-05
3.490528013074160012e-05
3.543764866096487987e-05
3.447461355751358844e-05
3.322903666217954816e-05
4.055116112397563066e-05
3.418559321042264980e-05
3.718843833798736432e-05
3.475823667967873270e-05
3.384015437272451141e-05
4.253918713304561853e-05
3.854521717968201189e-05
3.828520004858859894e-05
3.663879002890036259e-05
3.791939360261334602e-05
3.885597389130468428e-05
3.596426542184840975e-05
3.763345578312627819e-05
3.617150872716516044e-05
3.603868769912006498e-05
3.591696910643131990e-05
4.858413645460756984e-05
5.678246106506674729e-05
4.759937621950614681e-05
3.350316605549706508e-05
3.957796498152097044e-05
3.348456406671681716e-05
3.661608285910147344e-05
3.520143347586559841e-05
3.976272759129365476e-05
3.751238768349487442e-05
3.746127881284606030e-05
3.372369874783309518e-05
4.003005521472640125e-05
3.608791260511416774e-05
3.507512771752189373e-05
3.353621723481122683e-05
3.513730259230270155e-05
3.705522074869360650e-05
3.684977293708145105e-05
3.615506964758532198e-05
3.377202126562821630e-05
3.748091817427586826e-05
6.196104892570461844e-05
3.894234317698366419e-05
3.398538610713888335e-05
3.977097626455447488e-05
4.819381213731459691e-05
3.711332380171435233e-05
3.405070519337189197e-05
3.374805274972522462e-05
3.865996506974777279e-05
3.646200317074312520e-05
3.495668769641479677e-05
3.662669934519211299e-05
4.052377505242394463e-05
4.838158780513492551e-05
3.376302449245611331e-05
3.462592531034679866e-05
3.370387544781523926e-05
3.330846918583695834e-05
3.322674436146737177e-05
3.616524753491217448e-05
3.398231967828253071e-05
3.520231112676512484e-05
3.597584433113719258e-05
3.418616396624460163e-05
3.514367727601239849e-05
3.436452854730783434e-05
3.884146061407698042e-05
3.929569010591321302e-05
3.712450716115812081e-05
3.372745083575074126e-05
4.312890097753617371e-05
3.442093236803303927e-05
3.348591632784280234e-05
3.705935751207157478e-05
3.478562681765070815e-05
3.926226106548826267e-05
3.464315288220484788e-05
3.996114468891738119e-05
4.388505091789294627e-05
3.551836939816960611e-05
3.375483732435664261e-05
4.377244786874681621e-05
3.700443108638638894e-05
3.824818623265065600e-05
3.572710928952178058e-05
3.768968376904343844e-05
3.691838527505934787e-05
3.982703215586340427e-05
3.339700968923139040e-05
4.505758687712965629e-05
3.672202537606549156e-05
4.173769160381866531e-05
4.253714591892425825e-05
3.348013220113445047e-05
3.570901640529153341e-05
5.495672848529778128e-05
5.070412079664132006e-05
3.447068243980738977e-05
4.626011734423734849e-05
3.596459639012076337e-05
4.401172818250806212e-05
3.638332535959003938e-05
3.524721663898258093e-05
3.556945126896169024e-05
3.333083983490419723e-05
3.630931315352322789e-05
4.753373803838856915e-05
3.367572327245253483e-05
4.476214550326145365e-05
3.611224559548453073e-05
3.521942582565859803e-05
4.302046678489381692e-05
4.924630668026914754e-05
3.621928882018052000e-05
3.419013135392987907e-05
3.487449489089418673e-05
3.926025506155787320e-05
3.644836053049282373e-05
3.750255204367573374e-05
3.348470793142193914e-05
3.582128568691750391e-05
4.033156362664747389e-05
3.890018661753288611e-05
3.356417758716899550e-05
3.380216860399885116e-05
3.685744335522657151e-05
3.756462715935759045e-05
3.521073351540523198e-05
3.364506431031478485e-05
3.326852522204563163e-05
3.566956319825998102e-05
3.411491616331086403e-05
3.404507121118376995e-05
3.373514889565285485e-05
3.672597604290839338e-05
3.735394573037012164e-05
3.384403871007288369e-05
3.366523809700314293e-05
3.916383933292741734e-05
3.624523151953215898e-05
4.158607390988724832e-05
3.645063907638918486e-05
3.885165397342978284e-05
3.633976735266225940e-05
3.726238741362812492e-05
3.931986902283048351e-05
3.860563658303479398e-05
3.682562778670412583e-05
3.607394756743183918e-05
4.117465068344063647e-05
3.521156041556062929e-05
3.982310297651184733e-05
3.478534180926235153e-05
3.466728951196304667e-05
3.695024521127434432e-05
3.498806511947237318e-05
3.527090751948260336e-05
3.864959325879924586e-05
3.321942372061001240e-05
4.142633579322884779e-05
3.824143859375913891e-05
3.931093166181059398e-05
3.870628302637057431e-05
3.612995223585615140e-05
3.470653709571746578e-05
3.492684694820590138e-05
3.726605392130010857e-05
3.403618904798609129e-05
4.312106672356326849e-05
3.749559752585779874e-05
3.415328922640180375e-05
3.331576533090906860e-05
3.606937524007808771e-05
3.381920252886889527e-05
4.370647956655633853e-05
3.752987212900785923e-05
4.109673320356784767e-05
4.215306935157664051e-05
3.357712009760524855e-05
4.180720194162139891e-05
3.646325513044480581e-05
3.612808458734124485e-05
3.926387680814992992e-05
3.409302918105696489e-05
3.350738851598945004e-05
4.015337963515751838e-05
4.468567145830746299e-05
3.707032467369034015e-05
3.391205321865629852e-05
3.977674753774170251e-05
4.110826095727871499e-05
3.588998783318112748e-05
5.064832899004438155e-05
3.437491954384253902e-05
3.481350068988110986e-05
4.661087623040534078e-05
3.537003838842101103e-05
3.328412665648145403e-05
3.526601815160748638e-05
5.533630652250255699e-05
4.683018515633240885e-05
3.560626995359587887e-05
3.733104999472520292e-05
3.405034799257502392e-05
4.179926147164193605e-05
3.383333285695293736e-05
4.629981984996550280e-05
3.744800093194404755e-05
3.380157983931374047e-05
3.770127550006119712e-05
4.282125412884729460e-05
4.495998462628548120e-05
4.346102402778004650e-05
3.739008671249071644e-05
3.957055043442036276e-05
3.444951822488236722e-05
3.353971220520910639e-05
3.438428546082866229e-05
3.721217874581715424e-05
6.106331362579117119e-05
3.773549490693433299e-05
3.467732846036416605e-05
3.333413215353576438e-05
3.491295196033959789e-05
3.356763598077524430e-05
3.701116168898398097e-05
3.973665955742373919e-05
3.704406693318377413e-05
3.482391498445510714e-05
3.503967312577538237e-05
3.798856643109810066e-05
4.040247869422114067e-05
3.592695418697594768e-05
3.437708770875708630e-05
3.834278708311133967e-05
3.352604174206489344e-05
3.759010694015932146e-05
3.528653600221633982e-05
3.967658891271875929e-05
3.637576633006416737e-05
5.679430807098147065e-05
3.319050942291044330e-05
3.855777479493557690e-05
3.542397752824055969e-05
3.341186786393677801e-05
3.406814054764388967e-05
3.829443316996820694e-05
4.087639528184347097e-05
3.555299135639344122e-05
3.622955619180978675e-05
3.541931863983054568e-05
3.322697948924827819e-05
3.416227854768714284e-05
3.478554908872710945e-05
3.324627375990777523e-05
3.828064092705992568e-05
4.502491775563306054e-05
3.772216985792917025e-05
3.516954649897963006e-05
3.425511393061611776e-05
3.648272495707152041e-05
3.509481591982096431e-05
3.330073047050307163e-05
3.477971805769171658e-05
4.181615344214237507e-05
4.123737232990537657e-05
3.551810026885060339e-05
3.383470305503109837e-05
3.486486881583799572e-05
3.547774083343263753e-05
3.365860229339781546e-05
3.411045982279112786e-05
3.509651001349032700e-05
3.476999369415815903e-05
3.415413395472678541e-05
4.064862317411540010e-05
3.421550897439959730e-05
4.024075557640207805e-05
3.331564862717410199e-05
3.698485387535151891e-05
3.372423483068087908e-05
3.829916675000903095e-05
3.824171814676598767e-05
3.520842793598788701e-05
3.446512896346428658e-05
3.380909148253225075e-05
3.418037365599183025e-05
3.830503177048540564e-05
3.554710947802945599e-05
3.429701795806260902e-05
5.330308904625368204e-05
3.462382597420742312e-05
3.353312249056221396e-05
3.775706109699273792e-05
3.955168791160720252e-05
3.467782497170119536e-05
3.783036429465076928e-05
3.443556646232063834e-05
3.707854419322538752e-05
7.248653940694175797e-05
4.589197493473451764e-05
3.368764279293095463e-05
3.496506939457021048e-05
4.080513642103895494e-05
3.881587789900448255e-05
5.292428126581581732e-05
3.399101972280084644e-05
4.255660843703257192e-05
3.939729554655619091e-05
3.330806047173969007e-05
3.914512559707933250e-05
3.988979011187346026e-05
3.566339534374264071e-05
4.636789936313123490e-05
4.530403753208891266e-05
3.849120654103692634e-05
3.830377944806662583e-05
4.687462233397246043e-05
3.603857016420559923e-05
3.356326280680865402e-05
4.143879811996578616e-05
3.354821626858086155e-05
4.004768927257554398e-05
3.801544471177374125e-05
3.615907652972321604e-05
4.524197496472461813e-05
5.103050185769300747e-05
4.306536808928596168e-05
4.131391797337959104e-05
3.468451290324841234e-05
4.383494783076104923e-05
3.984259551719956781e-05
3.356697867559582887e-05
3.466412454045359159e-05
4.201873437159205061e-05
3.444834730033590300e-05
3.443553982195495043e-05
3.682584929657137788e-05
3.387066509535700923e-05
3.357263605700927083e-05
4.376135728264878895e-05
3.607858860816547954e-05
3.485356042727691205e-05
3.671327171348421047e-05
3.599880640411027937e-05
4.958806476740416794e-05
3.460759679356227759e-05
3.412437033259561761e-05
3.410619335895668933e-05
4.345304421483643507e-05
3.542666363447049291e-05
3.368336895450310106e-05
3.375154403661790925e-05
3.322759667790420752e-05
3.746482866409996408e-05
3.406078499767209921e-05
3.516911912589063135e-05
3.595012052189970413e-05
3.860289323012724760e-05
3.429995378192632728e-05
3.819854052487587135e-05
3.918829851150414204e-05
3.373988376326235656e-05
3.498153560003491381e-05
3.441658415898995581e-05
3.566632241688001914e-05
3.710529901749661332e-05
3.624347273652587419e-05
3.397787062243900016e-05
3.363375699174786499e-05
6.579113181289406270e-05
3.417572314420767946e-05
3.605668161031703838e-05
3.337830252400654214e-05
3.349549294330282537e-05
4.040398928881047062e-05
3.630002952517609477e-05
3.377997229865170316e-05
4.039177992647245160e-05
3.675526824519963567e-05
4.402958647485677137e-05
4.026007865043694322e-05
3.430708845453583260e-05
3.624215349522769391e-05
5.063661520217526183e-05
3.485636914646477906e-05
3.559900212182107941e-05
3.337786713047053208e-05
4.398683980311438084e-05
3.869242684674715853e-05
4.003095327268455254e-05
3.378864794178059475e-05
3.894674942872911950e-05
4.495184502915201640e-05
4.045060399665002489e-05
3.827470585967250333e-05
4.098946298762802325e-05
3.367283366096136826e-05
3.451398947804721994e-05
3.387718731220464778e-05
3.537721366681020744e-05
4.019139551105928277e-05
4.028993240076670295e-05
3.596261045483415574e-05
3.399115776938142861e-05
4.429772795297516787e-05
3.786818285995113668e-05
3.637560594022076586e-05
3.366997170691500395e-05
3.983260261935226733e-05
3.909571551534620225e-05
3.723035442462098698e-05
3.325263968926480134e-05
3.413035060951386110e-05
3.422762311052492503e-05
3.986731615210698578e-05
3.376603352212379237e-05
3.628921727385439627e-05
3.340775689354732298e-05
4.073272795594530863e-05
5.630200735830807228e-05
4.555427419428705141e-05
3.674947731741178849e-05
3.407022565522682857e-05
3.356783602315230308e-05
3.508472255230831425e-05
4.274410907958123995e-05
5.095320888014603390e-05
4.030046366073420700e-05
3.352082171566158296e-05
3.360669633607647679e-05
3.694581132050319766e-05
3.882181813952106898e-05
3.465823714920425821e-05
3.328008919005213999e-05
3.980236783403364104e-05
4.334794775684785930e-05
4.159032281083040747e-05
4.052357074147090109e-05
3.551839386419326165e-05
3.697554744659840658e-05
3.997083730582453356e-05
3.635666626877162881e-05
3.353850913172523997e-05
3.522140394237053342e-05
3.321327565980735372e-05
3.639149799484146092e-05
3.364316154847301357e-05
3.742348319385052229e-05
3.320703615031266520e-05
4.258029672813476842e-05
3.743786466585105924e-05
3.481843756485156427e-05
3.674564501635789937e-05
3.343113035765196537e-05
4.246514388615930187e-05
3.450408421766299507e-05
3.561324226462254700e-05
3.603031657747143049e-05
3.619046033868286027e-05
3.797361142655012741e-05
3.570429027683437104e-05
3.353656104680807748e-05
4.207864413714818767e-05
3.344132769420025996e-05
3.373844658589786793e-05
3.531269041185767246e-05
3.427099629591656417e-05
3.732915094242051724e-05
3.578166884126550917e-05
3.643937924539378438e-05
4.234122035282072722e-05
3.362750222613122885e-05
3.489744957091542901e-05
3.417259462805179859e-05
3.362101663675183349e-05
3.697644552401270815e-05
3.816023042199717067e-05
3.718220550203353255e-05
3.344395508349370851e-05
3.475532818131312732e-05
3.766730353443868988e-05
3.832126201750025421e-05
3.503799686345534538e-05
3.796780818702167752e-05
3.497844821504459084e-05
5.285437676036581784e-05
3.572766300163181805e-05
3.418950643850909057e-05
3.349385423690259497e-05
3.553914881687635639e-05
3.622021622539141474e-05
3.531323731865347679e-05
3.526274921813745647e-05
4.494325310208339969e-05
3.341070998483515833e-05
4.299388073485964942e-05
4.197991004834762593e-05
