9.863510711300091815e-11
1.097471563010966724e-10
1.645812203762252091e-10
9.878049921821212374e-11
2.185493490342997321e-10
9.535350651815522230e-11
2.250390345521310168e-10
9.766938376547336184e-11
1.001735048821162829e-10
1.048234159211776498e-10
1.472422987211794289e-10
1.066922697408503505e-10
1.039902505037819410e-10
1.934882422997116294e-10
1.092511394752589627e-10
1.054627787393154760e-10
9.888384325449999087e-11
1.884010615286036720e-10
1.170036601693605802e-10
9.258424391844170978e-11
1.148399525093065277e-10
1.765338773055160756e-10
1.510443681157908527e-10
1.005624875858566213e-10
1.158729629550290408e-10
1.063872095380130611e-10
1.483756144898737784e-10
1.039810382986206965e-10
1.166517195192667100e-10
9.200447084986195750e-11
1.032081786498788102e-10
1.334660903209980709e-10
1.474743537347178803e-10
9.627525661336435440e-11
1.417363924481270658e-10
1.480849215332847736e-10
1.513218663653276313e-10
1.122797843260982403e-10
1.050366736270723539e-10
1.159851774362220513e-10
1.020786870014723776e-10
9.585948183336154840e-11
9.784549186595521258e-11
1.055691780475514153e-10
1.017310090600882493e-10
1.018963450472740393e-10
9.737225686561716788e-11
1.167972303767920041e-10
1.042325821331856195e-10
1.360378840767754110e-10
1.325294988141982854e-10
9.974225663568621306e-11
1.848855194903168389e-10
1.406636449864406351e-10
1.378474479924037108e-10
1.113444287052913072e-10
1.145772035196119722e-10
9.282886398194169829e-11
1.193322989205617928e-10
9.676751248636859437e-11
9.772528687408430027e-11
1.082041503565690921e-10
9.397812050839374308e-11
1.339109076588105253e-10
9.557302401582286663e-11
9.221015837173185062e-11
1.177405899707371062e-10
1.024930272231216133e-10
1.118373866621155468e-10
1.181439702627810338e-10
1.483955404831951864e-10
9.560387550248363825e-11
1.037776028593978381e-10
9.715645534058827551e-11
1.030093060330217625e-10
1.359142686192145665e-10
9.307356578750540293e-11
9.778563699171041032e-11
1.188805616582132187e-10
1.452851804806297595e-10
1.002041706527326581e-10
1.937174297232652079e-10
1.103373282901203900e-10
1.206945400226132140e-10
9.430609266622130908e-11
1.488025469187936592e-10
1.087417550821071392e-10
1.208677047207493102e-10
1.523731197425885578e-10
9.698391577357536899e-11
9.999539037613774443e-11
1.121999096828711386e-10
1.430720641563614916e-10
9.428506607940394916e-11
1.194595379830194540e-10
9.505005612064867776e-11
1.074356163155025009e-10
1.139398817744425740e-10
9.914362033684947997e-11
1.007000277940661764e-10
1.009869184008211544e-10
1.460543794720773298e-10
9.216824047974555753e-11
1.974386666988139795e-10
1.344515132393076416e-10
1.020031671924435010e-10
9.686526527189447176e-11
1.372452801310962947e-10
1.639309874812230011e-10
1.006612201917632501e-10
9.899365733789260116e-11
1.135072128791780232e-10
1.368830972083574591e-10
9.454871670400165257e-11
1.050165246651424313e-10
9.840930127364811290e-11
1.015260236885616812e-10
9.454998804927960038e-11
1.333632106094797264e-10
9.713379668005749219e-11
9.790192355721725400e-11
1.131110036129637509e-10
1.303508958383069679e-10
1.346908488800979161e-10
1.249138058941203111e-10
1.088322774076502867e-10
1.063452056810496231e-10
1.571229133767097518e-10
1.805566609411045073e-10
1.072709442527566914e-10
1.358840725391631460e-10
1.311187818753653786e-10
9.414430528932037255e-11
1.167438551793002492e-10
9.354027591568992490e-11
1.485886798689986452e-10
1.510847611299845431e-10
9.298152596816884970e-11
1.187178858848386865e-10
9.622800685180080273e-11
9.542604500624996833e-11
1.160032505044837317e-10
2.050083547015920982e-10
1.251824546695134050e-10
1.027297274540797966e-10
9.977591897784279745e-11
1.216214555018993675e-10
1.041433902077410024e-10
1.048759676579615562e-10
1.057216115779965409e-10
2.306147028431074897e-10
1.748585268307339412e-10
1.134051905971532273e-10
1.024521480494787695e-10
1.032846920369717537e-10
9.527792052213773566e-11
2.279176018325735243e-10
1.224954867441238293e-10
1.506186648375599426e-10
1.040780961458434614e-10
1.000881110585642471e-10
1.432625210563818514e-10
9.191524168504689512e-11
1.099268250903523417e-10
1.140252988641126171e-10
1.006163796075370771e-10
1.299493434343868061e-10
1.279157919394369990e-10
1.087368335013702005e-10
1.096606451390811562e-10
1.320967451259851807e-10
1.789606818117502244e-10
1.009395030366910500e-10
1.080211286382729015e-10
1.229458073901248101e-10
1.016801694246407724e-10
1.237178558029364105e-10
1.920525396768911725e-10
1.071809780498173345e-10
1.143797280104258182e-10
1.186422077528030694e-10
1.033793822334229384e-10
1.417028233199451313e-10
9.512311321581167777e-11
9.910931265594144105e-11
9.904463347899381682e-11
9.413840302568501758e-11
1.347744294268223602e-10
1.095601055612571385e-10
1.235544788545811926e-10
1.389275195027410938e-10
1.047892884998981344e-10
1.277837415819381868e-10
9.286196476179146749e-11
9.691737518022987608e-11
1.255799597852614028e-10
1.072271082147475112e-10
1.463355865682471864e-10
1.114899299193681199e-10
1.015434928770562482e-10
9.259217504027234362e-11
1.007797078136732108e-10
1.000177833334266439e-10
9.584613465525619028e-11
1.026472324864359869e-10
2.063118677598836097e-10
9.807812792073738629e-11
1.219346113100236926e-10
1.014223489119639842e-10
1.082123411306576185e-10
1.066005886508283062e-10
9.303521211377487855e-11
9.571729001724709662e-11
1.790434122663744797e-10
1.452936921468504681e-10
9.392330779370528511e-11
1.188012002304954681e-10
9.247022903809937164e-11
1.005807053137205288e-10
2.476527297480912223e-10
9.399585274366581636e-11
1.007126600037615694e-10
9.431246354936678417e-11
2.127305805378132118e-10
1.009109844147430500e-10
1.417874577134047446e-10
1.675406857445056667e-10
1.250808530718438325e-10
1.403138064803769897e-10
9.890691458892354117e-11
1.100265146770648421e-10
9.260415152623814745e-11
1.104701215236430222e-10
1.190074436114174404e-10
2.123284694676651904e-10
1.480080634709032092e-10
1.094392115726031410e-10
1.006651316285349206e-10
1.068155943276831167e-10
9.215133862693751490e-11
9.740678963588114109e-11
1.052305975451920116e-10
1.318377320695087266e-10
1.047455621450705196e-10
1.025518030568905464e-10
2.300729713692686017e-10
9.801346970861555361e-11
9.655645794902632395e-11
9.486450432924807409e-11
1.383759363866920967e-10
1.365911565397859227e-10
1.201407502005935392e-10
1.278983466542353774e-10
1.212583874100046425e-10
1.096022861539747108e-10
9.692701671375863248e-11
1.435919535494532501e-10
9.569905096079394402e-11
1.065789813471649583e-10
1.592856208333574852e-10
1.961986857003289132e-10
1.016856868244002557e-10
1.232526141956700498e-10
9.876245017529518069e-11
1.260040572994947645e-10
2.046997346367777652e-10
9.523244897736136114e-11
1.193064997545944552e-10
1.176437561662463367e-10
9.312253524994499777e-11
1.189029306016162880e-10
1.255692978988358961e-10
9.756460586116199281e-11
1.081623407123575631e-10
1.175379202658200766e-10
1.214102919867800620e-10
1.132258812410004802e-10
9.928272682072174267e-11
9.503898257724819338e-11
9.694862936083580499e-11
9.579571475455700047e-11
9.782143035621755289e-11
1.330080654529447962e-10
1.164892364435063027e-10
1.266190421343568280e-10
1.084083342599425010e-10
1.202794711650336042e-10
1.324655046600478893e-10
1.461500495166770728e-10
1.361104580123991030e-10
1.200627627987000360e-10
1.327964212209768981e-10
2.558986416923651140e-10
1.208064164271430853e-10
9.573725515276062236e-11
9.838566742276460062e-11
1.485806546150701213e-10
1.681241453999796877e-10
1.060798013537500754e-10
1.079553441763056847e-10
9.628057485221277594e-11
1.324702371316947374e-10
9.792365604188453599e-11
1.925827517823450069e-10
1.016882217580865395e-10
9.404679666598616843e-11
1.580059297572992324e-10
9.722797050736490400e-11
9.224426528104722382e-11
1.101173638353376988e-10
1.033354283698105309e-10
1.272542190941565337e-10
9.521823522313713116e-11
9.487844757038524913e-11
9.712355220587033131e-11
1.097566409911199032e-10
9.657408724057515070e-11
1.149400558116436714e-10
9.600195977249127357e-11
9.351637107913768375e-11
1.241455118447144173e-10
9.631638806141996244e-11
1.079046733067338350e-10
1.373771300529760641e-10
9.861274601532254296e-11
9.662103294658342257e-11
1.123908969638806997e-10
1.361816123049638514e-10
1.832646695338581502e-10
9.196491325064409826e-11
9.332863652291022801e-11
1.587068621552232321e-10
2.263542717150828690e-10
1.283862735511864206e-10
1.993596140783446738e-10
1.155642816241300372e-10
1.422029633637553064e-10
9.824575763999404391e-11
1.165375521971396301e-10
9.944264840127251241e-11
1.238446569307193091e-10
1.164741424498207261e-10
1.123657581174354415e-10
1.220362132816247330e-10
9.977046089477119695e-11
1.056881705550806123e-10
9.811398175349933319e-11
1.434897182286607605e-10
1.118375238642598462e-10
1.116341658096422771e-10
1.182783369885658506e-10
9.296023746550236096e-11
1.375886610807589188e-10
1.180429765336772591e-10
9.472719438042152801e-11
9.783099388396962260e-11
1.629959919224711973e-10
1.349010543733020821e-10
1.039402328027823226e-10
1.030376106241721279e-10
2.078516377106809020e-10
9.284194406064222347e-11
1.244707197389508845e-10
2.310091810974469664e-10
1.183834628944949464e-10
9.604507463960551178e-11
1.265827289251569656e-10
1.057703151308379956e-10
9.606936828548644210e-11
9.593294072176396825e-11
9.468434849320352470e-11
1.050621811306167001e-10
9.462449454209426353e-11
1.016127465161341102e-10
1.045962491938871860e-10
9.196035421674131087e-11
1.211504583102106264e-10
9.833915254552034859e-11
1.631338926041183137e-10
1.019994494033396210e-10
1.062317370381175866e-10
9.502031319089426503e-11
1.070179595497655095e-10
1.519657837566250225e-10
1.128535841969867986e-10
1.165227284054651953e-10
1.204756568242827728e-10
1.185286764901768798e-10
9.944705789005354183e-11
9.987033279243368666e-11
1.177508203663434449e-10
1.061421495979217554e-10
1.016985100389672260e-10
1.234135715975955125e-10
1.229234519577073955e-10
1.039778211698508128e-10
1.104029791949117815e-10
1.311807253524618187e-10
1.036638783474714432e-10
1.232693734213857319e-10
1.062106382581997825e-10
1.304940967063013420e-10
1.041597446299267161e-10
1.193447430044286244e-10
1.441965636850134072e-10
9.897213057387307768e-11
9.632639491016884295e-11
1.216775416881777016e-10
9.561788172033940541e-11
1.083366895329865955e-10
9.495890307622082344e-11
1.047731653571057243e-10
9.634046550244947645e-11
9.684768236658320879e-11
9.388813621212221724e-11
9.832517897135371465e-11
1.824410294176449760e-10
1.566465201260450362e-10
1.115838599015317311e-10
9.322426814158828312e-11
1.058735651566382957e-10
1.010720970788986535e-10
1.185443236466128295e-10
1.416088820015000697e-10
9.246990495697578540e-11
1.275041135818757446e-10
1.289868257353422723e-10
1.008319960488938748e-10
1.497546258836613327e-10
1.081621994395921092e-10
1.401943969399958866e-10
1.507016491136288920e-10
9.502205369306988559e-11
1.252009764354872368e-10
1.042023723836284015e-10
1.263161941175142117e-10
9.757032636909352072e-11
1.056293380109297899e-10
1.056875939045298440e-10
9.956407491161220687e-11
1.003279587529271695e-10
1.465466964222106718e-10
1.576840037545519664e-10
9.520970607939327173e-11
1.273634859241322312e-10
9.884609389467949388e-11
9.656566297470391824e-11
1.226749028191657759e-10
1.096785103988609811e-10
1.462687735593262294e-10
1.071170220193647124e-10
1.067058515570764044e-10
9.623974295859654290e-11
1.037223663048568725e-10
1.000897742016420625e-10
1.121466778917482466e-10
1.778354977296359414e-10
1.512764727199973654e-10
2.785919448252687933e-10
1.840478209217441155e-10
1.227869687749802211e-10
9.891898314607573445e-11
9.392234872162188003e-11
9.426770012263585072e-11
1.376902596616243090e-10
1.064167325744467108e-10
9.274970316753208773e-11
9.808874677447803470e-11
9.702291983493058703e-11
1.298106749638545312e-10
1.064612901884825972e-10
1.255384235504419243e-10
9.575344467420618878e-11
1.000306421704670333e-10
9.582414752174662188e-11
1.898047765129862131e-10
9.387134571062325383e-11
9.347528719233096624e-11
9.510841086489356821e-11
1.004825061992227256e-10
1.099355998337423226e-10
1.178461355214604327e-10
1.123745026221421549e-10
1.369283871782562768e-10
1.095258757636556349e-10
9.636250581582668852e-11
1.757621618150895028e-10
1.117485859783197511e-10
1.034150918940377892e-10
1.033121953059767165e-10
9.741747249356703852e-11
1.102581686508646010e-10
9.509845007783978637e-11
1.053036542324311640e-10
1.505382852402558916e-10
9.352455387330637676e-11
9.389261323546757358e-11
1.275853195937320599e-10
9.610916690061476195e-11
1.008346999674551488e-10
9.454363117330038676e-11
9.331850970789599127e-11
9.634484265332865473e-11
1.263381466736275366e-10
1.076294414289614430e-10
9.297201117974437685e-11
1.085398101778008063e-10
1.000360878301621406e-10
9.279898367854730041e-11
1.726462955939928466e-10
9.199877417071222505e-11
9.594721867952387018e-11
2.598965198657769787e-10
1.283564793890220337e-10
1.275153677176731282e-10
1.006421124158672166e-10
9.419517895025356227e-11
1.118917071976450726e-10
1.038218321587006824e-10
1.073196009760058878e-10
1.128029373924861208e-10
1.063535215900055938e-10
1.095659725870152138e-10
1.066874085126871238e-10
1.315125643318466382e-10
1.435467440593679600e-10
9.985215321997189968e-11
1.075779265547578510e-10
9.469053839175252988e-11
1.041883594635391233e-10
1.722894960124785367e-10
1.095751916435602368e-10
1.886452004523944708e-10
1.328116496328170212e-10
9.766753014432231754e-11
9.540286947545475333e-11
9.446095772502323105e-11
1.006130685357339822e-10
1.279023726740762973e-10
9.310852326483713323e-11
2.450250385562732470e-10
1.064102839792782144e-10
9.981184483883506435e-11
1.002011497592193351e-10
9.641782164164736541e-11
1.220171447135255714e-10
2.288622572873533450e-10
1.119418920302153278e-10
1.179180688610096253e-10
1.116476323312434941e-10
9.702183225824730178e-11
9.512295513659212449e-11
1.203870541436825935e-10
1.546298849417614361e-10
1.013009285906945168e-10
1.098089333897486132e-10
1.813653178481317476e-10
1.065678184570296774e-10
1.031193903536768246e-10
9.507409764319339531e-11
1.075151712970975348e-10
1.496112054562036579e-10
1.068063100246019088e-10
1.401803230377892163e-10
1.572366972692614720e-10
1.078924978731907397e-10
1.303799309194603564e-10
1.160508134243524431e-10
9.503265433125260680e-11
1.125036879614674670e-10
1.608277470975300746e-10
1.333238039897162937e-10
9.987002982328740676e-11
1.257051157434154979e-10
1.175182145538944731e-10
1.517289287684310957e-10
9.605777069937563187e-11
9.561316072389336937e-11
1.279726271701080608e-10
9.398195475326158016e-11
9.354476750312349541e-11
9.387678292259485589e-11
1.377174787670524098e-10
1.280974407977912968e-10
1.445621692360790993e-10
1.233180016930500160e-10
1.080724586062741639e-10
9.509497149269477574e-11
1.054731773835426771e-10
1.025181993258368987e-10
1.939226481209090850e-10
1.089307369759162207e-10
1.355456135447948845e-10
1.139100468115988803e-10
9.918873818147225031e-11
1.152425820837387490e-10
1.759514460092342744e-10
1.395183534541215352e-10
1.811531037669766019e-10
1.040526699719363035e-10
1.385657739883055494e-10
1.447490482047041802e-10
1.054113500303742837e-10
9.519264578591600152e-11
1.124885365734600967e-10
1.184519792822425041e-10
9.884043804590221564e-11
1.190513567018524353e-10
1.827599839347816825e-10
1.102956715188105738e-10
1.813428478335362414e-10
2.222354889489988352e-10
1.310755614357623829e-10
9.326335794786278923e-11
1.147632488037549616e-10
1.187490045694531288e-10
1.290338054212575324e-10
1.284156969487830687e-10
9.660777787608378163e-11
1.016671950469791921e-10
9.381023808296382961e-11
1.156479817574955189e-10
1.161672572851835938e-10
2.146490495281121344e-10
9.995725172760077762e-11
9.194993282511113843e-11
2.434512500469627732e-10
1.323433557030654800e-10
9.805611752761914038e-11
1.219820517336101515e-10
1.047523909005057505e-10
9.183213179792151870e-11
9.462989387014997975e-11
1.351445761125018267e-10
9.605432253209169126e-11
1.683747402905326421e-10
1.252457171199241378e-10
1.015530475599108362e-10
1.101870214325204531e-10
1.310332840809696546e-10
1.108470647195905829e-10
1.034863320246671835e-10
1.981126855488156671e-10
1.041112589056023676e-10
9.753398842437062783e-11
9.573678357739919129e-11
1.190142003942653565e-10
1.710109255314749918e-10
9.342937009375181594e-11
1.063226925205193406e-10
1.024645910477736174e-10
1.462093135594390658e-10
1.791996906290477216e-10
9.599866666814615414e-11
1.125375332621515119e-10
1.412584081232734315e-10
1.580609812613836571e-10
9.624193355983689170e-11
1.148679676833568284e-10
1.052608382683032171e-10
1.187615021162711822e-10
1.168908496484915205e-10
1.357237382852838628e-10
1.138743978910320042e-10
1.329791793544933053e-10
1.267790809550202254e-10
1.371215844398350384e-10
1.677846350419950111e-10
1.254790120359127322e-10
9.377358879620253679e-11
1.150906700116893020e-10
9.548136258930949926e-11
9.659732864005592099e-11
1.004341288424214678e-10
1.406552254482976272e-10
1.195970094189540343e-10
9.485467960522645108e-11
1.231642487626877063e-10
9.853107500106369104e-11
1.201912572406106803e-10
1.212461153515789615e-10
1.152662357071528001e-10
1.110380157351516219e-10
9.852938885911076984e-11
1.054052811504878290e-10
1.063314401675019806e-10
9.181158862673253563e-11
1.099063483053000696e-10
1.599504467433256043e-10
1.265257172639606271e-10
9.536249760352757782e-11
1.485957417787428284e-10
1.313669983145174820e-10
1.306764367331439730e-10
1.937929247114620693e-10
9.928775157241522759e-11
1.265448057437784840e-10
2.046180680637905755e-10
1.115742362921804953e-10
9.917212592920157698e-11
1.302212487460785136e-10
1.011212561695756155e-10
1.047015291122127579e-10
1.409725056554324273e-10
9.961327728614108712e-11
1.228991979739730973e-10
1.120758960043097774e-10
1.030949360601560855e-10
1.031601853201798685e-10
1.196965962772460843e-10
9.979456545747454209e-11
9.692623920184153217e-11
9.495526169489992989e-11
1.055915431666840791e-10
1.202232010851568796e-10
9.638422918391921418e-11
2.339096332902085224e-10
1.078524237121552974e-10
1.395409645465591288e-10
9.406930650546184931e-11
9.210208025762040888e-11
2.261105831404384034e-10
9.897335206018193065e-11
9.590375141780622628e-11
1.093951575595255627e-10
1.015611087117777527e-10
1.550376868869177454e-10
9.937222544679088046e-11
1.355698468303509423e-10
1.508153307933686822e-10
1.237197398198407788e-10
1.005474294326570779e-10
1.122222084661564802e-10
9.343675669377242325e-11
9.396390065520867138e-11
1.010729965184032185e-10
1.979812055402557386e-10
1.000917397031951075e-10
1.094680131086072710e-10
1.143007349964950417e-10
1.368860862906345685e-10
1.033777654913822275e-10
1.594669671741357685e-10
1.031326465844552274e-10
1.255390435826430534e-10
9.888124552450767849e-11
9.344462446659632065e-11
1.698916873839028382e-10
9.644500059996869947e-11
1.125959227610678554e-10
1.028918872494450411e-10
1.007872219513114455e-10
1.556211779585195252e-10
9.740059620546892666e-11
1.188241027141561134e-10
1.152119730683311063e-10
1.440455643712626547e-10
9.993106187000710952e-11
1.324723666956732850e-10
1.777083644425671526e-10
1.072291011020991281e-10
1.627463668930090572e-10
1.031042175040397624e-10
1.235591314271282610e-10
1.024237019438280627e-10
9.842525898725447762e-11
1.178481014237484926e-10
9.734871269114900129e-11
1.133826888241015243e-10
1.182373091848453091e-10
9.690726621964186565e-11
1.075620278004950310e-10
1.374109345825114989e-10
1.165673271502826189e-10
1.633781741793904799e-10
1.053643804861694017e-10
1.140557817687374256e-10
1.053849048171673611e-10
1.219403355421492054e-10
9.554924983460138720e-11
1.119066550128164196e-10
9.374573335836026937e-11
9.880527371348457033e-11
1.019148004386180309e-10
1.459453943423069195e-10
1.113346492453207220e-10
1.048176076850220387e-10
1.628005070776590873e-10
1.864220969336206200e-10
1.021758394015435822e-10
1.222747314962592849e-10
1.403949002295953825e-10
1.163701592307032473e-10
9.838014191006687365e-11
1.196143453329502603e-10
1.386394624970049426e-10
9.207866225704283085e-11
1.228406932681902481e-10
1.033358694597182159e-10
1.306582366993429320e-10
9.883845078856242063e-11
1.005215247922831096e-10
9.201749067197382669e-11
1.286723543906240584e-10
9.722223237733104826e-11
9.227771181709587893e-11
1.163718819078034008e-10
1.209442128099925745e-10
9.198151948777764727e-11
1.055127418020453644e-10
9.654865647867629385e-11
9.854057823809809798e-11
1.541780479029093543e-10
9.462909986822436193e-11
1.001553734693922894e-10
1.035857027392843634e-10
1.133102770844894483e-10
1.329002746405520365e-10
1.860963385294111549e-10
1.069698960459395285e-10
9.253405364897086613e-11
2.065750748622016162e-10
1.441762406892158698e-10
1.079496836593967744e-10
1.585912727688294853e-10
1.082870216175236869e-10
1.401520589075928959e-10
1.454721184563408978e-10
9.747876299573181171e-11
1.266093184735005650e-10
9.583906784368494642e-11
1.747202146610419805e-10
1.967391939559358535e-10
1.127969455942969599e-10
1.005974149054363578e-10
1.099981195520216197e-10
1.314299115778410134e-10
1.323786375251191145e-10
1.078180033438955960e-10
1.517884879068153701e-10
1.171779005706539188e-10
1.236776574601696909e-10
1.076990870201486301e-10
3.170337551249354136e-10
9.337041955992120552e-11
9.551160991806717910e-11
1.078670105153477816e-10
1.216097255293153525e-10
1.028328385517845071e-10
1.222912272763445920e-10
1.120391890287165818e-10
3.585459390403998956e-10
1.025614234963456100e-10
2.963983422642371773e-10
1.156317256895900516e-10
1.709851874368916379e-10
1.022613379232072413e-10
1.180938753070260468e-10
1.302757622959650012e-10
9.676548802863842618e-11
1.221491728604654813e-10
1.282899375139877630e-10
1.196808224143804351e-10
2.312548860133815779e-10
1.119224237497774284e-10
9.420394784135739507e-11
1.280739244940369751e-10
1.308309279605421873e-10
1.274661856369414940e-10
1.214413167820437252e-10
1.429561117992142053e-10
9.867292709277588924e-11
9.508421879824091181e-11
9.339740913101388565e-11
1.078240948910786673e-10
9.548246550376569551e-11
1.129463850556253327e-10
1.028442077316936444e-10
1.169029928975990409e-10
1.023768693375934704e-10
1.309465423139365022e-10
9.419199008548030005e-11
1.224076574925454245e-10
1.169448258596645370e-10
9.591850397296013056e-11
1.129826980156436014e-10
9.730362408264541237e-11
1.466550739714432184e-10
1.014153243567979199e-10
9.212809414927820358e-11
1.409081805139672429e-10
1.452334463543057913e-10
1.275283333619046352e-10
1.131331451838679433e-10
1.045045627119464800e-10
1.845989867029957906e-10
9.960978522621571666e-11
1.011817770563591801e-10
1.106483471276292472e-10
1.077281534593997876e-10
1.076273131425036910e-10
1.106433613372648133e-10
1.125543161358179758e-10
1.476710214526815505e-10
1.307785313299492907e-10
9.893211960456064424e-11
1.008374038225747200e-10
1.057097929637801449e-10
2.115693714786724162e-10
1.253106904875401519e-10
1.155194775977845141e-10
1.055987568370879050e-10
9.231406883185719277e-11
1.340545219178213168e-10
9.713239976197505076e-11
1.185881260737111161e-10
1.028840650012953893e-10
1.710036397236645339e-10
1.456515512368192304e-10
9.551617779644632281e-11
1.111049601329560776e-10
1.020222004153570126e-10
9.682994102951142758e-11
9.557019027913452020e-11
9.527649982379970044e-11
9.938987330981737366e-11
1.399194505069928777e-10
1.899066675645509120e-10
9.179854325566066814e-11
9.813213511605871268e-11
1.723875182336412617e-10
9.950314990376609325e-11
9.935077047169426742e-11
1.310018669045381989e-10
9.541311776660486399e-11
9.213053262210207200e-11
9.292442445125122753e-11
1.031401577868043877e-10
1.348647200469009316e-10
1.599583718509365476e-10
1.262020610304366875e-10
9.589229327629850333e-11
1.121994992394755592e-10
1.128601178199084880e-10
9.401166551141509452e-11
1.021783636918863907e-10
9.791548758881733466e-11
1.220865417795284454e-10
1.365040555714839781e-10
1.075479727250663406e-10
1.015806621430019703e-10
9.726921429049011710e-11
9.438395089346265352e-11
2.083138550220064017e-10
1.103128913197880118e-10
1.157394847712680937e-10
2.032261590141160616e-10
9.353385903482861790e-11
1.308995660791428864e-10
1.283080661724268091e-10
1.100501723840710281e-10
1.013281545595503268e-10
1.610370942954571629e-10
1.210037752118598608e-10
9.606435326345857730e-11
9.721060012343394946e-11
9.215897730016790072e-11
9.710507871880482084e-11
1.128745450648905874e-10
1.007228850629440828e-10
9.508595827683144764e-11
2.029330904660821322e-10
1.372798011203603865e-10
1.475635123492523439e-10
9.668915450126350951e-11
1.171416740848182396e-10
1.846963099619969399e-10
1.127195719082425975e-10
1.059985856333364838e-10
1.138785844445038378e-10
9.390716227149714819e-11
9.941633996452841249e-11
1.366996191531988611e-10
1.579815922518125143e-10
1.020443523637541436e-10
1.492586817606593597e-10
1.284886220907556006e-10
1.042211996489187869e-10
1.436627199857075771e-10
1.109621947986094942e-10
1.121869116706974499e-10
1.075898492713711373e-10
9.754636011828627908e-11
9.894754535728954018e-11
1.001620219875157610e-10
9.703783409614640651e-11
1.735836336618088099e-10
1.103723093462761681e-10
1.142134776594871493e-10
1.080093890359220370e-10
1.166757840394963497e-10
1.028180717411532389e-10
1.210273369073261240e-10
9.436007397859622517e-11
9.939428484716780024e-11
1.032640971588507895e-10
9.350866905345345432e-11
1.314328897721572166e-10
1.375357763903382225e-10
9.589307811872786757e-11
1.098998006016872524e-10
1.079581743373737947e-10
1.637994712408320367e-10
1.226922371558949663e-10
9.223793197515593210e-11
1.216345867968033306e-10
9.630935145116646704e-11
9.392682431803324608e-11
1.340609614904202949e-10
1.703483198840981648e-10
1.824454999363331111e-10
1.089487069212531998e-10
1.167602399364433213e-10
1.738712559438611301e-10
1.152794638479690654e-10
9.777190287371219882e-11
1.335518683298149137e-10
1.218258061876909290e-10
1.114724565330197158e-10
1.114545679069821707e-10
1.009177394624960731e-10
9.443518882884804072e-11
9.527223761756255356e-11
1.420832750006327664e-10
9.482599265419449944e-11
1.011894148177222798e-10
1.815791105396708794e-10
9.550137087553071100e-11
1.006124665124353173e-10
2.463529498021208630e-10
1.238792877770922916e-10
1.042551979449603883e-10
1.360471310468722050e-10
1.016594395547418732e-10
1.097631961665643847e-10
1.321196336902875654e-10
9.927541769373905032e-11
9.516072953486472768e-11
1.034322815868086896e-10
1.513441901908542902e-10
4.289673564701438871e-10
9.614534918734390642e-11
9.528060401287018638e-11
1.085317818841310797e-10
1.390891520787449929e-10
1.542169967753954706e-10
1.224060093750752878e-10
9.403019064243513845e-11
9.863189106386467545e-11
1.059407671210673773e-10
1.096780917109750031e-10
1.237973395056336369e-10
1.645985382789711610e-10
9.491076364477069812e-11
1.241677998402862799e-10
1.097637540380192628e-10
1.234582493981471770e-10
1.013401199934069963e-10
1.485990586349929730e-10
1.209116668069697900e-10
1.258682742838061329e-10
1.451714314711406802e-10
1.278727239293605487e-10
9.772050068688601537e-11
1.003000426277350274e-10
1.295194345586612989e-10
1.013707757766918953e-10
9.535745006797645769e-11
1.179700623176011962e-10
1.566421268054850230e-10
1.380940603670062885e-10
1.285579889009313849e-10
9.249712430777818734e-11
2.118903963562723254e-10
1.401695134414491183e-10
1.119639616383313617e-10
9.400320037977394544e-11
9.237977182816972553e-11
1.000073439195208361e-10
1.124878540364750520e-10
1.049280611373719055e-10
9.543534536499527091e-11
9.201065546636823971e-11
9.219196350578899089e-11
2.271083256636868529e-10
9.519169791339044902e-11
9.276909495427763782e-11
1.276371503833525195e-10
1.076810765627038393e-10
1.880669856365683831e-10
1.333362740520917083e-10
1.184217058415694825e-10
9.247816871520332722e-11
1.003193582929226590e-10
1.263084235927116171e-10
9.604554489022826088e-11
1.563561246457456040e-10
1.569568449221291666e-10
1.259236912047656473e-10
9.823423150396238538e-11
1.434827678841173730e-10
2.448854739745153199e-10
1.695363040374985036e-10
1.445313676026806776e-10
1.308939470685723005e-10
1.071898067710368898e-10
2.103378329461321668e-10
3.134778963854040880e-10
1.653342996088210021e-10
1.012859665413624440e-10
9.610556368281381019e-11
9.400671428897138211e-11
1.177483284185524059e-10
1.288337957907892500e-10
2.049332569028154512e-10
1.479754204342374920e-10
1.329344835095616457e-10
1.337219891544969522e-10
1.014535806095785204e-10
1.428539214395701993e-10
1.076905784710651702e-10
1.014265335509954113e-10
1.316884372033545557e-10
1.049563475562188846e-10
9.700846973115299346e-11
1.045556538595266218e-10
1.261955187773036107e-10
1.117069780239386279e-10
3.601571263803622368e-10
1.130400707167381001e-10
1.060382659533414401e-10
9.659218163786410713e-11
1.389143548013120200e-10
9.636891387352490411e-11
1.517928988813916316e-10
1.039289686026440335e-10
1.053280930036257950e-10
1.034005448163930176e-10
9.411159948437394541e-11
1.041521517847871841e-10
1.327728082586847516e-10
1.089321409713017123e-10
1.434630184719791363e-10
1.018750581816750269e-10
9.368935997080739441e-11
1.191091496696117364e-10
9.653695323881248642e-11
1.073905596573862658e-10
9.660933737873582481e-11
1.337033309036381936e-10
1.507478281356454029e-10
9.732686791588284324e-11
1.321059958443854441e-10
9.694505345852453359e-11
1.082342276068027802e-10
1.309174976801455054e-10
1.159023553177281036e-10
1.020977079049621660e-10
1.518236675604024340e-10
1.310768749477368551e-10
1.083294945636818094e-10
1.021384141075035439e-10
1.348524902221270050e-10
9.526244969766398186e-11
1.160927821687738867e-10
9.796094593317574271e-11
9.734452998111988789e-11
1.301387199868737425e-10
9.532069064897455110e-11
1.798109380485781033e-10
1.306959514104358987e-10
2.732264273439747166e-10
1.163606178457852747e-10
1.185233299641200502e-10
9.219651251682590251e-11
9.794399752258264834e-11
1.222206624430178510e-10
1.266491936371015804e-10
1.049289315882107216e-10
1.324627834218613479e-10
1.355590640661051185e-10
1.287842056730314577e-10
1.119353115345067711e-10
1.118766204749343625e-10
9.550058321708809784e-11
1.116444719487126548e-10
1.389893562961331080e-10
9.195188691476309640e-11
9.643984648496316557e-11
3.857589412702846226e-10
1.993529951371125718e-10
9.242160575811365993e-11
1.149657728532153407e-10
9.185658271235661938e-11
1.313786773898017244e-10
9.948247964462374305e-11
1.390141976963998997e-10
9.658110697098429106e-11
1.236066543346551432e-10
1.246520127006467963e-10
9.642063356888789432e-11
9.437344570213870280e-11
1.029560690697466137e-10
1.527381466746899279e-10
1.070707078255012414e-10
1.409175955541005083e-10
1.380917786867908893e-10
9.695236061412059124e-11
1.021272733099312984e-10
9.575407334517292903e-11
9.302376779214052029e-11
1.606560402164629099e-10
9.775399969117805769e-11
1.104676251342017954e-10
1.052828267475473147e-10
9.188412392177315420e-11
1.003038154743534728e-10
1.376336334122292492e-10
9.358967300311325773e-11
1.002863084172542364e-10
9.593435291032935400e-11
9.732175468934724624e-11
1.391244058349942996e-10
1.011245526773466024e-10
9.582304804919338763e-11
1.422433216210370346e-10
1.025204201340802342e-10
1.001588488793090569e-10
9.948901550043083258e-11
1.646452006236242751e-10
9.818088850410910657e-11
1.256092139169888761e-10
2.373910719315252058e-10
1.290784706744919287e-10
2.092641573931418057e-10
1.027662255410321584e-10
1.144737307247218225e-10
9.801670350557766733e-11
1.715227126628339720e-10
1.188840733057983841e-10
1.257428889350732017e-10
9.228826313438338518e-11
9.596965171488614435e-11
1.131346392637346836e-10
9.291684086753059807e-11
1.138761535588844461e-10
1.029734732750238042e-10
1.075502443612911059e-10
9.295636637033111635e-11
1.224517691150044275e-10
2.119476494456558421e-10
1.592576278971913779e-10
1.151370913340929732e-10
1.189510373646901651e-10
9.244608227274744090e-11
9.685312869777452889e-11
9.874271529159424237e-11
9.353161303552172656e-11
9.899716840729912030e-11
9.981805871324802587e-11
1.111630420284297635e-10
9.312962106875547236e-11
2.532714294459961528e-10
1.078784804784072305e-10
1.703970185646633924e-10
1.012262487018585375e-10
9.801639552893668229e-11
9.247379386486834787e-11
1.169812375892302989e-10
9.927298121343925393e-11
1.111787650993665853e-10
1.015785726205086602e-10
9.232396745570600677e-11
1.115021736205030323e-10
1.534633198017110905e-10
1.911247924132077953e-10
1.261394654260775394e-10
9.726130783364336860e-11
9.241690432124940620e-11
1.511531862144544128e-10
1.065726844580014897e-10
1.274864966676610131e-10
9.588978174275282143e-11
1.244173616458820774e-10
1.065012492151545865e-10
9.326786120199171951e-11
1.045325127134408509e-10
1.019677690301280982e-10
1.075387437711400332e-10
1.016318437014085240e-10
1.675898086430268973e-10
1.017313071741911238e-10
1.079967995470230652e-10
1.376531975118637718e-10
1.015349825752843840e-10
1.049398116906384540e-10
9.711346202678245025e-11
1.290839167314409388e-10
1.051437397905850355e-10
1.270443975740199763e-10
1.090272949586347846e-10
9.490395272409102836e-11
1.014549253262840572e-10
1.436476212970930641e-10
1.340602590047439854e-10
9.585916780079284950e-11
1.790961241180187103e-10
9.576696030418616951e-11
9.217392799338439936e-11
1.474764001736594937e-10
1.139694399959600708e-10
9.443805234335938840e-11
9.185625673762466633e-11
1.219006426950737515e-10
1.059525631882857005e-10
2.147366714566525509e-10
1.533079477229615382e-10
1.848395589304982581e-10
1.813958731594232213e-10
2.079393686931380929e-10
1.119343518506006735e-10
1.151180966921940279e-10
9.506460820403460913e-11
1.163367613878956274e-10
2.648121894912594426e-10
9.273596517191051510e-11
1.239606870963701280e-10
1.514311414014208706e-10
1.261877417507230038e-10
1.491566537414113974e-10
1.050644997258806137e-10
9.586262210954105391e-11
1.500751595912265325e-10
1.106130268760367512e-10
1.095596864774691939e-10
1.721298117390860891e-10
9.746638379443802496e-11
1.001180439351979414e-10
1.135466183273562080e-10
1.061925506703402108e-10
1.079996287575108153e-10
1.049337189548889697e-10
1.193444837642616699e-10
1.530854206662414096e-10
1.179556580785993867e-10
1.194028003905545768e-10
1.163411353922775437e-10
1.828492396454041840e-10
9.553885684488606380e-11
1.120946563284469743e-10
1.016773360635021693e-10
1.126117433893922012e-10
2.311865768139636036e-10
1.415359897136768418e-10
1.079380787877178092e-10
1.395029760795867386e-10
1.383288970258657361e-10
1.015594666706937164e-10
9.911312513361950732e-11
1.448102363814287704e-10
1.547578693573852657e-10
1.399144881174649372e-10
1.219310494469169905e-10
9.488605221898695881e-11
1.277497943871992079e-10
1.036555205677722029e-10
9.532826441917708560e-11
1.225780694697608539e-10
9.569449072141033475e-11
9.260981560833128636e-11
1.071586186028969857e-10
1.839342184741775608e-10
9.206955384932441095e-11
1.098680324279514209e-10
1.568059349489448214e-10
1.383507669439492361e-10
9.273741986750353231e-11
1.221781286466260488e-10
9.685904155395083404e-11
1.020951818697796436e-10
1.032003773827689694e-10
9.698531456282025649e-11
2.007149294464803705e-10
1.043977975506737769e-10
1.187963850123536258e-10
9.564510215491533226e-11
2.299488650793954340e-10
9.287584786900687765e-11
1.473728622716039933e-10
1.005264953214497791e-10
1.292490183613852396e-10
9.625711009883706933e-11
1.075259640753251336e-10
9.424570984915233476e-11
9.743094072283235307e-11
9.950239003429604766e-11
1.491096171355742509e-10
1.264365221952970846e-10
9.716080030872837460e-11
1.513657741691673725e-10
1.069195303236219594e-10
1.485994866117259478e-10
9.211801452908261229e-11
1.027968042731198904e-10
1.305754704073947093e-10
9.400559623942065348e-11
1.352973808982621300e-10
1.181013318696942683e-10
9.941588369512830967e-11
1.164387840273493923e-10
9.976667040558305439e-11
1.248239777232426577e-10
1.057966760276471739e-10
1.166968038852417036e-10
1.333025084105092084e-10
1.055739400009140249e-10
9.246293697241744810e-11
1.028281133742653627e-10
9.821378891231152587e-11
9.904112388196108490e-11
9.689731187991863837e-11
1.329765852321103717e-10
1.055478190961457499e-10
9.646514619200992663e-11
9.387998115386416157e-11
9.352808351268903567e-11
9.807012464153761560e-11
1.104446005488354622e-10
9.289118174900870220e-11
1.005052561020755468e-10
1.139761875078556598e-10
1.133013245072822246e-10
1.208159063527690903e-10
9.322877304782358293e-11
9.952153719697431998e-11
9.692888272009427171e-11
1.896345635318027904e-10
4.232509860490601849e-10
2.181505203897830988e-10
1.179196407456340109e-10
1.233973330597570398e-10
1.012650164226976504e-10
1.043392036303737401e-10
1.183230091595315103e-10
1.086777593217741745e-10
1.151369575785959302e-10
1.676532644820204586e-10
9.179234613611798287e-11
9.930267225093202442e-11
1.877341337133576219e-10
1.049643245709580124e-10
1.019078055941256347e-10
1.724923470898699760e-10
1.171155849439770824e-10
1.177568533120115980e-10
9.398467059389771694e-11
1.194478814985613199e-10
9.342535542288927161e-11
1.602306264211343856e-10
1.213461776331112031e-10
9.207345754917364570e-11
9.686650997349600771e-11
1.054689891486257477e-10
9.975044568780897343e-11
9.350610158820190404e-11
9.417716062320473020e-11
1.041842720511998237e-10
9.359945348620812339e-11
9.972041628667586879e-11
9.286212620370665699e-11
1.048482429562556055e-10
1.320660239299899095e-10
1.048814828023589062e-10
1.365432339802688411e-10
1.381242895163057411e-10
9.675256177091223344e-11
1.173961060465911718e-10
1.062557019523481707e-10
1.192367268045800255e-10
1.253751377998290212e-10
9.900403757580291055e-11
1.268660993328904371e-10
1.036769270351194401e-10
9.203962067096473624e-11
1.208984668336930027e-10
1.191239511114530597e-10
9.820687140295680835e-11
1.466302864896995940e-10
9.203441403126709728e-11
1.182998911945272274e-10
9.398594861278938579e-11
1.120226126547210418e-10
9.237912310961925390e-11
1.518048709613483664e-10
1.049485150619644478e-10
1.081832473017662814e-10
1.145849942629933846e-10
1.440064182262851980e-10
1.170527129397401069e-10
1.145203707984684912e-10
2.012390635281781921e-10
1.250560946206381756e-10
1.187600701640734334e-10
1.011494232961217064e-10
1.317539502301205119e-10
1.342135587054753770e-10
1.097531540560968113e-10
9.373948890455016851e-11
1.723151575494015966e-10
9.545804121653908147e-11
1.084197540976708879e-10
1.181318079222539600e-10
1.852299055702291625e-10
9.919010972652621281e-11
9.924008360660746159e-11
9.206304736105434444e-11
9.564101165539003768e-11
1.028901162199625457e-10
1.129375432756502844e-10
1.394856747601981099e-10
1.238779077242828371e-10
1.781516142016936600e-10
1.084697915943154312e-10
1.063236963808477078e-10
1.343535010073715282e-10
1.126638286134910268e-10
2.633287356576145422e-10
9.944964268325127953e-11
9.559757998826958076e-11
9.632264244848774765e-11
1.128002138823784404e-10
1.482392835952316237e-10
9.865455459804216906e-11
1.024084389441262587e-10
1.954490379539484592e-10
1.352502192667395640e-10
9.694163292222852657e-11
1.061119850953519507e-10
9.773856361009226381e-11
9.312495092299394955e-11
9.285211634051665528e-11
2.328081526891260178e-10
9.252887136155082650e-11
1.001305892261865980e-10
1.529912615662314996e-10
1.210868635290487681e-10
1.779579826358498951e-10
1.859143641050369126e-10
2.008168924745753603e-10
1.082928078264703035e-10
1.091763357179413205e-10
1.230921034649755841e-10
1.080446044945323374e-10
1.672900591218702128e-10
1.689383694243974943e-10
1.096620409542079482e-10
1.229379770784490656e-10
1.152354985338521632e-10
9.626806093985680215e-11
9.494829523363208176e-11
1.056072684136159722e-10
1.556810756501516370e-10
1.713229196091502216e-10
1.609898174263526132e-10
1.372362185462399203e-10
1.197119805061014866e-10
9.195791179579700617e-11
1.039958067267378530e-10
1.091345717964271337e-10
9.432281543141734751e-11
1.164121596893786694e-10
1.392143751698319949e-10
1.087417550821071392e-10
9.862254868643668609e-11
1.409004463191982822e-10
1.102067576963125443e-10
9.535161356355055764e-11
9.223273513227217356e-11
1.051638674234933301e-10
1.388748541454499962e-10
9.208679409778675830e-11
1.463461050155286207e-10
1.016470595232215106e-10
1.378201370664840637e-10
1.010062690745519728e-10
1.694041193048286031e-10
1.313414918690290467e-10
9.979532337996995279e-11
1.005599278390082382e-10
9.456158838402889392e-11
9.211264917639871155e-11
1.976788445803782367e-10
1.544386136265991426e-10
9.962086835124674823e-11
1.089717271242755067e-10
1.588311597709678085e-10
1.437394042976662727e-10
9.344863841310305812e-11
1.062699064653028553e-10
1.154786606976244575e-10
1.693367524048553494e-10
9.739115056058007239e-11
1.177799333902879946e-10
1.097567804665046687e-10
1.761138113797539754e-10
9.986215234318623045e-11
9.500733765913572803e-11
9.673885517237692876e-11
1.460775147122742661e-10
1.208370639738996126e-10
9.431357841520212520e-11
9.285550688379033996e-11
1.224385877881923958e-10
1.146983106142298743e-10
9.228485436268662031e-11
1.248760625241595655e-10
1.091511108603090412e-10
9.342069821556585380e-11
9.240539302337319387e-11
1.141012231299339835e-10
1.077995852067281562e-10
1.008030000450205102e-10
1.161855709655838685e-10
1.787550744583679175e-10
9.798158871294315029e-11
9.520401961212518687e-11
1.159430416714739888e-10
1.196093000325650385e-10
1.435411195685905720e-10
1.270475882467730962e-10
1.074310687596437779e-10
9.550483650515134805e-11
1.217455795522753369e-10
1.170409788333381705e-10
1.546306082779002469e-10
9.765887950524211950e-11
9.391451597883195505e-11
1.450687502507677500e-10
9.923703704921971515e-11
1.105952937743068804e-10
1.193483723150307256e-10
1.075766490522585596e-10
1.411982248946294335e-10
1.250370563117155648e-10
9.758934108376720742e-11
9.830644244179354185e-11
1.087319117257125966e-10
1.062050400071306915e-10
1.014502934586407116e-10
1.160520089204226327e-10
9.349230040550126969e-11
9.873353509991436719e-11
9.895182143106486113e-11
1.039162402338752651e-10
1.460410182248882557e-10
1.103510720050511758e-10
1.079373711382770998e-10
1.124182162177921725e-10
1.275722367422896029e-10
1.425768109996062503e-10
9.451613337690981968e-11
1.983189054012306522e-10
9.405334256636461150e-11
1.080758515713534166e-10
1.069697533961476517e-10
9.304198141435571563e-11
9.881246035851453133e-11
9.461845967993950470e-11
1.556500505472645447e-10
1.027338654592126051e-10
1.481548792501204235e-10
1.168233817163501432e-10
1.114461731471865484e-10
1.056914862423234431e-10
1.249170441342670972e-10
9.675474220948336018e-11
9.701080052043754203e-11
2.285497094249860458e-10
1.024745148724351639e-10
1.180317212563246958e-10
2.451182731505483262e-10
1.169416591534985041e-10
1.413528885604227442e-10
9.762318852939224435e-11
1.183414223377476753e-10
9.949175132852254135e-11
1.250157751996835670e-10
9.544275355788717062e-11
1.089756569775910068e-10
1.542218647792685037e-10
1.339085637315614648e-10
9.963453099314242162e-11
1.191064229126738184e-10
1.258071424723907190e-10
1.372172907624373072e-10
1.813805960667674661e-10
1.532343242413647229e-10
1.005237841503819321e-10
9.467006276039688499e-11
1.069684695405304721e-10
9.415531134857396382e-11
1.029377771304398927e-10
1.064055547921554103e-10
1.009750663862379168e-10
1.030252282027828394e-10
1.028582331267542508e-10
1.682492437270375230e-10
9.689435651305771030e-11
1.040200756029777321e-10
9.301232223842022603e-11
1.211624830124956135e-10
1.347909769583946206e-10
1.402198394175567914e-10
1.248349445246574832e-10
1.216781789012134923e-10
1.180975382313936160e-10
1.022280959329980132e-10
9.894006183908081993e-11
9.621047860030013228e-11
9.253988341878474344e-11
9.566240642095929830e-11
1.050371084594701158e-10
1.040421472061797974e-10
9.641875895870036082e-11
9.882820821549339255e-11
1.232463132191409775e-10
1.000466758704306487e-10
1.089324217684787846e-10
1.276497385733700488e-10
1.124027815532953509e-10
9.616711547217428529e-11
1.087981284336010269e-10
2.217060434094872057e-10
1.038877061747647003e-10
1.003721579582474414e-10
2.724908723778381579e-10
9.228550366102757712e-11
1.535334159042595241e-10
1.053876507651721145e-10
1.104622161210641111e-10
1.679335090937043753e-10
1.032190701220361008e-10
1.118240773540209616e-10
1.573261865144565517e-10
1.091722720577328406e-10
1.475302449023460676e-10
1.169950872739033573e-10
1.130397988682946987e-10
9.492501767602918962e-11
9.447717943037000079e-11
1.304933774477129648e-10
1.553474260892344987e-10
1.533583312542829203e-10
1.047991646684116286e-10
1.642523668045801097e-10
2.350108925611765651e-10
9.439763794117494582e-11
1.304680813143282064e-10
1.558243168164568830e-10
1.442537841723309374e-10
1.893067213773191125e-10
1.046583522894220135e-10
1.422740005342528214e-10
9.902464257962624010e-11
9.722021620723842827e-11
9.438729323978950511e-11
1.012499000533081132e-10
1.788115006060995987e-10
9.893975637883778402e-11
1.608179624193642271e-10
9.403338430778457351e-11
9.562433341899337456e-11
1.417602546408844827e-10
1.092855845589695882e-10
1.786239600051752920e-10
1.422487686623667233e-10
9.853843241596197784e-11
9.431899331381228858e-11
1.053993564728124919e-10
1.043709820149983698e-10
1.248921327036966197e-10
1.030797600609836304e-10
1.796487812756980142e-10
1.332487267631618543e-10
1.590728470703583497e-10
1.208596285308743601e-10
1.893603865235353623e-10
9.995407293213673913e-11
9.375854135552191611e-11
9.880053333557250638e-11
9.833777062109879781e-11
9.748417846376472064e-11
1.555311393635688042e-10
1.044444189155685520e-10
9.806427572992752845e-11
9.298878243753354172e-11
1.451989479766894690e-10
1.528025822491903140e-10
1.150410198635118434e-10
1.136585403652699519e-10
9.455761580685248812e-11
9.796649212850456608e-11
1.371140080623475679e-10
1.063884995291634903e-10
1.450031757826450477e-10
1.251171742951896771e-10
1.032613018626968614e-10
1.005944043475658171e-10
1.019088474061001989e-10
1.191317406976715316e-10
1.034237605131144440e-10
1.063409041255548853e-10
1.069947145760324915e-10
9.215345150687591798e-11
9.426100790590036619e-11
1.076900112135450423e-10
1.010044691487215697e-10
2.081474009129171316e-10
1.056496730875860614e-10
9.735196580134687867e-11
1.173486259229234227e-10
1.152346965985367718e-10
9.237587945707370575e-11
1.712387302278753067e-10
1.157646469888409557e-10
9.399856823294551083e-11
9.978516680004178592e-11
9.697940844369879352e-11
9.688377876426043651e-11
9.770104504029377541e-11
1.786112082749289510e-10
9.897136713823148589e-11
9.431262281662071823e-11
1.253113115055870517e-10
9.373932878556386735e-11
1.548645039321269463e-10
1.227010932891323796e-10
9.768621941483487299e-11
1.512036705543087123e-10
9.327493735983387216e-11
1.167437230359832220e-10
1.072709442527566914e-10
1.208545005461721732e-10
1.015130320739826972e-10
9.823822736512202565e-11
1.048878684420224260e-10
9.311077819160107198e-11
2.002794319015852178e-10
9.364257315101035579e-11
1.219136204468808796e-10
9.364738095877024354e-11
1.204051908299722468e-10
9.892998121532817694e-11
1.117362285953795314e-10
1.306260219911317029e-10
9.642531995484229401e-11
1.070565963260343784e-10
1.063770324612456203e-10
1.125008216195997814e-10
1.016160290683446048e-10
9.931500316789629025e-11
9.986730306478063725e-11
1.026889307392742798e-10
1.480043055474437972e-10
1.083735043034250252e-10
1.254482423305354244e-10
1.024959889277272003e-10
1.347727978837721702e-10
1.484006822949907968e-10
1.265319982677156398e-10
1.214340399835669911e-10
1.405192168718439805e-10
1.368433139824746047e-10
1.618430224384795569e-10
9.271155563406495391e-11
1.317149549845082779e-10
1.327301775570009182e-10
2.045452718324852938e-10
1.083619391561342205e-10
9.344350053453864588e-11
1.345119949521152421e-10
9.338230866447516129e-11
9.491234751851991450e-11
1.375247851308605643e-10
9.513560074787306892e-11
2.355426724409584941e-10
1.034136225735523075e-10
1.430246088700419955e-10
1.179371922119858308e-10
1.288390084514881163e-10
1.500476845024326276e-10
1.609138896924215745e-10
1.037806789402646353e-10
9.815028554069328436e-11
9.527476338954655770e-11
1.070822523874720667e-10
1.087278335353451840e-10
1.237020290697130226e-10
9.987820970797997193e-11
1.049344442968048240e-10
2.128290510476524323e-10
1.513441901908542902e-10
