Format: x y z  (R = removed from domain due to fracture isolation)
482.7139167 10.58059135 -503.983811 R
283.0338867 271.0525815 11.74614522
359.2705584 -144.1968769 321.9813163
-57.57551859 -89.78934826 409.8762622 R
468.1401959 429.3284377 -279.7167189
306.0150533 -433.1368608 -24.45467913
349.1509838 -362.7859075 -164.4498547
518.6859619 -383.5538496 -317.515328 R
-150.0445315 389.4459194 -314.9602504
-193.783623 372.1930414 375.6451411
118.4236458 35.33607239 436.2189376
128.7812936 445.3907249 53.28028808
158.6443523 -467.2570364 -437.0759571 R
-402.7837316 -369.2397985 84.81805674
-115.5683151 -273.9905569 268.6444401
-131.336933 496.6638818 13.92832755 R
-266.8814619 -48.25583056 495.3147097 R
99.33096515 -20.18234476 -19.60886404
-183.9597573 259.9931619 50.82089275 R
18.34416396 87.99365036 -238.6260843
120.8817585 316.3177495 -314.0141941
-497.0308959 143.9361284 -535.8561553 R
230.6267763 -352.5543852 253.0411166
-436.3713709 278.3104139 -208.3737277
381.7518781 126.9701531 -417.3326833 R
424.7172375 -88.04358967 -287.236079 R
-37.15396175 453.609221 -342.9518464
159.8716019 150.9208189 113.9163926 R
-372.9881594 286.445208 -508.7128313
-119.754954 -390.551296 310.8903975 R
-387.8431446 70.83802789 300.0909658
77.79819586 50.67267545 205.7938797
-253.6439342 121.2993311 -60.10231216
-213.3213241 -194.4916055 -77.48631133
13.78821799 -343.5378336 -154.0052956
-29.80617782 -345.0759073 -230.3325847
-254.0113007 -97.17199541 -230.006465
-57.13615959 522.8163904 260.253751
-475.9582509 152.7542028 -322.9250881
-437.3522734 -37.16733077 -316.2846307
-317.6422961 -410.6168547 -430.0007809
-52.54317165 -421.512683 332.6436223 R
284.7987318 -268.868186 134.9809003
-328.8421851 -301.2290942 -392.6643199
-268.1204751 -30.49348361 -268.7170109
489.0393218 175.1478538 -418.366159 R
488.8510782 -303.6344602 -473.2028689
-409.9715397 -371.3194182 -242.9895206
-512.018265 99.92298778 439.5209475
-137.6542937 -231.0269648 342.2657947
196.4351448 -305.2374512 106.0174943 R
-348.3547952 -112.8084324 -266.9148725
-365.7621213 387.4033528 -347.1904424
-15.76787119 383.0789343 -463.964416 R
72.17559849 -487.1582098 -267.5029782
-456.2350122 -254.5047655 135.848766 R
-65.8606203 -290.9885522 298.3079077
-314.860369 28.4543253 496.9129623
419.3566372 -151.7766641 295.207784
416.1603834 -127.6211377 384.4434135
40.9676009 355.3711836 -341.0248377
-214.0542161 0.9742151901 -278.2138753
-345.3723071 392.0686181 9.258163774
305.3953988 -182.9986463 523.728066 R
308.3611982 -269.9338858 -41.33463525
504.2213056 -512.5957419 -230.4159006
-33.89771935 -464.388109 308.9487599 R
-166.7292615 160.7156635 510.5012874 R
-48.30457022 269.3662634 150.5337081
5.127934457 3.889698374 283.0231266
269.4844029 -394.1702616 -1.573769006
215.379884 -92.80971724 96.53224571
-506.1169163 -178.7767392 -522.1511894
50.98844565 -116.7688507 -195.3421606
349.3478193 -88.56299857 386.0407719
-405.5074242 76.7359202 450.5404292
206.3419784 -98.48364781 -197.4777896
115.7382789 27.65566092 -439.714424
159.3795934 -63.3415031 18.64571649 R
-166.3600353 -382.0084271 -298.076046 R
-8.867897031 -412.5252907 -96.07593456
427.6233746 272.7706925 -57.9915513
496.9146469 378.3556263 61.58440435
14.84304677 505.5274994 -515.0697092 R
-473.5123451 199.6825973 -367.1947002
-291.8783573 402.9053715 -245.3412903
-310.7759274 409.0235014 147.7530001
-306.7814581 -188.6219031 -384.7679127
42.11736552 515.5128238 70.95703484 R
143.3006817 403.538425 -132.6382662
138.5427261 -77.44447462 -525.5992894
100.3197058 -510.3903103 438.5130835 R
-69.82250379 78.42794053 320.7103819
-171.8663369 -394.9384445 426.3384299
255.8245531 426.4540933 134.8789705 R
-350.359217 -72.00804156 72.68711427
160.7285645 -227.8010515 78.60591699
-310.6348388 -299.2512299 208.8773744 R
-174.5409133 248.8997395 422.1578419
-180.5105458 -496.0576043 -126.3511192 R
201.9785677 163.3636355 -151.8065489
-198.5283004 364.5367528 354.5810198
-249.2114042 -294.343098 -357.8997278
270.2506337 -498.159095 428.2176403 R
-130.7870081 283.184888 500.5534248 R
461.6212535 -138.2469312 -186.4408778
471.5805773 -198.7722092 -268.6084705
494.2886414 505.1023519 72.63356036 R
351.1232748 -518.6077429 318.6437071 R
-228.0587915 -393.6415188 378.5440298
-429.7021183 -254.5709557 232.3503701
-36.92619591 -236.8092082 -410.9842743 R
-240.9587853 90.2274134 32.21035215
88.69667667 317.6996955 -84.74758873
149.7249112 122.8126423 69.84460575
-40.11136274 -372.9657154 465.5112249
452.5078511 -396.5618376 146.9049358
-438.9809822 370.6350003 527.0640527 R
-64.01879316 289.6004334 -195.5427856
-512.0947016 -0.8759224948 -198.2081521
27.14243573 -451.7685206 -474.4650084 R
-166.7863845 94.92436212 2.551935266
-418.1147265 -58.43647601 -112.2371563
276.5579734 300.8162782 428.4473348
124.0473625 -478.3423271 -486.9314198 R
291.4778443 -5.422506905 97.84435766
-168.5364939 83.06751301 519.5392468 R
228.1460041 85.71345108 -445.3932341
97.39535169 309.4808008 345.9638576
-473.9549752 -303.8077724 -462.6847344 R
37.91972193 -522.5773012 19.90504787
-146.3704843 -479.1257627 62.87931154
381.8619107 248.2784753 528.1336215 R
402.6736623 190.848882 -155.7869826
-404.5428983 257.5899092 -397.271677 R
252.6195085 186.8242389 -145.7491506
-316.1740982 -94.00234358 -83.35943855
-136.5520538 89.79374524 -465.7760567 R
-519.0456349 475.4315034 312.0331976
-126.575963 410.6781754 435.5695905
82.01480167 -387.8806906 35.73248371 R
531.1877663 -2.574334083 -263.8585767 R
-445.3779617 -69.70061192 -373.4637779
-510.8270331 -10.61105634 175.5021329
-29.37013483 282.251093 -412.264884
238.4391187 -485.576191 27.03377499
174.7148869 -454.8015272 197.6662242
533.4489195 412.2099318 -4.943248303 R
86.9961297 466.1929681 33.3508158
-478.2560231 -197.182085 305.4235573
-252.002233 93.38225575 192.9223119
127.8602994 -17.14981927 501.9350386
-421.2339513 344.8188314 -42.73824645
-344.6708911 -400.1253777 460.549862 R
-320.7167096 -402.9947919 322.2271154
172.2456239 271.5672456 -280.5393919 R
469.1743252 -212.0565396 -237.1314433
146.8842577 -221.2159142 143.3200284
-489.115892 504.540279 38.21919547
-67.29200716 315.4454813 359.6316061
-291.9028088 83.64325778 -535.7366654 R
-474.7400471 504.4647984 -72.95619943
-276.3161353 -455.3749669 -503.1254349
220.8573184 -491.1514773 -219.7506273
-479.9769749 91.5506679 274.4034801
54.21557717 -291.5060903 152.9494175
291.8706863 207.0428306 24.87654729
-112.6424104 380.0922381 441.2039292
-300.0528442 -18.695013 86.31985715
-334.3459989 -360.1334291 -454.8245197
-293.3963091 -175.4195672 527.2717475 R
-532.8521911 407.3579267 -50.86375656
270.909999 50.99105626 468.3127662
-389.5299168 -311.7477021 297.6283856
101.4237883 -95.09194926 -80.00001953
401.3447865 252.2364812 -273.7291999
23.69630108 425.4257167 -187.9357101
522.4151051 -277.2548387 31.38422239 R
95.82588157 90.05148757 458.3356377
-35.45556644 77.13909838 85.93975312
-91.26473591 26.42694258 -339.1405242
-64.78012131 77.92122846 469.3676832
-512.4301919 -308.9797292 484.4630107 R
308.5962793 -382.8303878 -114.2232608
340.4988987 -154.1696024 458.5460027
-31.76769795 -255.5512315 -278.474136
-110.1959232 351.0000645 -482.4022186
-261.9090479 102.5789683 224.4596602
188.8975558 0.666882952 510.8298928
480.617988 -358.7709811 -158.8142179
468.8263797 -59.97582274 4.183264395 R
64.96817271 400.0770162 -54.92851433 R
-253.9347257 228.0857622 67.27604381 R
326.2991542 -243.6836629 229.4089832
-126.4748448 233.8778159 -457.7814665
-151.8371909 -211.5464383 -200.6054786
-262.1640335 -196.7888156 -206.8013589
319.0915583 157.2780385 -166.9705129 R
467.0244228 526.4872483 -381.951858
-115.8360675 140.0302735 -447.099935
337.8015203 -135.1703782 11.46882862 R
53.9689328 -367.0894737 468.2717924
373.1852905 161.6413751 467.8398309
211.3794184 -529.375532 501.461415 R
-282.6668789 -340.3057679 149.9143842
218.7872755 283.5081337 322.3295479 R
144.2784384 -295.6161199 242.23974
-426.3766204 125.1985808 -284.7803937
253.6780361 -258.8324682 32.38880524
273.0757383 -96.20729043 188.6185545
-278.7707464 345.250534 364.5718119
284.0745002 -363.9311819 -154.1392173
343.3620071 484.8101024 114.3408575
309.5793077 -342.5553518 -187.6357676
397.6557859 -537.709963 -514.2529637 R
-500.1441143 444.1772744 -434.4044843 R
-176.4653964 -137.5884717 -67.3405528
206.010791 67.62234093 382.1061685
81.36909294 120.4788 -187.5920989
434.6125319 -62.18843821 420.8825462
-72.36500556 54.9462564 -154.9208909
-272.2628777 499.5620927 134.4915294
71.593905 399.1821245 351.9758237
-506.4637713 371.1762172 445.4941203
-157.0891863 -351.476873 372.9684404
33.18578206 206.9310392 105.4294023
-329.3856588 -12.12830327 -405.4316868
-156.6828658 -113.5864864 389.8716019 R
154.1024334 -178.5228112 -438.3132201
-29.98361879 -367.2360411 -388.9145263 R
-346.9360639 -150.9076277 -340.4519657
-312.5218754 -520.5680756 -505.2968957
328.4287607 478.1832633 219.9438295
-62.11614537 -332.8146353 241.534094
467.4115649 -116.263394 -301.3327056 R
214.8576712 370.528777 -42.82068925
116.5599835 -466.2666331 122.1410306
-224.0412416 -403.2612165 171.6069033 R
-126.022571 218.2500343 -235.4614588
367.0177901 -75.05607746 42.88784095 R
156.7511251 107.0607634 -231.5832237
-463.1401111 -191.8270757 490.3186108 R
448.5421455 387.7545361 143.0658639
100.8272826 129.7731396 83.16572828
431.9824281 -382.4644562 -190.187264
-483.7730329 -302.5701175 375.8278748
46.9216501 391.9221547 -522.0783254 R
-403.3548683 -390.0933006 -128.5918788
-287.4202089 -338.2259823 489.0139202 R
378.3937038 -59.16943614 212.6948319
-346.6362785 281.8172822 -524.4024069
356.0417281 115.4744576 -84.10211762 R
224.4166435 -432.3390534 208.4226275
440.8826952 259.683453 -6.471040165
183.0198866 -81.83948051 -510.8323496 R
-228.3228139 -498.6643676 -146.1954996 R
58.9778591 103.4871511 423.173612
154.0766792 -196.1766 -172.0521827
457.6456653 388.9508909 -24.6687522 R
456.1411221 -204.4827155 -70.44144525
-149.2067752 37.34201242 -523.3229078
-354.8171239 116.1340464 -463.1678871 R
-8.033510643 -381.8736892 246.8958753
-173.2179871 -181.6727168 390.4140396
-188.8766704 -518.6425966 283.640254 R
-278.9140144 420.151958 -20.93302423
-436.1778862 -352.4434506 -31.56621442
280.2542703 -262.1140623 213.8436032
-393.2901812 31.70567476 214.1618292
57.53348122 214.5895433 40.42840131
-287.5787644 156.6998661 -321.6979712
332.7350796 371.5718383 -318.5814211 R
-513.3018534 -431.7380223 -74.26640659 R
-131.0042375 -326.8752414 -112.1413447
-327.2364314 -120.513497 -389.7814603
404.7394966 -189.1391698 327.9014671
153.038992 -68.12145838 433.0171216 R
-126.4934246 243.6040288 -341.3739213
-373.858844 -264.3026365 -367.939354
-422.3336466 137.4590275 -294.0023377
380.1240577 455.948954 -426.3378072
-485.1871036 181.3646071 -173.5711795
-465.0007388 49.67639303 251.9153836
345.5836118 -345.5382447 -521.4600475
-245.5250552 -81.53321225 89.22677922
-240.0576168 414.6495766 -375.4198036
349.9265683 -83.66299181 122.6256109
-410.7210402 25.0212298 260.9306641
-425.8970162 392.2774244 450.9029446
-204.6245405 160.5952278 -347.5284998
293.7058221 70.81102865 497.2561201
339.7699437 -187.1178369 172.5142276
-393.9919073 263.2522912 510.4902743 R
360.5677309 59.63567233 23.21560505
80.84099512 154.4628461 46.66885814
474.7520365 -381.1167022 491.6094302
-81.73960387 -298.1867699 -32.73426454
145.5965247 -494.9616448 336.8986252
31.31982883 405.4332665 538.8328153 R
13.2320381 179.7538407 464.1534375
-121.170643 -492.6829008 53.99068719
498.8871661 -21.22420604 -259.837626 R
3.499726346 -435.9666376 38.50143069
-421.8752497 360.7991488 355.9253886
426.9327071 -413.4081611 -326.0970353
-230.0953769 -324.0549636 -186.3239139
-87.75530392 -303.879838 -539.6416717 R
-265.0217353 -225.8259571 365.7194675
438.0593193 422.3319309 12.34457737 R
446.5791815 -387.0446097 108.0346839
440.298801 -204.5638069 -64.85872415
262.2946018 17.93824092 -164.9749058
502.2303244 -162.755148 36.43102828
-200.4995827 -416.3855655 -143.2932804
319.6262527 39.95129988 -151.1281124 R
-181.3284113 34.60007925 231.9224459
73.75624024 -94.63534506 -171.0169893
-39.62415427 -182.2958483 -240.9074398
274.4838021 394.6385516 -488.095581
255.3869156 273.6679383 -26.89396134
-172.6266407 300.4599568 97.6921084
214.0945463 78.74289426 136.183044
153.9001991 381.9947581 -442.3150477
149.6369299 359.2331865 -500.5532122
-478.2706007 -13.94727744 -134.5788039
494.1146205 -48.13068169 -98.42734723
405.1042533 -92.38354314 178.5141173
55.85701394 144.3832568 502.6539259
181.8459476 416.3298296 -362.8666779 R
-38.83981488 47.72061934 95.54861994
147.4180799 271.5428721 486.3759732
-429.1691223 -366.2902102 180.050754
309.465422 -449.2075972 377.3537138 R
84.88734987 -473.1622989 343.3184377
154.2946037 -509.854998 63.26360175
-405.9019046 470.1385497 -236.7645367
259.8701203 -308.2087286 -493.9589783
319.7732753 485.0534481 117.4392584
251.8440166 -295.3868672 59.51371634
-301.611745 -116.0916612 -43.82203708
-415.0099655 -52.66047234 90.38559822
513.8022655 -55.58851419 273.4095678 R
-54.02280743 8.664685325 98.3958436
92.57314375 249.1119719 -76.2873268
457.0321623 468.9226002 -481.1108801 R
-181.3872047 -490.1650784 -210.4608866 R
-271.5262948 91.03589784 204.1345015
-176.6812163 470.8731122 515.4466055
-387.1653453 184.2254261 10.6972327 R
150.6868744 -224.3484955 95.84861517
382.2345678 -141.1135775 347.2199267
-269.0455774 -68.47266086 235.2704857
-498.6392334 -112.1473944 446.3441486 R
93.2489394 198.5185915 -54.57521
237.8444729 -307.4782083 146.8849163
-269.5868595 -187.1802106 -463.8102116
320.4883224 239.1494523 -65.02002509
-263.8237543 -511.827794 2.565427077 R
-452.7045008 -405.6160747 -283.0623823 R
385.95802 -353.3526197 -407.6069778
-388.5649037 -463.4964168 -360.7346085 R
538.0959732 -212.87226 418.2122778 R
348.5982968 373.8496837 160.6577229
-371.2604188 101.0379057 -28.75795674
460.1898773 -282.600129 -79.96820581
-465.8733579 286.4099639 496.7020771 R
126.4672043 -292.6979847 474.2577944
102.8302073 -35.11746647 411.5523571
205.7544052 -256.2644172 122.8596152
316.7405663 -119.0059676 -486.8739954 R
-347.8356433 37.08116822 417.4914638
-150.7461755 -371.0438284 126.8129787 R
-115.464078 -153.07581 420.8368983
169.2857202 275.3586418 -93.35866477
491.9995663 -263.3285631 -444.4327303
271.8760174 -318.8467571 64.27177029
205.3746159 483.6707331 -462.1383353
154.7156732 409.6521073 -391.1373177
-277.6384782 -89.74930246 463.1603401
-41.80996616 162.2636875 -98.17800361 R
-349.0931826 -388.0977701 346.0182209
468.0170687 526.0091856 -380.6668738
447.4753453 -94.35529146 -4.268854015 R
-444.9960333 -407.3660379 -420.0526178 R
-359.2012886 -538.097238 -172.0270821 R
-61.83772989 -31.05086481 201.4978074
77.23107951 -514.2772706 50.66843653 R
-258.2739292 -314.2000293 -412.6727648
-208.0924956 441.7690546 395.1023566
-500.6194873 2.096482763 447.598033
458.7679238 439.4914841 481.7702127
382.1541071 304.9998285 -184.3281576
215.8636418 86.28088152 -69.68959836
-518.2220361 327.1646389 -183.4317743
-251.9948309 -471.1528965 220.6253329 R
-111.7634749 -11.79146906 -361.4570275
-50.31139634 -125.9418092 -419.6701794
305.7855546 -288.8804081 102.4734799
-358.9786996 5.722711245 387.7984498 R
301.700351 -20.2688402 77.99134387
519.278824 317.3204791 387.2025317 R
263.2650152 -62.19170598 -388.5498828
16.43929993 -367.5932182 64.99940851
-10.49781528 -126.3724782 430.9216109
192.1046481 300.6736338 -405.0173729
-174.4697288 183.4657339 0.5964395537 R
-169.5662973 -106.1016749 -239.9155638
-116.5417668 -391.4040534 486.775305
389.0443679 -172.686472 -472.8913139 R
-441.2297839 404.4050882 -317.528733 R
-434.6363138 50.75526102 150.8185687
276.360358 176.1181016 -285.0761928
334.5230802 316.8089507 -439.2253056
495.6217904 -256.6299749 345.782137 R
-509.8292459 -19.79014801 97.80091894
303.9504513 -207.9688047 338.742394
-249.46645 459.6070815 160.2428627
-57.27716824 -415.0322346 282.2831955
80.42832908 99.59455571 -302.8336676 R
-259.9978121 -284.0335979 160.4273233
-416.8156745 422.0611778 92.9815412
221.1612691 -131.3229381 389.9203937
-27.88464378 -218.4392058 280.7130914
102.9108331 174.5469544 -29.64208055
-523.2971219 -123.8382398 183.5024453 R
-422.6653525 -3.327183537 153.0551685
-169.1356611 35.45505982 334.4906609
-370.8255426 173.0213522 146.1483232
89.69822669 467.3255159 -53.92012187
269.306748 153.7614218 -470.2693031 R
500.2875332 359.3557881 20.0295445 R
-281.516279 90.13775044 92.92249784
459.2313741 -362.0325826 -461.1592074
336.9188477 -317.5282364 16.55810393
-132.0299278 -74.83313852 158.1693793
-124.5890799 -32.08858176 260.5412813
64.67998957 -89.26191438 268.788356
-169.1465957 -163.4517376 13.34209193
-11.28787547 -223.7793708 -464.56908 R
-176.5463001 4.011783 -447.8109909
-359.5773658 189.5300982 137.1690106
-510.8273196 35.70855434 -117.3296071
308.0018138 -40.11188392 367.6568907
186.9592205 350.0914412 346.5058513
-13.44180944 -46.90809673 333.613549
-211.0342376 247.4758869 -537.5999852
356.9792943 221.5537392 457.7564663 R
253.5251164 292.9500262 270.682145
98.601453 127.4923488 -381.6667248 R
-303.6978744 -328.9960328 -132.2942447
-230.4413885 -525.8397967 142.8283916 R
162.4321624 120.9267965 276.2854498
-245.7146846 -52.42260733 -424.3274099 R
185.4194638 42.12618399 258.5718434
-453.9623078 -426.2492769 84.05563237
-436.3557814 -519.26583 -343.3805559 R
292.7509971 167.5311784 159.7159232
-337.2340873 -326.7166839 -344.6059688
39.16073137 -116.3209283 204.0877648
369.7503379 229.8115714 -117.5744074
-104.2129171 228.3584073 -25.26539992 R
-60.85603822 310.2791463 -333.5379907 R
-200.3871927 -400.1516235 -84.28559904
147.5020732 -113.0313696 -415.7811605
326.3831544 -261.8699893 -270.4083894
-248.9579459 -130.5365726 -361.492161
-341.4182227 329.705349 104.602937
29.0116912 252.581414 481.8663902
-407.7699003 229.3672169 -43.84425415
-488.030633 -20.17865072 192.8795588
418.4208125 -431.1431518 -166.1521235
-503.3162185 -193.145703 -271.565088 R
-482.4305445 59.80810361 -357.6045304
-23.48041351 73.01593849 41.37787568
-506.3475046 -206.896789 -369.3158067 R
-513.2442438 -520.7261199 -221.2095092 R
345.4345521 244.2925711 465.2750384 R
-334.0572975 304.9888836 -221.3284196
3.499537329 346.986266 272.1929883
333.259746 -173.1589945 -4.482024373
339.9253344 230.3606057 351.4060122
43.41437851 530.3852466 -439.2452566 R
-395.9375504 34.31430199 -153.6049391
-58.51983268 389.0287062 -325.9192037
113.3090146 -81.31821248 98.20616485
142.257981 444.7916272 -496.9514089
-383.7401693 -209.7279806 -229.5123749 R
267.0709028 -0.2257229001 -177.8184185
-502.7709572 91.69053601 -268.0222056
25.0685705 1.560613332 -504.0072928
319.3114307 -414.7136702 169.3594722
-47.46736904 321.8243643 125.9457266
176.405162 473.5082003 -307.5491037 R
248.3659389 -279.0271004 496.7577242
217.8534423 433.0233283 318.4645258 R
526.5710131 -439.4133935 -344.5432161 R
-428.7613986 162.7885092 -518.9092452
-151.358964 385.1926739 447.4058932
-67.1036625 -437.8487463 73.14218322
321.3255286 -487.0722401 -55.77844201
226.323047 108.1514543 -477.7449954 R
101.2054276 34.20733484 -459.9851323
-402.5950594 424.8282871 169.8782228
289.4693066 273.8860665 -34.35987307
-379.8795898 -53.19670969 -527.0720198
-393.8297606 146.3170941 -368.0445968
-256.1141165 354.1918009 -338.1421311 R
-28.82641749 368.3344364 440.6127208
152.2423724 241.768492 -458.4928612
20.08938513 339.324039 108.1310773
-366.0200261 -165.1749187 395.1590565 R
-301.0341404 516.9392937 233.2967117
-179.9322775 -119.659443 224.0323085
492.7150453 -362.5930987 412.4147028
10.48917652 -57.00499465 -62.56270033
-470.2510697 -229.2976938 295.9591313
-146.6497644 -141.2677864 -256.7729585
-294.5102625 187.1565576 -307.0589678
420.8379166 478.5966446 -16.51728827 R
211.8766015 -140.2384977 509.5359969 R
314.4014358 -64.29326155 -255.5897771 R
-210.9000178 194.5565097 -322.9497687
12.87476855 -169.9249991 339.1047117 R
450.6545266 361.9732351 -219.4813211
461.1171704 -287.7023711 132.6041563
418.5760325 -45.71206844 -511.0099687
240.3374604 194.741348 136.8425542
-388.875189 23.61303676 510.1769444 R
414.2371407 132.7882926 -199.7028827 R
-516.7879858 -264.8444499 319.6968469
-148.7333087 341.8652339 -64.90402537
-331.4810337 -304.8292755 -195.3473595
254.2654431 122.4777768 236.0923557
322.1075432 446.5899674 211.5181402
179.631964 339.8963592 264.9885436
351.440031 208.515324 -222.7268046
148.2968805 -70.05362588 368.9334587
-102.612468 509.6972138 -338.4409001
-7.355708592 56.17910455 -531.2253045
74.61800349 -228.2195311 -435.0518692 R
76.51436635 -256.6397332 362.6204484
250.7596427 -87.16722262 -137.229843
-301.9643546 383.9003974 -412.4719824
-3.994823132 237.098584 15.15690247
-392.6456836 148.4748928 -438.7123391 R
-357.1022828 -241.487613 109.2042762
-71.14826329 -62.19309162 346.9542532
-463.1716748 -170.4842317 487.7247939 R
347.7647152 289.314861 460.0204601 R
-255.7150622 206.3251458 322.3795623
26.46185536 211.1540252 34.32023798
-103.1070259 459.7483465 468.578885
-438.4786689 371.5449302 30.33474406 R
457.1340146 273.3777795 436.2113434 R
460.3714776 258.328404 284.4038461
454.5874917 -297.0170502 -376.1551577
-507.5954428 277.7508729 -74.02533658 R
-172.3272788 -450.5563238 -104.5748852
-152.688244 527.6032204 319.5963068 R
145.596382 113.8498433 -446.2504236 R
-363.9117015 133.4884614 -73.28971198
-132.011385 -429.290904 357.0870125 R
223.5853991 -472.5981604 482.5016245
-201.6125849 465.3358111 167.6919261
141.2773533 349.308796 336.1402929
446.835408 145.5515385 -255.4845572 R
-84.72259525 -289.372166 -141.4853706
-500.7948105 -213.4261063 -94.20750922
-250.4415734 8.697422569 96.14321476
37.00415579 -224.8459396 135.5265739
-19.83038155 -315.4157573 -530.0227318 R
-171.1509574 290.2918926 296.519239
332.8040306 -320.2830755 62.10456353
-156.344677 -181.3756612 -178.3745453
-186.7896154 18.30027715 -511.5819756
-65.15558297 -106.1655347 -152.041953
-167.6252377 452.4152496 -492.5190936 R
29.6470189 200.9823888 110.4306526
-499.1472351 340.8608717 -41.31860989
-242.8896415 -306.2819338 -377.7244572
121.5076027 275.4677419 -338.472499
205.0227605 -104.843134 357.1950571
85.50391197 121.3952168 308.5840617
-84.0252612 -285.3576509 64.20149655
-509.5093916 -30.29579573 -273.6993453
274.3565207 -325.6817271 -125.4820758
24.53385887 268.7220414 -193.4090883
-262.4472731 98.26494995 359.0853962
-378.1594611 133.4889707 -192.1673351
-447.1372796 407.4730191 298.556549
-62.84302491 -379.2498018 498.5476919
-313.619567 265.1740648 -314.2328133
-432.3269856 246.3182509 -261.6331246
457.667812 -401.2354306 79.65784133
141.5614605 -226.6719133 -33.0574905
383.5027481 199.3660347 -449.6149155 R
-116.3598479 40.85464931 427.2717289 R
283.2657434 167.581127 14.03695399
319.0993624 490.6456144 -257.972747
-377.5281642 142.8115477 77.62005012
343.5408833 -536.5149133 -307.368559 R
-162.5290085 391.2065352 208.922298
382.2931618 -451.6795433 73.49651557
108.4618334 456.9882786 -200.4956596
266.439347 -133.5884349 253.8047159
306.8028318 -293.4393776 258.2694651
-28.99806399 -406.1056335 277.6018173
-487.5390573 514.8906813 97.55927395 R
251.9096813 -417.7256446 238.3732425
417.9913757 -469.4234738 465.9831331
-265.3685102 513.467268 -79.05067722 R
-197.413113 -528.4454435 374.0914371 R
163.5276445 463.9484151 326.0559836 R
-76.38029471 -90.83386011 -443.8028926
37.07054604 452.6928633 -149.749798
310.2253276 59.71442512 -375.6983185
-136.2882976 435.343835 -487.1982217
185.1285 -104.9814032 379.046346
-6.369919569 -177.6269089 -182.7919026
504.5413181 -499.5346279 -82.67591346 R
34.90667007 -356.0776957 -261.742737
-125.0138491 63.9183153 -246.907407
232.116404 -87.70991259 -496.8543894 R
-415.0005959 -151.6321733 250.3455259
404.0742183 56.06820017 -471.7335875 R
453.7013963 328.207593 105.7191323
-473.4488129 -26.72053079 -162.3641229
-138.6562667 94.43499808 466.1039858
-58.22275531 328.6024513 -172.2963308
188.5205267 375.5601746 -256.0311039
108.4932144 -145.0944353 -210.0376375
-391.6870214 250.8891915 -132.6104439 R
414.3061516 -334.4115272 477.9359933
-261.2307842 319.0089546 -522.8688239 R
-97.30175214 512.2024417 -110.6691764 R
-466.8637595 163.3411432 134.2939227
467.5698772 -221.5298237 212.9325209
65.76245619 433.8576418 -265.9543104
513.9102493 -292.9050339 -311.8707634
-237.5883486 -470.4066126 -183.4995897 R
-303.2019874 461.5061729 94.42505272
509.6311083 343.3938815 -75.79456106 R
440.5535591 123.4623992 267.4782441
-25.88546316 419.5155431 -47.43252663
259.6176747 -249.4850297 334.9444442
-418.6571323 -265.4633166 338.2674331
162.5019133 -7.573416729 -496.0953634 R
-304.8158943 -24.12653313 -453.9353667
-322.278276 36.3767771 -336.2787412
-55.44806466 239.2653688 -237.017178
-391.5750809 -445.5384907 -9.932701425
465.0095098 108.2918694 -537.7782693 R
-183.5982097 280.0897051 -529.9777264
262.42407 213.0101762 -333.0735825
-83.05264177 -247.7855073 -364.1334033 R
-333.0814503 480.0450994 471.1845211
180.6035901 391.2352209 -511.595716
499.3009416 228.7631725 5.212647596 R
-317.6892743 83.16628158 -409.9993323
-443.1023613 177.6113307 35.62554131 R
-286.3903141 -116.7944047 288.0721754 R
121.9189493 326.1553804 392.0644811
248.3419912 -319.158487 -342.2714886
214.8968505 334.2332807 232.0407082
-243.9819481 -50.15789442 93.04327633
-311.4508203 511.107993 -145.4636043 R
-69.10854643 194.3980359 252.5260754 R
111.5350062 -90.77949179 -368.5261613
-546.3301974 -380.3180862 -323.4286741 R
-92.53463314 465.0899142 266.7930897
-226.9047717 -282.1726648 162.9265502
496.2848277 443.7943866 -354.9579485
-315.3476403 294.2939449 275.3530106
140.9095616 374.5694767 -310.2709962
123.9101959 402.0093594 -505.2090839
-198.8477403 133.195943 337.5784656
240.8897343 226.6323669 301.7754003 R
390.3838037 -293.3177338 296.4675842 R
466.2413496 -505.6124371 367.1844295 R
-447.6128078 198.7297102 -453.3126786
411.0069347 -452.1657488 -68.76575546
158.170488 97.39935688 301.017579
248.2573243 436.6288627 177.8896825 R
236.9480288 392.5331755 -466.1005467
187.5236053 -300.6097123 -51.18870788
529.4177207 -136.9466617 119.1570842
-472.708763 -180.0215672 -506.20797
353.5155936 -335.568351 -453.4333682
16.21931501 203.4737082 359.184133
370.7216399 -421.1724952 406.2051114
-233.4153329 -348.2146115 217.0916301
-13.72233338 -46.702157 85.40913763
105.2944232 -37.54768345 366.5079839
-338.6621052 476.7022179 324.6506039
-264.7183861 103.2279372 325.9872344
-228.8691631 420.772578 -413.1366873
141.1065482 -341.1411147 342.8253463
16.07001174 355.782289 -114.1812428
-320.773488 284.437716 36.69422285 R
-322.0850469 -118.3297556 -339.1487438
209.4976372 -440.735457 -516.1570354 R
195.2853703 210.487549 259.6637637
-512.398967 338.0169199 81.01939397 R
264.9243183 176.935453 -130.4929842
-6.335472406 478.145352 -276.7408988
10.83281748 -286.9213786 257.5985415
-190.8829307 457.0180662 -499.113044 R
134.2638717 -28.20224082 232.780297
437.4817358 -467.1267266 142.8537308
-232.2538648 -106.4599762 210.7178814
105.4970789 -219.8654604 317.3501377
449.7806381 -418.8941622 -264.6117185
-307.2112415 397.5605351 -344.805809
-217.4670861 506.5641544 377.2467479
56.44174713 450.0808446 266.9949558 R
-198.1995824 -366.0454421 -268.7385899
509.5882634 -503.7772111 233.2043542
479.4040135 520.4913907 -502.2971635 R
316.5572226 -234.7230932 126.8126915
319.0727585 -46.28806059 377.3885279
363.0554936 29.02982198 -300.4292295 R
-478.058093 111.326689 242.7174574
489.1298069 -127.2218346 -296.8232112 R
-39.76460025 161.448548 -314.6966871
-280.4641822 53.54616883 28.3647751 R
-323.9502762 358.8668661 439.495392
-162.1924409 -511.1428512 -380.9972086 R
-164.1869847 140.4273255 440.6799729
-114.2144079 369.8758151 -290.9628512
66.13286388 -156.1844932 -185.4710824
17.83283736 -471.657774 222.672428
-273.3297442 105.8634856 434.1549406 R
194.9797343 438.2871097 -215.4991165
317.953495 446.9727111 -274.5607297
56.27131361 -109.0070446 -298.7995377
-292.5997596 518.0319954 491.8692679
430.9132185 -190.0783949 -506.2257728
361.8561401 -488.6005528 150.7164559
33.64229915 -51.28661402 169.5254657
283.7288981 346.281589 206.6061586
443.4624802 -179.1413278 -461.4585946
-280.6532981 9.382423936 90.91698963
295.3134298 -432.2554591 -304.8269918 R
-479.7504018 -98.22897875 307.208146
98.48745438 -497.0670637 -225.2891321 R
-261.879327 72.19432963 490.7477039
351.7848644 407.2548149 388.483262 R
483.7822676 -360.0979658 -16.77416032
250.0647131 506.4290904 -363.8291457 R
-448.6214039 -18.27720849 63.4387292
-297.3653763 328.611417 468.241011
-387.297192 111.3421035 -73.77385446
-232.2037302 -478.9517699 -324.2202101 R
116.615719 504.3082751 349.1136884
-106.6154931 -496.1884393 -95.09839328
-337.8511393 426.3274706 208.3031379
-205.6760869 18.98359165 342.9613575
414.353421 -312.9737202 113.7299347
267.8956085 -322.3820328 -186.1465308
329.5041274 234.3608997 535.0193023 R
-185.0931636 91.10798571 74.71786393
257.8953515 412.2283069 244.4929215
-186.7260306 -182.637205 239.8245584
-194.3854669 -215.503528 479.609154
-393.8860323 -275.756605 325.9411872
-157.3283124 -403.216151 60.90822452
-384.4083048 391.6902137 155.1792616 R
378.040551 374.4859057 339.5231427 R
-460.2610849 149.2249543 -180.624338
-431.3970913 385.4642628 310.2070183
287.2729913 354.7487088 515.5638275 R
517.2529714 41.19753956 320.2511444 R
-252.9846077 389.516311 43.48602851
429.0779029 55.89287667 -287.1129215 R
-414.6885877 -12.81123462 243.3108347
41.16332095 457.6644159 -326.5733049
65.42347782 274.1065157 315.9039649
-281.5091953 -411.5564679 506.6083951 R
-68.53777641 162.7634334 511.0712655
-487.6599425 -21.61772614 -513.1171928 R
-306.8226854 -288.1169177 -410.2249718
124.1256652 440.2816711 304.8433164
332.7247618 492.2560535 358.8344309 R
185.3982565 237.1304334 -397.5793273
-61.50032409 84.890238 244.4845196 R
-442.0335288 -34.827392 -489.444532
158.4980201 -30.11256866 238.2182884
330.3827991 -472.0128253 -374.8483939 R
-337.4490164 -383.2740756 507.3982042 R
-497.3598628 315.5268028 290.3069106
198.2904346 -450.4780161 -164.4658458
241.0397371 531.6523001 486.5462864 R
137.6528292 -532.45293 427.1649732 R
255.6640816 -179.8494492 292.3586671
107.8357379 -282.3568392 82.96146345
382.588995 82.769281 -124.8554822 R
251.3062668 376.8749625 194.4357789
449.250672 319.5487499 213.4034065
-519.5656653 242.3043603 434.4109278 R
-182.6031086 335.285241 4.125825961
-119.1575 -374.5142709 -474.6455596 R
-225.0830122 398.8700529 286.2291229
243.0260448 364.1356672 515.4291624 R
118.1431772 333.2942411 290.8520176
-298.8750922 -61.93353333 -29.73510877
418.744812 115.2107665 464.1461072 R
487.3095808 409.3170222 -8.259854527 R
422.2147645 90.66175946 334.6533182 R
-259.2573612 66.40554371 498.4501074
469.0806049 71.51147877 -471.4171701 R
-230.6813404 509.2266788 131.7295608
-354.3752295 -300.8934497 -366.2664571
199.7500625 -164.0230721 -425.4196305
26.45506298 527.2285012 159.8022861
294.1328514 -218.8816612 -390.2518156
408.4070702 266.6606323 -332.6889292
349.3157823 469.2146214 290.0041981
-65.01159145 -359.3407937 -146.8502123
27.32076475 452.6046653 -10.92572866
-152.5247615 -113.2623934 -304.0020103 R
394.9936767 508.475626 84.86925177
97.05491279 396.4262046 -497.8500765 R
-72.0689232 261.1788464 -411.1822657
-180.2575416 528.7896114 -369.8184324
-436.4055786 501.4382861 462.1295582
-310.553691 -150.9308777 346.053158 R
-9.961946526 -278.9860327 484.0952498
-190.7370448 -36.87445586 111.8488626
177.8644543 -433.2247806 -399.0306977 R
-522.0156514 -161.7598852 -473.0974698
-449.8858387 251.8893912 -407.044955
-405.5916874 253.1391638 -406.6946755
120.3285185 -8.420668354 202.6909806
227.8512935 -74.01569264 227.8052646
487.5653323 531.5784249 460.1888486 R
197.4770599 356.458063 -164.4169928 R
-367.6116076 -53.62747128 -495.3262323
386.4406989 -115.0255018 -26.11081137 R
194.7241245 -197.4325087 143.0431411
-387.8456838 9.083402214 -340.3668289
-95.33613894 101.8390255 -545.762245 R
-59.47780461 273.3301647 -90.58017619 R
63.58107685 -94.20598563 -302.6982662
-369.7266418 -127.5618101 -376.7952086
-403.0620072 512.4183653 -86.6494679 R
397.3703335 -461.9533585 -82.04556058
-112.4540251 230.3084984 348.2631161
-220.9222427 -294.7843197 -68.76491195
164.5623405 -181.0199317 -173.0207851
520.8553086 455.7024696 64.54556123 R
504.1204784 258.3848468 392.2485185 R
495.7317115 -332.9539252 167.2358454
352.2339744 -221.2714098 34.4348832 R
-185.9233222 424.9233608 116.5565846
383.3326898 -275.2114743 404.3330934
-383.430424 -189.4937399 13.32179328 R
-242.4549344 72.89174619 307.3819111
436.0743552 480.5759936 -278.1399261
540.0698522 -112.5046426 -162.1735365
499.5323564 -460.5489626 291.9914517 R
446.9411604 -452.16207 87.09829429 R
-298.8860586 -369.887654 141.6345407
-320.268947 -319.6550848 -382.6869084
388.5315199 -414.2945444 -138.9872846
543.3150908 -278.2537297 15.75955098 R
197.5824284 -17.65786461 181.1241419
-289.6663284 -7.670492349 -97.63505573
-431.6361963 -452.0719903 455.9752174 R
522.9462399 -100.2595785 298.157006 R
-446.7356144 34.11450666 179.9565741
398.1581306 -287.4950585 -26.30337223
-365.0663037 91.73777053 91.44628365
-79.49993447 302.684242 -436.640082
-457.1703896 115.472851 328.0220651
-309.9058387 -156.9762957 389.3347289 R
-242.7799414 -223.175053 343.3944987
-111.3798375 -167.4019651 483.869323
-19.34557821 449.4752238 347.076246 R
-243.8066855 -196.8772749 -391.469675
-510.9488499 495.8362424 136.8403305 R
2.604348321 -49.66339218 388.2409989
85.03986026 178.9867455 29.88748609
-381.8924281 -216.0821092 -267.5608067 R
-57.22798539 32.31238285 379.6344666
-330.9190004 255.9922768 -108.6877007 R
-368.2467746 195.5954799 -276.3106459
205.9154236 -304.8422569 202.979073
488.567315 217.5513246 -290.6380826 R
439.9196372 131.0106199 -48.2794949
-152.8969594 -270.4843012 478.8195694 R
249.216149 500.77241 324.1914451 R
305.3791452 -91.97525457 -260.7267188 R
-358.1195163 349.3061415 368.2942034
-45.84417638 -273.1608234 -250.8717307
-484.3060012 -308.9900785 105.5442309 R
-275.4876089 -497.2725973 409.3922784 R
311.2755063 -320.1174122 443.9428104
-388.7654098 352.473005 224.2129116 R
-454.2189694 -416.440345 396.9168135 R
107.4634039 -384.5023906 161.2789989
94.34661463 -480.1768919 -88.04665185 R
79.62893856 -112.2387505 -413.4044027
521.6529602 -153.9012521 127.1323838
-8.170030156 346.9792698 -413.2914004
-152.6379554 147.276973 -292.8578961
-10.20503532 -39.22332918 507.1468867 R
-216.4983602 -170.9075633 106.0133489 R
190.534842 526.8211555 -474.5854046 R
-495.9499396 -413.2350101 397.8337002 R
299.1850266 489.8014016 -254.0144581
-217.5861878 -459.9939713 396.3841923 R
108.4078478 -511.0126426 -347.5554599 R
-496.9520301 -105.0599474 387.3512605
228.0400252 -496.0670254 -108.2328849 R
-241.3504418 -488.5118971 -124.6120377 R
-277.2323066 -426.087645 -273.1223261
-151.0885769 -333.3770805 337.2616378
425.2070587 119.8112126 409.8390255 R
16.77850912 -106.2947872 75.32182381
21.90152544 325.5547374 391.8552185
-437.3755118 35.97438854 -17.89003866
392.2847942 264.0139671 145.7351995
-178.6500759 492.1470199 -395.5449169
283.1737013 -438.9754702 472.0424288
-516.8360537 -419.0736148 510.7765117 R
-460.3855473 79.38426122 -233.63446
99.40576309 210.7043887 419.5769203
-128.6277954 257.6464854 -424.846582
-57.52711432 -351.7744705 92.16971107
20.03423841 86.90138384 -301.2594453
393.9868705 -383.8119717 494.3793837
-330.3362931 296.5185026 318.5766946
-462.5944046 -425.3518427 453.550348 R
443.9689571 -248.7911257 65.97883445
76.67675758 364.0809907 -312.7297345
-91.76743633 439.9031724 -434.7830905
-199.6541792 -110.1287347 -57.52916739
265.8189549 128.6259929 106.3487574
214.2294018 446.9484331 -150.1010275
302.2263861 -82.41332611 -430.6747004
-303.9309719 -431.0254555 -254.070612
-414.3857396 -187.897224 -417.3526167
175.7259151 110.6961466 80.01791209
272.9015745 23.4161416 -157.8776532
192.0231416 -530.6591603 -288.3645371 R
239.8693588 464.7978042 -246.5015755
444.1138533 -126.6037399 356.3477207
85.20762198 -128.5445027 298.3288848
-186.3748938 -287.3152658 13.4199093
460.3188959 -471.9843762 -363.827861
352.2810155 -138.4422726 -51.45321582
41.48405777 46.8957121 169.8612945
146.6344507 71.65625928 -313.4348371 R
185.8488343 -61.53331468 -81.95147775
-496.6854723 -460.9436722 530.0895826 R
492.0047448 -443.2396582 -188.5879151
325.1548453 -62.98694211 -448.5220849
-536.9801028 95.8711244 -102.1987578
-366.9589999 -218.4406829 43.20877398
-6.675749516 432.5012583 301.6324618 R
417.4244584 494.4973506 340.5420376
-308.4138776 508.0603379 -235.4499624
-372.667946 55.85378441 -210.6128058
-13.38775403 212.9972719 -28.4383293
67.06789482 -58.42303621 -228.054236
-173.8515243 214.210153 475.1199104 R
-464.7969387 66.10039712 443.0232596
-358.9903759 318.3218581 -464.5511226 R
312.2169047 152.4684751 305.0486091
5.732211107 -108.5957114 118.7600061 R
-346.9468879 -169.6678424 -323.1577263
512.5972013 370.2591502 153.7161948
-42.59587751 48.74501578 69.17344362
-95.24515661 184.9691384 489.8469221
420.3497369 -405.1651361 7.184680836
-257.4714749 -513.3797993 417.3728357 R
-334.7764197 189.683006 496.1904074
-161.5415578 -173.89777 -19.08238213
511.9638611 -199.1044859 126.9438519
80.7812171 -35.22213324 306.8792064 R
-110.442197 -21.49540528 295.369869
-18.41028297 387.3561069 19.53438092
504.6645328 -160.9139546 529.957436 R
-65.39525169 -23.35904737 451.6160744
350.9965222 -438.8834851 -155.0645824
275.9777442 -164.6501128 239.8396073
-351.6984029 8.46738563 176.4347757
-35.92248807 236.8627447 266.8841961 R
-80.99863898 66.75256642 302.4341505 R
98.56585728 63.66386527 -536.3850753
-395.5190563 104.6585623 -319.7241078
490.8773118 -357.4756995 -2.510598775
-435.411419 33.45160672 247.3590723
52.75824751 213.2928446 140.3547853
-122.3366323 -52.59645436 -322.2999866
434.1687208 99.01039362 206.7001883 R
153.5954248 404.4199476 -127.8291986
62.77188769 33.76670646 -362.0301192 R
-377.315844 350.6393152 308.3635245
-391.2848819 -492.3196888 -106.4714276 R
-253.2798444 136.6450831 -471.4624304 R
-298.8153948 493.6414844 77.93826827
343.3940775 398.3083681 273.6459206
-435.2877896 48.43926425 227.707504
425.1565495 116.30137 144.5955812
28.36843848 460.5935457 -220.934988
511.5888149 -377.4549088 -245.7425435
236.9375618 293.2301535 365.2491501
-180.0112949 -16.98592059 152.4938464
470.3023266 -157.4127127 -463.6952589
321.6169474 279.3094966 -49.95319175
-215.1041895 224.1144459 329.0626968
307.6881009 -162.8532227 -398.0753294
-419.8450893 -343.6661405 382.1701304 R
364.176816 317.2434784 -4.953375669 R
-6.518929227 489.4005098 -110.2687015 R
94.33137096 -166.9522979 -171.2281408
392.0079641 -37.457468 -36.38911745
23.0966438 -117.5178165 -246.6520291
-183.1458068 300.7239681 365.2912949
-413.2100762 219.0305424 381.8853026
-34.30239706 -293.2078862 -168.0579317
3.483660385 154.870909 372.3673517
5.351436493 -29.61020296 458.8846571
-53.43553325 149.8348062 468.1521299
94.68714062 454.4269108 -339.6602701
492.2408863 230.6628217 207.7166464 R
-294.9871651 301.3808949 -502.7308283
-110.4111885 358.9291172 171.1250588
404.6864161 -7.071040607 206.6031247
287.9695704 -330.3051219 -160.3624369
-453.5509731 -314.0844391 -355.3136115
-91.39952041 -37.16971314 -492.8903189 R
29.1236757 -454.4211877 -242.9167311
-219.8810681 -339.5374872 355.7108211
460.4072757 -489.7738868 -192.2748425
187.2371694 -388.5183149 -143.5634431
-298.651126 492.8143422 381.996174
-424.4136455 316.6371034 274.1545922
-381.1815143 283.01031 -407.2433893
-89.5211453 347.411442 78.90932874
-363.218269 -68.46457402 -453.203536
-462.2000952 400.5554903 445.940228
-246.2842398 -516.7129617 222.9890954 R
-545.1373609 14.61378626 -227.489901
60.74686558 317.1640898 34.81762977
-379.6743744 -73.26870596 -173.6155395
371.7509983 287.6729273 305.0420148
-345.2357588 -26.64199888 -244.4028005
227.6764603 149.7458932 136.4917957
125.0201972 357.5273215 -363.3605843
527.8969033 -129.0328527 326.186505
205.5949085 388.8594797 520.5579071 R
-20.81424578 -305.9500046 -428.6160009 R
492.8573117 -333.8743806 212.3064284
-38.40795749 432.4479918 -93.14587338
-210.274442 306.7217127 -286.5455477
475.8607455 -105.0687079 443.19616
-451.6669045 22.38490705 334.8701236
-462.6117101 40.59647959 -305.2696016
-113.209006 -186.3799688 433.2787688
-427.2624065 -344.0319769 -327.5073145
-234.7160435 -517.6177048 -30.03290497
254.8540901 -134.8416179 208.747974
-338.1750601 246.4730373 -164.0174018 R
-512.0884359 403.7578024 -84.93773551
-205.8201527 -112.0607337 -49.815599
-492.9789363 -481.529525 52.7751056
-382.0035003 -247.2865545 356.4525513
-403.2344625 277.1834134 472.332849 R
348.1931163 311.6350973 -356.5570256 R
-381.0583483 537.7387925 91.5236485 R
-418.9234001 36.69967574 322.6987499
-233.476604 240.6821599 172.1350868
411.2862621 490.3716043 -314.2505366
35.01310761 -28.41757859 -1.023163103
270.8899749 -241.9490421 219.4150073
219.4638046 -447.9933122 50.80880376
-152.0102586 -455.4311551 -377.8091785 R
-170.3426147 -36.4059978 -21.38953267
471.0119303 524.8255237 -524.3785658 R
436.0260712 489.0881483 -259.228252
413.6287696 351.2182797 -258.999107
-326.7346572 301.3256811 322.1675263
-427.3830928 199.6393745 183.1494377
-528.4464455 -150.6483392 12.71975648
-120.5670548 148.7411981 -270.453218
-384.9057779 264.1066018 213.0432678
279.0086279 -392.8024572 -167.3036777
71.91119081 54.03443954 173.301616
-211.8097222 345.3044441 -508.2986934
-117.9548786 124.8495453 416.9367044
465.3506516 -344.9967308 431.6113325
343.1727919 260.4323614 -433.8976426
-336.0453416 44.67542963 -368.7534879
-24.62296672 217.2247563 427.0819123
-235.0053658 -286.1875813 -258.6827336
-487.6654293 306.5065902 -499.0351354 R
331.1875793 286.8305092 250.3511598
128.3991442 -124.643813 290.3018304
-99.14590391 -512.1270693 -484.7359389 R
-40.94065176 439.1082192 1.387688981
-174.6519638 171.8681373 -492.0670454 R
-6.693724176 284.0867995 -262.6741528 R
139.68423 -139.9526063 324.9177322
-29.77033515 189.7995651 472.6397367
-438.8384431 -415.8109009 201.6195643
-43.68558539 -149.0721493 -75.49077156
28.29342115 -519.6212129 24.86202794
2.240959617 361.0369284 -281.2269099
190.8761795 -522.5925996 -496.4786657 R
363.6731447 -326.7682301 -198.6400125
185.9781368 -3.890046865 475.4280447
-167.8718515 -374.8020194 520.3983812 R
-36.54805689 208.2653529 48.94468964
-230.7621997 -334.1061692 -192.0087743
343.5767766 -24.38423269 -160.958596
104.761242 -48.46412193 437.3932165
-142.0662438 -155.1651372 -474.0451473 R
428.7721471 -174.582773 -319.2815095 R
166.0077127 354.6942357 -441.4984566
531.8107375 -365.8438868 -423.0286083
45.00360305 436.2381715 275.3084587 R
-8.83180513 180.5465787 497.6961262
189.1743007 -66.77163245 -70.24949247
-429.7175635 -61.00496174 -234.1119174 R
-96.94209407 416.1908287 -36.51798931
48.56085082 -6.701159565 83.19607399
115.1789478 -262.8776617 194.0992755
155.2249203 350.9442724 -131.343899
-390.655823 -161.4952057 -462.1276114
162.8833184 204.2850277 -184.6097701
-114.5113261 -46.51339396 -185.9206787
343.2130881 57.05497184 69.70279086
438.5917196 508.3057481 361.5852709 R
356.4869862 388.3906415 476.1272406 R
420.1738079 -436.9936981 162.0633109
-285.4180248 -118.0349518 -126.7567307
265.6208343 163.22449 -506.6692724 R
-360.5881944 -117.5588071 -448.6657419
-478.2766663 178.3980807 -237.5486322
-173.349191 257.4197553 331.4854929
492.5092476 -413.8035811 -192.296622
-254.0189749 540.4408644 -188.2526724
510.4178277 -362.2588506 35.18857923
-401.0154383 -379.2671949 -456.8531501 R
98.51060408 36.26749676 305.6254973 R
474.037302 -39.11477046 397.4632707
-149.1169174 -73.41912209 490.2604158
-250.796708 -203.851382 -452.2566423
442.1209169 -525.7749304 76.6848979 R
-30.33097655 -207.1549836 127.184856
243.7179494 223.8048145 -48.60567362 R
369.3536512 523.4540318 -222.2198138
41.45927373 -107.004877 -125.6760527
488.0710307 -136.7310142 -490.8463148
-388.8280037 -367.4873835 -346.8354668
-418.7510993 94.40646235 -426.1090488
-203.6779426 -13.84386275 162.2199316
-152.798916 124.2498017 -206.2085764
400.9434534 -377.954132 -217.3488225
36.42267564 -459.9457897 218.7988353
497.0975862 -98.36257164 482.4574145 R
448.638765 -382.1999902 -61.38959909
-309.7135499 -464.3348259 364.4557485
206.5556311 -88.42514275 190.5570004
374.8920312 244.1344187 266.7748851
99.57473747 -214.5650159 160.5575067
-41.18164335 -382.7189127 126.4742931
275.3664039 -425.300326 217.2008287
424.6748891 68.04393615 94.84546904
47.2675256 124.8758311 -225.0388982
-96.0406462 392.5280384 -386.8019638
-287.7747221 -222.2291606 -9.762353477
358.9026519 -139.679598 130.9939466
-280.2433458 -386.112025 161.5363453
-326.5907082 348.8740051 425.3435962
-505.6876372 -293.8067711 174.6926217 R
73.15429121 -87.10212633 378.1299077 R
-368.8934322 -267.4344093 -483.5663795 R
448.7101478 -504.0677206 -59.58922366 R
298.9776697 50.19321798 -497.4520306
-334.3223399 -532.3284177 130.5113928 R
234.7302339 -536.9468036 11.32510168
462.3324562 -132.7727497 58.78273391
-214.4623821 46.92556402 -59.17678591 R
-32.2207647 -225.1497445 -140.6629021
274.4743919 45.00246012 452.4502406
360.9011235 -182.7640378 -206.9958979
-8.215263544 -252.7372297 -265.0941596
286.1493469 280.9465085 407.525998
10.92058705 501.6449509 -358.0908099
262.5683466 -42.94791746 -424.0868225
-24.18616165 -144.0135026 368.9227084 R
494.4852587 1.299735451 -155.3922541 R
-232.1076682 -212.3177758 48.11304398
525.7608918 37.75281268 -91.67054925 R
-234.6734607 -494.1798459 -239.0605258 R
-256.6879764 -188.0509257 38.09479385
457.948982 242.6063762 -187.7781877 R
-25.13557535 -57.83183104 -161.2255782
-438.2143344 9.363263359 -201.6964186
68.05185654 -12.38349493 -509.4596533
233.4813432 -271.5561497 -511.3848606
73.03085281 433.4373905 -366.123653
-308.272648 -272.9157449 125.7268612 R
23.08672219 -221.115877 -329.3009454 R
148.269965 -239.4764704 98.39375777
-210.799964 -85.48876965 -414.1241388
-446.2887336 -188.2778776 214.1500524
-232.6857823 114.7260899 197.8188348
-289.4321172 293.6875256 493.5089239
-522.6791379 211.6930365 517.8719817 R
134.3937539 -471.4878951 4.431608376 R
296.1164215 -478.5929323 377.1171794 R
467.6653198 294.0974559 142.6476665
379.3040462 159.768417 21.27700005
-10.89392555 465.6751731 -252.491008
276.9938523 278.4037455 -76.80374378
174.8467658 -133.2599465 330.5294226
105.0193396 435.4451528 373.5483523
-67.48932465 144.8058592 -226.0411153 R
-479.5667696 -300.5315388 -179.9903783 R
-0.8340454619 352.4072339 -175.8735169
223.4291826 255.1225848 -192.9871286
55.04223773 66.8734157 398.4956376
-357.273342 113.313391 -225.1661346
92.92966582 499.1403967 67.00409086
511.9486384 -273.6332631 409.7637382
-131.5520243 -200.8541974 -91.2847078
524.9314071 -196.6538893 -337.4215247 R
445.8707723 343.6666911 -345.6752433
-292.7030396 -158.7897532 -238.0536899
-66.49517271 513.9062775 -22.87215997
175.4797639 -264.7855924 -149.9947151
-233.5204478 -52.44484297 285.4749291
-69.21502151 -496.3386476 -311.3035622 R
411.2780326 -497.099909 -285.1312322
-272.2656346 436.4468549 -46.11053148
-189.6947976 -43.52420901 118.1002719
1.643324093 -526.9011287 -87.54696373 R
-235.833853 248.5130868 175.8122219
83.89735384 -102.4079874 -19.43421776
36.05365261 -245.5422175 416.7434365
298.2924647 -214.4304463 302.8457025
339.0433671 71.34731367 -149.1923374 R
375.767507 -518.4929351 -249.8696503
487.0246332 -302.6775293 438.1440174
22.50679808 342.0750248 244.6532733
-341.417194 115.6953589 496.2995344
-6.988160004 162.0451051 -329.0247907
302.9330262 502.4597126 -184.1108403 R
367.8897821 407.720142 -299.7021354
-6.136199676 280.147792 34.5788742
354.0691524 -316.6491423 253.9264307
-130.0107103 -464.5269504 257.9363122 R
-448.7038175 129.382867 376.9544671
-98.13446342 341.4831451 -70.20974724 R
-250.2510092 442.4432024 203.8505534
397.5100106 -225.4993262 -252.7046244
-283.8634894 -227.0724481 -223.1439134
-159.9375076 -334.2494558 -166.948167
-434.9287832 -436.9191566 242.8113934 R
-28.85493044 158.7528017 361.88029
-337.4892362 56.27163376 -399.804144
260.2302391 -378.9604956 -9.482703675
-73.38034489 471.2953564 78.5873451
184.7255857 -493.2221072 90.48315543
537.88528 -325.0360257 -117.5888727
493.6911957 -344.3157256 -295.9722716
503.1899242 -167.9725051 -493.2035243
424.7239453 299.1316832 -93.4345672
-122.5273217 200.6015855 463.6316179
460.339561 167.8809504 130.2347747
546.2454068 -129.1912755 200.1144973 R
81.25591046 -459.671194 93.10036216 R
510.3396557 -286.4529746 -213.6923059 R
-129.2271043 -490.7202943 -77.90194381
239.8570902 76.11569744 -458.3377816
-465.3798932 94.55709063 345.158408
260.1157359 255.8654314 -137.0372215
218.161402 429.7250155 -219.2336313
452.2362729 -172.2003836 267.215936
84.3043651 -343.842915 -234.7398338
-303.1154931 98.97341041 -153.7571058
343.2112276 292.4023609 347.4848119
233.62887 -495.6222191 -320.6237793 R
-30.69144801 497.4161149 -262.4431946 R
7.116882138 195.8293803 436.0593248
-338.3687642 358.763014 -81.9581577
-490.2281782 -516.9114985 -410.6124543 R
-361.6792436 397.6056118 -313.4196848
-467.7743637 -239.4757922 480.709826 R
-316.1770621 -126.342185 338.6129878
-148.5416625 -341.5160881 74.97792555
505.1681422 -358.2019985 -207.9575814
-349.9729679 -436.1852135 21.78021931
-501.2398096 188.0301798 187.8753446 R
-225.1904117 133.4023662 195.5837176
256.8712528 -111.1552311 -40.37105451
-383.4104168 -131.7474025 -108.0348433
99.34358079 370.5484503 -279.4741255
462.1732371 239.8355249 38.29937229
498.4994388 -168.6820072 -137.6919225
-185.3245348 -142.8976152 50.35717777
469.7879448 355.8036904 -160.7540213 R
347.7608195 185.8436269 -151.365705
-164.0157636 63.49183125 374.304315
-408.2410268 358.8247766 -470.9661506 R
308.1069143 -182.7723521 326.7828763
-468.7885099 295.8837703 297.7239503
471.1540634 30.52620951 -193.9911846 R
-55.61121202 24.42845813 170.3799863
379.2500139 390.6537856 284.816784
-334.7417215 438.0957554 170.2653997
343.2316316 -130.8691496 349.2222394
-103.1416606 307.5503274 -386.2740642
170.0262136 -31.94715862 171.5268553
399.8281935 -137.9824718 387.0056472
402.5522729 -235.3378701 -13.24326268
470.7512252 168.9485327 -138.5339004 R
269.9775796 280.0951607 -272.741922
317.8711086 -530.6090258 501.1524743
541.3173735 189.156078 139.7066014
-124.4621205 -189.2619806 -302.1007484
-45.01262057 12.07326879 -66.24921473
109.8468251 -382.4614793 -195.4594703
-495.5537406 -168.3607618 64.67461431
-280.2503076 -177.2644515 52.05738861
344.0211632 -361.2140312 -281.7024689
168.8010452 -401.5453467 -178.925454 R
405.5827022 -424.0975799 106.7493932
229.3687583 -519.625473 79.78942304 R
505.2464076 -416.9165029 469.2810225
0.1652985673 -429.8736021 471.2147693
-138.8981891 -255.7082794 -438.7967515 R
-421.1083275 -428.5321371 73.55417879
255.5574429 115.6776142 418.5264519
287.2065701 -378.9476078 -466.4413086
-405.7324931 -414.081271 -220.443185
84.45432316 29.03824806 -438.8900883
-265.5882801 286.3018875 223.4242425
-212.522306 -261.5150442 -236.1401279
-190.208968 468.7902114 -390.639518
-189.3343999 350.7661507 2.548876922
255.9602289 -206.6803502 312.4328034
-142.8707841 -34.37069441 -391.8680275
-13.28986443 413.910272 -128.3249824
58.82045003 -461.1879195 420.2745181
-178.4089928 -225.8403118 423.6755352 R
346.1044799 42.99456681 274.3289568 R
-377.5362039 515.1363837 -399.1898 R
-350.8975 -160.8956017 -364.1048113
410.876529 258.3380577 35.88941309
321.9716687 209.9903008 507.7049231
-177.3991299 99.35634397 -305.7471426 R
336.5908046 466.1519737 99.14412365
-388.0095977 275.8994513 88.43576426
310.5969505 -522.3915995 116.9996414 R
170.0465362 444.48831 7.17655036 R
527.854887 219.7497166 -490.7974019 R
388.4664093 -248.0151772 -134.5526738 R
-39.92844834 -217.601597 -37.86912764
-496.3977863 -459.1487923 -380.4783379 R
390.6569169 -517.6584261 -177.9328341
-355.0601849 -150.9546023 -14.51665909 R
-395.8737826 110.6681889 -300.8139051
-456.7883794 -229.3376484 340.2503066
519.933791 -438.7674277 94.8425519
447.0675495 483.1934516 287.6827229
-438.6222537 -304.6130671 -330.6492921
123.8553275 166.2326013 18.93576696
-433.0407389 158.5957193 -482.1298528 R
-181.5736112 378.7643682 26.95018619
194.2607882 275.3312609 375.3998886
-251.9608033 456.0497685 -387.9693419
328.3465404 170.2476499 -35.15774943 R
132.5478637 270.6470821 434.9955478
-386.564212 -313.3997533 -107.5497417
492.2000571 -429.7076176 -97.19842031
393.4701382 -89.37942821 274.1270475
-169.9001957 323.2934142 -172.529094
382.2205539 -187.7962099 -194.9456196
183.7738705 190.632048 231.4101974
-200.9740317 437.5015644 317.5499756
-447.6949536 -477.8189263 148.257669
-130.5285524 351.8409483 -37.04959451
121.1008337 -85.95293672 355.2190971
-28.45511733 -287.8815146 206.3124884
243.8292254 92.6321689 24.78208461
-56.70193976 -245.3869684 -312.9128797
-372.4986714 -282.8494569 -0.200662706
476.9394375 -322.8272072 162.6728843 R
519.6439052 259.952692 -387.4944913 R
86.27045484 -227.356714 379.0370345
348.5702795 -141.9794212 279.6593203
-271.1201008 -440.3277204 50.31380168
235.1700824 -14.27180444 375.5071074
-325.3293183 444.0212152 -152.3841906 R
24.17250128 -50.27544959 375.5883898
-66.18854627 -194.1996883 14.33508952
329.8357581 427.6470571 407.3089052 R
374.5518274 470.2227179 -188.7930999 R
-288.5151202 302.2605193 172.6156337
498.6154354 -62.35458056 -389.324678 R
89.46766689 456.4485002 121.9823072
-44.9711819 -241.6844116 72.50657495
10.60737834 97.58643252 133.3538219
-160.9122742 -30.15446783 -194.9191865
315.9763393 156.9661408 84.12317135
-246.4207263 88.1694241 -96.54351128
-27.33555627 -292.5327392 398.7365688 R
-384.9394455 -56.97910722 -133.3582769
90.09282843 106.721383 457.3777232
104.1339674 414.6906794 158.1838405
243.4490929 504.580306 404.2514639 R
194.1332106 -488.9433715 -476.1953316 R
235.143163 380.6435134 -291.2315854
286.0215942 -196.8485477 410.4836708 R
-351.6405904 111.4856777 -100.4091696
520.9785924 108.1981709 217.1052564 R
332.7517871 -249.9532793 -227.2311442
-544.2969855 57.0528062 452.3262742
220.6202208 -210.9219444 459.4874972
25.2094129 -487.4420096 142.1388624
205.4481 -422.3135298 -120.3056652
405.2435629 -459.6725352 362.462139
416.2759499 334.4795478 -207.9202199
152.5284663 -455.6290912 -401.4092219 R
-400.3939747 305.8369698 -17.39389603
361.7527401 -214.2428528 483.31955 R
-492.8037341 -259.8580618 229.3196335
128.881461 170.0605591 431.0417191
-115.3415397 -37.22262624 513.0210724
-260.9784928 91.34203941 -94.34936778
133.8669136 421.7379919 253.476415
-314.9607833 -380.6327561 -256.6805373
455.0123472 -342.5834153 28.18625156
-471.9807798 -33.52047404 -200.4791083
-199.4534198 460.9164249 -421.7856845
337.7546383 455.391443 -379.3085277
-525.2817972 204.7624829 289.1245275 R
-446.678254 184.1095079 -270.0900944
85.25287402 -485.2208635 -425.9681163 R
-90.59546231 -21.51420006 -69.94928884 R
-186.7438453 -508.8694635 -503.7878606 R
57.01504667 453.5698834 128.7671798
-510.3090533 451.5749361 492.0090839
-181.635318 -500.3438877 36.24103433 R
123.0214686 -536.5779027 -365.1112347 R
-434.5249638 196.8041996 -432.4161146
-364.1809982 478.3379663 165.0211495
47.00419989 166.4375659 -163.6008093
403.569909 39.81034456 33.94747297
-30.31080708 470.4210842 17.80182442
492.1988095 -99.81873737 -185.9896906
351.1644171 -486.3733001 -39.88511757
-227.8119363 -301.4036267 366.9029467
-301.2128106 -49.65758336 205.4010686
97.05025378 -96.2803053 258.4935164
-249.8150613 -60.43236102 -236.8944926
394.3140488 458.9096377 192.5488498
398.1923412 230.7408378 -68.09559016
-535.0077966 -320.7389308 433.6672826 R
180.4462674 335.4926742 -308.125534 R
371.5584113 277.9483661 454.7772665 R
-86.66542151 -534.3414914 -177.2569525 R
44.93120164 28.56530867 -49.75048904
416.122019 263.1928009 272.5739274
-474.1019368 -370.3488862 103.0154592 R
312.3411124 310.0362566 -161.9322099 R
-308.332229 -442.524812 -148.2264179 R
-472.4314174 -64.67175612 354.168173
45.46591256 496.7526723 368.5013465
-418.7555663 -231.8575986 -451.5605365
-296.641218 93.01589955 -443.2400078
-450.7487897 35.77934565 113.7976618
46.28610302 -108.3793997 436.7393678
436.2305738 284.564886 357.7214683
-506.5210182 -293.179726 -304.2636213 R
-314.5535808 -229.1489186 82.98504186
264.1168602 226.4602741 195.5182635
495.9338288 -49.04888296 -123.5513065
-10.32436567 -221.1723502 83.37216095
244.194454 -159.9399371 454.3536991
390.2552624 -19.30437362 306.4034128 R
289.8297119 296.7523557 237.5048188
54.39920084 273.9987915 -439.7936533
501.5585027 478.173428 -55.51567701 R
-234.9570184 -126.9936647 -362.6197812
529.8888484 -159.4119446 94.32686314
-488.691542 472.2867989 486.1639312
316.7847106 -97.16073215 -300.3663089 R
-319.7146507 124.0623721 -82.62189511
-384.3814019 107.9904907 -333.8692589
-387.6006529 200.9112348 135.202655
-197.557366 -256.1329631 -98.31904387
-124.0785292 190.9885194 78.09780727 R
-2.748198399 -148.4436077 -73.17343503
-433.2127217 501.7331402 258.0811387
-496.5454855 360.6185448 -463.0346236
165.7566238 509.9944008 286.6524635 R
-520.6475484 -530.8300604 356.2020936 R
544.1782367 65.73298716 -492.3130007 R
-256.7207132 -117.2105717 -90.07853571
-374.8315105 -361.5703406 192.1386862
-201.8765429 -409.2091209 477.2245616
-19.98563851 226.902973 -229.4436156
257.1451126 379.8186479 -342.6362161
-117.1972629 378.537128 341.9469757 R
131.9228031 481.3024978 112.3779399
121.6828875 -335.6418867 -78.64027594
36.17833126 93.61992388 424.0619044
-218.0009324 472.7611159 68.34225497
448.6977575 217.6582316 -40.72106164 R
212.6588868 -86.49831407 -36.9053154
-59.67718269 249.5402601 88.61097601
98.25665814 -189.7997588 363.5064065
-56.09360703 -406.6156515 -495.1600897 R
-316.7795395 267.2747774 -146.0287903 R
479.8210564 -362.0530954 -10.83477223
105.5881493 303.7006865 234.7948058 R
-174.2004333 305.7093425 492.4018468
-207.6164966 -339.5856286 509.8799265
469.37428 413.6997775 -58.41319239 R
-402.9027191 89.76113515 280.4739821
12.13292707 523.7727004 176.9170331 R
322.4504034 -430.7980867 -251.4934986
100.1848041 -200.1983474 523.4765025
305.0719466 -348.4846491 -456.5413853
504.1110974 362.8061102 19.40332081 R
282.5750833 206.6709678 -43.03281832
-412.9205153 20.28799019 -116.4527524
7.598132763 156.7050179 -352.6107515
-428.2948548 -458.2597039 -483.0087903 R
146.0355041 -508.5629472 -49.00938612 R
-440.6488686 437.8373513 -61.51887374
-123.1764859 -325.0290866 -455.0289664 R
-350.6684633 -233.002807 -136.3612602
113.5518447 -376.8032936 -239.9975746
526.0539407 280.9510318 66.02424665
-51.76536752 -531.5835789 500.4934939 R
-146.9505242 -28.41989793 479.0735281
232.0684436 243.4900832 -364.9693526
29.10946227 95.32817214 -446.5929398
-252.0235439 -349.3973459 226.6298532
-240.5007922 117.0315663 502.9542249 R
-150.0841002 473.8537618 195.376185
-121.0472397 59.30953558 -336.5441127
186.4588159 -301.3997015 1.182827485
-110.4942665 153.8392751 14.15312401 R
-141.005286 -146.8392816 320.1019586 R
373.0317504 -527.656863 176.1480688
-122.7023677 -485.8647998 -255.6869313 R
-499.4681119 115.1936544 37.20421088
-368.6849001 -405.5685832 471.3727265 R
-494.9152515 238.9340105 -488.3802053
-115.7968019 18.99744726 60.60341314
234.1350424 387.213512 -322.298253
316.2288817 182.0305151 50.66931655
-74.65142357 -363.1937181 -357.8005776 R
186.4083519 -435.281236 281.9970017
79.28995172 -84.22533298 -480.6887925
-165.0865436 300.5373242 326.4260041
329.1982547 -365.1890848 -126.5269712
430.0364333 22.46580514 427.2775729
-484.6072471 -321.5059318 -178.9608129 R
374.7104956 -19.8075814 42.40171261 R
-176.7877091 365.3383017 -73.23870261
321.3918994 379.3318869 -198.4642446
410.1066278 524.5378528 291.6714758 R
302.3403411 106.9384886 397.1955426
-257.5008592 -285.8532995 12.18157297 R
304.3096117 441.0679338 323.9130429 R
-308.7338588 -371.7890663 -464.7295206
516.4860669 208.9271169 126.2551712
-489.1169711 87.32360108 361.0349789
-361.2321705 -375.7767989 200.7698208
-17.32228279 156.200769 265.6753833
-365.5374811 509.0127424 -240.9749538
252.9366188 139.7381245 182.1808075
-184.2727358 289.9401948 301.7513428
491.9327331 6.91689115 64.84151841 R
267.3361795 -155.7314699 -395.760226
-74.38310354 -297.6834928 504.916447 R
385.3918647 145.25976 131.3900294
-330.2452028 268.6066895 -418.2728887
-263.7562393 456.1977619 254.7441167
-144.536243 269.2191278 -399.5974984
-216.6751692 -87.27930015 428.8118557
-450.5025876 119.3621862 -500.9072033 R
206.9896234 -319.2954357 -28.7707723
159.937285 16.56192759 -470.6379539 R
306.783112 301.7084173 500.648917 R
516.2172189 -11.49833398 -478.5479868 R
-380.792633 343.5099047 370.5059326
41.53477306 119.3973583 -212.2542774
364.1589402 455.3400022 125.9925261
-417.0302426 264.8654973 -3.896804742 R
-341.8435064 474.4120061 -360.7666476 R
-64.17931057 -334.7563325 226.202743
40.25699037 125.3729167 -413.6615715
-338.742741 102.3603991 188.303515
-33.94643723 458.3951798 -511.5882536 R
-488.2229351 402.2564398 481.3023893
116.9443509 -362.2344377 383.477161 R
414.1734763 318.0301875 -88.60326768
-19.17471302 -320.356071 264.7266647
264.8895162 -336.7394866 -279.113416
-499.7667657 246.0524237 -437.0967614
-61.3042441 191.7751378 219.0716745 R
80.25634827 -400.4387735 -436.3978201 R
349.8827709 507.1173138 -136.7514633 R
324.4348912 -446.572326 69.55195606 R
-492.0209678 130.2439288 -333.2877689
260.0591135 -78.39380181 -420.4267282
203.8933708 -191.6541129 -519.6003467 R
386.3060529 -487.5688109 363.0172985
358.7526322 148.2148333 -313.7084598
-55.14707303 3.434231105 157.4134323
128.3888858 -445.9301718 279.2379845
-108.3298872 -504.382559 85.2999826 R
-210.2219383 -443.024357 -109.5779598
41.97087435 73.74133854 142.4944704
-52.36667212 -528.611635 -42.00333326
74.37554616 -430.6820272 -233.7975234
453.9598378 225.8734605 369.9154487
-322.8367423 -48.79889545 285.6377211
409.1134521 17.92308197 252.8292615 R
501.2339211 -494.31156 -93.60363441 R
-13.60313121 -393.0845277 268.0919159
-314.0417756 460.6221645 112.9620063
-274.2230228 142.3903488 517.8436365
-283.1240825 -420.8354782 76.13927129
511.6227997 388.5514854 161.3127012
-98.44199417 -270.0103559 355.7753053
278.142728 -124.862861 34.12544497
-178.575738 374.8005778 534.7303428
255.2452029 467.5031719 -461.3472546
-377.8255584 -415.2502195 -371.7145558
-303.8867263 -371.6840918 248.59766
464.9353878 -8.892770916 202.0734664 R
143.2891665 320.6862749 20.17463571
329.1140012 -372.9875938 -227.2407227
-12.13029572 -319.9156029 -419.8070089 R
125.3295573 -61.19351856 64.89631465
301.4570217 198.350475 122.8625156
65.04167695 -137.0483277 -504.5570859 R
-48.88806225 398.9012014 -289.0296815
142.2259787 -382.4094012 -385.495753 R
-243.9268907 -432.9934851 -55.07888568 R
172.332648 -270.1677187 150.6316967
-370.0594201 -415.4272049 316.3071123
502.2444347 6.825337498 -507.5334533 R
129.4758024 -245.5151419 483.846854
-312.21869 88.08366957 -354.8035298
-225.4632027 39.56159284 267.2717288
367.866573 241.3616891 86.93146214
176.3107199 288.5216655 -58.62248559
-23.1437622 -391.0065762 -288.9514223 R
285.0726889 278.4269236 -381.3389576
514.2388531 -185.1169341 -287.6514075 R
-480.2674668 -479.783427 496.2187351 R
-279.2131848 169.9577922 423.2245552 R
-231.412847 535.5863859 -108.8888511 R
278.5871784 -310.8837943 -418.0235634
270.340623 -232.490245 -467.5204396 R
465.7913435 103.6444747 -196.0744721 R
495.5548114 467.2396046 -5.370657104 R
375.5640396 42.89541958 -412.2563251 R
-399.5448923 -290.6633332 -347.1880991
-384.0899347 439.8130121 -264.2893231
516.5656231 -184.2387047 -129.6616908
259.0690336 296.3178965 205.0288728
-99.56982749 -291.4726622 -107.6049384
-421.828658 -362.5928901 381.096462 R
-309.2884928 -288.4262033 -507.349764
145.582907 418.1716448 -492.4281685
430.5931661 -199.3996285 96.62743698
-123.0280725 221.714568 -458.7182315
-343.5541754 -11.54119082 496.6512356 R
-417.1515218 -192.7649126 -130.381818
76.32826142 471.2877372 0.7596498223
-300.1100455 -82.93197773 -473.376611
174.909626 -342.8690337 -315.9051037
510.7727686 413.4706771 -385.7913191
-449.5889708 129.986231 -80.9270074 R
186.4836986 428.8889115 203.71006
250.8205278 219.0615815 -459.812908
297.4436565 154.2754831 336.4155106
-197.0700816 417.3379556 -402.149994
-337.1418649 -120.0634984 -84.9198546
480.495616 -340.69423 -142.7277454
-467.1472809 228.5125996 492.6532297 R
447.6251322 238.2050155 -233.085626
-419.4487199 64.13861781 322.1155791
3.539014836 -468.24839 284.1416425 R
499.6209488 -333.7171933 93.40015353
-152.3304962 533.4032942 106.0991462
-318.055747 -376.6646781 207.4435621
-496.4100391 -479.9840898 111.6936518
-307.0532557 -527.9709284 -419.3197137
-95.51056305 -128.1475059 -403.4727068
271.6418627 -254.5180378 459.4214103
191.675481 -313.158824 -339.9202971
164.7736073 30.14433653 -246.5634026
471.0950991 -366.5291524 -286.7350989
311.7542297 -201.8132831 238.2475338
493.8880086 -364.4247225 521.8424549
-258.7156183 238.4264067 177.4555511
-116.2735845 -298.123426 243.1872926
-219.6749724 -234.4303734 -417.4030054
-53.18033576 -72.31485592 223.8472041
-203.3753392 -395.2892367 497.4568618
-461.7433221 -107.5976794 83.86338346
-439.1626532 -216.490672 -227.2342115 R
-87.23609416 306.8245163 -462.3506952
-118.1927578 -133.4494607 479.2981558
523.1328065 -425.8904671 374.6564327 R
487.5096616 519.0961904 -66.36475229 R
-378.0921704 -504.5874272 19.36235621
-137.9576353 -471.9620391 -376.7881549 R
-531.8929323 54.48605067 258.6932041
-226.7001411 85.15911022 -514.8571604 R
240.3760174 -37.83291176 -45.34746782
436.3507201 526.3973825 417.5928221
-173.2694129 433.8037445 -346.1753313
-365.1442952 -153.1775131 -95.36345412
-462.3903842 -321.8029746 277.2746046
470.1421186 419.7789456 157.6662895
45.4473013 -142.4600643 445.3725724
-386.3621223 171.1002191 -20.31795546 R
318.5824793 6.344163079 439.5900311
66.86166498 -398.9878501 523.6291975
-522.8251171 -238.5451494 -236.6588008 R
-106.5837341 379.759627 157.9963984
-213.2568561 -63.41189083 330.4765657
-422.6665454 -208.1420767 224.2229529
-278.0874227 228.3797665 -486.7168724
88.22421663 -116.8549375 -343.6658733
424.4385585 -142.7034583 409.6781522
193.8483145 185.9508886 -164.4148375
-88.73798525 -261.8205928 -205.2230886
-378.4905076 -456.9007482 91.83980318
181.5646938 -32.18433133 382.1409126
-185.2214914 -412.7569367 204.1021118
-20.85273184 -269.524574 26.66544123
529.9603899 54.56998291 -160.5052883 R
20.48629231 328.9922897 -89.64731607
399.7629364 498.9367826 40.22942096
-85.71843232 412.9919861 227.2398978
-183.8678537 9.969529512 -61.5580825
-402.2526488 281.9731596 124.8206608
-264.3339827 -528.5409986 475.4422712 R
438.900938 -287.3876427 226.6421441
-322.5953054 193.4388242 -31.68129315
453.9992177 -399.0079852 -294.2965888
-432.4307022 37.65963578 -50.4014337
-372.5634637 79.01836679 -391.283918
-311.7900801 227.5908848 428.8569949 R
-23.7065622 511.1058373 212.2727788
240.1387163 -25.83209189 369.6178703
191.8352025 350.2567882 334.3229485
428.1493903 344.9711832 303.8609864 R
-510.5170289 -251.0086395 198.6830674
-81.75439195 156.8551679 140.5958782
204.4791607 -278.0075412 -509.6287248
-94.62903898 381.1121271 -18.06347166
-232.3963559 322.9187641 -231.6878644
294.1638833 146.252716 117.1454288
257.9462693 -433.7601645 159.986723 R
-98.59901353 -151.5723727 119.2164418
414.5083424 -348.7930083 -426.9385039
350.5217221 -60.02583321 139.6199031
110.0866442 322.4015833 142.8482582
-362.5635505 129.9471675 86.33163424
121.5236764 434.0430013 57.5605862
219.2032485 491.3537647 -355.1486569
-206.6034155 290.0457386 -123.6238887
329.0131102 -336.2486057 -507.5621723 R
-139.6878991 -126.8258601 280.5743293
-367.7964822 182.3626057 451.7372052 R
440.2146628 165.0054943 378.0699755
418.3493307 23.93432143 131.7136918
-360.6499501 -71.27526556 -503.1526913
222.1079085 -217.2691048 -255.2979204 R
171.9061187 -171.5801685 -394.202649
453.1433488 11.31036828 -430.6736432 R
472.5991789 -288.3289723 -158.3535288
89.64548662 492.3357272 266.1743065 R
207.3793696 -66.71184667 262.0109612 R
-89.69994057 263.1042415 223.0303223
61.00771836 186.0005716 210.2552727 R
-243.3881123 -252.2339315 -328.8199814 R
85.21651298 -399.8439342 -139.9975289
48.9169006 49.51420656 -330.2942228 R
-181.2884931 92.68871761 359.9098163
-435.1394002 -335.8063095 -276.8488135
119.0791663 -193.4476334 184.5031226
318.0005356 196.4563753 -217.4481978
502.0880844 -157.2450406 148.7085922
-130.274485 370.1160735 -449.510298
-41.29099787 -341.1831022 115.3462565
177.6302222 432.4388654 -317.4953649 R
532.3741278 -414.4459349 -169.8970073
192.3482425 -239.5405634 347.4561286
9.207961631 439.8133273 -377.3223458
417.9268713 315.2425389 -482.0362653
273.0031488 203.0575615 -280.421495
-423.5393129 393.4476955 -94.41116396
-437.3582701 389.648678 -349.107841 R
60.05305357 -44.17618552 -347.7595352
-136.3851336 -388.1661505 -406.6551706 R
408.9990086 72.29120679 280.0071964 R
-89.6200952 -261.0088349 -381.1706161 R
145.8936099 299.38704 89.52639924 R
-103.8597499 -478.9656578 -356.0688844 R
-135.0423331 13.61272311 66.40920379
-378.1687362 375.6035619 113.8639493
-513.5840297 -212.0718649 -23.65581774
268.3733426 -154.462819 -289.3211017
-449.5821049 -27.67396657 221.3416631
-462.177336 221.6238088 -264.4531765
467.2182016 446.6903619 -391.19092
-127.2644586 424.7323125 303.3820509 R
-441.606595 224.2195437 -11.57905266 R
-329.2621323 -527.7959593 250.7507389 R
467.3605525 -375.9705514 -158.4760239
-72.89566352 -370.5557934 419.5594219 R
-439.5565625 -330.5808229 272.4881443
539.9747696 -276.0394701 17.96302793 R
-236.4247579 -56.25883635 -295.9074461
-463.6739785 -476.8582099 360.6802005 R
282.49261 318.956316 68.30905081 R
184.6853146 -494.5179025 295.9628787 R
143.7949344 -189.0797107 335.8420076
-364.1517836 -19.83764087 -206.7914981
-240.494971 464.9499397 171.5292532
476.5609596 -108.140234 -109.9399196
336.4865555 206.2067403 -129.6629414
263.5943307 -325.0473992 395.845445
-141.2551104 -436.2176369 28.66206501
-421.7946871 -466.521347 -244.3627305 R
-197.0487252 -353.9321812 -429.7235873 R
-41.55180091 -105.0227654 117.0564766
270.7805567 -69.01489048 -11.98890065
429.8147774 443.2451888 -390.729948
-201.0892801 432.9006948 -352.4315752
111.5667846 -409.8753631 261.9857313
-252.3422901 -279.426581 -385.5424982
-218.065403 192.2586361 -407.8583194
32.99288487 -48.6519154 -68.16798318
303.0658613 -361.9462227 473.7933167
409.9686393 407.8470068 -22.82895874 R
410.2782056 -352.3469439 -30.47101465
-317.5608286 -461.6340891 -383.4281075
107.6012537 -336.1388567 271.2017985 R
391.4631687 100.9164752 31.18827041
-399.5323105 -58.06576439 -420.954842
-369.5357835 -124.2805856 -40.98042289
418.1833458 -76.16815224 -461.4303049
-390.6045618 -327.9643121 103.1531772
115.1950573 189.7006063 -469.3770477
348.5416367 -69.88424406 -213.9884289 R
40.56262986 520.7470816 -34.53476592
-70.77113879 -256.3538809 -9.518836913
350.0969636 -54.07143224 27.49440334 R
-471.0893993 -69.62767066 -81.58157655 R
-22.85489657 -426.5726003 165.1646174
-410.610632 3.184880462 61.59759634
-367.5121579 186.4304529 -286.4189302
-367.0293556 -215.8508614 123.307119
156.9958078 457.6831314 137.1076298 R
-122.7278703 354.6666937 122.5529184
399.2138379 -376.2944714 163.7160085
19.48861765 284.1441906 -369.885289
289.8689047 -98.35725893 -354.3534494 R
-76.64112316 -407.4390665 -28.79799724
288.9765443 459.0852632 -115.4399547 R
-484.3545004 -309.743771 176.9553969 R
-421.940332 130.4329476 124.5942659
197.7442789 -44.30563921 513.7528137
286.7736356 313.8531866 180.3748365
-128.5957611 -216.1304282 25.7170204
-527.0024398 -381.7871255 172.7437995
283.9644391 32.55686912 121.0757403
64.67482361 -237.7108835 384.9643949
-388.5210615 81.9999613 -514.2319386
209.8603685 -182.2501412 -7.511412632
-518.0031826 423.5594085 15.3397533 R
487.7621579 536.8021905 360.9252001
-429.2198363 -367.4342706 317.8596096 R
-290.4670099 -179.0314693 344.1256784
191.6231359 -386.5267564 447.5246616 R
-432.7655705 -184.793614 -524.6436603
278.4847405 -156.448377 -79.1548926
-213.9192424 -103.8433194 -65.68122969
-113.8064724 -422.4607348 -103.8238093
198.7134232 -268.2987256 -495.9990086
210.9133858 -262.3982383 353.625991
-91.81549667 -391.0805364 -295.8591667 R
-191.0495393 270.2632453 278.3465158
111.1701401 -254.7008956 -475.231818
279.8076352 -112.8378352 347.4008216
3.000815313 20.25283354 -194.4147694
89.0857286 -470.9251816 167.1290614
-359.2513475 221.6455231 134.3045955
-390.7962531 194.8670841 44.84779861 R
224.5014596 46.46130017 355.8023429
-71.59700273 -240.701471 -429.0216538 R
383.8115699 457.4215376 -177.4603879 R
-64.47689131 -83.54688533 173.8638703
286.9591909 437.3584531 -73.25774616 R
-338.2570734 360.4207114 346.4781889
292.7414169 -422.6059288 -179.0197949
341.1388068 415.3635802 -355.0328379
-71.20069552 407.3514084 -189.0465665
-160.2560006 -331.6536598 -21.86808768
507.3597785 -390.1550988 286.8349797 R
-120.8569725 -404.1281335 452.4018516
6.874410039 -59.57931194 -70.42961158
-492.859554 86.68386017 -85.07257525
-36.18937158 240.1587612 252.2288181 R
-423.2496247 67.89378152 -193.2472465
82.29389284 -456.9957205 -502.9717349 R
337.3855224 -58.56119912 -405.3914302
183.1863289 -493.3083921 222.6281331
77.47879792 -245.8451561 -375.7119884 R
-492.4161877 95.85601554 422.6328993
44.97044668 -135.3310931 -310.5206812
208.9832768 -80.46350693 115.1825072
218.1868422 -65.92623949 -478.7174056 R
320.7451264 -7.988854586 -105.765468
-55.44008497 -471.5521864 -324.077923 R
274.1534637 -445.3795824 486.6613332
2.173627343 48.63032203 -226.7395092
109.6939027 486.9221184 511.8098113 R
33.17177051 517.2784026 -392.0250263
-281.3591613 -347.0248707 436.2794746
-418.301186 -203.1485099 -37.03003942
-503.0147343 462.8157364 492.2515569
-66.97614779 -89.80025423 280.4363022
57.33222874 -261.0360153 -321.0739822 R
138.548965 383.7508795 255.7654791
-235.2503485 472.9204539 -327.6211024
-144.5115957 290.7733346 395.6484242
-446.736032 -56.93487217 -173.534151
-84.42554026 -427.558573 45.44763732
83.94064332 106.3927471 473.7778979
521.0340548 -67.47602843 386.2887349 R
488.5289394 -165.6502112 -492.696442
-503.4978583 -223.7379723 433.0168714 R
429.3371682 -451.8538684 -10.62061107
-87.99018741 19.37443931 163.3018894
54.60182872 25.11483413 -450.0712441
-377.9741036 -392.7914043 457.9563063 R
-307.8186926 299.5935744 -236.0033439
338.9468375 -385.1663544 -353.6570975
-132.619291 65.98885192 149.8919497
104.0802655 -238.8895755 -35.36872277
268.9783848 -306.8501151 -464.9381455
209.4925215 243.1987273 -90.89786732 R
-48.92364153 156.4653616 -163.6537217
-465.6841338 -8.211244046 157.8719861 R
-450.9929604 -181.8259975 491.4106383 R
427.9869557 -18.6599095 386.4756262
-122.6332306 -518.5844871 -326.1571465 R
-294.4072704 227.7095352 242.6891896
-353.1594446 253.2749943 209.5738846
8.269935701 135.8027377 -137.3866927
91.60602698 493.8107322 209.7049694 R
251.9263092 115.7063466 -59.39931006
-480.6890615 505.9811789 451.258016
-405.9377194 -350.8413993 208.9385806
273.2943071 265.0284752 118.0307633 R
-47.24675721 -526.8479185 -266.708342 R
-488.4055054 -52.37747275 136.7925917 R
-445.1253878 -128.7725001 24.28246241
16.70002724 -258.3676408 158.1506822
-494.8920322 478.0052041 -14.85923746
369.4484084 192.2605068 -230.5753805
179.9612852 -159.6753356 419.7632029
219.0440604 -134.6211177 310.2700751
-30.87156053 34.70712917 -431.7559522 R
8.982225955 -94.36756009 213.1830832
238.6811204 490.6085271 383.7022402 R
386.0004255 -84.63999973 451.8250128
118.7636758 -323.9047722 -338.8580558 R
359.4759882 273.7098445 353.7145904
-499.7690479 -123.1887468 380.4292761
373.1702079 318.2761682 156.781301
40.3776823 -313.9859918 117.4016607
-516.1533136 422.9913054 -131.3947974 R
243.8672084 443.9936846 -221.1247585
-393.9055682 -276.5692948 425.4402648 R
157.5617884 495.1569804 -278.6361487 R
438.8770539 248.6901073 -315.0586679
320.8780967 -499.1048019 -510.0253684 R
-203.0014568 -145.5925702 -195.362483
-523.8362116 458.0760123 423.3770664 R
-189.7696409 -270.3991164 247.5286635
511.8348311 -12.21252455 -519.2325223 R
-382.1492561 12.43776555 -72.87779561
-430.0949624 20.1415695 -169.4162933
-468.6298493 -290.7926947 -231.2575998 R
92.52160036 507.3634977 -444.6342796
-191.1935032 -411.381225 120.2916704
399.8593709 -86.56591128 -311.6010403 R
378.5195292 399.8238039 199.8703596
97.00318097 -387.2776463 176.4807603
341.753569 363.997047 230.5231419
-348.93455 -114.4942526 -38.57934738
57.4368529 -290.8514727 -98.84692115
0.7876545492 426.9480846 -11.78507704
-7.339843592 -78.69431288 410.1256921 R
34.26439018 -140.264052 415.8833594
-139.1123386 64.27123807 -18.01625175
156.3603031 -143.1283482 341.4224828
411.9228788 152.2324837 433.9911498 R
-55.53279574 442.1909539 -32.21793196
-134.3063854 -288.6104482 434.1697204 R
-370.1135834 399.180696 -130.5244524
-292.5993412 32.00563893 -101.3304093
382.6330475 -60.08619309 544.0802606 R
189.7405569 -380.2949629 296.9437243 R
-38.14589033 -94.57406914 462.2388192
-243.0933519 289.9331061 -189.6263025
159.1921382 143.2167968 -434.4687787 R
155.7326628 -331.2568823 -127.8384747
-29.3975512 215.9390478 -173.2667001
310.8603334 -302.3105991 370.3584123 R
-468.6259743 328.8361298 71.3388847
-60.82187635 -140.7355626 -453.7897186
14.17624883 266.5436986 519.7370671
490.0167335 403.1232645 338.7783532 R
317.1717065 500.3137218 -57.40684695 R
-329.8547345 -403.2780548 16.95151492
-360.2367816 122.9389998 -371.2724607
171.9540029 -407.2782417 -473.8141463 R
214.6131192 -389.4473999 241.0160272
165.5257709 376.0175066 263.5333742
-47.10425573 293.0689593 411.1956565
-164.7959982 431.434259 -385.1116413
-317.0329302 48.67039407 -496.6356988
-113.9260807 391.7138003 342.3967439 R
337.1787376 -326.2152774 -45.42290948
181.4285292 -398.6515875 406.1375581 R
475.1873744 174.8621156 206.3433349 R
143.7749203 -33.75705756 -183.0722941 R
-372.8664994 198.7387596 193.8648604
461.1240259 -123.073192 486.056027 R
-205.7919411 -319.9284857 -312.8562219
-112.2008813 -415.9396013 -108.7242665
523.4902615 435.3695218 -359.0290511
-184.7059308 255.8580471 223.9004692
409.2066191 -413.3002593 -172.3635504
-144.5694899 -433.0679276 97.24413059
-413.4793225 481.8039132 0.9662456535 R
-273.0546322 295.8139479 -103.5520129
441.6524418 297.411292 -256.3418807
-322.3602292 -164.2992971 -513.2576346
-437.6135698 232.7486593 125.511097
194.1639065 39.29516409 -219.6406219
342.401822 459.1362748 -328.097021
-343.540179 47.08996312 -337.1805738
264.4978718 -144.3766788 -114.0170843
-109.7864214 258.1964917 -1.959997672 R
-64.67211796 -31.82181912 98.59552438
-216.9665367 469.3139002 387.0871239
-122.3086264 -2.38833431 42.58017034
-484.9525719 43.01640841 -63.60247443 R
9.775786079 -25.31879052 371.990386
-105.4774233 -316.6754587 -315.4021794 R
-418.6716161 503.297257 -188.0088538 R
-481.2921735 -281.5507574 -154.5744085 R
97.61485187 -210.4668169 157.761842
120.1913041 383.5292512 -397.5395513
-441.7732768 -90.89003006 513.9752201 R
26.07045592 439.5715489 444.2450356 R
262.7439697 369.3945624 -54.07019569 R
433.388092 -517.7203147 -259.111172 R
243.7784464 506.780931 147.5707694 R
-200.0501287 -43.16443168 -1.294140699
-409.9946678 368.2043924 327.3603256
-407.8981758 106.3673455 381.0659168
-175.9713222 -387.3697432 306.7703167 R
267.3541979 343.5156842 -303.1559129
-374.4360687 -384.6755595 -31.06450322
-314.0510027 520.9282356 130.536525
72.62165527 82.50987597 -439.9216031
-404.6903741 295.0161153 66.63714247
-525.5295888 175.3839228 -363.1682995
138.5670702 -499.4437294 85.78118213
5.916284801 28.16037706 -6.946037657
-217.5784327 -247.0274524 -7.687616064
459.3271891 -245.1119149 369.212693 R
251.4875068 399.7746699 -74.70241676 R
445.4021486 -370.6578748 -208.9260939
-158.715696 398.0706883 -504.3811719
50.60304769 148.4234242 -396.9061772
-432.5264577 223.5790818 -118.9197829
455.2120697 -141.360098 -494.3624779
-364.7056278 -392.7231844 -161.3248863 R
-35.11272195 451.1989556 -347.5910892
398.7301114 32.99647465 348.1116447 R
-247.711347 451.1159884 169.8552941
208.320969 -36.91159733 167.4134205
-39.2504502 432.1793006 -46.14775112
10.44990161 -219.1289163 249.5720675
264.5800206 168.8706929 -429.0198673 R
122.5449801 251.6470847 -525.4679688
-165.8216766 -355.6658694 337.7885877
225.10454 -336.2220692 -233.7657092
-295.4921854 444.4176332 -156.790916 R
-290.0207638 227.435526 515.7796048
-484.2298854 -29.7106248 -349.969519
199.6109381 -296.7229719 -437.7027643
479.3135543 142.0590348 42.78595168 R
68.75429176 57.76618648 161.298204
266.3312447 370.0258142 -289.7687318
414.0249408 290.0974373 -517.7852381
-532.9779461 -514.0003385 336.5870989 R
-102.2803847 -333.5164641 376.263464 R
152.0098722 375.1090506 -464.6893641
-312.0949143 151.5919717 282.1994418 R
220.3069875 309.8635558 -265.2372891
-135.044289 -106.6674916 296.7347562
-320.1198022 -323.7595969 -122.5277826
-469.0981221 467.1827937 -236.6698625
-516.2804594 -391.948362 -77.20619299
-473.4850381 30.05722774 -491.2298284 R
-19.40285385 -309.1037878 57.12979507
478.0649063 179.9039896 146.9542981
-228.1521309 377.2331031 -256.0792469
-362.0606278 -103.0519952 -176.8625288
-188.9645724 276.1366641 -217.7843343
-432.3372888 101.6626634 360.0303625
277.3658665 -410.9111255 502.1574918
456.639154 -516.5838329 109.5031069
491.8491997 167.9558057 -419.8662936 R
8.156863216 -421.0637397 7.830451228
-511.0394403 -71.37126407 -473.169304 R
-405.5362303 177.0982688 -497.0129207
156.2312341 526.8407961 331.2313906
224.1383051 -93.21020916 40.19482341 R
-364.5873744 -336.6903593 306.885193
-476.4878156 362.5207843 -8.514407578 R
118.8671475 -210.2138984 254.2425472
262.1536533 110.5047005 -378.3651752
-61.84376415 -0.973074884 456.6265951
-225.9887322 -315.7649168 320.463862
-214.5883348 -218.8574433 -119.9563538
-296.8509085 -308.9216499 -490.1562244
-91.48396058 244.0592999 88.13478264
27.38384731 -317.9434447 -231.642224
-39.36220577 399.8518622 281.4207737 R
-83.56362393 -341.8481367 -443.3386309 R
-121.2587085 463.057317 -534.6202048
324.0461074 -275.0830506 532.5707193 R
365.8504556 -312.9324222 -498.7665783 R
124.9335343 262.941151 528.1042465
491.6879995 32.59352256 -503.543542 R
7.791458452 198.3903687 -359.2355961
-361.3480074 -184.6726802 117.4717405
392.9504205 491.4494934 129.0855831
44.52498349 281.5429509 278.6196621
13.12829507 -242.580399 313.5912771
412.8312451 -96.37844764 -70.26654417
419.3969747 -127.604628 466.7320879
496.5688867 85.32120442 -0.7877502761
-395.2238198 359.3555033 400.012094
489.438624 -9.546985817 153.2094784 R
-31.80770646 342.2892763 -9.861915699 R
-255.6213783 244.2059907 -199.3935333
-180.9499201 -319.6844025 -345.7784147
243.9477923 417.05265 132.8206094 R
27.38838275 518.2688301 -264.4146128
-311.6421966 -89.70176297 -480.4731858
-309.9201216 155.0940994 130.5016973
-64.92298143 496.4966648 -396.6888782 R
-414.3402511 -418.9496091 163.696755 R
462.1674504 -480.3680795 542.8645814 R
388.8822808 -129.826501 499.5933154
-249.8343211 -201.2682081 380.3556668
-319.135457 -467.5991446 279.4657645 R
495.997511 281.2042165 -289.301665
251.5056149 105.3985059 -278.8337448 R
58.47315111 271.7847268 -87.30847033
402.5602448 16.9401186 -346.2916102 R
205.5532014 -477.3884163 370.1842147 R
211.6162183 -544.9734139 74.22299634
201.4187942 -0.6604419144 -17.73654794
329.941181 -1.413230376 165.4714294
161.4061626 332.3129671 442.6294192
432.2214773 -207.3543293 160.9148345
-521.3722806 -494.3891479 27.81987955 R
-419.7279087 -342.9118007 277.65797
-510.1015792 284.7528307 84.33369708 R
30.97485438 -0.114978113 290.4002412
-110.2284578 377.3442754 7.992993209
72.83828956 -120.7847636 230.9824574
453.3646122 287.4096333 490.5179843 R
15.39552882 336.1706609 254.0442754
519.5793787 -265.9466196 -539.4331492
-377.7457443 -341.456909 -198.1560613
-520.4922849 396.4834151 -189.77727
395.6071827 -113.4770988 105.4990041
490.5945673 82.80927696 362.8343643 R
329.608248 -153.1316024 -335.5269249 R
25.29909215 317.1622087 165.0646056
448.6215627 391.7404847 -13.13483618 R
359.3773116 333.3499706 -177.3818484
-360.56903 387.9610087 154.4570052
380.4388724 -292.2878668 -263.5153341
-275.4215754 228.0490481 372.9104504 R
140.2265635 -297.2415871 258.0687176
-223.5077191 -441.709275 -485.1372669 R
-345.8632867 -172.5532025 -430.5823981
164.1941043 46.39521684 336.8097709
-357.5344272 -310.6436605 -43.9167839
358.6355402 -309.8216768 -258.9205685
351.2356448 76.7130643 467.3436228
398.4694335 417.8958824 355.222999 R
465.3143337 124.5003617 123.0617717
270.7999885 -56.20138311 404.8019751
-359.3407243 -449.5500053 -6.28744161
-192.2469488 -177.1464661 13.512866
-430.2209664 -251.5411394 343.3997507
89.61410568 -322.382987 28.46895642 R
-357.8516402 -118.9028959 -116.7587913
-117.1170595 260.9151643 392.521686
347.9213475 446.7774582 403.4685251 R
-433.1014431 -104.1424478 -32.28855283
39.03222745 149.5164561 -61.39355923 R
372.0625762 -449.8007073 267.3260586
236.3386944 123.8524491 207.7113707
73.58279227 271.9399176 -289.304313 R
419.7584244 -234.1958012 -412.4530212
-301.0439054 -352.9760306 213.6075761
461.0504412 -487.8905216 -5.822974388 R
-358.3859844 -461.1341945 -84.27691649 R
489.1902106 -99.33382875 445.0839089
-95.37193086 152.2034511 -158.12563
382.4520091 -216.322892 402.8443736
265.4064552 456.694489 -23.73073974 R
100.4373834 -408.1338259 -156.6848309
-92.77131915 -208.4075469 95.22086319
442.908906 -232.3565066 -495.5518942
-301.1536241 430.359683 -421.8870913
254.8400126 425.3295908 43.48652709 R
368.4991769 -527.459679 13.66357538
395.8751087 -393.8619606 9.812424895
468.5054558 281.2607629 -438.8551364
-148.3484254 -390.7745492 35.62243042
-417.5080088 520.5724872 215.7712411
-203.0477097 22.94013779 152.2264841
-119.7824369 229.4200187 96.97069547
-412.9728594 -375.1134439 515.7241864 R
-469.9006616 -122.035765 25.4964578
-494.7886962 139.9665852 -335.4875586
82.83618501 -525.3121899 -361.3393295 R
-7.715522822 436.7134731 57.64797438
-385.8304905 185.3724232 371.8886761
-43.87415858 286.6117008 -97.25785656 R
-382.0071541 -137.2751949 7.235245956 R
284.3224674 -249.0785944 43.39361431
220.0699873 -82.83124709 -434.2896002
-481.6849269 279.4306998 -99.37934013
330.0838682 -100.6326969 -321.4421456 R
-151.0278725 -59.74886363 -511.2957262 R
334.9414919 219.4120366 -114.7162103
-336.1822936 34.74691214 -292.4817168
-405.4976037 -2.585286328 45.03950578
133.9766946 -477.0083419 91.21658001
461.5912201 186.8430113 -392.7157272 R
-521.480195 250.2907941 -373.9004327
-379.6480844 159.6015465 417.8553255 R
-95.79259885 93.51809708 -316.571889
213.9076209 -164.6451657 170.3993442
213.3838668 388.9769496 -512.3457468
440.9415942 -327.5261044 336.3810671 R
-286.5615542 -236.8291229 -67.57220061 R
200.5213386 31.01774606 486.2169354
277.4668655 -363.6959072 -269.0733467
-24.51072991 -322.6327141 106.4503296
302.7967608 415.3709229 -24.79664184 R
86.88534445 12.32620769 -35.97540643
96.05313435 -179.3292115 407.1294778
40.60958509 281.9097396 -199.7924391
-408.0980965 59.27340528 -241.6327063
108.4004235 42.50332066 527.0219478
-113.4308521 36.56958721 343.1376406
161.2090652 148.4574682 -370.2554762
-12.39533638 -134.557493 -323.5925758 R
-491.892417 -329.297425 153.8370636 R
-284.5686596 -413.7167258 -512.2537836
-469.8418938 52.7553607 154.7321467
-349.3415816 -408.6437786 -316.9014684
193.7738635 -9.543854513 -130.039285
-104.688028 -185.9415304 124.5434887
-308.4214288 426.7460837 316.1322813
74.66645017 499.6151481 46.5320332
182.1525865 -391.4425698 124.0367048
496.0127067 -289.7569976 -76.5087787
-58.64866489 91.43838113 -115.4885608
75.6003324 -435.9519361 278.1160505
-103.5867352 146.811979 -175.4011017
-388.1812776 -41.00118994 227.7063561
325.9685547 419.0772771 351.5002922 R
-377.7944975 67.40526476 174.8429001
380.766626 213.566772 519.8727827 R
315.1001235 -74.19164072 342.8440194
377.0390108 -409.9257563 518.0029159
26.58841171 -424.1074139 512.975063 R
-460.2768629 -132.7611168 418.3856253
325.9215838 359.9628412 -298.6466705 R
132.8381693 -503.4541941 -31.70097623 R
1.346199239 -19.34447278 -32.78587454
470.7978908 414.7991607 216.820463
366.5073305 -25.62635282 -1.571010321
384.4582864 -75.89041455 469.1088555
-90.16640632 -236.3475739 261.1090217 R
483.6830187 478.9146866 355.0487039
84.97410528 -45.00873405 -480.2816421
165.524429 440.4505529 -429.8620762
286.880456 537.9401308 311.3712807 R
403.9791337 317.4541415 -8.317492881 R
-395.9283879 61.58047326 482.7878886
192.3537621 85.30858816 -182.3850403
164.2324112 338.1252646 148.8220791 R
462.6340885 -14.94279026 -469.9514437 R
-219.6418077 -467.2355628 15.22199317
-386.6196643 -360.4041107 -255.7589588
-413.6829392 -134.178155 167.2948379 R
-404.2605571 449.2015729 409.6388716 R
273.1120631 -282.6649277 -284.4047349
-19.08126538 -373.2517578 318.8925702 R
199.7690154 -335.4177257 -354.2133781
-530.2355928 385.7648692 404.9440899
-246.8931486 64.52723853 -313.9915358
187.6463701 -181.9112734 409.9517712
-387.1571321 -204.5917776 -283.42902 R
195.2528772 -80.46136067 -110.9247681
125.1926191 -137.9083269 -161.1193897
-181.6832577 73.92912296 -358.3333667
186.5165831 -6.656102685 -108.7417482
-44.17792227 182.3365461 424.3813351
498.0812544 334.2968391 -476.1835945
369.7283116 -305.0714905 114.4080504
118.3630741 210.3315051 -129.8960517
-450.3160321 417.702937 -479.2511136
-75.96213954 -400.108557 -132.9474111
-116.7370279 -483.8449138 -436.1894363 R
144.2251604 -17.37102125 -36.05153917
306.0099636 528.9214532 -95.28344707 R
-380.0459473 130.7110176 250.1891259
458.315154 -402.3173746 461.1887735
417.9143122 354.3521714 197.8940464
343.6276867 401.3230174 269.8848823
267.0274239 -284.3824904 -304.4944851
72.94455168 -437.0245582 188.665623
-511.3310114 -105.09772 -22.44407275 R
-407.7390598 -161.882726 -147.5259722
57.38173614 365.1176712 446.6182824 R
-424.672244 -336.1273025 -92.91993278 R
170.6592395 -224.9685438 -363.3645569
-493.0584844 183.9686698 -392.0918111
200.3878165 458.6685883 135.8071484 R
-518.9653698 -505.9450839 -212.6644852 R
322.9547814 212.4264467 475.0076311
130.1602104 131.731761 -20.66966065
-299.8691119 272.204719 375.8505556
-149.2517864 331.5834332 475.8758927 R
57.69771695 56.19011327 -467.2813398
-455.1968227 -294.9166608 440.2801853 R
185.4120831 254.0981591 247.0983101
-459.171082 245.1419294 -418.00855
-230.7570055 452.3491558 452.3487815
-309.2788348 -151.9138967 -383.5666821
245.621319 -172.1522189 109.6372742 R
-361.2879983 190.8303946 266.0022478 R
-454.8918587 -55.12733235 -452.0279455
376.5537937 -61.37359299 206.3711736
-417.6131817 342.5368565 -61.49462858
190.2441942 -486.5739404 -476.6465108 R
373.7491699 182.1155635 -127.0750219
141.4333507 -133.9179443 347.7576406
148.9607607 -262.616608 -102.3083349
-272.8168452 -434.4078461 295.4308291 R
224.9584585 -276.32158 -237.4176843 R
373.3797186 -429.0276832 40.58861264
-188.0593201 -214.0720009 95.42994456 R
165.9648816 -38.00364415 252.9597841
-412.0594882 150.7290259 350.5759333
332.2539773 241.5998471 347.0006697
167.9717112 -425.3113331 -309.4201674 R
-406.3627779 393.2882618 281.5570475
-165.3143246 209.7855276 -140.0590474 R
-219.2614866 6.734259808 -221.5610187
442.2369297 280.6714523 92.75551929 R
-99.65624033 -174.7265151 -125.3373437
-478.927373 -202.346893 -77.57784718
387.4209682 114.6423949 -538.1246945 R
-480.1194346 -468.4233347 73.45214776
382.6699823 -128.0711334 532.0643132
380.0908581 29.04642586 304.0240245 R
114.6193815 -232.7841669 -31.59261493
25.81163719 27.18837989 -84.0677444
-154.3350112 530.1207598 425.8155953 R
118.743277 190.3458174 65.68692249
-141.8845545 118.992108 479.880834
71.10803328 52.8988754 -159.1474538
-293.0385642 -352.4338713 -174.5528228
-465.1217885 -350.0919828 65.91685117 R
-10.69035892 346.0294818 333.5771585
73.31703472 478.825825 -106.5307498 R
202.5723316 318.1770846 -445.2716091
-30.26269168 500.2022281 -19.90354275
351.4031698 -135.0246384 -145.6475461
116.1915745 176.3079851 -324.3501212 R
28.05391439 175.6692033 472.4359641
-433.5281124 -513.373074 259.495814 R
401.7777225 -429.4286497 -260.6513445
82.47671336 133.7832431 486.613528
-412.5130188 -197.8298339 -327.193192 R
220.2276814 395.4410898 -260.3726075
220.6166114 77.56895061 213.9896921
-389.6210462 40.37415689 -218.2479199
-398.7767674 473.8332332 380.3317037 R
-245.6900364 -361.1712807 -142.7455421
-193.5398405 -340.1196689 187.8953706
424.8511622 166.4710841 335.5309409 R
248.8745104 -318.4428911 180.5938037
142.8274953 -85.41751151 -264.1847539
60.28643665 -81.34249154 -415.7956611
346.0495053 456.9679194 -429.1319211
-438.29979 66.27767277 -431.8478084
113.5128754 -111.1443468 241.6961455
-327.2678018 -151.5723834 -111.5576437
-51.4479122 -452.2653484 136.214712
2.57792806 421.8135383 -381.4400934
-418.0034978 160.1189969 -524.8602524
388.5967243 -401.7700898 18.15735957
-153.3131451 517.3450924 323.1001516 R
442.7441563 190.1029197 443.8463872 R
-205.0337674 78.57753145 -238.0194475
-194.8555109 182.325111 -23.68968196 R
526.8846622 -106.146915 -330.4578551 R
420.5233774 458.3777407 -273.3192279
-282.2236171 -394.0731739 -430.9170143
-386.9151248 -72.10018977 215.4023203
299.7405403 -185.8389004 -410.4790226
270.5479765 -317.0084423 -513.2521284
-312.6448958 -69.97758623 -377.813464
-411.9201117 -133.1899966 318.1571883
-444.6372914 -84.15771268 -342.5485766
-40.66565476 456.4813855 22.39734185
-498.8083771 97.7893408 -193.1620013 R
443.7325425 437.3340415 509.4332122 R
-98.98070248 190.7978441 -352.6401485
-264.4016771 329.2795087 322.5491567
268.8592507 413.6625789 -49.9347693 R
-307.984227 494.7581001 265.7849973
287.9300374 486.9930437 -28.55368263 R
-232.6183493 -116.9688476 -128.6670157
127.7971506 312.7454141 -366.9088658
-168.444303 -197.738418 277.4402745
466.967397 -501.9626653 209.8602833
381.4627533 -409.5478602 354.0171185
-205.918408 -269.4742285 236.5414023 R
447.3571408 430.1400965 403.6870402 R
-427.0862237 -35.9953505 -518.783641 R
13.31629099 -168.0797034 -379.8410922 R
213.5914511 -145.8527875 89.3174996 R
-511.8328444 -215.12891 -475.8689638 R
211.2278689 -12.25171124 -444.760989 R
-401.2169283 -259.0236487 -25.15946529
-394.4727838 -381.0716555 -12.31527056
-278.7848116 416.7509565 -260.1982331
-72.28166079 388.4990903 173.1088604
-541.7342968 -124.7818302 140.9888681
214.7198262 284.5394516 411.5359531
478.6844291 -112.5134523 -313.9066616 R
-417.9803811 -90.93027093 -219.1474009 R
-138.9689015 310.656493 -98.44009844 R
462.1995876 376.0389419 213.1514189 R
-385.0689441 -61.96278988 180.8099335
-385.0806082 448.2150747 -477.6990144 R
-297.1750332 -350.9852669 -370.5458627
-483.8189272 403.0605073 429.7212576
-400.9189031 -446.1477795 -154.6588451
84.53392357 -176.645017 29.80802938
260.3885046 447.0989963 295.0615997 R
-293.0582138 240.1106894 -279.1148865
453.6206052 521.6971202 -494.0032838 R
276.9881875 309.7620076 -321.1160453
-178.768267 261.6537868 -268.5146152
271.931468 314.6176939 -335.5604836
-297.0852743 -455.4200773 236.9959038 R
-236.2863663 -351.8656042 403.6555458
286.3377838 341.0310752 274.2982288
8.027128392 361.3678624 7.099003811
374.650564 118.7372424 -87.86237996 R
-54.92432009 -138.2568371 418.7165422
-266.560044 -403.1780854 65.08900939
94.4906444 453.0049444 -105.7233274 R
502.0793373 -68.82155028 -488.0026816 R
-339.0843445 -458.9325407 349.3073785
-344.46789 362.082907 64.7633784
315.060479 -282.7743317 -192.7456314
54.45073581 -141.5323078 -196.019044
225.3310179 -237.695248 -352.8882061
-451.2948329 275.6106424 -522.373452 R
-208.4847185 -313.1024536 -56.88370226
-46.95610626 112.3223637 39.49190509
-157.7486751 328.2591949 342.7154409
44.01096557 -317.2520938 438.9290438
244.787574 10.4971999 -29.74013986
-456.8438516 367.5022243 -193.2070613
62.56912923 -353.5690286 247.0539774 R
-67.17450609 -502.7987527 -35.37992954
-189.7286459 32.5450242 461.8267014
-124.4566474 168.8760066 -126.9226096 R
-94.4299132 -37.71877974 -207.9731994
-376.1312413 82.82042055 -75.39094531
-132.1275092 64.07092771 -364.0522131
500.1848897 213.9558055 -11.25381585 R
376.9518625 -33.21748926 507.0371368
424.3747655 -128.2019448 234.0189045
-478.6502692 -316.7795604 324.2950139 R
-324.7354381 309.8381903 375.2390885
-100.5964627 188.5265907 445.7491138
76.41848112 186.666582 540.085739
-196.5926281 280.6909152 187.0075201
-71.46989341 443.4049755 206.3668594
457.8212935 -146.1830434 233.7572479
496.9134721 35.12461849 157.258106 R
339.7885213 467.6376826 -254.1473912
-302.4349306 -326.1785399 411.4187073
179.2516096 -502.6961783 -341.7127147 R
-445.7923116 -464.9068549 476.1376011 R
-128.7559905 -339.6783775 -479.4993294 R
-427.2933095 81.7991206 491.8279892
534.8198698 447.2956147 -431.9048874 R
-99.31110094 106.2563296 202.2457875
-64.62020643 104.6523853 491.2175044
-508.5416343 93.54959499 -383.8144609
406.6971573 233.9328192 73.01885691
4.580742177 -481.4034267 -517.1955191 R
-435.7322113 -4.828172256 -55.54548727
-88.88391436 -84.002829 345.7352114
195.9272632 -142.7858292 406.0848764
-467.060239 -55.01087361 292.3749429
219.6297294 -312.2254601 -320.753505
223.0978922 -303.8052126 -458.0168277
-146.079268 -150.9527478 -144.3425572
-205.1788291 349.0250118 312.5634044
-262.7404342 130.6254063 368.546548
-381.9298561 484.4924244 -187.0348633
-228.4848026 -408.2311172 -174.3280907
486.9220946 461.5449602 -163.0521781
-6.832354939 132.9704587 -174.779379
477.1738127 248.6282353 -242.5200602
-341.88491 1.397073991 284.0418037 R
-286.1067555 34.22587443 487.0250075
-460.2076303 125.7161744 -429.7457161
310.2473303 -34.29551381 -256.5878799 R
-18.72804868 251.118611 394.7890225
-226.8643085 -82.57506422 -104.1810634
217.0017327 -502.6159465 444.814272 R
366.2723234 -310.2691367 -529.4970359 R
177.8040141 54.66100845 -63.1878792
-32.8463298 448.4629867 -116.198117
240.6601262 240.9799711 -416.7613117
197.9584653 154.0504113 452.7424248
177.5430118 -198.2823171 -351.7674568
-91.57036363 368.8517184 -301.6131689
86.37126165 -493.0557441 118.0222094
-141.3043221 257.2204178 -217.9515051
-226.71011 -219.8205565 -20.71185137
-114.9156503 214.4725831 -398.823848
11.59454056 254.9401172 154.6160247
0.1122273602 -55.15814049 0.258878402
220.0661987 426.6947201 -182.7668163 R
463.8233037 -275.8215483 388.0895336 R
-194.7049696 373.1934344 161.4226433
232.4878697 19.44919819 -145.2653962
276.0955718 390.457002 228.7439483
180.6264522 -63.19474166 -350.137299
-112.9036713 -119.4053092 281.7780359
83.27840154 -266.9681791 120.1477258
-5.465192042 383.4570758 -297.517487
-196.409881 -213.1202432 -243.0018926 R
-7.599037879 -9.185145087 163.8459905
-463.997533 363.4756141 468.0782853
146.6527067 324.865065 22.36973866
-459.0518169 -290.1056583 184.7071129 R
164.7018014 449.7902914 537.1243131 R
-251.4233696 227.821746 379.2371771 R
396.5091979 297.18424 483.4011878 R
-135.6337057 -419.8190509 455.4339793
-289.0247222 -37.71574621 83.63322015
-472.4956162 -391.467739 152.8042244
348.156357 -260.1411781 -526.1714377 R
-224.0899176 393.4351189 522.6908448 R
89.97880645 324.8142324 -153.6662333 R
-391.4632821 477.9937216 273.9163398
298.4149353 -87.37771059 -349.9784371 R
-380.3041966 -74.75758053 109.8038858
521.9942458 -99.91898663 -439.4293225 R
-207.1124709 -201.412692 30.76638747 R
417.0184181 281.9859067 264.1353092
-321.2699614 -297.5740151 -325.7024837
-226.0112462 -383.9174154 472.9154173
-256.9388609 -90.74381195 -22.72800521
-446.3520105 145.6134479 275.6088023
56.94817376 429.8587811 -186.6684383
257.5935434 -98.2848315 191.823665
-284.9804516 32.50315641 -197.0416273
506.4324256 -344.568497 -469.3461366
-509.4346448 -255.2194136 80.49976873 R
230.2405985 75.87346012 95.48965035
205.4150869 -339.2896449 480.6868657
253.101187 248.3714861 458.8688848
155.5404339 196.5016101 -464.3475454
484.6075927 1.498475411 126.7147409 R
-96.44146701 -222.3123021 148.0373002
-306.1862928 -82.08528653 -403.5452246
66.08371065 -327.5082657 -218.1451452
380.2422426 -77.91121797 25.99163994 R
238.7794804 -299.8465752 476.0483125
379.891907 -444.7993979 330.0700523
-402.9891056 -328.2759999 191.210672
339.0552356 -338.2825371 -8.037430767
50.92406223 -306.3334636 230.4275509
491.9203868 -263.2554207 104.7449495
468.6841611 434.9160268 287.8006025 R
-235.3339524 -240.7104448 205.1913897
65.69440629 151.4946619 499.7813136
-305.8879389 -59.00472446 89.76168587
502.2139647 -363.1469474 444.0827274
-55.82894964 -445.5710056 -372.7714087 R
