1.020288910446726338e-10
9.757465520705708273e-11
1.907235208493300064e-10
9.668323255506087441e-11
1.069496381088553150e-10
1.169534019787707779e-10
9.510777846110779202e-11
1.357753874723298505e-10
9.248707988725286857e-11
1.791669910741730415e-10
1.129530499971050597e-10
9.861305236170090465e-11
1.144854259071404263e-10
9.390508395853624808e-11
1.351723594755981512e-10
9.485071777104660567e-11
1.465461548997882167e-10
2.115198847706743486e-10
1.225324776671436183e-10
9.242419956473857981e-11
1.051496770688148558e-10
9.277539652133397378e-11
1.807595725959277608e-10
1.184269258834021147e-10
9.374173054523048605e-11
1.498048849515106836e-10
1.050440655636336129e-10
1.092007149004684983e-10
1.492767994777189511e-10
1.244313591482251238e-10
1.078663024579653498e-10
1.297726147736374746e-10
1.003228287316158417e-10
1.263081769025342929e-10
9.653336399651707044e-11
9.898968817169769850e-11
3.245319963451145938e-10
9.558262668791865429e-11
1.261130362430274081e-10
9.501888912291036359e-11
1.386683372251832884e-10
1.334590379283336897e-10
1.627972472568607928e-10
9.577576028234030421e-11
1.305075222299481465e-10
1.201197430790685999e-10
1.344914478503667766e-10
9.673901093872371186e-11
9.524776616764915082e-11
1.033154305634979062e-10
1.014716582741939590e-10
9.603504214634915550e-11
9.387118578845243020e-11
1.097995920800998103e-10
1.759080648915208502e-10
9.929673466489904408e-11
1.037809718961864370e-10
1.067751667432631328e-10
9.612859090831699669e-11
1.287143389192940471e-10
9.990713756091045183e-11
1.218321714009794213e-10
2.100463508996564337e-10
9.329182174798054356e-11
1.220772654163111857e-10
1.325583523965992774e-10
1.263958487127017934e-10
9.293313683641955769e-11
1.194733949530444759e-10
9.274388493969819214e-11
1.263092870050123881e-10
9.540271180191322649e-11
9.736172456128661033e-11
1.042003289354813489e-10
1.331300339560769585e-10
1.071287046788182709e-10
9.195074703354866328e-11
1.034187651153378458e-10
1.120834278514042057e-10
1.320398051458710531e-10
1.949155272376694565e-10
9.270039973475790489e-11
9.756847110137935436e-11
2.437123149014898229e-10
1.129525059331485495e-10
1.779278252900182384e-10
2.084229029698784164e-10
1.053775338050484063e-10
1.270596139985444678e-10
1.134290436327000070e-10
1.271768742335619800e-10
2.113752941261021677e-10
1.347137010673046394e-10
1.705574576859113237e-10
9.742629668987119066e-11
1.046023591256560286e-10
1.427750483170171843e-10
1.431046885892290237e-10
1.401630948984911033e-10
3.145980831230529289e-10
1.123224367106115453e-10
1.026441267044218374e-10
1.400992332776819236e-10
9.537369598837273929e-11
1.015055649704652310e-10
1.717184369348623429e-10
1.015442393649822429e-10
1.051357746883077943e-10
9.851497897980666269e-11
2.902503917349520217e-10
1.022602992541371446e-10
1.006586626419674751e-10
1.112030354942850468e-10
9.944614559606613680e-11
1.156964715908063566e-10
2.285812746501487614e-10
9.717042070463192654e-11
1.103716153720333704e-10
1.429061871200555757e-10
9.796341094279695953e-11
1.208636025880768526e-10
1.133913646692843781e-10
1.036442292974059605e-10
1.247279822228976230e-10
1.534869309645265892e-10
1.033464551233146376e-10
9.850532026241399292e-11
1.563732137750366060e-10
1.215228674261097542e-10
1.803761273731664504e-10
1.050279766483184370e-10
9.880726155467643658e-11
1.812907080149264192e-10
1.297852624392337488e-10
1.269041841642581730e-10
1.492108204169449140e-10
9.413728634478846786e-11
1.653828263084890653e-10
1.196477172462262476e-10
9.856157448314551750e-11
2.219886020672802164e-10
9.337475762992501933e-11
9.985609237309659463e-11
9.537921589558321827e-11
1.234778779860289447e-10
1.047541343501109752e-10
9.740229943318347183e-11
1.160776430767515601e-10
9.407760681703934023e-11
1.569192058445787663e-10
1.095961415211942806e-10
1.307629762832403500e-10
1.025375929632464804e-10
1.248284642439009912e-10
1.027371166466514695e-10
1.146234039117059542e-10
1.066236226812548239e-10
9.746483629754324331e-11
9.970979793839811207e-11
1.006014790335151622e-10
1.113876697027025654e-10
1.355398155460953939e-10
1.583258657901260183e-10
1.588610350517991527e-10
1.110117804655373971e-10
1.526544598046709404e-10
9.489761659992332156e-11
1.060627002654851956e-10
1.088024854089661808e-10
1.868314419053725620e-10
1.488159046793397044e-10
1.268597099297591465e-10
1.114947449983725480e-10
1.300983398962739487e-10
1.085530486851301957e-10
1.048867074419310050e-10
1.936834910050447703e-10
2.327395200059699659e-10
9.610744363728356581e-11
2.849755526037641428e-10
1.442010673610344352e-10
1.368951681517898552e-10
9.808797732612714538e-11
2.235456926001154639e-10
1.011229044352148931e-10
1.303948062070419603e-10
1.020207135567037886e-10
1.083234278921006952e-10
1.150096944918909677e-10
1.360724418146395806e-10
1.039984385311643426e-10
9.957819999205419505e-11
9.678308399935997941e-11
1.579135312282292156e-10
1.191268073448153356e-10
1.645285719875341837e-10
1.102153739683721679e-10
9.286777651602877384e-11
9.481235972868487431e-11
1.192506064265358406e-10
1.507114777228624440e-10
9.372827999749974133e-11
2.093648457107468375e-10
1.237109475261631406e-10
9.230319550251577305e-11
9.417317386015417646e-11
1.733033563311258119e-10
1.187762112960351387e-10
1.367709653636743422e-10
1.243822368453618221e-10
1.114014376375768900e-10
1.139258426435398393e-10
9.441848347972312997e-11
9.550011061929405143e-11
1.226804702850202890e-10
1.326392077502471624e-10
1.035092372565267173e-10
1.460929364247507287e-10
1.398015521202935311e-10
2.013005995875838794e-10
9.401981057450038952e-11
9.217149052514125742e-11
9.301812577177747920e-11
1.278115772773493119e-10
9.625132135675105299e-11
2.132326760906462419e-10
1.931440150735881739e-10
1.179999134770916964e-10
1.212495669778617616e-10
1.266441483130361422e-10
1.100376482700473813e-10
1.020202674954104300e-10
9.746947872373325940e-11
1.402973802840185728e-10
1.182102553790400803e-10
1.692669752718208738e-10
1.032292247780219858e-10
1.035783665439312940e-10
9.983291001744839816e-11
1.091171893996101458e-10
1.102473324108700502e-10
1.258289252070596052e-10
9.534877406998788303e-11
1.416232779730163247e-10
1.355115181982391230e-10
9.200886522005066899e-11
1.394003846051856215e-10
1.798390080675684474e-10
9.572609399065525902e-11
9.759722428307058037e-11
1.037592912031742314e-10
1.472606333243028938e-10
1.461605796462385183e-10
1.275097407584167646e-10
1.151706596650831854e-10
1.229910125937700146e-10
9.242679330767117414e-11
1.052550511583702162e-10
9.593419600138703065e-11
1.099135921754312083e-10
9.644937359946359991e-11
9.670489286837423883e-11
1.172303128277833860e-10
1.405612334619536807e-10
1.542803738809756686e-10
1.655802151972313811e-10
1.149693889084959309e-10
1.221631435070420761e-10
1.038487717304608684e-10
9.506081219628858558e-11
1.630869507518637106e-10
9.462941746969412210e-11
1.201939624508085225e-10
1.983504870285443700e-10
1.078801796414416132e-10
1.066416462770632412e-10
1.607890047074840510e-10
9.988441996970257198e-11
1.466374308561312360e-10
9.316311128285414936e-11
9.937039964926572670e-11
9.668634940841362594e-11
9.503755875404575016e-11
9.263667541355043619e-11
1.485738060984522744e-10
1.202918294699422907e-10
9.473036747529065557e-11
1.599806405674573070e-10
9.211183622031866994e-11
1.019255151304825907e-10
2.599863825188913715e-10
9.725929237234223459e-11
1.160320825788496953e-10
1.098150676029251412e-10
1.012377755973486918e-10
9.305729133804659550e-11
9.337588228595445651e-11
1.226419996430542662e-10
1.297058654145421016e-10
9.222364004065746536e-11
1.036845503224172318e-10
1.303811305944761587e-10
1.180373490123855836e-10
9.671642252679584649e-11
9.679803058973529446e-11
1.004692458988490920e-10
1.048679847626294489e-10
1.125109217782455926e-10
1.247657647874969942e-10
1.186208382941062435e-10
9.963726332480524479e-11
9.629652802673342272e-11
1.344586368397385661e-10
9.423040961929937529e-11
1.136766661763618632e-10
9.756290511301804927e-11
9.633249238761378074e-11
1.088334014942948347e-10
9.549506944882073956e-11
1.045368793104969607e-10
1.073153336147699999e-10
1.193667766179947496e-10
1.095008611354743831e-10
1.303225751838776383e-10
9.265883771149944317e-11
2.274425126726299489e-10
1.095536794556945975e-10
9.213589706354024823e-11
9.388285948049681569e-11
1.103845226680837929e-10
9.692950471522116694e-11
9.312317943478597307e-11
1.031322047341164244e-10
1.179737286054520714e-10
1.153099236066396963e-10
1.275910658957587028e-10
1.106681498539581439e-10
9.342069821556585380e-11
9.630794407513337441e-11
1.597272991922961492e-10
1.020810647840026424e-10
1.029957410044887442e-10
1.735984822601313095e-10
1.107867628244407492e-10
9.316826268853344971e-11
9.216580287988991512e-11
9.570439720621762749e-11
1.008992747279234913e-10
1.135464829339345873e-10
1.100753559936086764e-10
1.486101856795519192e-10
9.685266187988721538e-11
1.378848071554983576e-10
1.049325583986982342e-10
1.670002724767671242e-10
1.682807215061074678e-10
1.130459153199152302e-10
1.169252966428325328e-10
1.657317931151443170e-10
1.069449297975905039e-10
1.041223597908662039e-10
1.504111877039021838e-10
1.053230321270452326e-10
2.002695433294405228e-10
1.321639778225362268e-10
1.130024142587292436e-10
1.005246878811801942e-10
1.102680315976687970e-10
1.031718173989402393e-10
1.512560364233109086e-10
1.117785133513087003e-10
1.015670795744527065e-10
1.452177264639829856e-10
1.174852338608047620e-10
9.609835689256924381e-11
9.750227968930734021e-11
3.783916693979948744e-10
1.431755551874700328e-10
1.101564380124466347e-10
1.965432529295261355e-10
9.441211885689197873e-11
1.589346929504162371e-10
9.951074831922402284e-11
1.355133739204344291e-10
9.842679326349154030e-11
1.005913937108565760e-10
1.279139621121502593e-10
9.835005379801802388e-11
1.896604929177705063e-10
9.789298272818704887e-11
9.602673329364598769e-11
9.981290576818476546e-11
1.279129861948987505e-10
1.129523699168011462e-10
1.024802910399021308e-10
9.685188384569997317e-11
1.957451631238521267e-10
9.828247970324403646e-11
1.091574175528860895e-10
1.059590361514848048e-10
1.316730951875936342e-10
1.003459120203231944e-10
1.809469760210446043e-10
1.008811073475143992e-10
9.833562092711177061e-11
2.329013203162848933e-10
1.072068928112701163e-10
1.306215904279300870e-10
1.625740606615829621e-10
1.067237200636658650e-10
1.170574590274997949e-10
9.717910937820045988e-11
1.101051245875616253e-10
9.733926264107775455e-11
1.423368964377684737e-10
9.462449454209426353e-11
9.984275930605784526e-11
1.607153916342924307e-10
9.418034992732318746e-11
1.525305797099852437e-10
1.473427909570986595e-10
1.194373898114813595e-10
1.239372378527448251e-10
1.127716135515765784e-10
1.179113881468013554e-10
9.956878346657496002e-11
9.793536825499882041e-11
1.201337911421351432e-10
1.243392252698824533e-10
1.351216714233019329e-10
9.911708997428850237e-11
9.640876049904556114e-11
9.594596354898292335e-11
1.374566450675448594e-10
1.555252791074556989e-10
1.375735529843494057e-10
1.453937260912029637e-10
1.021489597495549765e-10
9.628995935260545275e-11
1.352107132306650868e-10
9.259654499625643705e-11
9.209248601247040934e-11
9.289957409281198797e-11
1.363543956636142383e-10
1.252252127091140400e-10
9.695065047196239907e-11
1.044062490246532304e-10
9.204677937976936280e-11
1.062201116334026994e-10
2.139274987552292067e-10
1.241436334828844095e-10
1.034788428135562932e-10
1.218703565717477696e-10
9.362494267434825906e-11
1.273925037924143305e-10
1.152956297721687548e-10
2.513938573070005824e-10
9.305696904657501315e-11
1.084944505351027909e-10
1.298405381493310982e-10
1.076327047300105859e-10
1.168830615490834122e-10
1.033708573443426078e-10
9.593780485024972916e-11
1.026033002102132622e-10
1.141078290122653835e-10
1.365479577708710545e-10
1.192419156137534553e-10
9.271301066477180445e-11
1.238806678164494112e-10
9.379999674908097156e-11
1.512677296516393794e-10
9.502015496204049189e-11
9.617024695697940543e-11
1.031806511224626877e-10
9.409963146089822958e-11
9.474908684233524460e-11
1.039392088287262514e-10
1.081749133419274481e-10
9.516468007378136789e-11
9.620437435678968067e-11
1.030886006865502238e-10
2.092705012153087706e-10
1.006166806093370343e-10
1.716021578204472123e-10
9.913660716692955093e-11
9.944690584156421705e-11
1.072019096290098244e-10
1.773457346414250759e-10
9.505163796327170692e-11
1.253815933510454156e-10
9.574244234759826157e-11
1.429102835109365810e-10
1.145411988914118523e-10
1.377254834904940720e-10
1.115929329252153950e-10
9.604476113807112726e-11
1.183581356765022273e-10
1.545596038831908383e-10
1.134297212116394233e-10
1.266858592460055803e-10
9.848554030260528429e-11
1.037446398419888818e-10
2.559405330783653475e-10
9.219180103747666447e-11
9.731524660649336359e-11
1.624380206547674067e-10
1.105771424765394349e-10
1.135146615616230526e-10
1.123075373282137554e-10
1.489270005990312715e-10
1.335222627407296873e-10
1.402140983264433651e-10
1.052618509839189716e-10
9.840285617052170477e-11
9.552484048908419769e-11
1.234632826297058467e-10
1.013809427328070117e-10
1.040531084003024926e-10
1.364942594318431789e-10
1.039071686097854628e-10
1.217232861651536833e-10
1.179763473214514920e-10
9.415626834400499607e-11
1.253233587228652271e-10
1.000666392220062179e-10
1.108423633102133599e-10
1.135361926205232515e-10
1.080822131296742170e-10
1.266456250114548470e-10
1.069835896510494058e-10
9.439397762177902440e-11
1.059094012542440127e-10
1.247264856775462751e-10
1.221141130815061075e-10
9.479523688069908307e-11
1.403375427367953816e-10
1.024164411533360606e-10
1.065606622200532936e-10
9.499040384041664593e-11
1.110634173539682946e-10
1.093240790001925645e-10
1.416826338822822250e-10
1.068378737746918760e-10
1.591118540743621455e-10
9.924191150175984575e-11
1.062475228426398677e-10
1.476213110433865704e-10
1.115585620021637727e-10
9.797727561079338686e-11
1.351359727189661946e-10
9.230368239197676176e-11
1.373391915577534557e-10
9.699355151922721001e-11
9.379183498560939618e-11
1.118384842751462138e-10
1.009483573848363830e-10
1.184288833471850285e-10
9.728936546090005749e-11
1.983538111544186987e-10
9.985669838458608250e-11
1.004131740646759102e-10
2.785802150718873821e-10
9.327879688431936993e-11
1.049934724234768256e-10
1.185135491873917576e-10
1.065630953878058213e-10
1.266758940095673168e-10
1.415794164856887283e-10
1.057621031854929622e-10
1.211939469732151495e-10
1.046839404357668961e-10
1.113143992415243968e-10
9.930312897545217354e-11
1.529485969575625943e-10
1.062621587551080767e-10
1.763865854405112199e-10
1.110371873358899582e-10
9.323729967032342977e-11
1.016546666868052042e-10
9.811028918449161390e-11
1.411131694245639735e-10
1.017851042547271896e-10
1.097277662469821932e-10
1.294860065501059635e-10
9.478033145805402854e-11
9.602485195663653412e-11
9.503407821874923995e-11
1.039378922776839014e-10
9.240020442255818520e-11
9.309515378891988437e-11
1.143318265319654371e-10
1.316739277402114322e-10
1.013277058317302228e-10
1.090518435571641083e-10
9.471989590924956428e-11
1.026713364752237550e-10
1.040820410995073070e-10
1.199047185267234793e-10
1.062645979023670660e-10
1.001408662710538374e-10
1.296811581219474843e-10
9.847311855108534086e-11
9.425511203717267135e-11
1.347393474417802945e-10
9.841313746920757264e-11
1.392979534640772757e-10
9.921052854596692150e-11
9.221470659738773154e-11
1.241929635378517795e-10
1.058532677192031506e-10
9.697738785700939946e-11
1.635507227178469650e-10
9.449816860852669995e-11
1.066070271723460697e-10
1.112957994594584966e-10
1.234581235650576892e-10
1.626515836293920003e-10
1.372919562052730276e-10
1.091417203049866698e-10
9.685981953782979151e-11
1.090918123570844941e-10
1.101893843876496923e-10
2.891986963277876535e-10
1.522771091769192197e-10
1.014880900696872128e-10
1.002884214798323998e-10
2.432149696840961496e-10
1.251769846961107344e-10
1.095124607187945456e-10
2.112620758346856400e-10
9.812890464783492007e-11
9.386734758483246905e-11
1.094021512963795624e-10
1.047486133392564516e-10
1.214252307169923359e-10
9.958579339670796035e-11
9.533741535575442374e-11
9.269247671607874015e-11
1.031933116389429976e-10
9.555743755411886165e-11
1.242243805991018505e-10
1.576682580806112057e-10
9.659140176811220112e-11
9.261774481406394718e-11
9.192680667119596302e-11
1.002799689957612841e-10
1.479234362781723979e-10
9.255138007860109427e-11
1.194758553894809921e-10
1.481977837924633599e-10
1.425374230994647448e-10
1.119464159246771120e-10
1.728118438929752110e-10
2.119374546804341296e-10
9.487908131147222850e-11
1.039184348775375481e-10
1.021394538610258413e-10
9.873047487004518313e-11
1.051398297154437336e-10
1.311333450715866683e-10
9.511995158774491990e-11
1.048048285740714339e-10
1.039162402338752651e-10
1.158455596733007667e-10
1.193882883600146270e-10
1.385748731901878558e-10
9.871777402905280981e-11
1.036986227952671773e-10
1.681112757190263025e-10
9.731106263783456655e-11
3.437660764883870038e-10
1.310214586170929496e-10
2.722383718550840560e-10
1.009114347635693937e-10
1.530444473541716066e-10
9.921037618033580023e-11
1.052884678806609082e-10
9.376830642472659448e-11
9.467974551858633615e-11
1.379672630094660413e-10
1.217574254417522725e-10
9.991183196618826053e-11
9.184712903413777141e-11
9.887956460857424345e-11
9.258958535156751536e-11
1.675269098066763381e-10
9.984609271886940448e-11
1.147472855771942700e-10
1.136228224097087272e-10
1.222047931384225456e-10
1.117778270222312221e-10
9.552673043976777247e-11
1.099478555924038408e-10
1.168870216563699897e-10
1.222002224442527163e-10
1.202677554959937723e-10
9.298845993830542849e-11
1.429544515784351485e-10
1.172012120715478610e-10
1.254675982381659556e-10
1.014272807920685783e-10
9.572027715906986105e-11
1.158248038989570073e-10
9.908277425575510176e-11
9.218107757488930426e-11
1.033614498562216138e-10
2.502643854071807568e-10
3.171814800301500726e-10
9.905272039703552994e-11
1.151826940334130182e-10
1.004791912676819437e-10
1.310947853254564344e-10
9.276699434869223876e-11
1.092777442368730424e-10
1.069396505662356310e-10
1.284724601422176490e-10
1.015288607441967533e-10
1.189570170157509138e-10
9.209736455149448542e-11
9.755177230266504079e-11
1.063267079120746905e-10
1.263539307185876589e-10
9.837400213301475438e-11
1.009198409522189370e-10
9.203343775763043095e-11
1.238297229005297498e-10
1.127882297542853834e-10
9.337202627307766840e-11
1.081939817442658576e-10
1.452072457098416964e-10
9.912547667999704161e-11
9.359127642228525077e-11
1.182282918514462828e-10
9.205410028264619007e-11
1.092948243067852990e-10
1.277852067508093957e-10
1.205756360636851522e-10
2.130008881836997115e-10
1.410004017816771710e-10
1.007209303424409954e-10
1.153183388775265268e-10
1.220072280275622814e-10
9.488240839141343276e-11
9.753971050347182333e-11
1.053143558435396952e-10
9.443168887459884046e-11
1.456837785213626645e-10
1.330919808541399362e-10
9.617854496025055087e-11
1.267067717097208346e-10
2.476157738168193253e-10
1.009241939162728202e-10
1.314278863719762324e-10
1.147349429272133708e-10
1.211118186868122874e-10
1.556829246576346499e-10
1.194979973226462713e-10
9.963255760172125859e-11
1.040557389365557281e-10
1.072158620286373368e-10
1.896924682225470722e-10
1.189111229560915874e-10
1.353624078308912269e-10
9.308226595686490220e-11
1.367520963084805832e-10
1.129995589892387759e-10
9.499879194990217667e-11
1.162580046875219896e-10
1.574597775450367878e-10
1.635343900955175090e-10
9.634578059159306233e-11
9.196833239629737189e-11
9.887085400733349130e-11
1.372191262839198369e-10
9.205475100491419347e-11
1.123223000268898865e-10
1.147679435006493887e-10
1.068021675692528886e-10
9.412037518861479320e-11
2.394377869487508858e-10
9.956954289267738635e-11
1.008895157471737500e-10
9.225936624451675619e-11
1.074884692981447634e-10
9.189080442825303025e-11
9.205019586451172358e-11
1.042894782482501287e-10
2.031700161980475283e-10
1.077711025119528048e-10
1.170846139586482449e-10
1.047733106203354295e-10
1.243888624718156775e-10
1.942495872583334187e-10
1.038623856009074021e-10
1.174622345597880021e-10
1.349562382193174831e-10
1.373997054104280363e-10
1.280997556700839147e-10
1.050791348252846159e-10
1.086303390006025744e-10
9.187402088511551137e-11
2.162892927879435477e-10
1.159778677749831631e-10
9.443041613582067676e-11
1.371018391742728982e-10
1.077436055038160925e-10
1.075016789910510402e-10
1.065812710443344886e-10
1.018299409790242995e-10
1.178963225756538173e-10
1.191596497226757543e-10
2.084420011215139608e-10
1.304381040365154309e-10
9.948050361425004247e-11
9.921494706020610028e-11
1.044002747688581360e-10
1.250055690974478323e-10
1.106209228474358657e-10
1.327474202253017335e-10
1.006509896513981586e-10
9.390732214005785347e-11
9.684768236658320879e-11
1.107427630483183942e-10
1.240422903018399465e-10
1.020366219604582002e-10
1.310498859342335332e-10
1.053518039915943822e-10
1.215752948922065917e-10
1.040288462670383111e-10
1.275525491178258356e-10
1.238339899271015968e-10
1.831007356658231988e-10
1.470574390238745607e-10
1.160069711244683206e-10
1.106738269868128248e-10
2.009040185183094639e-10
1.611428746890177369e-10
1.705094631409068776e-10
1.256204925194043888e-10
1.015264716493263852e-10
1.104246240120784384e-10
1.001337631179536177e-10
1.096701363754045557e-10
1.341258104620698154e-10
1.412029240212851882e-10
9.645562044066921445e-11
1.060618379618510453e-10
1.019421804702645380e-10
1.196475879134481621e-10
1.119030896375909734e-10
9.602453839733266987e-11
9.232153345397671188e-11
1.376564007583609779e-10
1.233780709742961858e-10
1.154695885609400837e-10
9.872052854971678675e-11
2.267640987201336713e-10
1.490592597133885993e-10
1.382331805392808633e-10
1.109192232915408414e-10
1.570804169287430596e-10
9.225530705829407874e-11
1.105643934416935350e-10
1.272924473179090885e-10
1.297764694145559755e-10
1.087094096969176895e-10
9.728611051917099115e-11
1.532674430169358073e-10
1.573281203749556094e-10
9.842663983680958433e-11
9.379055465259843472e-11
9.836371725520674215e-11
1.061218971166015447e-10
9.573819829738600017e-11
1.208182146144353351e-10
1.110533401461948120e-10
1.462508726828053340e-10
1.101884114114956168e-10
1.272049486785195812e-10
1.292208492431299272e-10
9.565469849530751614e-11
1.136190335654242919e-10
1.186221414063142849e-10
9.439445506178680151e-11
1.261861369152606636e-10
1.038033808796220466e-10
1.407563430128136506e-10
1.240555730130819708e-10
1.095243386960313819e-10
1.022135495877505495e-10
9.468244383779920552e-11
1.045947944021976115e-10
1.239514081806402007e-10
1.035358076417605189e-10
1.213669988894888991e-10
9.891806659200840903e-11
1.007293504404524509e-10
1.478874461460700198e-10
1.060861238343820955e-10
1.086483524127996892e-10
9.318194489980352186e-11
1.220883207376110932e-10
1.206783668917109534e-10
9.516720834338213365e-11
1.111431785253979988e-10
1.219226532664895248e-10
1.050176844093656723e-10
1.230845336322597430e-10
9.861427773888715002e-11
1.147519808455323999e-10
1.127830544454266811e-10
1.155045395430973137e-10
1.177488530429748092e-10
1.292750065599888583e-10
1.895593507630644107e-10
1.010235169407420200e-10
9.650058725174975610e-11
1.494928914298281854e-10
1.698176354206121905e-10
1.072540094600945929e-10
1.127885021332062903e-10
1.920816021376579804e-10
9.222526422172038071e-11
9.487813069845274225e-11
9.232202025881448728e-11
1.094516557682947618e-10
1.029908749067850093e-10
9.235592880235212075e-11
1.067721662826928194e-10
1.625072898373980203e-10
1.805079324479066442e-10
9.320254538422250028e-11
1.940692374320322470e-10
1.027960657502078826e-10
1.451005445296139409e-10
1.184779411939500024e-10
1.116318296357102816e-10
1.100706257554004185e-10
3.164323119779287564e-10
1.196731934182387384e-10
9.604711237775429014e-11
1.162111793409353437e-10
1.169680460793395268e-10
1.149361710291538506e-10
1.436395754433331633e-10
9.712945065496090855e-11
9.870445956432855485e-11
1.007488947226591390e-10
9.593403909222008898e-11
1.057661371932727532e-10
2.357542331238010665e-10
9.294620407431464839e-11
1.449165777324841847e-10
1.207939759420370488e-10
1.021528212956784345e-10
1.035732309366537283e-10
1.080648240940336003e-10
1.706368219414853524e-10
1.145906355464637790e-10
9.822931332574871792e-11
1.071044832907999005e-10
9.198363578050543427e-11
9.677156129065562378e-11
1.187116352464832951e-10
2.488825267895053745e-10
1.051482289792220748e-10
9.742227170462003719e-11
1.044168853738852796e-10
1.008636879971514460e-10
1.206267542195956453e-10
1.161104422598026544e-10
9.382559824974755904e-11
9.693090419148765889e-11
1.895057349199134331e-10
1.198561720398362951e-10
1.113668772987544883e-10
1.375332576279269445e-10
1.091463455922243370e-10
2.070661982486769663e-10
1.478499437960335512e-10
9.652181520724609655e-11
1.510756919808565635e-10
9.670816492069705915e-11
1.519605378115172539e-10
1.555744170276289142e-10
9.783161085766970011e-11
1.198355087411132597e-10
9.797681348285219009e-11
9.321171775541493602e-11
9.948339164705904980e-11
1.269308375967909660e-10
1.169179064651227681e-10
1.474984785926521047e-10
9.194504744200051606e-11
9.837737905188532360e-11
9.515756900040581917e-11
9.704327108830970174e-11
1.221418059565614889e-10
1.195571543535920244e-10
1.014075520124120494e-10
1.037585586781087917e-10
1.366657758497523314e-10
1.042802891768849544e-10
1.309124770484988581e-10
9.185413787719381527e-11
1.185922969951138980e-10
1.120534347759781280e-10
1.078180033438955960e-10
1.102909495495340146e-10
9.814444080931682064e-11
1.369742385398560634e-10
1.251687793438310556e-10
1.502078055321525950e-10
1.136942485020003332e-10
2.365753157890271544e-10
9.872588436961470311e-11
9.462830586046927921e-11
1.000155139767266168e-10
1.058751485014897406e-10
1.021240051409222732e-10
1.091435424083118471e-10
1.140710205481273498e-10
1.314305072214282567e-10
1.360213537473973735e-10
1.040304541519328824e-10
1.609919122283604980e-10
1.855358505479876736e-10
1.848943569134292631e-10
1.832896047445129822e-10
1.136554289642605012e-10
1.039620267288097628e-10
9.280657568838820465e-11
1.037853661481849847e-10
1.920969865887351699e-10
1.762124581550945702e-10
1.097984766533706149e-10
1.043482423812816785e-10
1.024090317191269668e-10
1.101639455398815733e-10
1.035347801687140810e-10
1.084549938751216658e-10
9.803718205219353927e-11
1.618982209704214739e-10
9.243619509195858656e-11
9.475305239451239355e-11
1.498038225446048958e-10
1.076329884912278891e-10
1.313442334238469740e-10
1.094846478680341909e-10
9.338054144895868855e-11
1.387858281194434218e-10
1.056434719732895988e-10
1.748316145164979269e-10
1.028843601899188407e-10
9.945542024373580248e-11
1.107130061028926619e-10
9.900235848423549674e-11
1.882680153294286962e-10
1.107236640457643250e-10
1.471694798399533254e-10
1.018376851084861029e-10
1.193755890670342892e-10
1.083537582778328205e-10
1.439809022434692853e-10
1.012843205978684116e-10
1.354619853941782049e-10
9.379551585783293168e-11
1.222930036288433102e-10
1.249763158622182416e-10
9.697878672864097191e-11
1.267227615561890195e-10
9.741453093937451229e-11
1.151638397012590686e-10
1.067863106652426009e-10
9.273871291349128794e-11
1.267708434581013030e-10
1.402531561999252564e-10
1.326409804107021702e-10
9.654522365697413357e-11
1.150932122371646560e-10
1.311243924546139773e-10
9.219033881139168144e-11
1.222277713067201610e-10
1.119858903977319598e-10
9.718919359343023658e-11
1.039936135118643190e-10
1.210729122747480430e-10
9.202351179456826738e-11
1.103255269355539625e-10
1.406014422589590010e-10
9.727712018504013885e-11
9.993832902205302707e-11
1.176504501762777884e-10
1.082849046442174637e-10
9.532763329177031151e-11
1.295862679389925664e-10
1.034219974556536934e-10
1.049709958486819573e-10
9.449737363823208689e-11
9.244381316552508662e-11
1.117267537918945913e-10
9.479095574583129465e-11
1.099024475868030772e-10
1.206555159026801295e-10
1.013404191134147325e-10
9.718965899664572397e-11
1.081852247690950198e-10
1.873212729027668162e-10
1.126341071668016059e-10
1.179349656600059020e-10
9.677233988987177031e-11
9.330098643904314888e-11
1.213535867819694424e-10
1.116661808247275881e-10
1.117826312483417737e-10
2.490153618980668769e-10
1.278326946827526583e-10
1.379449973276057862e-10
1.485610714035208361e-10
1.057479830979009505e-10
1.506004769519901137e-10
1.027932593208007802e-10
1.023255690886682347e-10
3.299449250813264523e-10
1.595546571379839634e-10
1.108893695552201662e-10
9.194472174171737088e-11
1.100427972234535184e-10
1.205949039265870559e-10
1.667300716986837117e-10
2.222332319248070812e-10
1.295627469945248969e-10
1.017715455634628781e-10
1.448808100248565808e-10
9.319288940327552941e-11
9.807074029868846109e-11
1.442688273369029196e-10
9.693976713064593156e-11
1.034074512280285727e-10
2.025694966807167026e-10
1.519786881072830444e-10
1.005388454023423251e-10
9.644140836344716399e-11
2.129805864799260166e-10
1.000855406989701356e-10
9.330870346271230392e-11
1.292005351283793704e-10
1.530790615701030341e-10
9.242468589638983131e-11
1.800118711027490490e-10
1.448929522229529644e-10
1.076807929123714155e-10
1.309896805217982492e-10
1.154112718517233544e-10
1.115771234512460016e-10
1.415608861784642248e-10
1.349296965558037453e-10
1.879677068548592184e-10
1.151080632041003702e-10
1.005623370140907872e-10
1.258573863083981828e-10
1.414111146507122428e-10
9.797280829413264743e-11
1.284053629564932896e-10
1.352138508438790145e-10
9.576523165390634874e-11
1.035601708172237718e-10
1.425578394251333498e-10
1.092021158581990659e-10
9.833362474587560467e-11
1.325500752916859805e-10
9.245823737455423784e-11
1.167250895178756246e-10
9.827403008284107877e-11
1.969684123671858426e-10
9.346758220448094877e-11
9.654085445669935264e-11
9.499451884303391378e-11
2.061825640278597655e-10
1.292683588513167658e-10
1.084768375064550944e-10
1.361295203888768445e-10
1.089501107140115463e-10
1.550308824150867392e-10
1.461314844754983329e-10
1.240153451306209660e-10
1.408258875646686451e-10
1.003667282569120583e-10
2.077806316502208959e-10
1.134496404500366261e-10
1.177175031431101249e-10
1.237623119093172342e-10
1.074599144628935264e-10
9.623520514580202111e-11
1.218851186981344573e-10
1.014065056954763150e-10
9.343499037938194740e-11
1.272468663606014397e-10
1.241801944578749456e-10
1.816661813832519745e-10
1.286958963248936564e-10
1.515348782969369575e-10
9.188282035875964059e-11
1.004490511359675427e-10
1.242988275467663603e-10
9.304875028402411505e-11
1.076744106070369367e-10
2.485409579518556578e-10
1.859372293531958105e-10
1.097915050116630004e-10
1.139630970160447941e-10
1.083701194940516836e-10
9.512817162947514959e-11
9.958852689836507891e-11
1.801023174034893100e-10
1.353403481858223654e-10
1.448663694950118692e-10
1.598381541806676920e-10
1.029365969076570482e-10
1.553141810463079822e-10
1.082781300862689598e-10
2.203832473684578969e-10
1.044374268717688179e-10
1.000999037327883035e-10
9.217864027207023902e-11
1.054350446342982190e-10
1.230633359331699323e-10
1.104308670194789304e-10
1.066593811821435242e-10
1.389788060331129092e-10
9.671206009478260175e-11
9.749701980720930999e-11
1.157719684283959119e-10
1.011609578510134755e-10
9.948658359797397863e-11
1.076763962486122968e-10
1.259912017386674123e-10
1.019874029521132816e-10
1.323004855024998534e-10
9.218318985838860967e-11
9.534404141628662133e-11
2.158767818544396823e-10
1.129055717856857531e-10
1.115068506789416675e-10
9.844504954475191403e-11
1.572408723886976796e-10
1.011425319738791876e-10
1.040799955843098716e-10
9.737721289921745573e-11
9.758640406313226063e-11
1.170593046828238629e-10
1.036489219041035397e-10
9.278864474861987322e-11
1.006652820657549942e-10
1.248449136126402486e-10
1.347789743484797031e-10
1.182582166283609199e-10
1.891205212902037541e-10
9.649933842124036532e-11
1.266067335929562123e-10
1.392682870618388343e-10
3.337051645073455972e-10
1.599813426900851831e-10
1.209907121075333095e-10
1.427122105589127440e-10
1.220851440108372584e-10
1.292157709764180006e-10
9.475876253454114695e-11
9.614378310131589560e-11
9.629496409226463728e-11
1.200772034787316405e-10
9.771725831449980104e-11
1.000937051709767462e-10
1.017857002048961443e-10
9.469069710244438651e-11
1.152624941738236207e-10
9.831442888562338297e-11
9.770459672076219786e-11
1.180294962647480456e-10
1.476425096971955521e-10
1.090763873212896433e-10
1.069312318606827642e-10
2.163524579319827138e-10
9.791425456297562334e-11
1.057269439888516730e-10
1.217378091200472033e-10
1.101678381556450426e-10
1.158059079924082673e-10
1.063031873023470721e-10
9.589951361465070316e-11
9.584048124247420768e-11
1.027979859001227462e-10
1.931304049509246707e-10
9.843246990362011441e-11
1.532022409647098831e-10
1.527910962871437903e-10
1.332216522269338509e-10
9.317856475229124048e-11
9.465291739077445609e-11
1.930427696872482798e-10
1.110005943063192481e-10
9.654023027110725720e-11
1.015945415878298139e-10
9.220609729008550681e-11
1.001552223622195736e-10
9.678728793203603068e-11
1.219941318359397544e-10
1.110029421005308108e-10
1.170421654751504508e-10
9.472259322765658467e-11
1.556833355455769945e-10
1.050076812469065564e-10
1.119650581655525926e-10
1.234342132414358255e-10
1.042287880926149896e-10
9.280156825354863487e-11
9.614472275561124216e-11
1.149313483807038930e-10
1.011960038535889836e-10
9.375133704551087200e-11
9.311303307058309068e-11
1.328654680564675849e-10
1.096673449099199860e-10
9.410505712989896510e-11
1.036260436902422761e-10
1.367274710662092130e-10
1.066799733182328517e-10
1.247692557402986168e-10
1.050772511996293103e-10
1.251834491876627450e-10
1.773787277902619465e-10
9.581692221431444984e-11
1.221552693145358647e-10
9.210175504329099725e-11
1.727861531443133944e-10
9.561064277572088165e-11
1.912200612030611204e-10
1.154679875309006578e-10
1.468481609360418073e-10
1.565641529700391692e-10
9.217197802330198286e-11
9.720393041518780347e-11
1.085307959175035259e-10
1.528274311091727971e-10
9.696464176877931313e-11
1.579160674942065213e-10
1.109961748111008090e-10
1.048768384871059841e-10
1.407456843363083161e-10
1.447566021735447052e-10
1.416020741581615886e-10
1.804384293115680633e-10
1.627819352131359495e-10
1.113847782471919138e-10
1.068906998045939693e-10
1.038164142235444048e-10
1.441681107890089795e-10
1.039122897730791517e-10
9.781448857366246182e-11
1.418363894503125253e-10
1.288236123863190324e-10
1.389839110865944722e-10
1.013917067728516751e-10
9.874837603755400087e-11
9.224361572872286392e-11
1.176600312186105582e-10
9.649574795475163472e-11
9.288827655234600430e-11
1.375144801269749640e-10
9.359063505750082201e-11
9.403673755425944179e-11
1.594054987145110854e-10
9.893990910906246045e-11
1.264866703952060341e-10
9.293103947567837444e-11
1.235302075444200956e-10
9.803133142083388393e-11
1.002398111801038912e-10
3.102062698449050693e-10
1.129739947161618886e-10
9.952320862168696312e-11
9.453870433716796082e-11
1.753099279112832997e-10
1.216725713262843356e-10
1.180728115623954583e-10
1.316617958037322360e-10
1.053993564728124919e-10
9.677327420169591623e-11
9.237441978091391766e-11
1.291803391607752008e-10
9.958943805099522013e-11
1.607323742007750206e-10
1.000616487108358721e-10
1.185247644186538975e-10
1.194876389704202085e-10
9.846713721874419583e-11
1.231283068654754658e-10
1.071798388136311569e-10
9.571367389432165335e-11
1.673345211048670608e-10
9.200333153872303177e-11
9.724518311984431009e-11
9.639594864648453113e-11
9.390940040967700981e-11
1.532560916891887091e-10
2.341979487442618640e-10
1.040688907451079602e-10
1.205517401714496571e-10
1.223644196762254785e-10
9.286309485004063308e-11
1.049840472757138116e-10
1.595596839539385910e-10
1.525987507856455320e-10
1.543339987991698142e-10
1.448463475858042568e-10
1.555238397167488173e-10
1.082888562984306936e-10
1.222075862667789820e-10
1.007176222782760040e-10
9.569181738922655756e-11
1.693871366592650651e-10
9.671844788313446154e-11
1.062163797859722512e-10
1.832628883337870572e-10
1.179133530971256087e-10
1.018775889919045632e-10
9.472068924516953576e-11
1.855288020332566135e-10
1.071013484079635264e-10
9.370714000943634284e-11
1.219052232161029617e-10
1.566871787678518748e-10
1.201326312647651884e-10
1.014721064449539711e-10
1.009636632992579134e-10
9.537890047984410912e-11
1.082911143299023419e-10
9.978319601556976225e-11
9.245321343534483461e-11
9.244121984045121855e-11
1.142814841464695001e-10
1.133506916234238809e-10
9.442596143189007975e-11
9.830705680378211687e-11
1.195109441582150797e-10
1.217869720831736410e-10
9.236549909914895036e-11
1.373449230362232917e-10
1.429532340724745415e-10
1.099865647977337777e-10
1.317738006374251964e-10
9.497030139314473638e-11
1.068807074430787890e-10
1.637525980965396455e-10
1.531917188698824800e-10
1.046320314962749776e-10
1.019713390801615968e-10
1.193809021803629031e-10
9.246650204517300715e-11
1.017482984147003671e-10
1.002384522108177510e-10
9.781726533841126850e-11
1.433141041309705676e-10
1.028081769397633824e-10
1.319562542889885993e-10
1.101946661270335920e-10
1.160776430767515601e-10
1.196334899072092471e-10
1.050850752972957201e-10
1.205589350696709746e-10
9.315119770250710632e-11
1.620823617075137733e-10
1.709486562325717954e-10
9.327574143895832362e-11
1.329103021761468347e-10
1.263276641278395879e-10
1.663178942694680300e-10
1.224044880186378183e-10
1.269984932126894646e-10
9.576507450252702967e-11
1.327478925995921600e-10
9.658079499244594526e-11
1.184357994924993479e-10
1.010176679531405431e-10
1.366268584982857749e-10
1.707021286230659412e-10
9.637657179491601810e-11
1.232567726857828696e-10
1.124475779382678673e-10
2.044344162526297238e-10
1.164507036462960079e-10
1.405868424627134370e-10
9.411447161185412650e-11
1.090034431166069679e-10
9.273273244354953392e-11
9.746452679558436235e-11
9.289812161924169294e-11
1.036896811050471260e-10
2.474863900337054774e-10
1.224543038432107883e-10
1.401722159089151930e-10
9.246504362085556264e-11
1.388437461355599223e-10
1.144309739188924394e-10
1.076589498730849623e-10
1.015924523151229734e-10
9.552988028486964263e-11
1.088623432274641620e-10
9.940097788702983344e-11
1.788233299193353944e-10
9.239517772239417388e-11
1.186130193577972414e-10
9.419565727182231759e-11
1.169258244970297952e-10
1.125525424396486238e-10
1.017474042007815484e-10
9.231536706494660778e-11
1.982956319122856790e-10
1.164209025967836838e-10
1.287529152912970849e-10
1.707059193409862607e-10
2.748760621136110857e-10
9.247201146651472669e-11
1.008871134098421772e-10
1.184425848010724909e-10
1.092136031184498944e-10
1.074471265635947893e-10
9.366709071298152907e-11
1.000277679677100032e-10
1.367302329688237707e-10
1.234676865600443493e-10
9.574071330997575151e-11
1.019424780439530768e-10
9.679491688327810521e-11
1.059893825432041114e-10
9.595223905802861559e-11
1.990251168420941440e-10
1.096204389901776244e-10
1.176167142233254851e-10
1.355577886357546927e-10
1.378589880066449100e-10
1.017569421280908420e-10
9.610399702950848891e-11
1.030112227044957910e-10
1.038222714398977862e-10
1.386898193379507594e-10
1.589474034829725467e-10
1.317665501931767744e-10
9.870920397909523971e-11
9.484469550576208055e-11
3.147418143621989356e-10
1.054061481520478040e-10
1.247602788318371576e-10
1.063439152303871030e-10
9.538725868858087875e-11
9.263052738490433674e-11
1.234303116988066396e-10
1.221386304470377697e-10
9.711936101208661695e-11
9.954918852062974369e-11
9.452900893904820009e-11
9.300248775019560740e-11
1.221983179441984479e-10
1.604990761733225122e-10
9.259039463609592785e-11
9.247930290610015492e-11
1.260081362279882406e-10
9.478175866177427004e-11
1.002683458121735280e-10
9.672997612781317983e-11
1.032454115528846386e-10
9.645530810701648019e-11
1.071744272970447646e-10
9.717414450511309775e-11
1.312543320034488057e-10
1.291874745786965624e-10
1.011608080589749572e-10
9.525439768451774731e-11
1.226421262085282535e-10
1.034086267472597303e-10
1.025321156962568755e-10
1.115706616237165118e-10
9.777514366045516573e-11
2.072630021810656788e-10
1.175077036585747747e-10
9.357572224195186780e-11
9.448831056323107420e-11
1.107488519794224365e-10
1.007110058647146556e-10
1.143509354063893386e-10
1.092844645430888834e-10
1.358681044225421414e-10
1.523772018973745402e-10
1.522156220358660973e-10
1.063020398390488109e-10
9.496127782430173456e-11
1.902603245737681228e-10
1.279486029547031595e-10
1.319722797019024429e-10
1.158740270457591931e-10
1.055453654609181750e-10
1.008895157471737500e-10
1.162393030585046452e-10
9.299716707398098051e-11
1.006299239085983135e-10
1.117032697264036794e-10
1.094945717552556784e-10
1.241105702432793801e-10
2.232064065981720188e-10
1.117432312591904186e-10
1.389378462200586560e-10
1.280079855876645201e-10
9.859666166082962084e-11
1.015793188828593871e-10
9.936187887266941181e-11
1.397376588598325387e-10
1.244321089755402948e-10
1.204583008491993246e-10
3.482216733751313097e-10
1.057322761643913433e-10
9.411016339187250708e-11
1.021782152057296927e-10
1.195414938255352056e-10
2.419090258653526140e-10
1.040428779838905193e-10
1.039220925268555084e-10
2.592029412594074125e-10
1.201489975168751562e-10
1.365300987864913245e-10
9.566303561538850962e-11
1.454916290292312542e-10
9.837845350480125629e-11
1.216718066394550232e-10
1.598381541806676920e-10
9.338905594547298873e-11
3.753100888620614424e-10
9.257097009882580194e-11
1.576323934420821364e-10
1.126959963928071718e-10
1.202805010662114609e-10
1.238213139715777004e-10
1.742050176315080380e-10
1.083022627564627744e-10
9.321557957017656836e-11
1.192733036968973841e-10
1.233278260936543721e-10
9.345987666082617650e-11
1.033466021397401318e-10
9.349294236050384215e-11
9.740787345077712467e-11
1.022985755306295351e-10
1.182055498162910972e-10
1.623134690302067349e-10
1.129734507404648260e-10
9.756754345594664753e-11
1.353418576302237652e-10
1.234537193362254273e-10
9.903166268700292428e-11
9.465609266423835432e-11
2.078396718843822979e-10
1.182073797768362717e-10
1.014695667877458055e-10
9.733972741640777468e-11
1.298486049949510563e-10
9.710787322515991459e-11
1.754302532336087226e-10
1.004662319806441280e-10
2.572461332966672159e-10
1.039203368692409776e-10
1.494603194153387109e-10
3.086756452234668755e-10
9.316906757315799355e-11
1.089107985323572965e-10
1.729943020764183091e-10
1.114347498804149628e-10
1.048138321804979181e-10
1.305483907158941552e-10
1.188509041250487321e-10
1.382860596700405182e-10
1.194438662567811337e-10
9.400926978711158784e-11
1.837254914930781593e-10
9.480253027641706954e-11
1.007975906563422850e-10
1.986378439031604353e-10
1.035685353292921863e-10
9.590689042561873649e-11
9.346164256367819343e-11
2.590009994391788790e-10
1.022416016320863305e-10
1.499803041639007748e-10
1.359142686192145665e-10
1.045953763209980728e-10
1.043714192731616460e-10
1.118568678924259144e-10
1.525648776931033259e-10
9.385727164690039242e-11
1.174114907365421214e-10
2.571249730614157125e-10
1.527233137262947020e-10
1.032629202001189716e-10
1.217483818967677071e-10
9.365603446852200177e-11
1.219795084207862626e-10
9.595145463903799584e-11
1.113612310927591262e-10
1.058986083656590172e-10
9.741576949798100918e-11
1.636379698442996327e-10
9.780430651275344696e-11
1.406605017437847095e-10
1.321727502525200869e-10
9.554877744743695428e-11
1.357874287573294414e-10
1.268616759299438250e-10
1.047731653571057243e-10
9.444282469872344498e-11
1.073449175994004714e-10
1.718660206539405579e-10
9.822992810980853986e-11
2.419215989497950244e-10
1.403949002295953825e-10
1.040035557618440134e-10
1.365804443599148725e-10
1.083406395344290746e-10
1.165260374305879022e-10
1.172079281918068935e-10
2.262217158419955561e-10
9.822639305548599430e-11
1.774959933015662842e-10
9.932855040876362751e-11
1.675487774417118791e-10
1.588061253441645184e-10
1.049994171359362563e-10
1.017423368586796440e-10
9.514698054064883230e-11
1.000300370811549399e-10
9.531516777623066380e-11
1.309109230093205288e-10
9.738387222183764247e-11
1.011392359788740762e-10
9.593890317197890183e-11
1.288062747321117884e-10
1.224360527752977134e-10
1.070808271918343374e-10
1.426931438776238817e-10
1.153957875705287132e-10
1.967324979366931629e-10
1.106915490793557823e-10
9.606999514713346013e-11
1.027994629171638232e-10
1.061226153475334671e-10
1.573865335160217043e-10
1.049789718894658937e-10
1.440566687454905627e-10
1.313718845687936195e-10
1.280999993387223264e-10
1.098823848349732929e-10
1.031143820562013548e-10
1.047964052327250440e-10
9.971025303076034734e-11
1.389844783046309817e-10
1.579964993632023139e-10
1.099414493222244854e-10
1.009986191959335199e-10
9.795170166367655264e-11
1.007159682105412226e-10
1.508173375099266135e-10
1.651200680178022270e-10
9.946788661059584258e-11
1.463185604628563185e-10
1.070672870053749188e-10
1.308645334840538165e-10
1.134081724666657078e-10
1.069861570312718556e-10
9.996527400856485152e-11
9.820318189029929014e-11
1.094021512963795624e-10
9.540618056715553568e-11
1.093492689408865719e-10
1.047055988508158620e-10
1.229594462458802235e-10
1.238731401656124002e-10
1.016909057452528954e-10
1.186530215002751681e-10
9.790207770317663193e-11
1.338000005609941170e-10
9.752223404315900153e-11
1.058336868219944030e-10
1.584418268990446216e-10
1.211782158864083202e-10
1.199092366066685311e-10
1.688925552832968545e-10
1.468307543654083612e-10
2.020483832485631922e-10
1.245740051172075582e-10
1.038355955301090711e-10
1.027442098340527308e-10
1.038209535914275180e-10
9.769903751875063297e-11
1.364431942955936040e-10
1.068184508942689244e-10
1.026441267044218374e-10
1.556924775568723438e-10
1.246788374366537531e-10
1.106741039136046894e-10
1.331032917485730228e-10
9.881261326088664724e-11
1.102535842015213160e-10
2.457852041527550131e-10
2.362132344460270537e-10
9.414749556728991285e-11
1.026019686721750810e-10
1.335634975259197512e-10
1.396933927102298669e-10
9.710554447475064584e-11
9.403833430152215822e-11
9.233743458383395703e-11
1.063817627578148180e-10
1.356504039572279562e-10
1.477659900290537328e-10
1.102241286088749957e-10
1.584607419527648753e-10
9.753785472621693287e-11
1.171531358875619386e-10
1.299778555272855924e-10
9.820564157888049617e-11
1.114516779701576237e-10
1.263628084857493126e-10
1.083136923791647914e-10
9.707448979847833116e-11
1.274381615541203498e-10
1.505286583235306650e-10
1.381604428208141661e-10
1.383784417228456751e-10
1.248584953740712479e-10
1.030264075371130891e-10
1.253125535336021142e-10
1.285138943543938137e-10
1.645456011459907899e-10
1.192495687466832320e-10
1.427169768809727738e-10
1.011673987250837469e-10
1.094063473507212626e-10
1.069135364194394116e-10
1.179940223242805522e-10
1.621543411089252842e-10
9.237977182816972553e-11
1.123766886552885440e-10
1.073808923519379176e-10
1.189164542230963980e-10
9.358470225091973453e-11
9.267387954853692456e-11
1.851363586735960215e-10
9.563755034391531914e-11
9.484041632446206057e-11
1.052790658452037476e-10
1.005028457297759688e-10
1.112169612984857347e-10
1.186505461402164104e-10
1.223429860085307323e-10
1.024404444991244473e-10
9.474829371447274264e-11
1.995415596730017897e-10
1.909495953805737048e-10
1.135688209375478635e-10
1.485761603071950777e-10
1.088154148887327191e-10
9.494354511723919853e-11
9.330902499324601682e-11
9.971101151399194394e-11
9.892631531111813804e-11
9.293410483510025934e-11
1.077597642833738192e-10
9.903181529319696019e-11
1.494828863084422434e-10
1.170430884115043534e-10
1.466916531645578932e-10
9.272723657901787902e-11
1.066148960143894689e-10
1.088512450092475228e-10
1.236486321750092836e-10
1.180499124578824900e-10
9.705305700258703718e-11
1.018382807894094356e-10
1.033663006858379711e-10
9.306744301950950593e-11
1.574279404016421405e-10
1.052991708422382723e-10
9.419932433324538017e-11
1.094945717552556784e-10
1.137192654027457018e-10
9.661697862334905227e-11
9.988926676850226151e-11
9.587800816190491087e-11
1.749865427006356423e-10
1.524249246088914757e-10
1.203407368621798195e-10
1.261029078885120101e-10
1.877384937488037165e-10
1.188689855845259661e-10
1.069971391048358514e-10
2.476636787269965983e-10
1.031370649967455201e-10
1.329115998088476360e-10
1.101462882358161177e-10
1.134266043191929011e-10
2.452218307640932442e-10
9.282288859457499018e-11
1.056802413686729715e-10
9.373564598282578982e-11
9.414239107713195676e-11
9.948688758862570780e-11
9.661853799605601016e-11
9.501034432280094773e-11
1.063956658974549571e-10
1.152869458445757660e-10
1.635140215124281020e-10
1.430230599805385565e-10
9.871195870900950647e-11
9.811875114183610619e-11
1.350125659155538315e-10
1.238556995698971511e-10
1.036141628743321466e-10
9.859313811472945431e-11
1.223027731640530491e-10
2.198521799002217396e-10
1.162170168286342629e-10
1.115553994117923004e-10
1.170072210566776499e-10
1.527090018699704268e-10
1.420218392852056193e-10
1.082781300862689598e-10
9.325081216514304663e-11
9.631529350714657922e-11
1.013395217510738672e-10
1.354817076127855212e-10
9.596369093636772459e-11
1.341380982397215578e-10
1.111013722564785158e-10
9.380703777121973658e-11
3.424258015607527940e-10
