Format: x y z  (R = removed from domain due to fracture isolation)
214.2877184 -339.9109186 414.5502348 R
243.4448325 -207.8043035 -201.2715077
203.2587297 255.7984393 479.5251002
-284.5040809 -91.67553293 -427.540492
501.3850665 -519.8119274 -327.8935587 R
-259.592468 301.9756455 -3.671371799
-175.4445901 -136.8195171 504.4582138
-488.9071941 -400.2764827 -497.0658109 R
156.7399747 217.3992104 -506.4450097
34.83221722 -29.23121683 438.5220083
-367.0944565 -56.57485055 195.6979407 R
430.7119008 -272.3440137 501.9742592 R
-86.6818105 129.0202163 -319.5859352
-172.1165526 364.2357513 -181.5274001 R
490.7627806 -368.202876 -213.2954076 R
28.86376819 238.5338577 -486.5967164
-278.759087 335.302823 227.9752083
138.0450943 382.5902631 -333.3932283
263.9426461 296.056796 18.36571736
257.6216498 120.186948 -2.475742871
227.1553795 -246.5951394 -330.2318231
-534.8163698 312.0464283 -19.80973047
-468.2923333 341.2832267 362.387653 R
-256.6423858 -438.3491687 47.67979298
-529.1275852 220.9004408 299.6985582
-508.9532253 155.8774907 7.124237484
309.0775183 352.2801405 477.6893863 R
-138.7144224 107.1608862 182.2773222
-241.5124566 253.2517397 384.7066218 R
484.3910112 320.6008417 508.1622748 R
-140.2172028 306.1201092 -469.6224186 R
-140.1378859 172.2636964 77.11327026 R
-503.6689168 -351.5393052 -463.4255308 R
28.69442274 393.4604648 189.1493904
-330.5026095 -508.7880855 -129.2833284
456.651871 -94.66377429 102.7334759
-410.0772788 -79.17700051 -359.3536283
-354.8811994 459.1471925 326.9986876
-346.8096122 -518.8515491 -370.9774043 R
-297.2209182 208.1423834 360.3521214
-438.6639747 384.1664569 225.9304287 R
465.6019785 87.28625968 74.03115794 R
-328.5990399 -193.3557469 -164.9173902 R
-192.5073757 286.6538322 318.487292
-210.9817059 253.2014493 -87.72355849
373.7874061 146.8773033 -61.78085863
-22.23343026 -333.1078772 -101.5475474
135.6316314 -149.3106696 -398.4529563
309.9833272 201.1293531 -29.95904906
-365.3188038 -109.2349856 268.7775349
-130.4154447 449.5107876 151.4317118
-377.6191699 220.8062319 -451.7083884
-34.14913015 257.9101887 245.3475454
403.8188006 -342.6676666 -353.6110003 R
-25.37341631 -125.8050105 105.4714594
487.2331458 -149.5590177 70.11606774
-399.8200966 92.45111426 -225.3399515
254.1916578 -266.9727832 43.51370756
-92.94400253 -493.844519 -45.77466508 R
9.127770899 341.5819475 430.541872
-398.2400731 -297.2470836 -406.2811537
-487.1202178 -248.2838509 -474.1667387
-502.0614369 122.1725732 267.701032
94.79788774 309.763943 382.8893516 R
-152.256643 76.05703468 -352.4599441
-412.5571857 4.770535971 -9.692939453
-415.4058448 -197.4429567 -17.07083239
-116.2559866 -36.70740819 519.1262796
455.856886 -321.5489221 -94.51370747
-26.65925197 113.4586546 -432.246791
-214.0120964 -486.754874 270.7580683
-431.4954596 533.660329 424.5274034 R
-188.3492642 -229.7230089 8.661690427
-23.42468268 -134.7153318 407.4967592
-472.9401529 312.9168353 -218.6979132
355.584543 385.0712827 380.8942378
-103.0242532 -140.2504267 -299.0935131
-307.9291318 -320.2835157 108.1693446
-251.4386734 259.1031731 -224.2794569 R
-16.83307948 -402.2798263 421.8737602
-468.006734 259.4075939 -364.8763549
-316.2659937 187.225454 -438.9308919
371.2078672 446.7441461 -238.9291831 R
245.7275002 -248.7862614 -453.7405759
-295.6776951 331.5599355 286.7790207
-161.1045929 -241.1237166 171.253899
224.4851206 -254.4866196 -434.3408861
79.77205994 356.1563929 -254.5815978
-136.6963571 346.0384885 -330.3231856
200.5731796 -385.2995382 415.8717138 R
-452.9678368 -8.670455932 247.554767
68.19556962 -221.7195682 -222.013388
-332.2106227 406.5316634 -303.7477364
-371.2793113 145.9582052 470.9315124
258.7139772 94.15456682 -185.9075471
296.0887293 266.8555446 87.49270763
93.76511156 -346.6002688 -109.2659922
250.8945734 -193.9304343 130.1004714
214.9366616 71.80920508 116.3284507
-529.7177522 -161.425959 -28.70166192
-257.9903403 115.6536088 -32.91914429
-231.9369202 -473.437147 386.6914168
497.1632 160.6567643 -410.1144629
-39.15827317 -317.1844809 -58.09953813
49.39709925 468.690428 115.2750522
451.4168713 -67.78941833 -199.9904869 R
-452.3623652 -366.6249701 278.4947723
-401.0486008 -484.367486 235.6617066
370.8360043 -365.9516952 204.6206452
271.6763995 -361.2422761 -42.67563368
130.8930647 124.623301 -299.7090325
238.439831 75.6539502 -465.018044
-95.78615817 396.1267263 82.68883537
280.2030036 -2.442873552 515.7270681
325.7870976 -290.1395669 -387.2951505
56.55551741 408.4977912 -524.5577519
143.5793104 151.9579526 48.96365162 R
-461.1199568 120.260835 202.6519255
-296.701156 403.4303915 -500.2295245 R
-547.5559038 -496.625595 124.7106075
261.9241478 430.7865044 451.9730921 R
-409.3091465 -206.4620989 -416.9345482 R
81.84373846 429.748305 -177.2871751
221.868568 378.9797121 86.32435455
-335.5776617 -229.6850184 -112.3163454
-312.7517801 114.1736368 -500.1350208 R
-251.57836 423.8650687 325.6009411 R
374.606122 -188.2944009 449.7859424
167.3550666 65.26513394 410.9758415
-512.2470787 -173.182487 -338.5325839 R
70.54803862 168.8202285 -544.7598071
288.4658751 -409.9628754 342.1764425 R
414.4444402 33.33350785 -505.8915912 R
-542.6089755 238.9429297 -364.2889411
337.4589283 -474.3298452 -242.1367518
267.4556728 -168.5799237 -402.4416029
409.4428269 320.5853022 438.6238734
-390.7783215 -48.96565553 -33.48173292
-208.9439416 387.4413356 -35.92503366
65.82911342 -81.88738915 439.2337814
-414.4810818 124.5384348 -119.6046301
-481.7224715 -292.0409653 -275.3511963
-435.6381622 478.9485747 -133.437335
-38.774075 -152.3945631 263.7732519
21.77568295 157.2322602 -196.2120832
-348.5460538 -82.37705612 -10.523335
-371.7297452 -460.2709026 308.5251317
-2.17708241 -95.43304774 38.40233341
123.3431058 304.6914976 131.2724511
-149.5507609 111.1415247 261.2767447 R
-112.5496955 517.1548169 -100.1244925
497.5264023 231.1819295 237.5921963
-246.0829542 285.1873014 54.67609815
343.0245094 -219.5251417 -475.2589998 R
232.0796111 -497.286385 -166.7693949
-314.4034446 518.0342929 -496.6365049 R
424.7885283 240.9463352 -383.6894483
192.383836 211.2331701 -5.835301832 R
-273.2189897 195.852988 339.5189572
17.53532885 -182.0392404 -544.4859391 R
239.1257922 121.7786204 -306.8715978
162.9230569 -410.7966439 -269.5181552
231.314026 369.0859434 263.5854295
450.3161272 55.41095003 -196.5988169 R
192.4008251 -536.4144131 -315.8288353 R
-37.3430433 135.967414 -183.2905484
-406.9949683 218.4703826 501.3504642
412.5908268 311.9735021 438.5823233
-489.6021078 -438.5454605 -10.34795479
362.1038534 -150.9261229 -71.74688317
-312.6062792 -493.4310863 -240.7052409
27.8993541 -149.7675403 -200.4154596
124.0754553 -248.800004 -247.8136045
-25.96682243 -141.2929144 -112.640744
-465.5907944 -346.0710555 -332.7554719
-178.5778567 49.32363418 110.3147472
-99.36311587 476.5836631 -357.5545699
-70.52580178 -527.6829209 192.2735931 R
20.93050374 -402.8564997 -412.3956301
-450.8743555 95.58039552 -246.5861579
149.3206275 -119.8040915 -149.2123085
189.0896051 275.4463983 377.3481526
-411.8462243 -311.5055579 -416.8679262
-427.2591514 -414.0245494 12.77461149
-357.1480072 -52.10256184 291.3229189
236.1197986 -3.445637586 186.5219156 R
151.7354906 32.03620247 381.4315332
159.7517063 -507.6764566 191.1325696
-180.2982826 214.1916586 -226.407071
-129.6823679 -417.9153882 177.5068653
433.4057772 -337.2748611 411.0608172
148.0992253 -409.5738323 -31.83976174
-379.8663728 -220.370101 53.51810174
456.4128382 -147.0341194 -510.9264013 R
-51.34033343 -401.0930567 450.6553098
366.1092737 -400.409815 -244.9956764
493.4562095 -334.7653096 47.67618494 R
25.64917456 266.0526584 -66.09293546
-446.8451088 -243.455983 507.1661573
-271.3124598 169.0331705 -394.6531036
-230.5022545 112.7111783 542.9945962 R
-86.90640844 62.59484882 -461.0863981 R
-69.5557263 -390.3533918 48.45356225
-65.69502433 -470.9702908 478.1747627
-72.45719228 341.1754292 247.2386247
125.8111126 -108.0538096 -430.3345611
-338.9764434 -516.7588146 -417.3906351
266.8196133 518.7630513 -195.9285982 R
160.9042243 -305.8984193 -133.3864539
-195.9879678 191.8503964 178.9576884
-455.5194116 -476.2369353 -131.461052 R
236.8344626 467.1834775 -279.2551342
-369.1496289 -102.3913052 367.489379
393.0050247 123.892547 500.1411324 R
464.9777394 433.7228344 308.097275
-9.506262859 325.7925709 -63.29692621
-225.4238375 77.61486086 208.6860411
-189.2139116 -1.547002244 -97.84199675
-292.6221348 27.17576553 230.2397295
-423.2397558 367.5732354 137.2907908 R
-512.144044 78.79057921 -67.04307705 R
-325.7598154 484.8790183 81.4744973
-201.1669877 -388.644173 45.472186
-217.2841388 -419.7524742 13.48640187
103.7045417 -301.2816652 -287.8700268
-104.0152092 203.1428002 -78.17503876
477.5833315 370.8445055 414.3228482
-326.032487 391.3385028 524.8327323 R
-366.3065923 -523.563056 294.7606686
-95.1154723 -238.8897468 -299.9265686 R
130.3190903 144.5064363 476.4932769
-176.1119692 224.0692699 405.0043969
498.6716385 -33.57176928 -113.4217559 R
-405.8858283 422.6804799 -173.2876527
378.9526855 254.5196357 357.0048809
32.4124504 -299.0412577 -289.1747609
188.7476644 -436.6106457 -42.82152663
-204.8791578 -430.3267472 -466.3986247 R
-117.2695344 538.4908327 -420.7391481
536.1783386 143.6703598 398.8341188 R
285.6393525 -492.2723993 492.3451933
229.0576677 78.96331856 496.3548527
-434.4036233 -242.1018714 -147.8925777
-409.7042317 -526.8252445 222.7541875
-158.6526449 462.9564648 188.583424
-463.0841231 159.4373043 -317.5939805
160.2650165 54.58164437 -475.9964148
-318.8015407 327.8769394 384.5124111
-273.9775242 238.5199878 -294.2461214
-327.45901 172.6828732 -183.0371923
34.16826677 -73.55938341 -525.3399823 R
209.2106969 -211.8100437 -334.169878
-273.47287 120.5126332 171.4496414
264.3600194 107.8389834 -232.7822715
335.2729848 106.8570603 458.3147226
259.0624201 -267.8719468 325.5956414
-431.3693049 -28.71335084 285.9151019
16.8799489 207.587282 246.4036678 R
-482.2177352 306.9543413 -67.73053625
-31.04805871 457.5830253 -81.14518521 R
374.0156174 511.3264561 133.1662101 R
14.56518204 305.5490702 144.7145748
343.0194427 -393.2244901 85.85823826
6.489938561 -109.6710749 335.4421202
-309.7366209 149.487286 149.7832957
-4.302734163 -126.0615342 -350.3415933
-184.3918805 -275.4614901 -148.2814255
434.3765002 173.6513389 -322.945611
508.4442199 284.1684813 349.2696092
474.2479775 -106.7913895 -415.769719 R
84.23452248 -449.2713984 78.72082383
6.97976593 502.1075755 415.324472 R
36.50020576 -380.0542245 -163.073016
278.6887677 398.8850989 146.6540001 R
432.2212952 -445.5724556 348.8259454
-413.2537894 59.72728438 515.3570161
275.5806911 161.8159119 -69.86051897
-534.0484153 -189.1151528 89.63611347 R
119.1148007 -241.198935 -315.2455744
-277.1739441 282.1820267 287.6440686
356.8222842 -500.5019959 -144.1297135
136.7986438 250.151844 -205.9381852
-374.2887487 -122.2420898 -220.2768397
-328.4024735 -136.4138531 -253.4116636
463.4496967 -289.6482294 543.7348381 R
-389.6688737 -81.18500447 -498.4842426
56.71051782 269.1698801 -329.0891091
211.0438757 -340.7740307 273.6832622
255.5231082 -276.4986011 167.0828973
-407.8238157 26.39765046 510.620726 R
291.1710514 293.1650014 357.6117906
-396.4696685 325.6993015 -23.76263876 R
-372.3652911 455.9488968 108.9572803 R
-133.7938988 246.5837221 51.07843214
417.2756252 -481.5014318 473.4546087 R
-176.3593036 -24.90507884 -257.4725417 R
-55.41949973 -490.9654078 -144.2413868
108.987472 355.6974595 37.01778308 R
-441.236224 200.1650971 441.3529017 R
-451.6766408 335.9934506 -129.5991789
339.2868863 360.0965012 97.12242947
37.74376361 -180.0885356 -92.33813076 R
51.42040914 127.288468 293.6774762 R
-95.27039859 -198.6316415 -524.8825072 R
-47.15055788 519.608377 -259.8798812 R
377.0847204 303.9242042 -293.7532293
389.2427557 466.8157285 -286.3554392
459.6744012 -119.5923046 408.2560176
110.5791161 119.6440858 32.98364538 R
352.6250788 -412.0283422 483.8549523
-450.8775201 -269.9884909 -205.3825085
172.5405367 520.8696055 120.9707517 R
-339.2962656 127.5204761 -247.8924324
33.82956958 -446.5196433 297.5379207
449.6474728 15.4797873 477.9303097
34.89531154 534.738549 -266.7475151
420.0588962 -502.9404896 141.9171492
331.2626737 155.1802839 354.9732029
71.00841985 317.8718226 -285.5457744
-392.8554013 149.6130314 -13.57322183
158.5839714 71.5986735 521.2981591
496.8019289 428.4154371 -126.7366076
-437.7608403 -401.0841758 -128.8670683
283.276547 149.7333106 -207.5707437
420.3126575 -274.1460371 362.3501984
244.5342198 -362.4206236 208.7001386
65.14075981 480.5098029 349.7210234
347.9001 355.2458691 84.70538117
153.471251 -514.5409654 -187.4596823
101.2698446 198.0829579 -348.4212068
-393.7796415 161.808035 61.34505833
-531.6330571 111.3553625 219.582543
-178.9571445 -33.9317036 63.05582062
-134.222881 -145.8191888 152.2331849
412.5047616 266.0647824 -74.64520333 R
-378.9145999 -369.9224081 -318.9803215
-401.4199374 114.5706967 98.03400468
-123.7666336 66.54892601 128.5397901
-416.8170291 442.623051 209.6246057
-461.1170583 -350.7054811 235.8131919
-302.8785137 -310.7174449 -439.6394307 R
-357.2610883 -162.1373788 35.62814813
-3.240488509 -247.2128118 -371.6059529
206.2578977 291.6420489 102.9322427
-124.7252353 129.6049765 7.545211397
-338.4788798 -468.7272709 486.2588442
-39.73371639 260.3500529 364.7514858 R
298.931818 538.8520961 -210.8365509 R
-438.0957582 321.3029425 -335.2798266
258.3026198 -162.7327893 -159.1098452
115.7735374 88.72508119 146.6812988
52.18729348 -410.7396637 70.96682323
-290.0931116 111.6727012 347.9272058
-164.8469774 -126.9831341 18.31146932
-462.4069933 101.2120803 -298.0991559
494.531075 -149.649888 -283.0952441
-168.995252 529.8394664 -97.50308113
3.161447259 329.0018975 28.14832271
185.2580642 -354.7416235 -347.8406402
-287.0998339 342.4350411 88.8009711
120.5495708 380.9343823 -316.8856232
71.8254192 524.8147195 -441.9408845 R
-427.2377951 255.7140139 -31.76516003
171.663609 -229.8896863 366.8326761
288.1828884 -444.0226086 -232.8459901
-74.75630177 193.021511 47.32759713
42.29869351 118.1686615 -17.43684356
-1.704257018 -13.39243193 -101.3887051
-155.7202339 -208.3498587 12.53793794
60.66516956 339.2686388 -435.8760329
-468.0363624 219.5546892 173.5828658
110.3738382 -508.1219199 -411.1783831 R
80.86432469 -8.043657302 352.2894842
-542.857596 295.820229 -243.601384
-391.931338 -84.70963728 -456.0275156
-274.4678743 363.8077358 456.6940391 R
92.94432596 423.2366859 410.8707521
376.7706395 525.780318 -302.4591731
293.3853385 75.77496831 372.0572608
-205.67766 527.9248156 298.7315829 R
347.5901254 505.7520906 -83.58181284 R
-379.3867763 219.4796131 -13.16078633
355.2641171 -90.91585936 -336.8900017
-388.3073934 461.3961873 139.690551 R
-434.7885731 312.2203314 -53.91718714
162.0877449 -313.4012515 -434.0242688 R
83.4307724 264.9455867 45.29569747
-89.50028018 349.7988022 247.8328994
-368.1003766 -494.1562927 350.1994439
-414.3469843 527.8649439 -351.5469645
-441.2542966 -280.6211906 456.4116448
-249.190344 129.0737103 187.3853134
99.08583161 -275.8015225 30.97075326
114.157241 -176.4082447 97.34730732
380.7249723 -440.2947927 -496.7925797
97.51832771 417.6237189 -188.5162874
-4.530565909 -473.0462311 -33.04382433
-48.83359313 353.3117441 323.8579179
57.34901028 -256.9655527 220.1186064 R
190.8214993 362.0846307 -1.383744219 R
-25.11056441 -74.86526616 276.5847411
82.23677314 -149.3143705 445.6329323
-9.4648298 -80.811104 -149.2402888
-412.9689144 296.5841863 313.1357666
401.7068181 -500.7921766 -73.02575195
-520.5880623 149.7683845 -292.9520763 R
-208.2532904 -476.4189197 433.8883599 R
-318.4214735 -462.0812674 424.4255975
237.7234849 -307.4701253 420.448044 R
-482.030669 205.2585465 365.2045331
133.5315107 -416.6584792 376.4203591
-333.0509021 91.44820943 -404.7691957
99.10388978 -54.18054521 -213.7241256
228.0734763 -319.2390545 232.8888623
95.50600281 -497.8732141 297.3166485
-431.7160656 -420.9012177 -499.870413 R
-32.25482567 317.0218011 381.0866326
-312.5443914 -508.5349308 355.038625
-265.3906112 -336.1243661 252.1789093
-435.8824501 -459.6638118 -384.677302
-334.1199585 -93.86573435 -290.9040253 R
216.7705377 123.6746402 -115.1088542
43.63357076 -75.06193984 -479.2290698
-419.0231564 465.1796542 -347.2769037
-236.2048687 25.72562303 3.324519808
-264.4408716 259.3531466 417.5120316
-436.8945456 194.5628278 -235.8012712
-26.31275765 -222.6142922 -0.8546670734
212.9899818 184.0313939 -56.92425649
259.5790961 -23.09390283 -284.8218135
-372.848982 361.8319458 -169.9319464
68.2655614 222.445852 322.6673518
-79.84636753 101.4078842 342.5122286
-350.6499365 -378.704717 141.0625567
281.8513156 478.4837345 -313.1463139
147.2645144 -313.2967742 76.15031343
-9.792757941 445.9281703 325.0009978
-305.8812773 14.70290211 457.5521181 R
261.6963058 188.3360949 -360.7303952
-77.40012823 219.6586392 176.0294294
73.0240655 8.051336076 123.1320636 R
224.0730145 -330.6269425 -340.2656996
-89.55115288 -54.17502763 290.6699287
-148.33103 -186.3450102 408.6551725
189.4878529 -70.14562108 -445.2592797
70.80429126 419.7865898 27.99531586
-213.1440397 -203.3876557 -285.7616385
-241.1296737 -271.0141282 -54.54010664
-450.5633749 434.7400307 -467.4793202 R
-259.1357454 -234.7329181 153.8154097 R
-538.8660132 257.5984711 -341.3973379
-360.1322304 259.4191 42.85908431
-30.70065043 -495.6924635 -198.2524883
351.2303018 426.7891527 419.5132631
-420.5203854 394.4099096 60.29598096 R
283.8175746 -150.31821 -322.1786287
-303.7477172 255.2014319 -243.4801308
416.6956532 -89.2652183 -383.3173709 R
-465.6703394 -466.5539966 -228.2846684
132.4113038 245.7081188 -379.9325067
-110.6113502 24.29644661 -338.6795234
402.8716233 359.4529625 -429.8179886
398.9731935 74.33009622 27.3148433
510.7721899 -237.2235434 430.5552099 R
449.7898412 106.5963349 -492.6973488 R
-162.7736725 -466.984707 -505.4240318 R
503.9125156 -507.4254025 -24.64991295
93.50110082 264.4392366 -79.43350093
-383.213103 -57.0310494 -500.5303468
-285.2010469 165.0525403 -326.7602276
-502.6965429 -209.3654855 -348.5508835 R
-189.9253348 468.5595296 9.796496541 R
250.209749 -115.4542603 -386.9283922
-264.0838985 -298.9358804 357.0946833
-16.49393388 -285.296249 -49.49524049
-19.8520607 -449.991377 48.37610458
-150.4167591 -294.9478108 268.9041399
380.786625 443.5255562 -455.0138272
230.6325427 -183.3881458 226.1225786
1.577995307 -465.811023 -369.566693
-93.01670366 376.8593203 44.62015449
-242.7007077 -206.3535664 -132.0600547
77.25389629 136.6437885 -380.8695757
464.9519511 -341.9623661 -113.8251039
351.9858907 -203.6228461 -196.8115159 R
331.2998213 289.5590239 330.9658244
-23.70844104 -214.4157844 373.3727077 R
327.3925769 -355.6317384 -192.5986267
-416.3351718 384.4928503 -128.0660625
117.1085677 -450.5223207 -265.400163
-168.0151286 17.50562886 126.512887
-442.441328 309.0610206 -347.1830578
104.1303496 -529.7920219 398.7041858
-156.8794125 -289.4858842 210.3186334
-269.5994569 -410.2663998 -240.5085135
-432.4160221 -430.6203471 -448.6931962 R
-282.9770108 -127.7002729 425.6283425 R
-485.6057476 -445.6993902 241.3284208
242.3419642 231.1475167 -84.47518352
378.4096638 157.2014379 -52.53799475
119.6285901 -176.2147602 -26.92388655
-17.49342934 22.32554255 -78.97548772
107.0702041 -111.2620642 396.6730567 R
-267.8275284 175.631056 85.28156837
-66.45968637 483.4706457 492.6863809 R
328.3025871 -234.0532109 -404.2013853
-67.29122698 271.6239074 93.41626417
-378.6282233 -510.6608124 351.3087869
-528.8369755 260.8152932 -331.3554991
-328.5519423 -438.4818805 154.6853294 R
-292.4234677 540.5035093 293.7163943 R
487.494665 -403.6684754 -409.0760018 R
83.57208776 -382.3832128 -327.5547076
-200.5736876 -261.3424396 -246.2326365 R
192.6454363 36.51277002 211.5538937
-175.5892188 137.8486511 -41.78449446
-407.9650629 -95.92611946 -341.5330602
14.91636774 261.5324976 -450.607005
-280.3444551 508.9517079 488.5695539
26.50975379 280.7302597 265.2001514
342.2464876 -257.3349364 319.2657871
-193.9158575 306.7686137 217.7784198
74.10544515 -236.1787109 144.9430926
347.0806187 427.9107758 112.9373139
169.5423509 479.7562074 286.8980196
9.463527312 55.53299185 204.6428877 R
444.2200037 524.6144706 -506.0001058 R
236.3296331 243.9311401 -419.2375416
-209.7988579 502.177487 193.5081376
-237.5434865 -94.8935087 -135.9011213 R
347.8703194 101.8359219 324.5379125
-280.2003857 -259.6235628 -26.46931595
185.7286502 -285.5338024 255.6008643
-520.5471427 334.4130963 56.3258905 R
478.207137 -489.2416855 -455.0928934 R
-395.3753146 -415.3777561 -82.03671261
41.70600585 368.4684183 -137.0510206 R
-515.8080799 196.0878603 -172.7953452
-497.2404361 363.3841371 -333.3179333 R
-516.204222 486.4395539 -332.487165
-325.8547634 359.7501557 414.9162763 R
-510.4849392 397.5262013 -37.22742597
-425.8014879 -240.1362224 -511.9566633
-178.3023378 -41.59500646 239.7728533
48.841071 161.4852037 -171.8813303
-357.79126 -343.5232246 -390.7787189
-132.9503375 -366.7121528 -472.1778037 R
148.6000448 -362.3830278 -370.2491538
236.2964828 -517.3634717 487.2236682
477.1238872 -456.7135896 347.0628029
456.7827394 421.1646777 -153.9770902
500.0590026 125.7947352 -104.1248716 R
298.11817 364.2962415 -306.4335075
119.6998454 -327.7406495 366.2539451 R
282.5676002 -335.9358946 50.23793069
-275.2236362 413.9583333 -21.22896417 R
135.2286096 219.4494704 -43.96222405
70.99417241 -364.1127709 -0.8850348952
420.238314 -141.4925182 -274.6238722
-411.1828591 41.73092079 163.1921898 R
390.5558566 324.000612 -72.13014509 R
-410.4684404 -175.4803608 -480.7934397 R
410.2848036 -239.0527351 -487.3444404
256.05385 73.80515792 160.9390038
97.29461929 283.6969474 1.054994377
-303.273534 88.61122885 9.146583711
-55.13833906 466.9457119 375.4475239 R
167.3260497 -218.4245236 -213.7250627
71.76758032 -23.08575858 447.9056118
-353.9466129 -5.931263313 -504.549005 R
-111.8825641 -516.2594315 226.1527264
-337.7426563 -102.7966234 304.0973758
-427.1497812 -58.9927776 314.7978704
5.524246331 267.5683956 -87.92898682
407.0053738 -310.3330224 -101.7102201
-464.5948585 173.6991827 167.77283
14.91114712 85.40371601 -128.2359563 R
-448.5168737 26.35483789 -35.47507674 R
-217.6101756 182.9914928 208.9619812
-239.3492967 56.16036662 -137.4492141 R
-394.793321 -211.8214413 432.5650636
-201.2067753 178.8195358 217.9044283
-132.0429365 -195.7767937 11.34571147
-408.6315478 -143.8749724 415.4417348 R
-316.1930978 104.2496745 -278.5179832
-422.7225188 -240.2417449 403.2448817
159.1592272 337.4780208 279.1465259
-3.646212815 434.8869426 -145.1767
21.61024949 -352.1378745 409.8606206
-130.3832003 326.7910492 -496.0066625 R
325.4006448 -421.2307249 -371.5936042
-70.36522501 114.2569734 216.6042805
-6.640602543 203.4454279 113.3343701
-320.1776832 96.11609983 -101.9056238
-3.466506656 -40.15042887 -522.613124 R
246.7507046 386.77893 198.1222632
435.5119537 -204.1089776 -346.2129417 R
68.9752788 -307.7364258 -462.3707688
221.4741735 95.79994527 -485.9604333
236.7896206 -36.60649985 390.6869022
68.06959765 -458.13714 85.27168319
-468.7509313 -158.0090322 454.8900859
-70.02084158 349.1449584 183.7230328
469.4013346 -450.724592 304.5874896
-494.8068684 -259.9001353 -334.5070057
-409.6563848 -350.391297 -404.7854696
-530.7734819 -374.2184277 198.4901046 R
-399.6412176 532.3103068 250.5281895 R
-368.4239728 -414.3192039 402.0573064
153.9058047 -253.2640774 -521.2588609 R
-251.5928774 347.6257236 -11.90055201
524.9148674 -177.4528168 59.23549825
-340.5687198 -193.2802671 35.24330207
-461.7653038 -258.7960629 -275.5918155
497.0889238 -363.9297735 -521.8389597 R
400.7666299 -282.6055625 -289.9846798
276.0782314 446.6261148 71.53589352
228.2058065 47.32524399 438.6820728
-2.368815688 512.1191219 -486.57834 R
-288.1848057 186.9292782 527.904744
-406.6456857 402.8653505 -316.2297277
52.78887223 -92.37680274 -90.26153276
141.7154705 289.980163 205.133089
94.84596435 -266.2701476 33.24687415
-431.2524497 24.70081077 337.3556861
48.7050468 -271.9898529 -454.4925772
-430.304616 456.6410353 71.90344889 R
-188.8050843 475.2048288 121.19383 R
-346.4219983 230.361434 -118.5585067
-335.9396086 73.64752304 -475.0022532
73.96583861 118.5905157 -146.135402
162.7142741 441.9687154 285.5845388
88.06720188 33.10741033 -184.8044504
10.79409872 -200.5307559 -24.84077747
509.9795793 10.49717394 -398.6073089
30.6788199 231.1233259 442.7692662 R
-0.04736120152 -192.7115954 366.9948565 R
231.9357933 62.71249568 -239.6265198 R
-114.9853403 124.3519581 295.1317772
256.3298382 -493.7465813 244.4140606 R
484.5048252 -446.9969913 302.7508945
460.9982304 -530.745583 110.7221123
-114.8007526 -25.78390333 19.01964517
-195.5197224 194.5448734 -513.5863386 R
-27.65039456 516.2003685 -44.08646773
130.7297815 83.44148215 -441.2463343
103.5413312 360.0673504 -297.9938186
-231.7065887 -152.1876557 447.6423983
148.1968953 -107.0942533 152.0108904
-77.2254618 340.0108703 508.2756669 R
103.007197 141.2638813 194.0219368
-171.842664 -364.7099769 -9.193693322
-201.3018599 196.1419151 290.2824366
-458.8776777 132.9075843 383.3005145
-242.2913151 -246.7896543 -409.516599 R
-350.6497979 234.3660486 396.3100479
29.19265807 437.4580545 294.4287235
160.8675404 -315.407782 268.6356618
507.8430956 203.3344839 -174.6152775 R
489.2429613 328.6860036 393.1482589
292.0792843 514.8642395 -381.2750286
341.0975449 -185.2875841 -508.5056521 R
447.931127 60.54288066 478.5025292
37.6349119 -457.9153313 -195.7719899
39.06704954 -29.6490455 421.5697267
-175.9118242 -83.56340109 -281.2311548
-348.8779832 -118.5342631 -246.2552981
-511.7857531 135.2308152 -61.41378133 R
-473.9030989 137.9974185 -191.4347662
0.1376974762 -496.7352206 487.6554285
18.85085246 -337.919382 194.324539
98.52081016 486.8621599 179.3184615
-235.8350631 -256.6899885 -130.4457173
474.0471325 25.9455605 401.597049
437.4342665 184.2917598 -411.3612015
-63.19417362 338.9433929 263.3221827
-12.64737379 34.8486338 335.3694018
229.3942889 80.58741624 502.8099813
511.7590957 -60.07989141 -25.77678535 R
-445.3897159 -440.4951158 -274.204987 R
471.6045568 -51.94309412 -273.0632389 R
11.54079184 141.3916315 -158.1917834
-365.2599384 188.4481282 -371.9262327
-481.3703319 -394.6289349 -495.6661147 R
112.0697928 -279.838077 488.8948918 R
-521.5134358 -260.2835654 180.3995505 R
-388.7575771 -426.866521 16.40169944
368.1014539 259.4951327 -401.0631442
-19.58378464 -146.5544774 -339.4877153
-190.7813294 321.4808325 244.6569768
131.6238886 231.913308 -205.1484822
150.7646278 48.47640873 8.256067351
-303.9198704 211.942085 331.9420014
-132.4410934 -412.0134817 490.8344406
-529.1580205 -88.25668942 313.2273283 R
224.1973921 -388.1596992 -18.70987821
-126.89092 -152.1576421 95.39305764
54.82888018 164.3374215 41.08262701
-380.0959245 160.32731 518.7953013 R
-184.6297621 -395.7612837 -247.857061 R
-196.8785115 0.7759956257 -11.68115457
-267.5240475 -261.3584536 -289.0287145
-213.3154743 322.0849201 180.6621714
-373.4106 -453.4389442 -153.6115917
477.6764464 -450.5076633 66.52930426
-202.2429078 -324.7376655 388.6143943
-99.81920349 38.4720311 -78.30080465
-453.4845423 163.9720632 -153.9615886
39.23302292 -419.806414 273.056842
-69.37609149 -105.1635595 -274.706702
157.6207646 80.72886748 -41.20679878
-22.66020096 -94.70419658 -360.6189643
-253.7958229 -188.5406012 200.0236755 R
-291.9860892 442.1959481 -244.8915285 R
-473.2574426 484.3055979 238.1276673
-383.8662886 -154.0350579 -487.1401115 R
-515.0042599 -124.9246865 -39.53627627 R
-434.3132805 -40.84005341 355.1945183
-462.8522079 399.9645003 -220.6112345
292.4684308 334.1149796 146.4333458 R
107.0309823 -451.4875939 484.1480864 R
180.0482566 282.5358084 179.6556224
212.4940633 163.3938041 209.0681945
-407.8730608 218.4114325 -469.5517455
-191.0037634 442.5512268 -74.70178282 R
-164.9671504 163.3943811 396.0767872
394.3142234 -271.1048963 -522.3049417
-16.27585624 -391.7126477 67.7794833
453.1146024 497.7939453 427.0792793
220.5781816 470.641396 -503.2549824
-81.94449365 -200.8471476 -454.7882254
-279.7098437 -262.2610659 -415.7865665 R
-63.72126419 158.4460517 -314.9811267
-491.2495995 193.2816479 -413.6948579 R
93.06131554 432.6778623 -188.3171777
-226.5892777 343.4824584 254.5403676
-287.1002231 199.3506174 219.7577861
-10.86040637 -132.3628268 -127.9897043
435.5421857 254.0249341 160.3093897 R
117.346124 -337.6445298 487.7326368 R
-273.0344805 -387.813502 455.7116217
403.8518449 -359.6768833 5.844060471
70.48039759 -452.6135225 -420.7418433 R
85.34039915 -348.4650042 27.54214713
205.514035 244.7501902 54.00239149
-463.1479548 241.785916 -108.5317029
-523.6156492 445.6729479 441.2431607 R
-410.5370152 -21.81151151 -350.8457641
50.54590055 217.2334036 86.45774274
97.24142719 422.992288 -211.4925721
-489.0398382 -142.4871624 222.2514873 R
-114.8814258 335.1499552 -215.3068848 R
180.3037214 205.4870473 -131.8854786
36.83661016 281.9902161 -209.5888358
139.1030484 367.0278905 395.5764961
-483.360423 271.6937713 -367.5172619
-301.0435539 244.1227526 -69.70779549
425.8826111 -87.53485987 -508.4673762
0.8794697822 307.5463645 77.77988519
-131.0146163 -252.2170824 -436.5185347 R
-287.6776321 542.6301456 -120.7097969 R
-44.72132764 -439.2463377 -175.4582883
169.6026089 -245.2299145 203.6543925
-99.55024143 -266.8967414 -266.8508531 R
-319.351615 -349.2069115 -425.9287217 R
111.4928612 261.524144 70.96048598
73.82675804 -516.6025641 488.0938008 R
396.4374715 58.30043599 -259.43358
-135.366763 384.3616309 -450.0920697 R
329.6271407 -28.64103664 -274.3872755 R
413.9584879 182.6604164 270.7157715
325.5819546 -165.4962796 307.0742587
-441.6640973 117.1875334 -12.42207935
48.34219844 -340.8312916 105.7020522
-421.7059311 445.2317217 -219.9415233
127.2997138 508.4446719 -358.3690831
297.3232714 -322.5259127 -176.3218764
309.855241 -355.3075427 270.1493373
-483.7317668 440.7868933 -413.7528435 R
218.7188539 -7.573673245 159.0231629
-150.1410688 -255.0577164 120.5874443
-366.3555726 -20.32833034 -220.2237506 R
-384.5021077 -499.2749474 -485.4261668 R
-376.469212 364.6044859 138.0296783 R
160.3609198 379.187882 397.2283445
-8.721189443 372.4201299 313.2031564
361.0280151 -458.8849748 236.1162111 R
316.4319943 -215.3912424 -121.7090254
34.38273611 496.0851749 507.2811739 R
133.0341282 66.50840159 220.5434505
22.45828383 173.9408762 169.3598621
-336.732879 -184.197716 -97.66854514
-164.2463845 31.10584603 -469.1444162 R
-126.1032498 -459.8391622 435.0959776
-324.2260347 -477.0352646 -197.6930127
191.989059 -321.9213769 209.6002541
-113.3454705 -400.5927431 21.89029327
-151.7250574 205.7802863 145.3183558
0.3291286139 224.7226243 -461.2942062
438.7241365 -475.3934898 -160.9289029
-326.8927144 -332.616945 267.9752182
427.4764268 -217.8547105 238.4285319
-14.04114463 87.22177929 59.27248189
520.475719 -497.2071673 -296.9436181 R
437.576626 68.3986536 139.2317788 R
-253.4753157 191.2524772 -158.4017953
-189.0044809 -114.0456067 318.0937275
-328.9010076 117.9972756 -458.7809549 R
402.8518596 361.7558504 142.3729388 R
52.22857396 -195.755662 233.9307433
-183.7181649 257.2972494 446.6188508
400.709637 66.98483416 -381.2222793
-36.83259847 490.1997976 -205.7070621
476.0159873 460.5358926 -463.6631869 R
-418.0568645 -213.8467148 -405.0880557 R
-61.37975988 -369.5305881 128.328158
524.1762679 -211.1499755 434.9320204 R
488.4793402 -101.5128585 -205.2725851 R
-246.781588 75.92340554 -532.2304256
-125.4553192 -105.6680756 114.4877336
-132.0597284 158.8425129 3.534696254
-42.26546394 36.5667226 159.3521523
-411.633928 373.6894164 -448.4584005 R
-36.18149649 519.5774488 -339.2618558 R
368.949035 -478.9023479 78.63506671
317.4167343 -478.2650939 -490.4237811
-314.3818995 294.2488149 74.39001965
-221.1394959 179.5026888 -486.952107 R
439.8026781 307.9407611 251.3361396
296.3831967 -300.3425492 291.0748418
-161.0788789 -338.0304745 -76.16079695
441.8887528 -41.49496785 31.14685291
-263.937136 118.5730294 -349.0870949 R
-480.0684465 -66.35912304 245.8143485 R
-127.6621506 -382.649739 -251.2003457 R
-530.6143493 90.96086911 528.2533817
-341.5077673 236.700222 -185.2044027 R
-277.0100902 -403.6929004 531.7302446 R
34.42930443 -342.4168921 -345.3140462
-105.1437841 88.00821876 -254.5894091
239.51687 -178.3524831 -49.2640428
-96.78420734 154.1843402 -212.0067142
-325.412945 -321.1391355 139.2185138
-28.82649331 -37.27922619 -115.0234285
-456.1757467 342.8818812 33.59966092 R
471.1160655 -516.970808 137.6978011
66.0223887 -321.7502496 -504.5874216
5.971610273 17.35132251 -385.0463656
-395.2442654 157.7915091 -434.8566263 R
-127.1938233 507.3283133 209.352346
-469.3224029 -166.7886337 -313.3028374
209.3700396 -36.94734884 201.713724 R
536.6102057 -251.5348218 141.742793
-203.2345564 -235.2740361 -147.9353687
-313.7115097 503.1829938 175.0683838
486.4093969 -104.7587559 -466.2326986 R
51.13654488 436.3211836 17.77005263
135.9837954 -6.221865322 -76.48420594
119.9700788 309.3950993 65.8986194
-267.8118195 -261.8738281 328.659589
-138.7715798 445.8835067 266.2039971
-88.47890232 256.7817183 -254.7131819 R
-360.1568189 285.208102 -52.44985799 R
201.0357805 386.1481133 -61.68507488
206.0129142 236.4328394 151.7712161
447.8083632 -470.8299178 366.4409545
218.628115 24.35311169 134.9699672
-78.65352088 -90.23436523 397.8924937
13.81031524 -210.2816557 -403.6044634 R
-443.7963198 -339.7984942 155.630009 R
166.2675213 -50.86061795 29.29217842 R
-85.04852979 -347.5145986 176.3296744
-34.77521558 311.299323 118.3700875
-307.4952928 85.76342435 261.2683793
-134.2004435 -74.99105853 200.9923134
216.5722881 310.4681474 -393.5033938
-472.7231176 -16.83687954 -287.7036632
321.8277478 390.2931023 -121.0275113
-28.66786148 -234.2245044 -454.9520995
140.7843874 -76.46464356 107.74144
380.8890883 -404.9740053 -315.4839586
43.93518511 -308.86036 -519.1626533 R
-149.8130553 482.2239883 -192.606988 R
32.08807158 -78.5397071 -76.72405447
-414.3493836 299.0042914 -46.13095465
-219.6908185 298.5242464 -188.0851907
-231.6111049 256.6086774 457.6184503
-505.8662785 514.8681966 -265.6366696 R
-160.5450911 424.6751752 -541.1298895 R
-247.1454489 -18.74983594 158.9494731
378.7321824 324.7172275 470.6360284 R
-161.8350996 -3.19840715 -85.88875337
163.4430821 -496.9173824 -175.1222873
174.2044563 -452.5356988 156.6044078 R
73.94291753 -405.2875927 -64.92132134
100.8987825 84.89514916 -422.0145596
-244.3687686 388.0641092 518.1912903 R
65.83337085 336.9507776 -326.8179279
261.8284365 -27.83628729 480.0421555
-7.761533323 511.4143984 190.9615119
234.7108276 245.5120892 -135.0620165
525.3597972 -529.8964436 -183.0584357
429.1028654 -106.9241813 10.19329355
-355.7346286 -372.8077522 -177.5870016
310.676631 -278.8398824 402.871622 R
210.4232493 -499.9536934 -254.5913772 R
527.5150278 -215.9667041 -273.653211 R
-193.8116862 90.38075074 -510.8604151 R
52.79571546 -124.1182296 476.3660232
-361.6958906 205.8208898 453.3755835
-327.1865688 313.2775656 348.436692
504.3393111 -175.1960387 -15.31202722
-68.83606227 441.8435545 -418.1401033
214.3374404 216.2793929 341.2921567
-448.1085109 -103.4300923 -79.44297762
-546.3137928 396.5321101 526.7424384 R
-401.9271186 72.58662013 -91.69912426
-3.093490802 132.8639408 -445.6706913
319.0263141 447.8408 -68.54711073 R
42.76142683 2.020341171 391.5698506
354.3235953 176.2179811 208.3448381
4.276073416 -181.1578021 -287.401444
269.8432458 427.813894 -414.5052921
-412.2814343 -109.7831899 267.6684708
-135.0957624 -217.5973416 -376.5296914
214.5669653 454.2502767 300.6510218
350.5839294 508.2358133 503.5159756 R
398.5163547 -266.5539424 -135.2489153
-467.2340807 130.8741945 333.8368625
-307.2246183 449.7156271 90.5061483 R
-26.76971873 30.50022779 334.0000395
-495.9430239 228.2353595 -120.9870782
-287.669717 473.1532518 478.4101378
464.1899682 329.9164016 143.4297146 R
-361.8172848 -520.947445 -5.495131212 R
-40.85473933 -80.79940716 11.63794273
-467.1965171 90.55288952 -14.71312815
-491.9891217 -257.5297772 138.4626468 R
-401.1560176 297.5263432 -250.9944804
465.3322235 487.7876248 -22.59600458 R
-93.89018074 -55.25186074 124.9458813 R
57.18915175 465.2606556 515.556947 R
-78.9656545 92.96378489 -471.7120595 R
98.28686515 210.2784547 230.4811456
472.7070658 279.5736094 425.5328343
-198.5967654 -454.074291 486.2041955 R
334.1827216 494.0800283 0.7357911133
335.7563702 -153.5907079 -393.9835572
245.4492491 -275.5216782 -44.35458605
243.8848973 526.2860868 -189.0678534 R
12.37265609 -130.7534338 -343.7353581
209.9816451 133.9782103 -323.2902593
339.2088838 -353.2300321 460.1460011
406.8623489 439.3864308 -313.2644794
-433.4891973 -280.1913971 118.5069127 R
367.2098851 110.0048917 -384.6600857
9.053065257 -454.8666477 257.6311948
170.351304 -273.418793 -129.4889865
-98.20410323 108.8052848 188.1396761
43.09960289 -354.332405 -421.684846 R
277.5699797 446.1703847 -352.0926843
-495.1890749 -237.4840511 366.2248421
461.7699039 -248.4940339 -74.68949415
-83.0786011 -103.3171824 187.4279187 R
-288.023008 -178.921897 485.8211077
55.4472078 -241.3564887 -370.5232956
-152.1966984 465.9322154 -407.9445035
504.6047834 -303.4523547 -521.8217012 R
50.92250868 -321.731398 295.6444734
101.6660112 -389.1380741 -52.65910295
337.4274156 -18.51907177 384.7142971
-230.5503781 505.7506459 -171.2467987 R
-419.4436215 146.5859166 -174.5879038
-322.0311876 -394.9841421 34.8065996 R
68.20689011 192.9837691 174.654013
-468.8170894 -405.5669838 424.2312269
177.2412646 109.7276419 -52.75227759
17.03986345 -266.9384649 338.3930229
-459.9335454 226.8081739 461.4793096
-511.6322366 195.379051 -164.3711893
-290.6017088 -309.191656 123.1282143
297.0402334 -252.9615289 -231.2392406
15.80190599 99.74035032 519.0590738 R
32.72162541 -458.9592583 -7.230460709
172.8519526 -433.6448972 -254.8987098
-102.7534728 269.8022382 -7.944759388
371.8394211 69.55575971 75.4201016
486.0398028 102.3202515 133.5316536
-55.72821022 -377.5038746 8.983081965
48.96197655 136.431377 -21.21795092
-114.0047715 83.93694352 -323.5953654
373.3655976 455.4288163 -103.2623197 R
-442.1271623 -97.54670233 -367.7073345
107.1307327 -515.7898565 298.2020443
-279.673694 29.56665476 -127.095781 R
-204.584889 -270.9713606 -69.25261297
80.92466064 98.33840099 24.22831064 R
-26.75703429 -246.0552808 80.63480139
-487.0593797 -311.9769471 282.7593033
-340.760136 452.9073245 432.8942111
62.49216282 383.7827179 107.7046535
-142.7579367 117.2859494 -488.4650731 R
249.513738 -108.3393528 244.8555266
-128.4041229 -212.9085239 198.9291892
326.9871031 57.2142734 275.9343286
-130.7858896 13.4151614 -27.99433368
-285.0995418 -495.0360698 78.61085918
111.3892486 410.133615 -199.5598071
535.0345764 -212.2781696 456.200476 R
-478.5751899 -163.5381778 -527.021005
-128.1204108 202.742244 -521.1683678 R
-124.5528566 -58.38192844 -400.100252
-252.9445481 -472.272903 -65.0070314
96.75539486 391.9456102 -518.1551713
103.5465836 398.6778458 305.9151837
217.093983 -198.5037386 -98.65076781
324.2227527 413.647182 -220.5722511
137.9282633 65.06240283 -444.5938667
323.9308492 -346.2256416 270.3488458
-440.666773 -267.876691 -22.85361132
-331.0560835 -231.7972172 -394.3949817 R
369.4880032 -438.7821617 -292.5700965
399.5913578 480.0556172 319.3610862
317.9347781 131.418731 -413.2474244
44.04742118 -97.46538677 275.126522
303.6384495 353.4303615 -524.9313058 R
-319.1379494 -361.1942531 -255.9247254
143.6211992 510.0122633 -301.1906167
-223.0066853 -523.4413502 292.8563337 R
517.8424586 -303.7542682 -524.378898 R
129.9763329 380.7380025 131.9436375
256.6704509 258.1233445 -310.3216286
302.0841319 106.1314868 -224.7622323
-299.3562228 129.3490572 -329.8756829
236.128233 -326.9913579 -329.9444928
497.3460955 -416.7662002 213.0537419
415.0843521 19.68590856 -451.0095566
175.4160568 -225.3768081 -168.3694946
-285.0707329 402.8117364 274.4232881
-104.9792811 141.3706348 269.5717732
210.0730888 -325.3948644 -138.3308596
247.5717128 319.4438536 -442.1724879
-188.1893924 475.4166967 -124.6197076
-30.64345433 388.9184213 84.97908853
120.9384679 -238.9872267 -154.1049407
-27.60309762 412.7364527 -179.1072964
363.9392784 -390.6574682 -273.0481469
-167.4024834 446.3087871 -135.1096089
-194.0012816 -357.0811501 -490.6519172 R
18.65627185 -217.1746231 -454.9567262
-400.2961972 -448.0491994 -136.8642999
500.2178523 346.5501999 -548.9903832 R
-162.5060316 406.0782555 23.9052917
211.5203115 -449.9066127 288.2467539 R
443.2386992 375.9539712 -410.3192223
-484.4684653 285.6871802 -184.5706649
-227.7359043 216.549601 87.95836259
249.3848194 -346.8019444 -341.2299975
274.2560019 -362.423183 -405.1522784
-460.0158236 -78.04633663 426.4563281
129.6742067 548.902686 392.6734021
-174.418097 -161.6557694 -151.8240369
-396.0018553 164.1765765 397.6140528
212.2393177 146.7673718 -63.68086656
-175.4269454 397.9446416 -237.7846237
-163.8090166 233.6505498 15.39684384
73.01838025 -8.891950435 -315.03106
-129.6348767 -99.55715906 -151.5362892 R
-483.7085449 -440.1584068 225.0147612
-140.9944821 -288.9487145 361.5328731
-295.3180985 36.27319709 -470.322285
-65.61795497 374.8019114 -517.3518134 R
-487.0547933 91.91261288 473.334785
265.1463189 154.3109994 316.3804416 R
214.5657988 456.0734187 100.2640341
5.266535208 161.9119492 -304.9037321
120.0596199 -282.8402273 -144.8249059
226.7930461 117.5154904 371.2388671
-74.8894777 504.6539766 -109.4087356
-280.1041619 156.4707819 124.8536868
-54.70862914 139.393511 -68.60162141
-78.04544822 -149.8625552 -326.2685083
58.93942477 -138.1983644 -499.0122636
152.6918701 -479.9549475 463.3452884
273.6326498 47.43101027 -423.088146
38.84003486 -396.4917725 118.1747571
-350.3350011 -146.6705084 113.1591995 R
439.9326071 -279.1965992 -379.3458859 R
404.1177749 -358.7456402 32.10547566
-522.9817947 252.60278 -432.5652866 R
-295.1340855 -191.3446073 97.67713883
505.5267397 351.3895203 -305.6969498
282.7495421 265.8499279 94.96106252
261.3055921 -291.3730843 453.2995642 R
238.6563216 501.2261435 -154.7524638 R
111.7592409 -171.118267 -120.0697943
9.746042529 -333.8370898 -93.20536931
-148.4037885 222.2276516 96.8215539
122.8643617 367.092895 -250.7831451
79.22070529 378.3446868 204.7938146
451.2778477 403.4717752 -371.7359154 R
-230.5680702 -331.1677698 -458.7514524 R
-212.3416085 -339.4567403 217.8329041
-26.34887023 -420.4787611 -277.2056003
-492.2810294 -132.5277368 110.2859742 R
275.1138131 23.5946319 -160.0763264 R
-488.761387 386.6051192 -463.0102489 R
-450.4947652 150.0470671 -289.958087
53.29349468 245.6307394 28.16585745
-505.8825289 78.98157986 278.8806035
346.6253623 -125.3161522 527.990165
-481.9372368 100.926465 -352.9062051
475.4387986 -192.5744549 396.2892318
-424.7004519 395.7703498 -108.6433239
522.7376045 7.003185637 442.0088184
484.9467232 -258.7746229 246.2142529
-347.6935092 -470.9742737 -327.5375679 R
-238.1886333 433.6794346 -417.8791133
94.19706611 227.0156651 -98.81737249
-112.8124666 -316.1479937 156.3554009
147.6697679 490.1452383 113.961544 R
159.3573941 215.7242634 67.11533703
98.87453372 12.34174565 8.722691879 R
181.4159553 201.3696376 -289.3679173
-166.7923456 114.8476865 488.8483943
-484.7163622 383.8151717 -536.040895 R
93.6725319 139.2026095 -111.7006637
214.9153807 -51.19222459 -458.0880136
311.8522581 321.5363128 -204.0191683
193.5478874 -463.6890262 278.9166549 R
-50.16495723 -223.7201878 -361.3256335
-58.24425948 152.048078 345.6382648
356.1929192 -292.7928477 -291.1555903
-20.25740822 -63.552594 43.65451626
-79.53383994 451.4844929 428.3702448
-326.3840946 143.3495235 -383.7204072
-471.7112218 296.6183237 -112.1324499
289.0395705 -469.0871191 -461.0540427
411.1172661 -55.68749807 507.9792072
-348.8866024 -219.2543275 -276.6016047
169.591647 -532.4527158 362.2971182
-250.0548222 -38.76026105 -128.5724764 R
-172.3716528 321.855992 32.82066801 R
-271.3624572 -78.06796062 -427.8405851
-473.3193519 29.97092397 480.3749813
-59.8240291 377.8719729 395.1502904
497.4345373 -305.9044399 176.3667349 R
-395.3848339 133.8292174 -110.8328264
-89.78925727 202.2332494 -269.7280587
-412.3673954 -476.7875264 -175.0107711 R
49.91601421 130.9057996 -326.9838801
387.8633815 91.48157679 25.97830082
97.76512093 -118.3492931 -482.1828358
25.6353385 -463.9469912 -49.14243126
-221.6609815 -216.066119 36.83931736
-75.01168134 376.0517905 -224.3059901
-372.6773028 358.5628555 513.6579642 R
120.8736212 65.15253591 246.5523457
-541.8243958 480.6147536 -260.7792998
454.8743108 495.7658162 533.9727761 R
534.7148572 -4.849630616 439.2101676
-190.2944662 196.1914237 -238.5821475
508.4799279 88.37998251 -133.7066104 R
413.0674083 -124.0036152 90.04771686
-446.1698533 -153.0952134 453.7345392
-227.3114134 214.7924802 154.0277728
312.5911675 428.2303504 322.933603
157.9379064 -234.7934204 -130.9045645
-166.1413915 224.693591 -519.8818786 R
-190.9883715 99.48124254 -143.1728624
142.9591747 -230.2387961 327.1494698
-249.0132582 90.51331205 228.9386447
-357.8022867 -267.7725039 -461.336804 R
-225.3665493 -164.3408049 77.86691585
-105.3352618 -130.1812144 -482.5709088
-154.3462119 480.6931297 -411.954559
-229.176497 213.5657385 164.7028242
248.3344488 473.1121621 -492.7084413
-61.23674213 27.8254685 -393.7346819
176.237106 513.1217653 -263.6717907 R
-221.424956 -198.3784845 213.9730617 R
132.3092244 -212.6581128 85.92486589
-515.2500142 4.421856041 -231.2138758 R
-82.0972776 191.3104368 -34.51905378
-218.1050547 424.9159027 180.5982
83.42151322 61.34171414 -111.4290753
162.146583 332.9210199 487.9079768 R
-267.6587139 -223.8917715 -514.2218515 R
-90.6481676 100.9406061 -318.2434241
-473.8196613 248.3276678 267.136285
191.5526857 -302.7350369 -67.29105279
-92.87760179 100.915234 392.7605664
-457.0154765 113.5075184 446.6535513
373.7305479 -171.037759 -514.8623135 R
12.09218272 327.0922017 -509.793963 R
-198.2336951 342.3033187 68.97055725 R
-462.0347665 398.506932 -14.29017522
-456.0640716 330.4726941 -31.7090748
-520.4313587 -420.6410147 -243.8504397
-154.9896788 484.6852843 22.27162502
311.0564637 -50.25477477 472.0074389
-164.2319857 58.57236312 487.1481875 R
201.7687044 -55.3435086 -26.89084181
272.6010789 -259.4420088 -250.5397887
516.7550694 -302.7003057 -479.7403222 R
75.39068904 -82.40757471 -226.0413056
-275.1665174 74.73825491 -470.634766
-76.03321494 281.2960976 -175.7067646
-359.1890911 198.506516 -4.400484136
-4.810239997 -262.7976238 6.433930196
404.0232728 154.9168429 -115.9489376 R
95.79114617 -356.2598397 57.37653381
-507.7835075 201.817021 482.4546671 R
-375.1158797 -431.3087101 -115.3686385
447.8173217 268.6867839 516.2579952 R
-406.4709948 280.684487 -166.0056039
-227.3059898 -374.690277 217.6835122
-366.5035441 210.1197014 -144.3514085
-250.231804 510.09033 307.1492821 R
35.80662764 -334.4906456 -236.5758061
167.2954638 -78.64493547 -228.5653051 R
-538.9899507 -427.8612962 -34.97166684
356.4962229 5.110065742 269.3929336
395.8440368 80.36186413 419.3305169
-432.1636437 -394.9099992 168.8112585 R
-236.3193443 -367.4105667 -305.3261582 R
-441.6492849 -129.7857836 5.521040892
-369.2109015 -409.4182387 350.3859593 R
-310.5722048 -342.6047209 -302.8087723 R
-40.34516667 134.0930667 -453.6779237
-252.0010409 504.6158971 -243.3706227 R
31.33889553 125.222949 -55.38849941 R
-327.6841466 -408.4511711 -406.4099386
-507.6791692 -243.9793107 -267.355938 R
-27.66117888 -423.4133004 -503.3738725
448.2144569 347.6943665 -280.4739384
-225.8579677 529.7713064 -214.6717102 R
-338.6100761 144.1751059 17.85553615
169.3874121 7.822652438 121.0727048
-435.3870618 -518.9897082 -17.8866891 R
-108.8244096 -253.3082956 -327.11016
-59.90238966 29.19075619 -435.8420594 R
164.6799811 369.3928948 -50.74200058
212.3050071 19.24485045 -172.4703086
-271.316543 -515.8345399 -460.2907802 R
-78.90916017 -295.5834502 -490.2591363
380.7132965 145.2835423 360.2365583
394.1679037 216.1839757 122.984222
-511.3999032 392.8755659 328.8388521 R
-150.9451697 446.39404 -221.5083772
388.5433844 -18.17851868 360.4408315
-233.1396562 -254.7211311 -200.3376987
328.7838908 127.781223 356.2791308
-171.4581799 123.8876183 -114.7940987
-424.5058461 -546.398433 338.1469847
-410.9001206 -78.45378317 -286.3410357
359.8495084 -513.1748404 -2.579397571
271.1562621 368.1944423 -207.0911222
448.7829916 -142.0430116 87.67533576
-453.4774098 -476.1708854 -338.2607507
-260.9602807 447.0777739 -107.4883753
205.489102 -71.40020641 305.2339213
-96.05482151 215.5156814 -105.0238551
328.0534507 137.3192659 456.1113136
364.942118 390.665501 170.7258681 R
-237.5359585 479.7936664 -256.4945375 R
210.6303854 200.0121789 215.4093979
-31.38964519 276.6670365 29.38356016
281.4890856 -197.2504679 460.7823393 R
282.8813041 377.0453048 501.7444592 R
-291.8791825 -67.88669577 389.4654655 R
-133.5207231 -514.8374469 -106.6055077
-210.5258295 -477.9416896 -240.6659928
294.5320513 -54.59346023 -333.3876869
-230.5446153 394.5998059 -484.8634788
378.0217304 424.1557421 361.3369855
-396.8275458 343.7218984 222.246376 R
-201.8543792 -193.5316924 -111.9902779
451.4174838 -322.6740491 335.1626086
173.7084874 366.4330584 -39.14987892
-416.9663954 221.0010079 72.57582744
454.9408745 -486.1941654 391.4294534
346.6858964 -79.96760122 22.29170549 R
-201.8007608 400.8172876 -265.3972056
506.227916 315.1818665 323.5755415
321.1186828 -485.7410704 -333.3391472
306.3580878 474.1888401 285.5601786
512.9570069 -86.05836715 -133.4395679 R
28.59915383 -61.69248878 208.5764013
333.0417442 -451.5291404 -427.8323763
123.4053387 -256.8677651 -164.2292655
111.1369407 120.9694607 326.9410659
-70.2286241 -504.5767579 -133.3545753
-1.672551377 511.2293445 -148.4634559
-331.3007512 -352.6296659 371.8071716
-123.8505739 101.0404929 153.8700188
-392.8569443 -258.2525347 -245.212845
465.5357696 483.1395678 -78.35828705 R
-133.9182049 -374.1300115 430.9622325
-147.6120115 34.24632664 109.4179417
403.8828593 -237.1160276 104.1546
38.96666768 -120.8083411 439.4660837
-330.736832 481.4901296 -511.3837087 R
-517.4348611 -344.7742632 -89.30684595 R
-342.3377829 112.9285925 -57.82562802
527.3886297 339.7216103 -145.4639097 R
-131.5001427 -468.468363 465.2804211 R
-167.377943 -512.7429766 -202.3388576 R
-154.8771361 448.1740821 154.4994356
-7.856930377 -262.6452449 -71.2068735
469.7835022 462.1251054 70.88931965 R
-481.6362348 334.8269456 502.5052317 R
254.422794 87.09542425 529.9429296
262.9903428 119.4281632 -144.0175328 R
415.1128397 -186.9948986 272.5297547 R
-519.8379268 221.2866362 -228.1661971 R
-431.3556066 -66.57833433 -409.2448047
48.8960149 -405.4478899 410.1464075
348.129806 -117.6067556 437.4657809
-16.87190267 -497.6798202 356.3254001
218.5572792 378.9049079 180.2784432
107.5598471 -149.738889 400.4346668
492.719701 488.9479695 310.9306485
-302.2809959 -372.7422365 257.6278376
212.2850364 -400.60849 -188.7298159 R
309.9775151 -341.447454 -237.9577574
211.0442055 524.5675047 110.431249 R
520.100601 -438.8665111 218.8852419
110.6765875 289.4654806 -425.1527855
328.1903975 391.1433881 51.37749284
-58.23137845 -70.17785753 -467.8007394
-457.666559 288.5328538 357.347846
83.59312786 -461.5424224 -496.6689483 R
-157.1221674 74.93962753 367.7563091
-425.7614006 184.3539312 -22.94457805
258.9283336 339.0557889 -269.4292889
271.7548711 405.3044195 -545.1132573
474.801404 274.8602276 285.56086
-330.7418905 474.5356078 -523.3024403 R
-158.950298 257.983877 444.5274911
-242.7514572 31.04548316 51.49845361
-421.1660077 -262.3003319 143.4714431 R
506.3625572 512.127815 -384.9924212 R
-489.1700911 -378.5267167 375.6322242
114.3829894 123.0649263 78.66109768 R
153.9878238 -176.7898779 120.6730783
-370.3692904 -371.0627973 203.4971268 R
518.082189 -489.1438396 -255.5890248
-489.6743877 -340.5505721 -207.1274934
439.3141156 -118.2647833 -367.4734697 R
-12.05541251 -303.889188 436.3554511
-519.8215946 496.0271388 -311.0193019 R
336.3284921 -447.5218026 439.2973164
169.4284279 410.755973 -465.9715284 R
-33.83056559 -498.5925747 44.7854426
474.3329257 414.4431143 123.5489108 R
-483.0710561 -152.9776864 124.7027854 R
60.75318194 310.6690852 214.0249913
-19.71666737 -395.632103 172.9916816
-399.7121033 -497.0786746 106.6017235
-390.8035647 -373.8037519 408.2557362
46.96317279 491.8596343 -353.9584807
344.1591659 -338.9440723 295.3134999 R
-359.1046121 -444.3349524 267.3933831
295.4696527 -65.777285 90.84964215
129.918816 -186.8060989 190.5548381
228.2496107 -137.8357203 195.2112791
-460.4343397 -270.7593355 452.543716
426.3563225 -394.5727877 -116.5947238
-99.22898546 -179.9379062 457.0129549 R
-535.455542 -153.3624422 282.8923794 R
27.7522072 498.0512807 -317.9884024
-469.425692 -184.6866957 -45.80092944
-430.638329 -0.2780657364 -381.2370765
-270.7602678 -446.6031605 -54.44266005
-262.8880363 4.518207865 44.35953996
364.7418387 -481.6922205 252.828781 R
73.28286297 -193.6253633 167.7946436
-61.52874404 235.8793298 494.0080908 R
-244.7416776 -23.58597029 491.1323619 R
376.9555162 -529.4052606 -7.296831481
162.039753 -394.6576572 -361.4559565
80.76634982 -460.6646349 -367.0635407
-150.2540799 -329.1441731 -413.6463514 R
-549.3451168 -451.0639082 1.496076516
-423.2762445 -108.2087424 -18.11052617
291.9114315 -189.6193272 -291.8417148
-70.23608252 -332.3647039 333.5065583
166.8072292 99.58179838 -453.9880428
241.3511761 -254.9764688 301.4707975
-188.1421393 -117.6835816 38.19278102
479.5010645 429.0758426 472.7846571
-422.9997096 -310.5098742 -448.290082
-287.3389746 -13.29966607 -47.6888398
-130.585719 -131.2218203 290.4127608
-51.73266956 101.6990086 403.2426191
-504.3945826 -312.3622675 -125.6841484
-295.9145205 27.82870999 215.3763349
-510.6829341 -484.406255 -383.7758587
-506.7256751 27.72907556 -421.0134441 R
-161.1013421 -32.80823848 -44.07975569
-22.10464007 172.609012 167.9938498
492.8490223 481.4776137 -236.8486294 R
106.6931625 490.1627115 141.22307
123.8014908 -192.9943029 144.277403
178.8360069 233.155269 481.9137933
-409.3623823 97.94179263 -188.7709158
-199.9805829 -361.0983657 -474.1785926 R
23.46270137 497.8217962 -14.58233154
169.3268789 -258.8767198 59.99177446
-413.0201798 -523.6489393 332.2860938
-70.74922638 133.9287288 -364.4922746
408.9832113 -227.2008441 335.8502815
197.3412374 -498.3354509 486.1367688
-284.3868396 -418.5317357 408.864493
182.2373101 -215.4829993 -190.8353308
218.8851045 361.2281389 474.0582783 R
-124.9496887 480.3612682 -272.0940167
33.82273351 -497.1778196 -445.1136451 R
283.7069937 -452.9739599 -319.8283722
-234.3736775 484.7302882 178.41475
2.300509027 87.65937717 -293.2046788
2.204380763 487.1358755 177.546318
23.06310158 -443.5685937 -159.0602482
-193.9215269 412.4757397 -394.6873201
-290.7613836 427.3117626 284.7333394
420.1772893 -294.9286976 -400.2747249 R
-170.6562165 -192.1931369 128.0104478 R
-228.7310116 -491.3967569 114.6377358
212.4049772 431.3891792 72.68307062
346.4062293 -355.8066197 469.9091173
433.8387486 -127.0718956 2.170833864
-269.0058691 470.1518913 450.892991
-498.1330908 -419.2826418 -449.6537018 R
520.0915325 -230.3064831 -254.4558919 R
131.9776684 -415.8026995 95.07145648
293.8300335 -225.1881213 257.8903337
-249.5148912 463.7774874 435.7529483
199.6175948 -305.7825843 164.5767933
-16.352067 -317.9931359 -391.9051106
101.0981859 382.524389 -153.1742819 R
-184.6784084 116.5172723 -52.52990275
-409.1922289 225.379071 -214.8255615
-275.1638382 -142.5698836 -386.1311587
-124.2761225 449.3181673 445.5345477
477.4831904 -262.6261691 -53.02992173
-192.3538909 331.7806146 -38.75330191
-255.269292 196.7561211 493.099735
-313.8128618 -215.1410138 240.5159848 R
-533.8604591 198.4745711 -491.2711061 R
273.3592363 -429.3224734 449.680231
117.8801049 168.4596276 465.1316619
60.37396185 -263.046354 -164.9333582
71.19655158 -210.6814172 -27.06022781
473.4665495 -394.3308433 -116.5759223
143.80843 -183.4851778 -46.91089372
447.3916585 305.4338565 381.0606981
59.03820695 -30.39404476 348.5055301
80.84837477 -216.1284799 -10.44547848
395.9678522 522.5980289 -248.8124827
419.5384327 -519.7173221 -91.21405919
-386.5970235 234.7790446 -8.026560816
-56.22710383 119.0818545 -69.32322635
-333.9238217 -202.0319011 273.316607
-118.1149085 160.1017984 -530.5565148 R
473.5324719 91.63407869 284.1304429 R
175.1145799 -411.4444238 68.51395229
23.4951256 368.1684095 190.3282242
65.52503771 -490.7291002 296.0470071
124.2332695 511.0052186 263.1024187
-348.803111 490.9262643 -88.34283758
361.5930628 -378.9656236 16.41803158
-522.3417633 -2.560692674 255.2690025 R
-177.9474864 -16.06968585 112.9429369
-203.400963 -369.7311048 153.8935989
-22.67392107 -478.8721852 220.831233
-374.5927775 84.98395415 289.3875069
42.9561421 -489.6043335 303.5999787
157.7949689 -52.65128236 -150.9782013
-365.4507257 -12.55927981 414.1766966
379.5876048 459.317483 -478.3685504 R
421.557835 -312.0264201 -446.8275549 R
30.145513 531.0825078 516.3987856 R
-510.8436511 26.68131998 289.7802325 R
104.1495139 -295.9606974 -432.271257
269.9283018 -349.9645382 406.309221 R
-470.5271745 -422.7578688 276.4528243
468.3564126 -435.7873273 96.8013304
220.7760505 -286.5569362 -19.82355662
-453.3402243 -260.9070794 -471.974895
-289.6121224 -112.953345 -184.7056759 R
97.51868021 44.74841409 -419.544313
-442.5206367 -158.9318755 216.3093266 R
486.6108846 -161.9894937 -169.6649121 R
-24.90018038 447.2458987 246.4259224
-291.1606905 -407.4714067 445.6298943
176.2580804 109.3387365 -45.13367667
-228.041794 -358.2013235 183.4822752
-38.47461465 -320.1896656 -401.693698
-528.6730766 208.8708325 -147.9925628
28.14840006 192.6835844 156.061982
-471.8979472 391.1720249 -454.2053813 R
-399.7727019 -266.2286948 -90.85915323
289.8222071 213.2345695 56.28933544 R
-181.787759 440.7825568 232.4790359
-181.4948385 -77.56700903 88.5970209
456.2860093 228.484417 429.4228579
-218.8780878 -264.6446791 25.07057122
-343.4819216 66.03024335 389.1387841
341.4474575 -380.963758 -3.715858646
37.62150762 230.5227117 106.6888512
-500.2377715 150.0713178 129.6786587
-209.9137871 175.556639 -144.1684165
-387.748071 -300.5477155 331.1004545
-420.4227992 -305.9601268 -498.7838163
-419.7498852 -525.051906 171.2870982 R
-352.5176545 -360.3032092 -394.6091312
399.9211317 -362.311401 60.21946717
-481.0385648 129.8698909 145.8885723
276.63413 -353.804851 -411.0345596
-106.4797616 456.9298143 287.5238208
119.4275728 -382.0229057 126.9513853
-357.911244 -265.9169703 353.7787726
-120.5999977 277.2923107 471.2695975 R
-100.0503722 69.59784741 489.9510366
516.4115241 445.0530478 459.4810765
-336.0013436 378.7566199 -114.9412658
-127.2975075 415.7490307 153.0753261
-126.436612 315.723475 -213.04722 R
394.7981663 241.4740167 468.2953996 R
388.4330308 -62.43794718 266.0812259
500.2080571 -223.3691654 250.9196252
-17.83046141 68.09667658 335.2998979
-155.1139929 305.4157075 -266.7908756 R
-57.19034357 -386.4967725 -98.85092631
-93.17701201 108.7416617 -43.85209344
46.92120011 197.2164516 17.07004054 R
-312.2127289 34.58054161 483.6899791 R
127.6578487 402.4033513 -268.1292296
-0.08646159821 -505.1798403 -507.3372027 R
172.2019842 128.8921105 461.4651051
-68.70055392 -487.0982005 143.5357651 R
440.5909977 -75.96924503 313.3015409
302.5676132 -213.2597201 146.6042125
241.5564003 -140.1778469 -444.4487322
534.1042342 -173.4615514 91.38853907
247.6824462 -431.3259797 -332.0030836
-3.853937519 126.6788043 401.5851287
-409.7056234 -286.2246886 -12.83979375
341.2558925 36.89981806 -15.06471413
300.4844121 -77.74853069 150.1194127
120.164904 -254.7248409 106.602786
-365.5284648 -149.1767429 202.8916652 R
-168.0322639 40.52820196 -61.2676366
436.0911535 172.1855655 -107.1330096 R
414.2679702 1.736139625 182.6631547
-400.3238134 174.8514588 384.4040541
-149.8211077 -125.5885244 219.1525062 R
179.5291343 44.60798201 546.9065782
-192.5677679 3.809986456 162.0538525
119.7897294 300.6891558 292.2141212
501.6511988 -273.9105129 351.7195605
35.20068606 -131.5599997 483.2515139
-413.9029458 186.9837267 379.8118439
284.0971081 207.9972243 -6.651579601
-48.49862196 -440.5485902 425.9218581
-413.3194815 273.4726433 -166.8204786
-468.9508445 -194.3533942 -533.0360095 R
-419.2865218 249.4389055 430.1870241
239.5795607 90.18987025 -458.4020658
-343.5959258 -342.5556794 63.04912571
-474.9273489 -299.4380979 -3.67906673
97.11019558 468.2499591 -400.7651821
-44.14979154 159.7382424 169.6403358
-82.29475926 136.2321385 -260.0647459
157.9645115 -208.5387541 364.5385346
242.4708885 -294.9427318 247.5940036
-458.3800026 430.0883121 326.4151012 R
-247.7596666 -54.14164626 102.8083374
-216.8881821 -523.9685304 -277.2240839
306.6859209 -166.4521569 34.10146086
-434.4942829 -89.3823956 74.09965862 R
-38.94580531 -471.562462 224.1995453
-285.5557501 -129.1642683 -438.0603085
465.4124087 -397.167385 154.7755305
-285.4410297 -244.6433156 523.0778933
285.6336386 460.2038147 274.8581057
100.049546 -38.27057852 297.42923
-324.8430391 -440.4859092 -286.8474649
-114.8813941 -350.3789505 547.6164357
-116.5231732 5.060174795 415.3955383
488.107659 80.54069195 396.9933415
-175.1620958 305.374269 -119.8322234
299.8926634 -459.1627343 -327.6860764
-360.4738519 125.3793621 -138.4720661
461.8094063 474.1229132 -50.23500083 R
-149.564567 -272.5405262 319.427286
248.06825 399.4981445 217.2406489
88.18568596 101.508486 305.6746763
-276.4255015 -202.9825244 184.7776351 R
-4.871487037 6.641952575 283.4129896 R
117.7502194 -102.230267 -6.231667428 R
82.27364105 500.3615116 -319.0413144
-505.9579856 163.4636514 334.5837595
-472.8420478 -484.6504617 187.0584377
158.2950955 -482.2398784 -208.1359018
-292.5253268 -1.277049837 161.2925385
-234.2634544 -478.4434323 -93.31177267
384.1487592 23.64531062 -21.05620762
-30.6771791 484.8650472 71.52760581
527.7122692 4.681784962 260.7204783 R
289.1268533 -374.4982024 137.7775874
-112.2202211 -458.7319521 -381.4620089 R
-145.7804116 -286.2170101 370.3157334
375.6363584 212.1485003 -340.7569114
156.099072 350.8078321 53.29756895
439.7425424 -46.93531066 -296.0918497 R
281.1839312 515.4205392 -449.7621458
-7.395963623 72.94802048 379.3926435
-415.3808595 435.0874834 215.6542706
314.857399 286.9052349 -335.6781322
367.3282012 -266.8899576 273.8220775
-7.806765724 194.6365299 -245.1803896
-275.7270121 248.9104754 -177.7607822
341.5164635 95.80896194 -253.6956432
532.9625182 43.3309129 464.5997082
27.34301066 -42.5437449 374.0667154
-277.0737432 324.6457076 -29.6244515
509.8830075 -36.16100319 -92.62639804 R
51.01208734 142.0107038 -489.5604586
442.3453079 376.5635183 -301.3170531
341.3901691 282.8724163 20.9896499
-314.7808379 -268.7124825 105.1865511
-308.9309599 -183.2937671 468.1790682
-205.4019003 -360.629225 83.15804013
270.856383 154.7295988 -220.7438559
395.7296891 89.60255286 -502.1727458 R
-73.23171663 -365.3952226 -208.7574072
174.5863911 -88.72053598 -453.045132
400.8552442 472.2022337 -205.7044976
-50.33122199 -379.409629 401.0689256
-382.3450646 -247.2375512 38.24502479
-369.5689015 254.8374885 219.5155067
421.5022647 -347.9041554 57.19486962
-397.0352718 -26.44531823 407.1052537
215.2344293 107.689794 408.4150621
-342.409817 -350.5020511 -274.333822
184.859617 378.2727944 366.8875504
-430.2398058 8.711261403 -202.214929 R
-402.2737816 -395.1724827 331.7792253 R
20.4551833 -30.94644683 -89.57241721
-296.8756077 108.6663919 441.130256 R
477.721342 -72.54297934 279.8231605
385.149833 194.8488364 404.4882478
-84.56098961 -548.7921226 -244.0137183 R
33.06221996 -547.6528801 357.1320796
341.9030293 266.0163602 365.7855675
-159.7346594 6.2664343 156.174321
501.2925588 -145.3181665 -297.4202449
528.4899817 113.6440158 -412.3709954
168.9703926 -213.6887044 -441.901233
-249.62247 80.28136277 503.0095144 R
-209.7569875 -277.8344123 354.4596531
152.2264788 -96.01472185 265.4727334
95.14760169 51.30747954 -145.4833999
-223.5324425 -479.6801178 -418.3167247 R
-107.2399814 -85.61761402 373.3999026
-139.6279941 206.9785756 21.45615709
151.9723007 12.41491563 -139.4800495
-374.0114505 -42.44769619 401.8653785
156.0577442 331.0611742 396.8886952 R
379.6891633 -176.9743494 -444.9903583 R
-316.0568542 -284.2687477 56.96390551 R
-470.9766898 -6.831348803 -510.3597103 R
139.6418039 -393.34807 367.3868335
-108.3728258 -346.3700826 59.03386063
-248.9779715 -204.4621531 -14.41593559 R
72.60152637 53.8421793 -363.5082637
264.1986643 218.1972001 263.9522731 R
-479.635373 -350.5284239 131.9116741
-466.9897226 3.365080989 -105.0448847 R
-216.8150559 -278.4949978 -23.82624058
30.70367529 415.5924211 -310.3446727
-538.8271466 -283.260441 353.080158
-490.7968431 425.8055158 -468.9133812 R
399.2560417 198.6399042 -52.7751961 R
-518.7418385 -400.9798114 -268.4243405
194.6981485 -193.9789654 161.8015843
114.1751852 -75.44728937 -12.73384282 R
366.9200683 205.1266801 -387.2418985
-347.5645225 198.5033762 455.4471022
-187.214101 -408.7927497 283.0882507
-506.5550758 269.5070976 -151.047254
56.37100174 71.89274636 50.68826956 R
398.6870512 -84.88336632 111.3646567
473.4231981 -520.1573571 -382.1121787 R
-491.7787634 -92.62816868 158.8314623 R
304.0449095 -475.6685374 -92.41717763
101.145069 493.9292475 56.09712346
364.2085444 -9.266490145 406.7466282
290.4950254 -351.6013766 -384.4574844
219.4618037 287.8196933 20.10518062
-362.93006 436.869359 469.4245512
19.57110576 132.0227697 141.0984512
68.51308703 49.43725348 359.4779163
258.2096194 181.3303107 -155.0575076
-144.7139068 -293.8959072 -222.9779282 R
-291.5005979 -195.8431721 -97.38934255
-101.2202026 473.3445508 -275.5285866 R
-294.2779198 407.8560082 -80.78126759
-67.91551855 -322.1365746 136.0512615
-249.8321663 331.5685713 316.8550122
-320.8480263 199.0949248 223.565059
231.2321137 167.0442512 362.1766101
152.0199322 -501.7129926 -232.4390629
-0.6871766327 -471.4958703 -83.28501261
-306.0196728 372.0558691 359.6857247
-339.1145725 -337.7806517 286.1227046
136.7601147 463.6108536 -350.5792873
-452.2345322 417.1262823 -221.5994248
258.4129048 -287.714527 -72.729752
-300.5363237 207.6338485 -463.445904
28.24682345 475.5266914 91.03729958
-306.8009618 13.91114528 73.28550589
-97.0267103 61.33183735 -331.4702581
-99.84274424 -325.1157144 -257.7813158
380.9203536 -47.75857363 5.320494975
-329.6407951 -458.448829 313.6289484
-259.9727155 120.8670803 -456.2968624
459.8226032 -192.9522511 -112.2308724 R
18.57257921 -230.3832564 44.71231223
-470.8526606 120.4204681 351.4912477
221.096017 11.37081793 39.54098305 R
420.69826 136.4295903 229.9050583
227.0636138 -496.0706568 31.70940596
-500.7899664 -312.446397 369.0167489
288.489778 5.053034869 -26.15820433
288.8177309 343.7523896 379.036652 R
247.9899583 187.8369697 -98.77792537
-121.429931 167.8698028 -53.45283146
438.4309377 95.20306619 -289.606148
-505.5681541 -466.68388 -128.1010585 R
-425.5299211 -109.4246242 -443.0649944
142.4713104 188.0366342 437.8737091
-223.101633 481.2652782 -218.3009283 R
392.4299011 -308.0719251 82.07596582
264.6837305 278.932676 -1.975039302
-396.6628244 54.16464082 -364.3647032
329.5821412 -364.2191091 123.7726072
-281.2912367 232.6220089 410.1457135
-97.99534893 -363.3936725 -454.4654116 R
-374.0744066 -162.0859398 -313.9879774
-136.812829 -284.7189815 -449.5526029 R
-126.6477769 -84.29182904 -316.4949488
-181.3038858 362.3952515 102.6268886
22.9723827 251.3849615 60.99659744
91.08355611 -362.9147848 -122.180772
-255.1712977 -328.2679947 484.759202
-90.08018743 21.53177853 517.9266753
-237.1168469 -299.3002341 -192.0285158 R
319.2553733 1.639431478 302.7394958
-6.447459643 -170.7301563 279.8949042
-119.5596046 110.1982899 -238.746791
-73.33552504 -18.44130817 -56.95637891
94.61066072 42.07326309 -220.4230186
216.7477654 -267.3996669 56.52355961
253.6075241 393.2863044 -285.8365614 R
-308.9030241 233.8095999 342.8892987
-479.333171 -181.076373 415.6910919
110.4714372 -542.5295908 464.1878222
440.8944801 -106.500461 243.7524728
-235.3646994 -198.4776445 115.3083757
389.9212485 -26.98173544 -443.9566243
434.966607 494.9172009 -32.83003603 R
-381.611437 502.0377225 212.1657246
8.361854058 211.3359799 375.100159 R
-211.3631751 -163.3237445 -265.4268943
-322.0117866 412.1982427 508.3205612 R
302.9602964 -476.4225485 271.4212878 R
-96.73596851 -40.53160512 405.7866465
-367.1368153 -66.87402607 240.5289584 R
-440.2332632 -488.7328183 -422.8076802
-8.641974586 165.9239349 -43.13069032 R
264.3473438 100.7107721 -47.42628718
198.1246905 -525.0727565 -90.45519326
503.2779723 -390.4515087 -434.9049551 R
-90.26343831 -196.1106901 306.2923127
384.2712353 -251.5588146 377.4244889
-349.9366481 60.46772906 -357.5341282
-231.2870954 -222.7018273 479.6518216
245.3668018 359.15244 509.3997559 R
-50.28050266 353.6892242 295.8666269
34.97691937 124.7876171 -481.0001199
117.4377889 -268.9984533 352.2318502
-433.9071454 361.3521452 152.4704757 R
-388.1329393 -44.85321986 521.8228296 R
8.194877617 -53.47772695 115.4836194 R
359.2175703 -248.3214873 322.8464841
258.0608814 -161.8098549 -269.777889
-49.59484666 16.47384636 151.3035304
271.6305796 -253.428074 -73.13658656
-499.891793 381.0832005 424.9882718 R
-500.5713496 84.13514265 15.20092619
156.9865844 -340.0182655 -470.6823178
-525.3178165 -134.8329094 -159.8918872
-154.4725007 -346.9245201 12.83198033
-148.1850045 -299.4688661 296.2918035
114.2687824 -361.1552528 -369.0139428
173.1660289 180.3420159 312.6891802
503.4290224 -407.7020369 -293.010979
20.05177433 483.5988836 -153.9166207
-360.6069214 -188.9044649 -84.88031227
320.4179924 -425.5796302 405.9555363
455.1511829 -156.1889275 -274.8787506
495.1294218 -489.236814 -24.89033098
241.6583455 263.0153255 -168.5055995
-174.1968926 -448.6043219 -107.4151859
466.000625 -259.5959871 -511.9501415 R
207.02784 -79.69630554 501.7055181 R
365.5534944 58.75787771 -161.6705712 R
-504.6386661 248.295749 92.64511803 R
-8.471919474 -83.0310994 55.44036236
504.3033934 466.6166233 355.9963867
276.5291704 -476.1650407 -319.0971343
-389.7169262 -121.33283 149.7259529 R
-238.2174877 30.10407101 -351.2571255 R
362.3567773 144.5707878 281.4398923
-39.36713721 -35.36269995 111.6514099
-13.9911479 -399.9237761 -444.6503258
209.0138465 -35.73578639 100.3513999
-86.07104656 -342.1079378 453.9473614
-147.9763959 -19.79747921 -43.56219823
226.796947 363.6708605 91.36796715
247.6083144 409.0615961 -361.2023223
97.30042086 163.8007563 -307.2756148
-507.1267276 417.930733 189.1304476 R
121.8161843 184.6372381 -281.3277414
468.2646942 -399.6156392 155.1739879
-4.031274267 -75.90784265 -151.5181486
172.4874286 172.479544 320.5459583
-188.4433922 325.7688575 -409.1551158
225.698798 311.0765418 -368.983281
165.2785134 263.5263161 -112.0201654
3.311255961 489.0281991 59.57380025
165.6075258 -164.9907066 -501.8915704
-353.000436 -142.2415412 157.6785621 R
306.4773117 11.00583064 -438.547691
149.7838621 -459.4479712 117.1922474
-229.1716907 369.7784375 -200.2642795
475.2949435 310.5538227 -56.83983316 R
-536.9281357 -288.2302702 343.9515677
347.1560683 51.8614189 -418.6533349
-220.0573672 -503.0049192 -358.5350123 R
-257.0751226 405.0163536 428.8824019 R
-59.32395273 -498.1067355 -5.178773904 R
-500.1949478 -238.107346 371.9342034
86.49615221 312.5571191 -8.398584081
179.2352702 293.1544177 75.92709645
-179.6435745 521.7256487 207.0599529
52.480143 -211.638369 -426.4007525 R
301.1865638 452.7511862 -222.740417
-241.9553253 402.8220407 446.954441 R
55.52414455 310.215109 -374.2759655
-389.1603488 467.5939893 -490.399473 R
-513.1793575 -248.6726145 299.7052068
474.8280493 496.2112668 232.2398611
-339.3630022 508.26329 47.82342883
29.41745529 -17.23494839 -444.8671511 R
-222.7077073 98.69007704 -228.3950401 R
-519.759628 -137.0754174 127.4748606 R
-319.8405085 93.48952763 448.2610237 R
-195.6626501 64.83038324 -148.6775395
89.51363292 2.861325068 219.2468766 R
-46.10926918 -513.8375621 -95.76716607
519.6090542 54.1531521 -62.74613142 R
-516.1360304 -211.9165136 -476.1674721 R
479.4571112 -98.35717384 -189.1609067 R
173.7188168 511.8303594 286.7301509 R
-485.5365683 436.515605 433.3933957 R
373.6941599 479.8158434 11.93537813
476.4776609 400.8934094 414.4386033
-56.41980251 311.6223446 -333.3310672 R
-66.2138922 -313.1812818 -146.1559051
-209.4940283 -314.9869507 317.9842683
-146.2459063 146.257259 -12.90833814
-210.4207534 83.68651579 379.510196 R
-135.1094467 -95.93919492 -179.9696969 R
126.8258026 320.9694154 -444.3671324
33.03187487 -35.05627063 262.3657965
-393.0874019 -345.5021224 -21.61502653
-400.6283696 -189.2633288 454.6269817
452.6036275 -112.4088912 433.2083919
-337.0617547 -376.1735194 -438.4553696
284.6039869 55.16279561 -427.223778
262.9412093 -265.816302 -405.1082908
-259.0783811 -312.1974226 -254.4086755
115.7305218 355.273512 -115.0824493 R
-303.9821531 -119.5657124 459.2933673 R
-247.1160899 -492.0176357 387.1575647
-354.7510039 407.8133523 -141.7837937
337.6720558 -328.4809426 185.7267425 R
505.3604886 55.09494127 133.4535123
-74.335047 269.8245434 87.16202524
-259.6184382 188.9021609 -542.8155178
-95.16542908 -397.5104395 17.44032499
-227.1262501 307.9664717 -385.3414899
133.0193311 -171.8568104 17.9166469
-141.2416441 -306.0938067 -436.8778086 R
6.138739056 355.1230676 479.299227
316.6555008 183.9638428 -483.5040407 R
-329.6242644 500.1157018 88.14211936
322.5661899 -131.5351121 -94.72594444
423.7178645 34.09318837 31.75790449 R
100.3527936 405.1552506 -441.8075511
-360.5980685 450.6055623 -432.4090421 R
-422.110584 -484.3735316 -92.66341224 R
384.8730843 217.4928528 -368.3458575
-21.87722688 -357.347857 -297.4138233
-309.1711338 -292.6923574 -274.0476669
489.3407019 -467.8705731 -236.0412959
-491.3155885 236.8861293 -15.96619955
-528.0619282 52.82447632 261.4554892
281.4733758 188.8680233 97.10357353
239.1818632 -427.8121208 418.7127123
-256.7068342 -79.7145365 280.3175535
224.7636215 400.600038 522.9376852 R
340.9344994 -107.2675743 439.5294736
-504.626261 212.9351323 318.5739836 R
-59.52124901 103.920297 455.2760529 R
-224.3281338 466.6523619 349.9980511 R
-473.2722957 426.9079458 -172.9856577
329.0951291 -501.3015288 -338.3017725
175.1366652 131.331798 -76.32825459
276.5457502 7.453163724 -52.99215749
-227.9905956 -502.3652394 409.7272014
-471.7621284 283.6418034 310.5396606
-478.4452431 -38.99023601 -256.3232558 R
-382.7574306 388.2384924 -125.5628641
413.0744843 262.49566 -264.4761083 R
386.1926643 -158.2151574 27.00686333
-13.9849891 -493.6360247 -281.0376394
449.108435 -388.7725625 296.8085275
541.7113815 498.8113949 106.2490861 R
-180.807742 -18.6693076 176.1493043
298.421737 342.5083482 418.9313182
438.3957619 434.6962329 432.1285697
-212.2842507 -2.699311116 226.5350575
264.1141367 -437.262531 96.77535159
298.7875577 247.0452888 -233.3289447 R
447.220992 -426.4455551 -365.4787864
448.2162525 337.6361648 131.1247392 R
-25.22766537 -430.67235 -391.9869734
418.8083698 95.50212168 -79.76686512
189.7476471 -275.2621148 -354.359714
99.06003978 410.1308049 -483.7758976
-374.7312025 -42.60780988 -58.59412693
-384.3984592 -132.7542694 285.7433738
392.2337224 176.3775776 -300.4550394
-415.0781196 258.279581 -188.1074178
276.3814964 176.7853842 174.2729682
321.2876365 -222.328661 315.4414044
496.6528572 -353.6392866 246.6789005
-42.34451196 291.6058429 473.5849417
-184.7251256 228.8364299 189.8881414
333.0344637 147.2613682 219.572931
303.5047584 -283.9616898 288.1738217
-115.0475233 -536.1716313 -11.76353352 R
104.210243 -174.0539006 502.5100992
304.8846834 -69.07063906 377.4522677
-386.4995015 -474.8078584 -315.3022021 R
151.2952264 -145.2636239 -302.3754436
350.2068669 -286.4809396 -460.2042833
101.2968596 -392.4721915 -42.40058106
83.92247475 207.3958665 -502.2734036
-300.4923908 -279.0085003 -473.5800354 R
516.6022385 -358.9393447 254.6375637
-228.995867 -488.6161264 -103.3072178
-109.5264304 -439.5835426 -214.6052664 R
430.2409055 346.0319525 327.822515
-457.590814 404.4212819 107.478246 R
-171.6767122 -244.1378924 300.9421146
-290.9711447 -171.8881718 -106.4799057
-227.7403553 521.9192218 65.19784671
216.5074403 -246.1215267 183.6018157
-493.4134589 381.851374 92.69655544 R
212.875893 -454.3741676 -12.60279645
178.7908082 -384.9326423 130.6337351
-81.97475423 408.0558845 156.5078114 R
511.237527 -482.9433858 -35.57493769
-81.38861173 -331.2843122 349.605866
-51.6100447 357.6009453 458.9272307
-512.9232531 -499.2212195 -190.8957248
427.7103473 -59.90477246 -457.748131
-516.7578884 -407.4365019 438.2285682
-344.7645455 -300.3251909 471.2053753 R
-450.8929273 -21.2925842 458.4062042
367.4496586 125.7827035 -383.0357075
351.6808568 -172.9217861 -489.5142748 R
458.4997278 -460.2544649 131.5277526
251.5173684 -198.5452131 -254.7467813
-391.3555781 -120.0779268 -215.1990874
481.0655632 523.465507 383.1141993
304.670266 158.4233507 -77.66107145
-234.5480014 136.4729145 -113.4116149 R
-134.7239994 114.9430806 -201.2132782
506.1743493 -371.5167191 176.1945511
278.9290454 -427.0484728 365.3656719 R
394.0914264 -48.79065199 -28.19770946 R
460.5593443 206.6469346 247.6858824
-533.7935244 277.6706157 -260.0207376
-407.7112041 -421.8207325 -69.36307606
90.60937423 397.6057233 375.6363033
100.539735 384.3349254 -2.878790799
457.8670896 175.4013634 -134.6144623 R
-186.3604712 -492.1687222 -490.292892 R
211.7437288 388.9950633 -368.4761145
-391.2798732 -47.596059 304.5987333
22.44614571 381.909281 447.7078326
-125.3570345 -377.8013577 -256.2416772 R
401.1842734 -470.8819744 -491.0863986
-276.9615524 98.38884361 -385.0859898
-486.7660054 -447.1590898 -484.4845899 R
512.2703056 -394.761407 257.1240952
-297.6387703 343.2935402 127.9657602
21.98609526 -462.8327612 311.5601823
448.3675922 264.69811 82.26401293 R
-82.98970236 14.68970686 37.64969048
294.532149 -105.4703349 -135.0926083
169.4783366 -25.20111412 324.722975
427.9635117 207.2264625 7.770327174
55.50398068 18.34028128 -331.7552839
23.84334204 162.6886225 -427.565585
-246.4115463 367.4966003 458.4671331 R
56.21124963 202.6307584 184.9448641
-248.2899522 -279.9853774 50.93973903 R
-15.39376952 21.81229704 -251.4217015
-480.5753621 532.8310394 382.026546 R
-153.472361 398.7211413 -356.9187255
422.7461775 -291.0948306 -388.3872887 R
211.6270648 -90.41691725 220.4478416
-230.5739943 505.5992474 11.51330467
367.9668265 -26.49149011 -501.115809
84.85767202 417.4341612 -472.4678487
-375.2437227 -348.352931 -248.1250459
171.8852365 -102.9718302 -140.6285498
321.3062716 -517.0908059 88.95547433
186.9798444 -177.0456612 19.45672558
168.8428808 273.5938265 294.7638428
233.2787447 -419.558884 -438.2423365
-52.11990469 227.7330631 171.3474053
119.4140495 173.2531351 100.9867392 R
-243.6664099 239.8435219 439.9081674
-260.0135461 526.6360787 -213.1491341 R
-412.4799887 32.92102818 214.0139862
161.0999153 447.7114547 -485.2982485 R
131.8104227 436.3318567 423.2224921
308.0688937 348.6500548 188.7511462
302.0150531 207.7747981 -350.1293647
-30.58383917 88.68037401 356.9473805
-307.6771001 -242.9965913 465.2099102
-443.0274099 234.9946602 -509.3508224
497.683322 68.56574088 486.6596184
-356.4352533 7.916496412 16.42485076 R
409.4547828 -208.4698033 -476.2280486
-4.942066468 385.344928 109.5110981
-406.4244219 298.8083606 -243.8431332
273.2585077 -414.4368943 54.84023989
268.2971954 -460.239849 -328.1236496
273.7466327 -515.4587027 57.79398558
349.8320111 -305.1519715 82.10540244
-415.0839763 -165.1538453 488.2445436 R
94.45777147 466.1666263 184.7278597
-62.67797467 168.267503 -34.81943087
440.6596683 -243.9271661 -148.8393107 R
-165.7034828 -88.92754835 529.5326155
492.537567 121.4422472 -383.9113489
220.7127337 -18.70111323 257.1936405
-491.9253807 -173.9531124 463.2447363
-473.5459722 304.5032751 517.1824909 R
403.7847579 -7.005650198 -470.7243729
529.1954007 -325.5546775 168.7691284 R
-546.1196317 511.7101649 -346.2574343 R
-409.1125238 145.9741021 223.8312775
152.9083572 416.3365129 -417.7519057 R
-64.33838244 -456.5168901 -316.0682841
-124.1850715 399.2650522 381.0158923
230.5587177 270.93704 467.0087028
490.1910907 369.6402708 -496.6814622 R
-459.3920583 91.58561031 -317.8047155
-235.1317667 87.15566309 -79.30156073
116.6664999 294.3893749 -296.7025827
-471.1586004 114.7308972 -320.1694116
363.2413111 94.86596317 -20.55376672
102.6954692 -417.4104689 398.3758098
-213.2467467 -387.0442529 -339.2026773 R
492.8847797 333.9964679 -182.1266334
-21.60579011 5.337059318 54.98563235
394.0862826 -476.8762477 -207.8032014
74.67613743 370.7264212 429.1217618
-368.3380802 387.3756833 286.0111603
-195.0597542 -22.30647513 220.8179555
-496.6562289 -28.64651148 -52.98889762
105.4914371 -292.8398574 -165.6809953
337.0164031 194.9696996 513.8654904 R
-317.9502025 5.766137492 199.2639317
-171.8282594 -476.9759213 -163.229599
-425.1214769 330.7898596 -347.7333861
-56.89407038 -435.9286196 -27.0776498 R
-230.0911122 324.5127991 353.8779422
322.3796248 251.1261843 131.3273694
246.4810874 344.0283174 244.2638641
63.74366801 309.2284701 -360.1128037
364.1368051 -384.4518771 -119.4814616
136.3572987 -284.1552351 302.4473922
-207.4285305 225.0349094 326.5408172
-441.9063545 125.5418687 506.4213007 R
-448.1422148 241.7073792 -272.2150185
372.8662941 -69.87332091 -116.8385352 R
-302.4586014 -437.9719718 66.6072732
-31.43386504 -98.36071642 366.1651241
207.8272671 -81.09771191 -491.0258234
299.1859716 -220.166217 -80.72402421
142.1524768 369.4347085 -44.00708119
522.7176349 518.072242 -359.8022141 R
320.4020908 -102.0754579 534.9911901
235.8393268 521.8093016 -29.5494483 R
405.7407633 414.7772271 -201.6045995
414.1004655 242.97627 285.3207073
-491.3024987 496.7974316 410.5741842 R
271.0056976 -79.90504235 91.45721142
177.2425711 -521.81949 424.0891931
500.1946674 -243.4777923 292.3284562
-250.2046411 340.1508694 -197.6958083
226.4351786 461.5673584 -106.9826094 R
79.5957754 474.0260016 278.2843825
-403.657983 266.5090391 408.3716634
378.8727566 382.6447248 -421.5689614
111.3385367 202.6285369 -52.82720529
-196.0409965 -379.9799691 515.5154775 R
-20.2542573 -18.00542714 376.6048845
-5.306889275 -58.66971729 413.5747772
-332.5769759 415.6463747 -311.4415217
-425.0895662 -122.7602223 197.8683899 R
-461.9952054 265.7488306 163.8131129
44.71271491 -255.1029604 494.4399234 R
-226.6228632 295.783506 231.7655343
-460.8236293 372.8811647 -412.4454101 R
89.12754362 -528.2267289 -204.7500144
263.9627456 -307.4265396 287.3185783
53.92668731 -132.085716 -291.8910194 R
240.5515637 424.3836854 294.1628202
-148.8705654 118.7591627 -20.39431176
458.5426267 -282.839858 -200.2697899 R
-262.1962211 404.7014841 82.8373704
-210.7624422 -311.027554 493.5154058
0.6773990109 207.9350116 -125.1231372
-94.60139471 -361.2463934 131.4703016
222.5019227 -214.853946 -32.01824346
230.4900977 -252.0523976 423.4194937 R
-224.5605003 -47.13552392 -217.3379898 R
419.1406645 38.34928797 -104.755046 R
500.0042334 408.3285295 227.7982727 R
485.0694327 14.64415034 441.903115
254.8122447 474.1120072 259.8496237
61.74446104 -126.4158011 321.032522
21.49348796 -115.0983842 344.3498577
-33.48731703 232.7123049 -25.31726524
-343.5794359 -364.2161936 39.10377714
66.28801028 -54.40785337 67.6716157 R
440.377674 493.5670736 -28.97673025 R
62.92517814 -54.33533048 374.2244911
-342.4111371 -140.714715 501.3311153 R
-29.98160043 109.2762761 315.4624585
104.1515108 -221.8680011 -138.7345298
303.2004938 239.9872692 94.70292748
202.197073 451.9633422 -428.4205928 R
-26.2381694 139.2862525 -198.1077887
259.5057878 131.9286009 447.360717
138.2229078 -43.75527978 454.5970195
116.0110635 498.000472 -279.9951639
-151.0339858 73.06697371 347.6647277
-461.4104258 24.71968907 287.2577339
-157.7519972 343.7363379 -385.2401785
-167.7498948 -281.60917 502.1300931
28.73070424 -45.97996541 293.5972412
394.9565203 -341.6389019 -122.4567905
468.5701007 -300.3573716 -349.1778896 R
-452.5483053 402.0245171 442.7171746 R
522.1498277 106.0073339 290.4627314 R
-64.65801623 388.527987 -383.6959002
433.5858548 89.54216491 447.2328748
-115.7641857 145.9434827 -348.7235291
412.3341032 19.8619356 -450.0796749
309.7194335 484.6546663 -156.1456449
-186.155422 309.6294184 300.4490727
-477.3052514 -424.3324292 317.6607908
412.1941431 331.91188 -278.1662824
-368.7191244 -275.4036203 456.9919076
379.6817984 147.913371 -423.8822787
390.6395808 -164.9821558 250.5956277
173.4203863 508.5353781 -398.7760554 R
-94.53256892 -0.4015791417 -327.6623969
127.2108409 -383.6891107 -114.9321737
375.9069523 201.2410069 342.4150545
1.128791298 -289.6703549 58.22580555
-219.0749191 128.9225935 53.26457841
196.3889963 144.6843271 247.105688
236.1143579 138.5153928 302.3633754
38.40706705 126.0484807 -335.1367402
30.96399234 448.6681037 -364.8202365
142.5759938 -453.4238612 58.02170293
-92.76027584 326.4288221 -157.7423146
381.2328996 309.2109141 -172.9983666 R
-82.87021274 303.3758771 -452.2461996 R
-182.1512179 -108.1026168 -383.8345459 R
262.0535487 43.41340737 -241.0924057
-390.5906542 -476.3093331 208.7458638
-230.9801136 467.2423175 332.1393897 R
343.7234748 -492.8456577 -474.4038394
518.5755788 -57.29765782 -416.6164617 R
476.6403667 -514.9256568 -41.45824036
219.1533102 301.6094122 -122.2840443
-289.11836 -357.5883873 306.9378252
329.0555008 403.6527659 -417.5962249
151.4223677 -158.9200088 388.6755483
-257.5993416 37.48777169 419.2915809 R
518.6835538 -71.50632747 83.68138329 R
491.5836474 -222.3785994 354.683661
-333.3843313 -138.7124117 308.6262191
41.74368282 254.4670996 70.43561771
498.9052377 -270.565635 267.6434772
-250.4783509 247.7979026 -13.86617692
-367.5619581 -97.65647967 118.1128923 R
5.854011954 -112.5758544 309.3017005
271.9464853 473.8534508 -517.7020285 R
-156.2734583 -138.8586526 312.8943578
-214.3600046 -529.4513891 -368.7508404 R
-301.2160104 373.5122688 -279.6143136 R
-7.026785071 -260.5634932 -505.2212739
195.5053585 -311.6365669 -386.9978264
257.5476665 416.0899317 -412.4098545
-2.719607472 446.6399705 -167.8572021
-348.2201188 475.358425 372.9668421
-233.9580138 55.72858644 276.1154262
532.1426782 -293.4499296 267.7293835
417.9457829 -453.0632161 495.7069083 R
209.476728 261.8579572 496.3219615
-518.8220273 -190.0500786 -266.1651481
-462.0734827 135.098028 213.5173409
523.1169015 -340.2904896 -337.3668476
2.720102308 470.8877092 -100.4462428
-345.7995581 176.5290184 -427.2575658
209.9258648 518.3587883 486.1943932 R
51.49080791 79.57863209 -356.9125446
-102.3190856 3.303855966 134.8729875
171.135803 -439.5612505 496.6879012
-442.4780237 -356.9721606 92.19524536 R
439.7980689 1.592750305 458.7390367
-240.0704881 295.4178403 399.4116994 R
356.7110881 213.0967811 422.9436272
-149.7417163 -146.9121939 492.3238414
417.1618404 -213.9899608 -287.4097715
168.0788303 47.47246017 241.6176054
-308.0556215 249.9178015 -47.82775682
-162.7576091 508.618669 -476.5971539 R
-370.3907183 -267.8877784 169.4613721 R
493.0545911 -9.703156896 -331.8083049
-301.1871981 396.1299173 -182.4612171
82.01364686 -382.1450006 129.0881153
-163.2037605 -308.4732417 170.1734222
521.0326092 464.5441948 465.7102703
216.6755991 -246.8743593 3.853707719
-495.3048803 -222.1511697 -47.75190988 R
-217.6285834 -108.9323058 113.7506207
-479.8339697 -260.3094876 -457.5016768
348.3989941 445.7957623 427.0177762
267.2229303 -76.76237337 -489.5381784 R
247.8623451 244.9938236 415.7952198
485.448563 -242.6663154 325.0863839
206.6003587 140.781925 540.5501222 R
183.3400585 -193.3505911 43.63300717
18.535254 -70.14450519 -236.5701902
184.6851793 -174.4984946 150.5886938
477.6542656 143.3520403 -271.7803123 R
-441.850943 -222.4887882 188.1066335
136.3000315 129.4301856 336.4774121
409.8120399 -250.2492142 -67.28514087
464.7338004 108.5315087 156.0355509
362.3734648 345.9898491 -320.3467643
-206.74455 189.0350708 -82.89248981
-86.43020199 -484.6786853 430.5577772
-446.7029348 479.1486408 -440.5913858 R
382.4149276 -350.7466907 114.6010294
289.3237676 19.95724583 -504.0502908
490.8487646 202.4398012 11.21528659 R
163.1060393 102.5930589 -449.2275465
-431.0670715 314.9185256 313.8846462
323.3445304 397.4187085 22.29549344
-506.0922182 1.512029002 -92.99528198
288.4654985 195.8497636 -491.67768
276.6474949 -312.8883668 506.0650387 R
501.3812019 376.9619205 -204.6427008
128.9658234 240.3911193 -461.9185657
2.728412084 429.4175027 -374.2900425
395.5818401 161.6910901 -323.5103861
-171.9743062 314.1690651 333.5428139
358.9576516 89.16345209 16.3873076
195.6743326 199.3679168 480.1541906
335.3825163 -388.3113736 299.821614
439.8610436 191.5231099 353.8667706
-16.63041033 -310.3053852 -481.9794397
513.6219238 158.9369266 450.6161716
185.3266673 111.6596975 -295.7380045
433.9465434 -239.6461958 5.352092986
380.1622388 -498.8688729 59.33694286
178.0927007 -36.46279359 84.02622186
-59.22326192 386.9395702 -101.8020573 R
287.8869345 405.0756706 255.0018936
-210.8934422 -465.1185877 114.1431573
-251.5308074 364.0580681 -68.25035836
245.4909444 298.2692842 192.809493
-500.7735588 140.7081292 49.90286087 R
310.3075631 -5.707114795 432.384784
86.71201674 -404.0284284 -344.1091066
-425.580445 347.6691011 62.3485328 R
-163.2945495 -134.6751781 33.68540715
458.4653656 -314.4456939 388.1357892
122.4765239 287.398829 262.8261475
6.861032038 482.784066 -75.18313347
179.0879272 509.9028437 -138.5032218 R
201.1551582 -111.1662669 -312.6010093
389.8214278 -254.965345 -42.10333556
401.873066 224.0789883 71.96760973
381.7651747 -133.121181 -227.732586 R
97.48748001 -8.833020718 -419.4677562
-177.7804792 -353.9542547 297.5399711
-372.2085512 519.3012125 150.3988038 R
99.41825458 262.1964798 48.68141429
225.3987246 -356.4823125 493.7118646 R
-318.0076703 385.8487272 243.1715171
-255.5719082 360.3546647 -255.102589
-456.2983346 -441.2046178 278.5476328
371.6800694 -330.1817888 -90.90740926
-103.6857177 -146.2342443 443.2016801
-145.5234398 258.4253408 52.57082871
-425.3244393 238.1573342 -93.77267726
-359.0988272 259.2345332 236.1250252
225.4658648 472.284816 45.89641304 R
-191.0704096 214.042968 -269.9273795
390.2955962 144.3274324 341.9362672
-529.2724272 520.1252168 215.1787933 R
437.1836742 114.8598012 -351.2023729
367.1346214 27.4224447 384.9915063
-274.8332989 29.8976806 -29.46465428
-399.0271404 177.6568214 61.79675835
474.7886439 -12.52988835 61.63949526 R
123.1341829 240.4904332 -96.33680191
460.632759 -105.5219388 -146.4084579 R
227.364058 -419.9406021 496.3073614
354.4541587 209.465377 376.3101334
500.861549 123.6350823 -316.9555673
-237.1164227 187.3792551 -78.71183329
-408.1170287 346.6275019 -317.512928
-493.2594798 -424.2770861 -386.622952
-161.1429089 22.52657069 -474.8154294 R
-199.8373328 -198.6210477 -25.55039039
-270.2911774 -92.72238321 -406.2171986
-130.7488056 134.3094476 -140.9289256
174.9730815 -163.783493 -7.298264505
104.7340542 -129.2244203 52.84563101
54.3022494 -426.6083835 -211.2960377
383.6203311 140.7453631 248.0855672
11.83214974 232.443899 -76.37163341
408.7866689 -529.5762272 -164.9426084
-498.2926747 -529.5100468 -49.62942228 R
-129.0034952 377.7531505 -418.2776601 R
-114.5967813 405.6803374 -130.7831571 R
16.27937044 -173.657819 -197.3785787
30.70508047 1.446986589 268.2800712
470.5653924 -108.8819693 301.5721421
-103.415911 149.7123295 377.9907014
-489.7382556 94.61558681 -281.6441255
-346.5020379 512.4848449 50.42531484
-349.1794543 534.9591843 341.9860542 R
-173.8857207 261.5870278 -45.90658674
-277.2860738 -421.9778976 68.33937224
-442.0707792 276.9404549 -197.0864579
328.5894697 16.62552234 63.05854627
-405.6621426 38.1426262 -330.6728468
353.7774859 -407.8082444 371.8650908 R
255.3351997 492.2346996 463.9538116 R
-199.8787967 -371.9410818 184.4676087
143.8333583 -116.1742272 -129.5301461
360.3360617 38.88994303 -389.7674221
203.3323175 362.0128047 -125.9550647
-507.2786152 400.1188461 -160.9074506
-149.8198778 -316.1328 -463.7763624 R
439.4071147 -435.88486 85.74420577
6.472498386 -267.4583564 342.5886186
-455.7513573 -301.9439956 329.4660556
362.3906688 228.10297 168.2206036
-240.2459502 152.8378348 112.7667783
-287.8876953 351.3944594 189.5023854
389.2570486 -524.4472277 -340.8862335
-74.33669763 -286.1978897 94.42407249
73.18449094 388.0701799 403.6976814
-160.5793425 464.4032929 425.2444239
-84.24321985 -496.7451059 -389.3729867 R
369.953045 378.1836057 209.0297617 R
-198.4369907 -244.7536807 -130.2812315
186.6249863 -25.02985734 197.5240413
-167.4052728 -273.2234198 523.0028504
67.24507536 -314.5573479 -180.0664599
-260.7368763 199.9817312 -298.7259001
-227.4356954 534.8261582 -307.5057811
-198.8906209 335.3314295 18.2136653
-183.6601452 273.0048143 353.1496212
22.17555523 390.8230551 78.98686781
-381.9025251 82.94469651 494.8484661
-356.8459994 -160.7691925 -263.6509183
-193.5001348 286.902601 -477.5740606 R
376.7824594 -388.4053908 -482.9028417
464.1002544 455.5065695 -411.2786748
276.5683953 -484.9142991 399.7572913 R
-186.8071886 176.9625519 -333.898391
-220.5617302 530.4869106 75.25822756
3.06283881 -375.5422015 -375.8283643
-480.9896415 327.818078 -397.4320783
-127.0694288 -303.9012364 462.1003603
178.5401036 -273.7159663 273.6830102
-91.01752643 -337.0719999 116.9401891
514.6030283 -495.0501373 -139.8630981
-258.7589304 259.0423615 304.8280269
-425.0187442 -55.3550794 134.113906 R
-179.1260097 -268.5238872 51.35723877
-227.3069281 -525.8055738 -125.0706848 R
-472.3693295 -330.3422984 -379.4485107
-89.35453115 418.5925299 382.6877714
361.1218364 339.2547956 -132.9281325
113.5750122 84.76384624 328.9140297
-28.45956968 -291.5160466 319.4483316
219.7379994 112.5859641 458.7468205
-54.54366813 343.0065195 432.0468113
-160.8778236 -399.4237258 -28.94613762
506.3476497 510.2787614 -261.1375442 R
-92.94648013 -481.6222862 82.06001324
382.0415587 525.7090553 427.5551795
-1.7727656 114.4706042 -23.10893967
13.13990415 35.76413202 -278.2805575
-216.1369495 72.11547923 -177.833965
128.9887048 -415.3253029 91.54577311
224.1348877 160.4849115 365.3877012
-124.9190715 -178.9637793 -423.3540573
-399.5410507 121.4438619 -43.84758639
-283.4130898 -264.6663263 303.5998384
-499.6636392 238.2067784 -293.7057557
-496.8153446 236.909064 220.0745645 R
294.181754 246.636072 -180.4438638
-532.8423465 -362.4567415 -433.0546833 R
427.0980653 -236.0922659 75.6219197
-360.0472722 281.1235558 -206.0088386
-406.12585 -94.07971239 193.0020661 R
-415.0464223 512.3498542 -183.3741442
-459.2395851 -150.1961099 494.5935116
172.7034356 131.8111552 328.3244478
194.6760164 80.55011894 -314.7629752
406.5049178 481.4351543 -290.402213
-61.8532261 69.10460209 -258.1584847
-118.1703937 214.0308379 352.176126 R
-457.5390552 195.0951742 156.8662004
99.45394033 -59.08294264 278.4777539
4.763105461 530.9174317 455.2642042 R
-43.67769743 380.1244965 104.9410014
125.3022937 -244.562066 509.7544173 R
-186.1332653 -309.1974473 55.20140501
455.5005411 264.9669275 277.1958188
-31.26509864 532.2460292 409.9106073 R
-267.3525262 -546.5662473 -245.0928078
122.5191667 21.5872396 475.7271112
-22.22863512 221.2590589 430.0405493 R
-41.07375977 382.0158363 446.7945372
-113.037595 -480.8488199 6.248914071 R
1.252695003 -456.1670161 217.3022906
317.9047234 398.739483 58.629585
-468.7368045 -342.8291899 232.9624129
-280.160946 351.7765461 -267.7724973
488.0761357 82.1407563 159.6266252
-299.8035885 -461.8998856 252.1834462
189.8332155 426.1551253 -213.9231666 R
-86.91030798 -485.9085216 -513.4534292 R
341.5608453 -221.8160361 -0.8085751895
30.86486059 -301.6512832 -467.5177236
215.3136488 -312.8125969 -16.20964725
-35.30860074 240.5564531 -505.5218319 R
194.8954184 -32.41698185 -38.72866698
-255.9528712 28.69516642 -323.1525731
-100.3060088 -80.6081017 -107.276171
-141.0309004 -20.35236157 160.2931137
66.04235581 -127.9640423 134.692447
-9.032852105 167.4833663 -384.6882906
-163.018917 -206.2653696 336.7986577
-9.429045749 -333.4730169 363.9398034
-107.595456 48.54237106 489.5401363
-11.57728816 -289.2940499 -8.14424902
-451.85454 -289.4797762 -465.1773411
-343.627559 52.24862964 404.9420334
391.4021985 127.6101436 -271.4893039
-195.2238684 325.6519502 121.5213986
328.4526252 -518.9339383 -333.1756102 R
74.87728608 69.85598854 143.5936104
251.2408956 -368.1274537 24.29276292
-310.6056571 392.2997455 -187.8089005
458.8746541 266.8163539 -73.02705014 R
96.71739109 -398.2977763 327.9877632
-248.779676 -460.9340796 -152.9572805 R
-515.1758552 -282.9660626 520.8263701 R
-253.6059787 230.2269235 167.6718989
333.9505602 -38.51705384 449.7759427
269.870279 507.2730333 -40.72276234 R
196.4604669 221.5289041 467.4899479
-469.6384513 -35.10320686 -30.75066129
523.4713137 133.9237129 -440.9953316
338.4016782 -195.2138524 -490.5088763 R
-454.9837873 -268.9766859 -128.3131838
-13.58503796 -171.481038 -119.3731766
207.0573617 -247.8748404 28.09956726
510.7145635 478.4914253 -364.6697607 R
54.26965389 514.0180586 294.4549991 R
316.42145 -161.9182631 -24.11578886
103.057454 181.3304665 448.0462013
-438.2913624 -508.4017037 327.2332003
288.0387366 -97.60555676 203.1488061
-503.1019766 -336.8052232 -143.9068359
12.40218347 417.1563661 183.6818954
294.0956513 482.5109583 457.8163364 R
-354.4079888 -411.1648418 -414.6817028
-55.45835785 456.1652695 -280.2563664
-217.8496363 -452.0040003 221.5087946 R
128.5387159 426.6483216 426.0519016
217.9236135 210.9062602 184.3748632
-340.3296479 -40.01233639 -509.5862491 R
-202.1363779 -75.24082221 101.9094006
-463.7740356 87.02278378 -222.1721193
34.12523484 201.1036006 79.58570834
-65.3657683 -272.3023049 313.1385945
-285.5633867 68.99907934 431.7687423 R
92.27789611 457.5700074 53.69758876
331.19082 -126.4734434 220.9581515
329.7029825 285.0746742 146.9085213
457.1967443 158.4892189 203.5859578
-241.3980928 0.9216048744 241.3000825
-462.4194216 -269.9585869 -15.30559127
-482.1025386 -99.19118981 508.7494526 R
461.0712157 -375.7003659 -8.93056322
525.3333575 -497.2831913 -489.4043158 R
-7.996298898 226.9442024 -407.9205934 R
141.2116103 -432.5273455 -327.8386327
423.9245793 -225.0952846 483.6528848 R
-486.0528564 257.3978076 -495.7697516
256.6041584 364.7537392 -263.4177626
-89.57220627 521.4736499 67.17540463
-83.43252066 -488.8648369 -134.7831374
-268.8941244 138.6491145 417.822376 R
333.8298284 341.1457526 124.1652643
-247.9523286 188.9232439 -249.1976607
150.4532348 -293.1609706 129.3892585
349.6355431 -250.9252279 152.3707692
369.6306156 235.8676486 -248.1355595 R
-313.5609638 252.4305148 3.433947993
10.40138412 103.8216397 411.5368171
366.7135557 -160.2534608 395.0601913 R
507.9071754 -496.3793185 140.8668785
204.407257 96.14554508 -372.0677729
237.207688 271.31884 -490.946348
233.1853868 310.1556819 288.1968847
93.33010808 -147.5333264 416.6550897
-494.2376606 -522.993706 115.9035673
-275.9688539 -408.6583511 -163.0992565 R
108.7738338 -316.3881423 -410.9133055
-280.8101474 539.1577515 167.816809
