Fracture Radii List After Isolated Fracture and Cluster Removal
Format: xRadius yRadius Family# (-2 = userPolygon, -1 = userRectangle, 0 = userEllipse, > 0 is family in order of famProb)
35.7161 35.7161 2
30.5707 30.5707 1
41.0529 41.0529 2
34.3514 34.3514 3
36.6009 36.6009 3
41.1131 41.1131 1
61.7841 61.7841 3
30.6003 30.6003 3
32.914 32.914 1
36.5048 36.5048 1
36.6629 36.6629 3
37.4885 37.4885 3
34.2315 34.2315 2
43.4003 43.4003 2
36.1405 36.1405 1
54.8181 54.8181 3
54.7585 54.7585 3
30.291 30.291 1
41.5005 41.5005 3
41.5244 41.5244 3
59.8863 59.8863 3
32.416 32.416 2
35.7885 35.7885 3
35.056 35.056 3
32.551 32.551 3
72.8457 72.8457 3
30.9975 30.9975 2
44.9515 44.9515 3
37.3617 37.3617 3
33.5203 33.5203 3
35.7931 35.7931 2
32.8184 32.8184 1
33.3499 33.3499 1
46.3507 46.3507 2
39.9987 39.9987 2
54.8646 54.8646 2
34.9943 34.9943 1
39.8336 39.8336 2
43.1418 43.1418 3
165.431 165.431 3
55.6762 55.6762 1
43.7942 43.7942 3
43.5167 43.5167 3
31.504 31.504 1
52.2977 52.2977 2
39.9805 39.9805 2
38.1315 38.1315 3
36.589 36.589 2
93.6159 93.6159 3
32.5494 32.5494 2
55.0605 55.0605 1
143.582 143.582 1
65.7813 65.7813 3
47.0548 47.0548 1
87.4271 87.4271 3
43.0969 43.0969 2
31.3268 31.3268 2
44.1017 44.1017 1
64.1165 64.1165 1
34.3934 34.3934 2
40.0384 40.0384 3
35.3839 35.3839 2
38.4653 38.4653 3
59.923 59.923 3
32.5808 32.5808 2
50.8822 50.8822 3
33.731 33.731 1
32.9016 32.9016 3
36.4677 36.4677 1
57.5071 57.5071 1
41.302 41.302 1
96.5131 96.5131 2
36.288 36.288 3
31.7919 31.7919 2
48.4198 48.4198 1
37.1506 37.1506 3
53.2667 53.2667 3
42.0003 42.0003 2
48.8749 48.8749 1
38.443 38.443 1
56.2031 56.2031 1
39.3091 39.3091 3
35.1121 35.1121 3
37.175 37.175 2
34.0787 34.0787 3
30.0111 30.0111 2
65.3461 65.3461 2
33.1282 33.1282 2
42.1303 42.1303 3
32.2929 32.2929 3
59.4397 59.4397 3
44.8745 44.8745 2
65.9129 65.9129 3
31.119 31.119 3
40.2174 40.2174 1
55.7685 55.7685 3
43.0322 43.0322 3
93.8179 93.8179 3
52.5223 52.5223 2
43.1432 43.1432 2
30.6401 30.6401 2
36.8187 36.8187 1
47.4659 47.4659 1
65.914 65.914 2
38.2523 38.2523 3
30.4907 30.4907 2
30.5881 30.5881 2
51.7235 51.7235 2
48.9364 48.9364 1
68.8642 68.8642 2
30.976 30.976 1
72.3014 72.3014 3
33.0963 33.0963 3
37.0218 37.0218 3
67.4324 67.4324 1
33.0181 33.0181 3
42.814 42.814 1
67.57 67.57 3
64.4651 64.4651 3
65.0555 65.0555 3
31.7581 31.7581 1
39.858 39.858 2
62.6642 62.6642 1
45.6622 45.6622 2
45.1753 45.1753 2
52.451 52.451 1
36.558 36.558 2
56.5389 56.5389 2
30.9985 30.9985 3
40.9948 40.9948 2
35.6984 35.6984 3
34.9814 34.9814 3
47.7755 47.7755 2
38.6005 38.6005 2
50.0107 50.0107 3
43.9866 43.9866 2
89.2109 89.2109 1
42.2993 42.2993 2
48.5896 48.5896 2
31.802 31.802 2
45.1708 45.1708 3
74.1682 74.1682 1
41.2065 41.2065 1
30.5894 30.5894 3
32.7063 32.7063 1
66.2235 66.2235 2
63.8316 63.8316 3
33.6055 33.6055 2
38.4404 38.4404 3
32.9147 32.9147 3
38.0965 38.0965 3
30.9595 30.9595 3
52.0019 52.0019 1
111.371 111.371 3
62.9462 62.9462 2
33.317 33.317 1
102.676 102.676 3
56.3188 56.3188 3
36.7071 36.7071 3
32.4277 32.4277 3
180.045 180.045 3
39.1293 39.1293 1
30.6146 30.6146 3
162.813 162.813 3
34.6466 34.6466 1
72.4877 72.4877 3
38.8333 38.8333 2
46.1775 46.1775 3
31.9597 31.9597 3
40.6256 40.6256 3
34.5933 34.5933 2
49.063 49.063 3
35.06 35.06 3
47.6701 47.6701 3
35.7579 35.7579 2
33.3474 33.3474 3
119.979 119.979 3
45.6036 45.6036 2
60.8565 60.8565 2
41.3188 41.3188 3
40.6138 40.6138 1
32.8634 32.8634 1
61.0082 61.0082 1
32.1353 32.1353 2
95.5117 95.5117 3
45.25 45.25 3
83.6696 83.6696 3
47.3086 47.3086 3
55.6284 55.6284 3
39.8786 39.8786 1
35.6559 35.6559 3
67.1869 67.1869 3
71.3934 71.3934 3
158.834 158.834 3
65.8515 65.8515 1
50.1004 50.1004 1
31.6697 31.6697 2
32.5065 32.5065 3
72.7841 72.7841 3
51.0743 51.0743 1
87.9972 87.9972 2
38.5115 38.5115 2
32.8082 32.8082 2
32.8246 32.8246 3
34.2516 34.2516 3
32.6351 32.6351 2
46.385 46.385 3
35.0058 35.0058 2
38.8163 38.8163 3
35.7565 35.7565 3
45.7503 45.7503 3
30.2376 30.2376 3
49.3757 49.3757 2
83.8331 83.8331 3
33.8627 33.8627 2
71.871 71.871 3
69.2804 69.2804 3
33.4085 33.4085 3
107.203 107.203 2
30.4079 30.4079 3
31.4724 31.4724 3
30.929 30.929 2
30.219 30.219 3
40.3888 40.3888 3
54.6491 54.6491 1
46.7843 46.7843 1
33.3765 33.3765 1
34.6512 34.6512 2
42.2928 42.2928 1
45.4709 45.4709 3
82.1456 82.1456 2
55.8023 55.8023 3
45.3256 45.3256 1
53.5884 53.5884 2
36.0708 36.0708 2
67.4385 67.4385 3
30.8165 30.8165 3
38.6804 38.6804 3
37.9944 37.9944 2
42.3643 42.3643 2
62.1956 62.1956 3
35.8188 35.8188 2
38.5496 38.5496 1
44.4654 44.4654 2
36.4052 36.4052 3
37.691 37.691 3
42.2647 42.2647 3
115.975 115.975 3
60.5779 60.5779 1
30.9899 30.9899 1
88.5977 88.5977 3
41.484 41.484 3
160.933 160.933 3
74.1734 74.1734 3
72.613 72.613 3
49.6731 49.6731 3
30.4465 30.4465 3
32.8293 32.8293 1
30.7193 30.7193 3
120.588 120.588 1
36.0369 36.0369 3
38.5298 38.5298 3
41.705 41.705 1
30.0983 30.0983 3
87.4675 87.4675 1
61.6306 61.6306 3
111.482 111.482 1
54.7717 54.7717 3
32.6283 32.6283 2
34.1277 34.1277 3
35.6652 35.6652 1
31.6598 31.6598 2
40.2377 40.2377 1
58.0941 58.0941 3
46.7065 46.7065 3
146.4 146.4 1
31.1217 31.1217 3
32.9227 32.9227 3
95.8337 95.8337 1
129.876 129.876 3
32.4452 32.4452 3
38.4119 38.4119 3
78.9418 78.9418 1
35.4202 35.4202 2
36.4426 36.4426 3
88.0152 88.0152 1
35.7444 35.7444 3
70.1257 70.1257 1
30.9069 30.9069 3
49.2891 49.2891 3
35.2827 35.2827 3
49.7668 49.7668 3
50.4726 50.4726 3
55.5053 55.5053 3
31.6729 31.6729 1
36.9905 36.9905 3
41.7663 41.7663 1
39.6559 39.6559 2
69.4105 69.4105 2
59.1774 59.1774 3
86.1029 86.1029 3
43.303 43.303 1
34.8891 34.8891 1
92.405 92.405 3
36.6737 36.6737 3
30.4484 30.4484 3
38.6945 38.6945 1
69.8732 69.8732 1
43.5228 43.5228 1
59.7394 59.7394 3
33.6354 33.6354 3
92.4365 92.4365 2
36.7093 36.7093 2
48.8202 48.8202 3
46.5698 46.5698 3
51.2192 51.2192 3
121.021 121.021 2
40.5495 40.5495 3
32.658 32.658 3
42.1559 42.1559 1
299.728 299.728 3
52.9925 52.9925 1
48.0911 48.0911 2
31.8085 31.8085 1
99.6851 99.6851 3
44.1202 44.1202 2
50.099 50.099 1
46.2962 46.2962 3
32.8017 32.8017 3
36.1102 36.1102 3
31.2171 31.2171 3
46.5261 46.5261 3
40.5562 40.5562 3
45.3199 45.3199 3
113.874 113.874 1
59.781 59.781 1
33.5369 33.5369 2
34.3609 34.3609 3
39.706 39.706 3
48.5112 48.5112 3
105.417 105.417 3
34.2064 34.2064 3
31.5598 31.5598 2
53.0427 53.0427 1
58.5405 58.5405 1
57.2723 57.2723 2
80.8298 80.8298 3
44.9421 44.9421 2
58.2322 58.2322 3
61.9209 61.9209 1
30.6335 30.6335 3
68.5561 68.5561 2
32.4903 32.4903 3
33.5704 33.5704 2
38.2937 38.2937 1
42.7728 42.7728 1
31.3985 31.3985 1
36.8401 36.8401 3
52.9347 52.9347 3
30.2333 30.2333 3
36.3223 36.3223 1
45.4093 45.4093 3
41.5937 41.5937 1
32.332 32.332 3
56.6916 56.6916 3
286.81 286.81 3
60.9103 60.9103 2
36.1512 36.1512 3
41.7055 41.7055 2
30.4572 30.4572 1
30.7228 30.7228 2
70.0517 70.0517 3
105.596 105.596 2
60.975 60.975 3
42.7333 42.7333 2
34.8386 34.8386 2
49.3116 49.3116 1
63.7571 63.7571 3
35.2133 35.2133 3
74.8176 74.8176 3
46.248 46.248 1
33.7743 33.7743 1
38.1813 38.1813 3
30.0462 30.0462 3
35.5848 35.5848 2
72.8596 72.8596 1
34.3305 34.3305 3
105.132 105.132 3
32.5107 32.5107 3
38.9124 38.9124 2
76.3892 76.3892 1
60.019 60.019 3
31.0848 31.0848 3
267.472 267.472 2
31.3077 31.3077 1
34.5765 34.5765 3
45.5067 45.5067 3
30.1965 30.1965 3
37.8258 37.8258 2
30.7497 30.7497 3
30.0515 30.0515 3
112.938 112.938 1
42.3917 42.3917 2
33.0178 33.0178 2
30.2561 30.2561 2
41.069 41.069 3
40.5497 40.5497 3
30.0928 30.0928 2
40.9504 40.9504 3
40.3414 40.3414 3
30.726 30.726 3
36.9591 36.9591 2
41.2737 41.2737 1
32.9241 32.9241 3
54.4769 54.4769 1
49.597 49.597 1
51.7666 51.7666 1
36.115 36.115 3
148.862 148.862 2
246.555 246.555 2
87.4764 87.4764 3
42.4343 42.4343 3
38.4215 38.4215 3
80.4329 80.4329 2
48.7632 48.7632 3
34.4174 34.4174 2
42.7718 42.7718 2
66.2904 66.2904 2
34.9129 34.9129 3
52.1853 52.1853 2
45.1041 45.1041 3
31.0037 31.0037 1
50.4826 50.4826 1
43.958 43.958 2
32.4601 32.4601 3
32.4929 32.4929 3
52.7459 52.7459 3
40.3842 40.3842 3
44.5848 44.5848 3
37.0575 37.0575 3
41.2249 41.2249 2
74.8994 74.8994 3
148.032 148.032 3
75.4237 75.4237 3
30.704 30.704 1
41.2305 41.2305 2
60.2418 60.2418 1
55.7973 55.7973 1
72.956 72.956 2
45.5087 45.5087 1
50.3925 50.3925 2
483.333 483.333 3
33.0148 33.0148 3
57.9433 57.9433 3
75.1808 75.1808 3
96.8631 96.8631 2
38.0393 38.0393 3
34.6454 34.6454 3
42.6719 42.6719 1
41.0765 41.0765 3
31.0881 31.0881 3
92.8922 92.8922 2
46.0508 46.0508 1
43.9326 43.9326 2
119.192 119.192 1
46.1703 46.1703 3
38.5657 38.5657 3
68.1484 68.1484 3
40.2422 40.2422 2
43.8958 43.8958 1
39.8666 39.8666 3
39.3959 39.3959 1
196.039 196.039 1
34.196 34.196 2
59.7943 59.7943 3
71.3881 71.3881 2
37.9172 37.9172 1
47.9426 47.9426 2
35.805 35.805 3
31.345 31.345 1
61.5365 61.5365 3
478.606 478.606 1
41.8057 41.8057 2
30.9619 30.9619 3
53.8287 53.8287 3
33.7589 33.7589 1
89.3265 89.3265 1
45.337 45.337 3
55.6155 55.6155 2
54.7499 54.7499 3
39.9059 39.9059 3
37.6984 37.6984 2
34.1894 34.1894 2
60.4854 60.4854 2
38.1251 38.1251 3
75.8511 75.8511 3
51.0205 51.0205 3
30.9358 30.9358 2
49.6333 49.6333 3
39.0242 39.0242 3
39.1375 39.1375 2
64.3274 64.3274 2
56.882 56.882 2
42.8599 42.8599 3
54.2446 54.2446 3
30.7433 30.7433 1
37.16 37.16 1
36.3311 36.3311 3
39.2437 39.2437 2
33.2984 33.2984 2
62.4445 62.4445 2
63.6969 63.6969 2
37.0553 37.0553 3
41.1302 41.1302 3
31.6315 31.6315 2
33.1957 33.1957 3
36.6543 36.6543 2
51.6992 51.6992 3
46.8273 46.8273 3
45.1867 45.1867 1
46.0546 46.0546 3
30.434 30.434 1
62.958 62.958 3
59.1811 59.1811 2
46.6956 46.6956 3
32.3051 32.3051 2
40.3491 40.3491 3
53.2306 53.2306 3
43.8173 43.8173 3
57.8418 57.8418 3
51.1682 51.1682 1
85.7873 85.7873 3
33.872 33.872 2
40.2271 40.2271 3
49.5656 49.5656 3
30.3612 30.3612 2
52.9599 52.9599 3
60.9226 60.9226 3
30.723 30.723 3
34.5144 34.5144 1
58.1275 58.1275 3
33.9855 33.9855 1
30.0692 30.0692 1
55.0345 55.0345 3
60.8172 60.8172 2
61.0526 61.0526 3
53.5511 53.5511 1
34.115 34.115 3
38.8295 38.8295 3
40.0925 40.0925 3
40.4538 40.4538 3
30.1987 30.1987 3
93.8949 93.8949 2
36.0874 36.0874 1
44.9545 44.9545 1
81.1564 81.1564 3
38.5262 38.5262 3
134.174 134.174 3
32.1461 32.1461 3
34.8729 34.8729 2
121.587 121.587 3
49.676 49.676 3
65.031 65.031 3
68.4767 68.4767 2
30.9293 30.9293 3
44.5063 44.5063 3
45.9292 45.9292 1
35.2231 35.2231 3
39.3838 39.3838 2
145.952 145.952 3
40.8563 40.8563 3
52.9741 52.9741 2
33.423 33.423 1
59.7587 59.7587 3
32.0922 32.0922 3
50.4426 50.4426 3
31.1838 31.1838 2
60.6034 60.6034 3
55.4196 55.4196 2
42.5394 42.5394 3
38.9953 38.9953 3
34.7673 34.7673 3
31.9251 31.9251 1
44.5055 44.5055 2
37.3708 37.3708 2
37.3721 37.3721 3
33.2158 33.2158 2
40.0887 40.0887 3
40.1565 40.1565 3
179.654 179.654 3
39.3428 39.3428 3
40.3445 40.3445 1
30.6842 30.6842 3
33.0049 33.0049 3
96.1794 96.1794 2
35.6652 35.6652 1
39.8282 39.8282 2
35.5196 35.5196 3
30.2478 30.2478 1
44.438 44.438 1
52.8148 52.8148 3
32.9165 32.9165 1
40.2145 40.2145 3
30.4495 30.4495 1
35.1678 35.1678 3
34.8592 34.8592 3
38.0103 38.0103 3
40.4592 40.4592 2
51.9796 51.9796 3
33.0287 33.0287 2
48.547 48.547 3
47.7123 47.7123 3
38.6979 38.6979 3
126.861 126.861 1
30.7192 30.7192 2
57.5685 57.5685 3
41.1048 41.1048 1
33.0382 33.0382 1
38.8703 38.8703 3
31.6861 31.6861 3
39.9641 39.9641 3
419.022 419.022 1
39.7436 39.7436 3
31.0391 31.0391 3
32.8268 32.8268 1
33.1968 33.1968 3
31.415 31.415 3
36.492 36.492 3
43.3016 43.3016 1
43.6609 43.6609 3
51.9942 51.9942 3
172.395 172.395 2
37.2883 37.2883 1
46.995 46.995 3
112.489 112.489 3
40.7612 40.7612 2
33.9521 33.9521 2
55.5513 55.5513 3
30.269 30.269 3
55.0087 55.0087 2
95.6242 95.6242 3
42.9843 42.9843 3
57.8155 57.8155 3
42.1268 42.1268 3
33.776 33.776 3
30.5009 30.5009 3
31.6987 31.6987 3
105.118 105.118 3
40.519 40.519 3
30.228 30.228 3
44.7865 44.7865 3
37.8053 37.8053 1
45.1154 45.1154 2
37.1429 37.1429 2
36.9426 36.9426 3
33.788 33.788 2
31.8779 31.8779 3
36.1051 36.1051 3
36.6753 36.6753 2
80.3937 80.3937 3
46.3524 46.3524 1
43.3484 43.3484 3
46.336 46.336 3
30.6543 30.6543 2
92.9478 92.9478 2
46.9721 46.9721 2
54.4298 54.4298 2
61.9771 61.9771 2
32.4974 32.4974 1
51.2534 51.2534 3
73.4985 73.4985 3
96.2418 96.2418 2
34.6862 34.6862 3
30.4275 30.4275 2
33.9901 33.9901 3
45.1173 45.1173 3
31.312 31.312 3
70.1537 70.1537 3
81.1915 81.1915 1
65.9458 65.9458 2
33.6668 33.6668 1
31.3916 31.3916 2
30.3815 30.3815 3
30.559 30.559 3
44.4566 44.4566 3
38.8954 38.8954 2
38.6167 38.6167 2
33.1888 33.1888 3
90.3587 90.3587 3
37.0013 37.0013 3
37.3603 37.3603 3
30.1173 30.1173 2
33.1574 33.1574 2
229.872 229.872 2
40.1721 40.1721 3
35.3869 35.3869 2
33.4821 33.4821 3
32.3102 32.3102 3
31.9892 31.9892 2
56.0523 56.0523 2
35.1662 35.1662 3
49.3771 49.3771 3
37.9419 37.9419 1
30.2458 30.2458 2
132.442 132.442 2
96.0381 96.0381 3
42.61 42.61 2
87.5568 87.5568 2
51.2596 51.2596 3
54.7893 54.7893 1
37.7958 37.7958 3
44.1298 44.1298 3
31.8715 31.8715 1
30.7014 30.7014 3
64.4303 64.4303 3
55.7956 55.7956 1
34.2982 34.2982 1
31.8058 31.8058 2
35.1501 35.1501 2
33.4148 33.4148 2
34.5715 34.5715 3
35.6129 35.6129 2
51.4075 51.4075 1
33.249 33.249 3
42.5615 42.5615 2
62.8478 62.8478 3
38.9091 38.9091 3
138.056 138.056 2
31.0521 31.0521 3
31.4923 31.4923 3
96.9141 96.9141 2
68.4573 68.4573 3
85.3622 85.3622 2
144.741 144.741 1
73.1963 73.1963 3
56.4941 56.4941 2
30.1316 30.1316 3
49.0241 49.0241 2
311.957 311.957 2
31.0929 31.0929 2
80.5542 80.5542 2
35.7706 35.7706 2
34.7045 34.7045 2
34.7515 34.7515 3
145.824 145.824 3
35.6782 35.6782 3
58.8054 58.8054 1
31.5043 31.5043 3
173.102 173.102 2
58.839 58.839 3
31.7865 31.7865 2
68.6874 68.6874 3
31.2845 31.2845 2
35.5933 35.5933 3
51.2953 51.2953 2
57.374 57.374 3
134.489 134.489 3
41.7086 41.7086 3
30.5453 30.5453 3
42.1454 42.1454 1
30.365 30.365 3
67.3356 67.3356 2
35.2908 35.2908 3
99.593 99.593 2
37.1505 37.1505 1
39.7596 39.7596 3
56.656 56.656 3
50.6854 50.6854 3
69.8831 69.8831 3
30.0621 30.0621 2
41.4578 41.4578 1
65.9185 65.9185 3
30.535 30.535 2
37.2822 37.2822 3
38.9357 38.9357 3
39.7004 39.7004 3
43.2398 43.2398 3
33.1659 33.1659 3
59.8849 59.8849 3
39.2387 39.2387 2
32.1076 32.1076 2
32.1389 32.1389 2
32.0351 32.0351 3
77.8422 77.8422 1
57.0609 57.0609 2
33.8921 33.8921 1
36.0473 36.0473 3
73.6037 73.6037 3
36.3311 36.3311 3
55.1418 55.1418 1
41.0911 41.0911 3
52.2319 52.2319 3
60.5893 60.5893 3
38.7237 38.7237 1
42.2078 42.2078 3
79.5757 79.5757 3
45.264 45.264 3
39.4357 39.4357 1
48.5222 48.5222 1
74.5894 74.5894 1
89.4198 89.4198 3
58.3321 58.3321 3
30.9602 30.9602 3
73.0361 73.0361 2
30.1837 30.1837 1
62.6393 62.6393 1
43.3855 43.3855 3
30.7887 30.7887 3
114.04 114.04 3
36.5048 36.5048 2
65.1453 65.1453 3
43.9101 43.9101 3
39.7822 39.7822 1
36.8045 36.8045 3
194.514 194.514 1
52.5889 52.5889 3
30.8894 30.8894 2
40.4206 40.4206 1
31.0509 31.0509 3
30.7814 30.7814 1
102.956 102.956 2
32.301 32.301 3
31.4126 31.4126 3
161.541 161.541 2
64.8386 64.8386 1
49.9691 49.9691 1
49.5604 49.5604 3
33.8736 33.8736 3
39.4898 39.4898 3
36.7328 36.7328 2
31.3195 31.3195 3
30.9232 30.9232 3
34.4238 34.4238 3
57.7936 57.7936 3
35.3352 35.3352 3
31.5791 31.5791 1
31.2869 31.2869 3
34.2951 34.2951 3
35.4186 35.4186 3
44.9504 44.9504 3
38.8162 38.8162 2
82.6467 82.6467 3
31.606 31.606 1
75.2739 75.2739 3
66.7011 66.7011 3
55.9088 55.9088 3
47.2811 47.2811 1
61.4321 61.4321 3
42.0624 42.0624 1
31.5866 31.5866 3
54.4964 54.4964 1
41.0186 41.0186 3
270.01 270.01 1
35.1781 35.1781 2
33.2122 33.2122 3
39.6572 39.6572 2
57.1268 57.1268 1
37.6326 37.6326 1
48.1399 48.1399 2
42.476 42.476 3
66.4285 66.4285 2
182.318 182.318 3
38.3661 38.3661 3
44.875 44.875 3
51.8977 51.8977 2
49.5769 49.5769 3
48.9806 48.9806 3
31.597 31.597 1
32.4221 32.4221 3
31.976 31.976 1
33.2091 33.2091 3
31.1327 31.1327 2
33.5501 33.5501 1
33.1695 33.1695 1
53.6481 53.6481 3
41.6167 41.6167 2
49.645 49.645 3
57.0796 57.0796 3
66.1585 66.1585 3
49.0118 49.0118 3
49.4769 49.4769 2
124.354 124.354 3
40.4541 40.4541 1
75.9918 75.9918 3
35.8202 35.8202 2
53.3587 53.3587 3
30.5262 30.5262 3
120.962 120.962 3
30.1463 30.1463 2
40.9544 40.9544 1
34.6665 34.6665 3
51.8947 51.8947 2
50.0938 50.0938 3
98.837 98.837 1
37.7984 37.7984 3
102.04 102.04 3
47.3513 47.3513 1
39.9246 39.9246 1
46.4195 46.4195 1
32.852 32.852 2
32.9464 32.9464 3
54.1774 54.1774 1
71.1932 71.1932 3
35.8068 35.8068 3
44.5985 44.5985 3
32.0675 32.0675 3
34.4466 34.4466 3
45.5181 45.5181 3
37.7523 37.7523 2
159.966 159.966 3
49.5063 49.5063 1
32.0696 32.0696 1
38.87 38.87 1
44.5488 44.5488 1
48.9869 48.9869 3
54.6886 54.6886 3
39.8531 39.8531 1
65.1471 65.1471 3
30.2137 30.2137 3
59.1818 59.1818 1
31.0699 31.0699 3
32.5152 32.5152 3
32.6719 32.6719 1
31.1766 31.1766 2
105.184 105.184 2
41.5059 41.5059 3
40.8063 40.8063 1
45.7496 45.7496 1
34.984 34.984 2
30.8076 30.8076 3
44.0849 44.0849 3
35.9997 35.9997 2
41.2097 41.2097 3
42.4891 42.4891 1
112.869 112.869 2
45.6587 45.6587 3
74.7561 74.7561 2
43.373 43.373 3
227.619 227.619 3
53.437 53.437 3
68.7014 68.7014 2
31.9439 31.9439 3
74.958 74.958 1
31.0924 31.0924 2
41.2004 41.2004 3
53.7278 53.7278 1
40.5863 40.5863 3
30.2726 30.2726 3
44.6842 44.6842 3
43.774 43.774 1
35.1654 35.1654 3
30.6586 30.6586 3
184.514 184.514 3
32.1662 32.1662 3
103.318 103.318 3
69.7655 69.7655 1
30.6575 30.6575 3
36.0685 36.0685 3
32.2368 32.2368 1
30.5939 30.5939 1
102.165 102.165 3
44.112 44.112 2
38.6645 38.6645 3
47.5954 47.5954 1
37.6138 37.6138 3
61.9365 61.9365 1
88.3174 88.3174 2
41.8811 41.8811 3
128.337 128.337 3
36.6086 36.6086 3
38.1207 38.1207 1
39.6499 39.6499 1
166.571 166.571 3
65.4401 65.4401 2
30.4504 30.4504 3
58.6268 58.6268 3
37.0865 37.0865 2
100.804 100.804 1
45.3512 45.3512 1
69.0326 69.0326 2
46.3728 46.3728 2
30.3375 30.3375 3
52.889 52.889 2
74.5506 74.5506 2
72.7956 72.7956 3
44.3274 44.3274 3
63.3169 63.3169 3
42.3931 42.3931 2
65.5316 65.5316 3
37.0367 37.0367 3
30.0385 30.0385 3
52.8163 52.8163 1
61.6444 61.6444 3
36.2044 36.2044 2
38.2317 38.2317 1
36.0753 36.0753 3
76.9466 76.9466 1
44.1702 44.1702 3
30.9417 30.9417 3
37.4725 37.4725 3
38.6051 38.6051 3
36.4834 36.4834 1
33.346 33.346 2
37.5396 37.5396 2
59.2901 59.2901 1
30.5153 30.5153 3
43.6971 43.6971 1
186.425 186.425 1
37.8509 37.8509 2
37.2012 37.2012 2
76.392 76.392 1
31.8388 31.8388 3
104.969 104.969 2
33.1818 33.1818 3
64.2546 64.2546 3
51.3292 51.3292 3
30.828 30.828 1
73.5157 73.5157 2
30.8316 30.8316 3
122.589 122.589 2
30.4199 30.4199 2
56.4432 56.4432 3
120.31 120.31 1
38.9454 38.9454 3
47.1167 47.1167 2
30.4783 30.4783 2
70.7538 70.7538 1
51.7203 51.7203 3
40.418 40.418 3
49.0909 49.0909 3
41.4952 41.4952 3
68.5004 68.5004 3
64.031 64.031 3
35.9241 35.9241 3
32.8692 32.8692 2
68.884 68.884 3
52.3413 52.3413 2
50.1065 50.1065 2
52.3183 52.3183 2
46.9463 46.9463 2
32.8728 32.8728 3
36.2633 36.2633 3
33.7654 33.7654 3
442.537 442.537 2
109.245 109.245 2
57.5765 57.5765 1
33.3741 33.3741 1
36.7922 36.7922 3
31.1693 31.1693 3
40.2365 40.2365 1
39.4763 39.4763 3
54.9634 54.9634 3
63.7017 63.7017 2
63.6868 63.6868 1
37.0747 37.0747 1
45.1013 45.1013 3
36.7752 36.7752 3
63.3226 63.3226 3
30.4823 30.4823 2
51.8906 51.8906 3
76.3055 76.3055 3
37.9731 37.9731 2
68.4075 68.4075 3
36.4965 36.4965 1
36.1294 36.1294 3
58.9705 58.9705 2
63.1408 63.1408 3
74.3624 74.3624 3
32.5642 32.5642 2
35.951 35.951 3
44.4253 44.4253 1
49.922 49.922 3
47.8087 47.8087 2
170.551 170.551 3
34.8931 34.8931 3
35.3564 35.3564 3
62.1189 62.1189 3
77.5854 77.5854 3
32.9526 32.9526 3
58.591 58.591 1
107.858 107.858 3
30.6609 30.6609 3
42.76 42.76 1
47.5197 47.5197 1
31.5418 31.5418 3
55.1353 55.1353 3
37.7069 37.7069 1
36.3652 36.3652 3
30.5242 30.5242 1
59.2206 59.2206 3
53.1816 53.1816 3
40.5105 40.5105 1
33.0423 33.0423 3
50.7458 50.7458 1
31.952 31.952 3
34.6488 34.6488 2
32.998 32.998 3
52.738 52.738 1
57.4729 57.4729 3
41.4163 41.4163 3
57.0242 57.0242 2
30.1177 30.1177 1
44.6138 44.6138 2
50.5133 50.5133 3
31.955 31.955 2
124.259 124.259 1
44.9167 44.9167 1
39.3422 39.3422 3
31.1615 31.1615 3
31.3893 31.3893 3
47.0502 47.0502 3
85.6735 85.6735 3
41.4498 41.4498 1
75.9659 75.9659 3
44.7573 44.7573 3
39.3264 39.3264 2
37.816 37.816 1
35.0666 35.0666 3
47.1011 47.1011 1
36.4365 36.4365 3
31.3263 31.3263 2
31.4039 31.4039 1
79.1965 79.1965 1
46.1699 46.1699 3
35.9734 35.9734 1
39.9361 39.9361 1
72.5365 72.5365 2
96.9987 96.9987 1
31.9276 31.9276 3
76.9468 76.9468 3
106.586 106.586 2
33.245 33.245 3
49.2365 49.2365 3
32.7316 32.7316 3
34.0967 34.0967 3
35.7606 35.7606 3
46.7969 46.7969 1
46.1675 46.1675 3
88.2845 88.2845 1
54.9366 54.9366 1
30.5258 30.5258 2
33.1957 33.1957 2
60.9634 60.9634 1
30.3312 30.3312 3
130.25 130.25 2
35.7169 35.7169 3
33.4073 33.4073 3
53.9425 53.9425 3
40.1903 40.1903 2
36.8824 36.8824 1
53.7757 53.7757 3
35.181 35.181 3
32.034 32.034 3
53.2699 53.2699 1
32.1413 32.1413 2
43.6155 43.6155 2
34.3568 34.3568 3
44 44 3
30.9574 30.9574 2
75.554 75.554 3
98.2596 98.2596 1
37.1625 37.1625 2
37.0613 37.0613 3
30.3742 30.3742 3
48.8588 48.8588 3
32.1526 32.1526 3
111.884 111.884 3
30.4889 30.4889 3
41.6224 41.6224 1
34.1009 34.1009 3
47.0606 47.0606 3
60.4095 60.4095 3
47.609 47.609 3
94.6235 94.6235 2
35.9432 35.9432 1
32.5387 32.5387 3
31.5534 31.5534 3
83.2996 83.2996 2
39.6989 39.6989 3
31.2875 31.2875 1
39.636 39.636 3
43.2199 43.2199 1
67.9246 67.9246 3
40.2664 40.2664 1
36.3842 36.3842 3
51.4676 51.4676 3
36.9047 36.9047 3
53.8121 53.8121 2
57.9008 57.9008 3
34.6528 34.6528 2
32.9997 32.9997 1
49.0941 49.0941 1
34.627 34.627 2
32.1778 32.1778 3
45.2393 45.2393 3
51.464 51.464 2
33.5574 33.5574 2
31.5964 31.5964 2
34.3624 34.3624 3
32.6704 32.6704 1
46.9014 46.9014 3
38.8165 38.8165 3
83.6043 83.6043 3
42.0403 42.0403 3
34.6135 34.6135 3
38.0367 38.0367 2
34.4005 34.4005 1
32.3247 32.3247 2
30.0166 30.0166 3
41.6737 41.6737 2
32.4136 32.4136 3
203.868 203.868 3
74.8387 74.8387 1
37.5487 37.5487 3
40.9778 40.9778 2
32.5567 32.5567 1
30.7776 30.7776 3
54.9176 54.9176 3
75.4473 75.4473 1
126.998 126.998 1
91.3348 91.3348 2
31.9952 31.9952 3
45.2169 45.2169 3
31.104 31.104 3
31.7449 31.7449 1
38.565 38.565 1
38.3079 38.3079 3
30.4408 30.4408 3
92.9692 92.9692 2
67.9353 67.9353 3
38.6104 38.6104 3
39.0394 39.0394 3
31.549 31.549 3
62.7979 62.7979 3
40.7636 40.7636 3
36.3707 36.3707 3
33.3821 33.3821 3
31.3827 31.3827 2
35.9834 35.9834 3
43.8892 43.8892 3
38.6892 38.6892 3
34.0733 34.0733 1
30.5748 30.5748 3
32.4783 32.4783 1
35.1673 35.1673 1
47.0046 47.0046 3
39.187 39.187 3
44.2641 44.2641 2
35.0762 35.0762 2
41.1944 41.1944 2
38.5615 38.5615 3
31.1099 31.1099 3
30.7479 30.7479 3
34.3555 34.3555 2
32.3375 32.3375 3
69.8588 69.8588 2
31.9871 31.9871 3
63.3764 63.3764 1
40.6094 40.6094 3
45.6371 45.6371 3
44.2696 44.2696 3
163.327 163.327 3
35.0922 35.0922 1
38.6616 38.6616 2
42.5695 42.5695 1
31.3989 31.3989 2
143.861 143.861 2
33.236 33.236 2
33.1261 33.1261 2
42.9336 42.9336 3
76.3891 76.3891 1
38.6896 38.6896 3
35.6481 35.6481 2
50.9477 50.9477 3
55.9484 55.9484 2
33.6318 33.6318 1
42.2964 42.2964 2
33.592 33.592 3
211.061 211.061 1
102.395 102.395 3
45.3261 45.3261 1
35.9562 35.9562 3
34.4417 34.4417 2
61.9026 61.9026 3
31.8694 31.8694 3
55.4994 55.4994 1
40.6576 40.6576 1
120.708 120.708 3
40.0101 40.0101 2
201.606 201.606 2
67.8148 67.8148 3
39.5476 39.5476 3
35.3005 35.3005 3
73.3363 73.3363 1
43.4349 43.4349 2
44.9635 44.9635 3
30.4446 30.4446 3
156.59 156.59 1
32.6854 32.6854 3
30.0716 30.0716 1
66.4059 66.4059 3
31.8702 31.8702 3
31 31 1
71.785 71.785 1
63.3512 63.3512 3
30.5304 30.5304 1
44.5566 44.5566 1
32.4031 32.4031 2
43.2601 43.2601 3
37.6965 37.6965 3
36.9578 36.9578 3
40.4546 40.4546 1
35.1729 35.1729 2
56.5919 56.5919 3
32.8441 32.8441 3
35.9706 35.9706 3
49.5691 49.5691 3
49.904 49.904 1
40.9198 40.9198 3
30.4522 30.4522 3
57.405 57.405 1
41.9944 41.9944 3
34.6558 34.6558 3
30.0905 30.0905 1
49.9334 49.9334 1
33.9333 33.9333 1
77.9975 77.9975 1
36.8225 36.8225 1
43.4419 43.4419 3
140.847 140.847 1
48.821 48.821 3
31.0625 31.0625 3
38.4813 38.4813 2
34.5981 34.5981 3
35.3991 35.3991 2
31.3079 31.3079 2
45.969 45.969 3
31.0367 31.0367 2
34.7539 34.7539 3
349.464 349.464 2
134.222 134.222 1
69.956 69.956 3
39.9964 39.9964 2
150.085 150.085 2
30.1313 30.1313 1
122.361 122.361 1
38.8058 38.8058 3
54.3303 54.3303 2
45.2617 45.2617 3
34.7759 34.7759 3
37.9697 37.9697 2
71.9009 71.9009 3
30.0272 30.0272 3
61.9751 61.9751 2
33.8289 33.8289 3
37.8051 37.8051 2
63.0914 63.0914 2
51.0603 51.0603 3
34.2289 34.2289 3
144.521 144.521 2
64.9356 64.9356 3
39.1552 39.1552 3
35.0597 35.0597 2
43.4925 43.4925 3
58.2688 58.2688 3
31.3876 31.3876 3
43.6832 43.6832 3
280.482 280.482 3
41.7154 41.7154 1
35.373 35.373 2
50.453 50.453 3
44.8215 44.8215 3
171.017 171.017 2
33.3462 33.3462 1
55.7589 55.7589 3
45.1298 45.1298 1
54.5235 54.5235 3
59.3104 59.3104 2
78.0678 78.0678 3
108.556 108.556 2
45.5174 45.5174 3
38.216 38.216 1
64.9996 64.9996 2
52.6214 52.6214 3
43.5251 43.5251 1
46.3976 46.3976 2
70.1626 70.1626 3
55.1881 55.1881 3
49.2085 49.2085 3
34.6509 34.6509 1
38.3652 38.3652 3
36.1843 36.1843 2
50.0867 50.0867 1
30.6288 30.6288 2
42.6595 42.6595 3
35.5183 35.5183 1
90.5493 90.5493 3
36.328 36.328 2
40.3603 40.3603 1
30.4686 30.4686 3
47.0909 47.0909 3
61.4864 61.4864 3
36.8491 36.8491 1
40.943 40.943 3
58.0156 58.0156 1
76.1862 76.1862 1
85.0031 85.0031 3
33.3813 33.3813 2
106.771 106.771 2
81.8938 81.8938 1
72.7894 72.7894 1
72.2461 72.2461 1
39.796 39.796 1
37.7175 37.7175 3
136.214 136.214 3
50.9682 50.9682 3
32.1309 32.1309 3
38.1549 38.1549 2
59.6101 59.6101 2
30.4747 30.4747 3
37.1399 37.1399 2
78.1425 78.1425 3
48.8256 48.8256 1
46.2414 46.2414 1
31.4321 31.4321 1
40.3581 40.3581 1
54.1575 54.1575 2
175.465 175.465 3
59.9573 59.9573 2
125.194 125.194 2
66.875 66.875 3
46.0325 46.0325 1
31.2708 31.2708 3
45.6876 45.6876 1
34.332 34.332 3
133.559 133.559 1
35.8558 35.8558 2
37.1235 37.1235 2
32.0143 32.0143 2
75.5181 75.5181 3
35.1825 35.1825 3
31.5681 31.5681 2
46.266 46.266 3
32.1324 32.1324 3
34.3983 34.3983 3
40.3253 40.3253 3
33.019 33.019 3
32.2732 32.2732 3
35.9353 35.9353 2
46.188 46.188 2
33.1445 33.1445 3
33.226 33.226 3
79.6981 79.6981 3
44.0117 44.0117 1
45.9014 45.9014 3
41.8018 41.8018 3
37.1833 37.1833 2
120.855 120.855 3
64.0234 64.0234 3
30.9764 30.9764 2
42.5539 42.5539 3
33.8193 33.8193 1
40.8536 40.8536 2
32.1304 32.1304 1
41.8298 41.8298 3
44.4584 44.4584 2
33.2391 33.2391 1
47.2649 47.2649 1
78.6096 78.6096 3
31.5628 31.5628 3
35.5581 35.5581 3
64.4455 64.4455 3
37.4473 37.4473 2
62.124 62.124 3
33.579 33.579 1
82.2961 82.2961 2
30.4227 30.4227 2
36.7683 36.7683 1
30.2438 30.2438 3
174.947 174.947 3
34.4134 34.4134 3
32.2834 32.2834 3
30.0679 30.0679 3
55.7687 55.7687 3
90.773 90.773 3
61.8536 61.8536 3
32.6556 32.6556 3
32.0628 32.0628 3
41.7988 41.7988 2
35.5587 35.5587 2
51.7168 51.7168 2
54.2582 54.2582 1
31.1802 31.1802 2
43.0299 43.0299 3
41.1691 41.1691 3
35.0182 35.0182 3
79.2572 79.2572 1
30.4577 30.4577 2
44.5083 44.5083 3
54.7423 54.7423 3
67.0343 67.0343 3
39.9597 39.9597 1
42.1654 42.1654 2
45.4504 45.4504 2
64.7077 64.7077 3
46.8198 46.8198 1
35.683 35.683 2
35.6449 35.6449 1
41.6743 41.6743 3
47.1994 47.1994 1
46.0672 46.0672 3
32.9593 32.9593 3
34.3216 34.3216 2
82.5467 82.5467 3
45.0657 45.0657 1
48.8825 48.8825 3
37.6825 37.6825 2
32.2618 32.2618 1
75.2287 75.2287 3
34.36 34.36 3
38.0879 38.0879 1
44.4348 44.4348 3
37.8175 37.8175 3
136.853 136.853 3
34.8639 34.8639 3
31.4955 31.4955 3
41.0435 41.0435 3
31.5197 31.5197 3
64.9676 64.9676 2
44.8631 44.8631 3
45.4539 45.4539 3
43.6346 43.6346 3
143.247 143.247 2
32.6769 32.6769 1
32.693 32.693 1
48.3582 48.3582 2
31.1906 31.1906 2
38.3021 38.3021 1
31.8318 31.8318 3
30.3499 30.3499 3
32.8072 32.8072 3
136.731 136.731 3
38.5273 38.5273 1
125.921 125.921 3
38.3329 38.3329 3
79.2581 79.2581 3
80.7867 80.7867 3
63.4895 63.4895 1
105.277 105.277 3
32.9653 32.9653 3
39.394 39.394 1
35.2993 35.2993 3
73.3213 73.3213 3
35.8929 35.8929 3
38.5183 38.5183 2
59.7551 59.7551 3
34.8918 34.8918 3
54.9022 54.9022 3
73.9943 73.9943 2
39.6319 39.6319 3
50.11 50.11 2
38.2735 38.2735 3
41.3163 41.3163 3
42.4223 42.4223 3
34.1989 34.1989 2
59.3889 59.3889 3
31.2942 31.2942 1
45.0828 45.0828 1
97.4843 97.4843 1
59.7064 59.7064 1
41.616 41.616 3
33.9778 33.9778 3
44.278 44.278 3
55.9068 55.9068 3
30.1303 30.1303 3
40.1866 40.1866 3
30.7044 30.7044 1
79.4582 79.4582 1
30.9213 30.9213 2
30.0029 30.0029 3
36.1934 36.1934 1
45.1152 45.1152 2
32.2724 32.2724 3
115.402 115.402 2
58.1537 58.1537 3
36.4944 36.4944 2
43.604 43.604 1
30.8749 30.8749 1
136.269 136.269 3
72.472 72.472 3
46.7256 46.7256 1
55.8069 55.8069 3
41.7721 41.7721 3
63.7877 63.7877 3
47.7318 47.7318 3
82.1155 82.1155 2
48.6211 48.6211 3
32.2126 32.2126 1
218.332 218.332 3
34.7875 34.7875 2
32.2853 32.2853 2
60.5302 60.5302 3
160.645 160.645 3
46.1243 46.1243 3
33.348 33.348 2
84.0392 84.0392 3
35.4732 35.4732 3
30.2081 30.2081 1
40.5942 40.5942 3
35.601 35.601 1
42.925 42.925 3
151.42 151.42 3
76.4061 76.4061 3
76.2173 76.2173 1
51.8847 51.8847 3
34.2115 34.2115 1
34.5212 34.5212 3
31.9865 31.9865 3
34.382 34.382 2
68.7677 68.7677 3
36.1349 36.1349 3
30.5472 30.5472 1
32.9927 32.9927 3
39.1393 39.1393 3
103.37 103.37 2
31.7751 31.7751 2
31.0686 31.0686 3
43.5815 43.5815 3
32.1872 32.1872 2
34.9587 34.9587 2
69.8237 69.8237 3
50.7159 50.7159 3
36.1374 36.1374 3
38.8886 38.8886 3
90.1842 90.1842 3
36.0735 36.0735 1
244.188 244.188 3
33.7221 33.7221 1
47.6382 47.6382 3
39.0515 39.0515 3
54.5521 54.5521 3
38.6789 38.6789 1
57.645 57.645 2
44.0035 44.0035 3
59.4441 59.4441 2
62.1997 62.1997 2
60.4981 60.4981 3
52.9688 52.9688 1
36.2225 36.2225 3
47.3394 47.3394 2
32.2483 32.2483 3
52.1585 52.1585 3
43.27 43.27 3
76.2751 76.2751 3
60.0883 60.0883 3
45.339 45.339 2
65.4703 65.4703 3
41.1133 41.1133 3
30.7228 30.7228 3
42.3619 42.3619 1
32.7214 32.7214 2
48.9779 48.9779 1
48.262 48.262 3
42.1069 42.1069 3
40.8593 40.8593 2
36.4614 36.4614 2
62.9148 62.9148 3
34.6044 34.6044 3
30.1078 30.1078 3
41.6083 41.6083 2
30.7246 30.7246 1
36.1226 36.1226 3
31.8159 31.8159 3
53.7744 53.7744 1
68.6272 68.6272 3
50.6868 50.6868 1
65.8513 65.8513 2
35.3174 35.3174 1
49.7249 49.7249 1
31.5076 31.5076 3
58.235 58.235 2
56.3992 56.3992 2
30.783 30.783 1
51.489 51.489 3
30.0148 30.0148 3
35.4412 35.4412 3
61.6305 61.6305 1
57.0482 57.0482 3
33.4923 33.4923 2
33.382 33.382 3
30.0074 30.0074 3
37.3454 37.3454 3
31.4221 31.4221 2
145.001 145.001 2
80.1152 80.1152 1
89.8184 89.8184 3
44.6963 44.6963 2
85.5798 85.5798 3
31.3028 31.3028 3
86.0447 86.0447 3
37.3198 37.3198 3
75.8208 75.8208 2
31.7214 31.7214 3
30.2496 30.2496 3
46.7354 46.7354 3
59.322 59.322 3
123.855 123.855 3
31.819 31.819 3
39.6915 39.6915 3
38.3618 38.3618 3
33.9144 33.9144 2
33.8286 33.8286 2
52.1419 52.1419 2
38.0393 38.0393 1
46.4579 46.4579 3
30.1686 30.1686 2
40.5709 40.5709 3
43.9512 43.9512 3
57.7263 57.7263 3
41.6887 41.6887 2
40.9656 40.9656 3
46.0729 46.0729 3
182.884 182.884 3
32.8113 32.8113 3
32.9041 32.9041 1
30.3248 30.3248 3
33.7305 33.7305 1
37.8219 37.8219 1
42.3399 42.3399 2
33.8201 33.8201 2
38.2082 38.2082 1
39.235 39.235 1
44.2875 44.2875 1
42.6164 42.6164 1
31.6347 31.6347 3
33.1154 33.1154 1
62.4852 62.4852 2
36.6017 36.6017 3
37.1988 37.1988 3
57.1529 57.1529 3
43.5193 43.5193 3
43.8275 43.8275 2
103.54 103.54 2
38.2724 38.2724 1
37.2946 37.2946 2
116.234 116.234 2
34.9735 34.9735 3
49.5432 49.5432 2
37.8813 37.8813 3
57.9022 57.9022 2
69.032 69.032 3
39.5417 39.5417 1
30.3436 30.3436 3
35.5099 35.5099 3
31.0855 31.0855 3
107.071 107.071 1
41.8177 41.8177 2
38.8275 38.8275 3
113.881 113.881 1
37.3948 37.3948 3
51.861 51.861 3
62.4583 62.4583 3
82.2915 82.2915 1
41.301 41.301 2
42.4938 42.4938 3
52.1257 52.1257 3
59.9921 59.9921 1
40.7354 40.7354 3
34.7289 34.7289 2
75.5726 75.5726 2
71.2496 71.2496 2
41.2608 41.2608 3
53.0503 53.0503 2
34.8748 34.8748 1
30.0011 30.0011 1
52.8742 52.8742 3
49.3444 49.3444 3
30.6971 30.6971 2
51.4779 51.4779 3
56.1904 56.1904 2
34.9764 34.9764 2
44.9349 44.9349 3
41.9844 41.9844 3
32.3986 32.3986 3
35.9298 35.9298 3
183.571 183.571 2
31.7755 31.7755 3
41.1057 41.1057 3
32.7994 32.7994 3
43.2458 43.2458 3
39.2387 39.2387 2
32.6695 32.6695 3
32.405 32.405 3
30.0117 30.0117 2
34.529 34.529 3
82.6072 82.6072 1
45.3052 45.3052 2
51.8212 51.8212 2
41.488 41.488 3
52.7937 52.7937 2
34.9407 34.9407 3
31.691 31.691 2
105.819 105.819 2
32.9268 32.9268 2
91.7283 91.7283 3
43.1085 43.1085 3
43.6098 43.6098 2
43.3787 43.3787 2
39.3384 39.3384 3
78.3412 78.3412 3
64.4713 64.4713 3
72.6503 72.6503 3
43.1685 43.1685 2
32.3853 32.3853 3
72.4476 72.4476 3
39.0214 39.0214 2
87.4612 87.4612 3
36.9316 36.9316 2
78.0049 78.0049 3
69.6174 69.6174 3
133.042 133.042 2
30.0805 30.0805 2
88.0789 88.0789 3
38.4265 38.4265 3
30.7552 30.7552 2
38.7911 38.7911 3
37.2633 37.2633 2
33.5688 33.5688 2
31.7534 31.7534 3
49.7767 49.7767 3
48.4405 48.4405 3
41.206 41.206 2
64.4893 64.4893 2
41.8833 41.8833 3
32.1154 32.1154 2
30.6594 30.6594 2
71.1604 71.1604 2
30.2202 30.2202 2
54.1636 54.1636 2
35.6821 35.6821 3
95.9843 95.9843 3
40.6641 40.6641 3
36.7722 36.7722 3
86.3173 86.3173 3
42.1689 42.1689 3
47.4788 47.4788 3
32.094 32.094 3
47.5259 47.5259 3
37.9564 37.9564 2
45.5893 45.5893 2
42.0639 42.0639 3
38.3295 38.3295 3
51.4505 51.4505 3
33.0061 33.0061 2
33.4851 33.4851 3
255.426 255.426 2
87.991 87.991 2
65.4792 65.4792 2
32.3351 32.3351 3
31.0281 31.0281 2
33.8326 33.8326 3
47.447 47.447 2
60.9756 60.9756 3
56.857 56.857 3
42.1514 42.1514 3
48.1749 48.1749 3
37.8184 37.8184 2
33.2953 33.2953 2
49.2963 49.2963 3
35.7762 35.7762 3
214.573 214.573 2
47.7074 47.7074 3
41.3606 41.3606 2
42.3681 42.3681 3
36.0724 36.0724 3
40.6762 40.6762 3
61.8356 61.8356 3
40.2679 40.2679 3
30.2437 30.2437 3
36.3376 36.3376 3
58.275 58.275 3
90.1531 90.1531 2
36.9622 36.9622 3
50.094 50.094 2
78.7073 78.7073 3
56.6211 56.6211 3
30.3342 30.3342 2
36.0131 36.0131 3
56.9945 56.9945 3
30.5882 30.5882 3
80.5088 80.5088 3
131.058 131.058 2
40.27 40.27 2
34.1149 34.1149 3
30.0435 30.0435 3
35.7339 35.7339 2
38.835 38.835 3
388.023 388.023 3
32.5441 32.5441 3
32.8759 32.8759 2
69.4016 69.4016 3
31.7397 31.7397 3
93.018 93.018 3
69.3516 69.3516 3
32.8044 32.8044 2
33.9426 33.9426 2
43.4643 43.4643 3
30.8655 30.8655 2
49.0403 49.0403 2
46.6359 46.6359 2
64.9285 64.9285 2
30.5966 30.5966 3
47.2736 47.2736 3
97.6625 97.6625 3
35.6229 35.6229 3
35.5537 35.5537 3
42.2782 42.2782 3
67.0565 67.0565 3
63.1876 63.1876 3
64.6147 64.6147 3
36.032 36.032 3
41.0239 41.0239 3
73.1491 73.1491 3
174.511 174.511 3
62.685 62.685 3
53.0449 53.0449 3
36.4567 36.4567 3
41.0798 41.0798 3
31.2718 31.2718 3
35.718 35.718 3
50.2288 50.2288 3
76.9597 76.9597 3
30.7154 30.7154 3
58.1894 58.1894 3
54.006 54.006 3
54.2853 54.2853 3
31.6093 31.6093 3
31.2659 31.2659 3
52.1221 52.1221 3
34.6899 34.6899 3
30.5377 30.5377 3
133.208 133.208 3
44.0207 44.0207 3
48.8934 48.8934 3
48.1813 48.1813 3
75.3718 75.3718 3
67.4403 67.4403 3
75.1819 75.1819 3
78.7479 78.7479 3
146.54 146.54 3
64.0176 64.0176 3
39.4754 39.4754 3
53.2698 53.2698 3
41.4842 41.4842 3
60.9475 60.9475 3
38.4657 38.4657 3
52.7133 52.7133 3
30.6977 30.6977 3
37.7477 37.7477 3
34.2116 34.2116 3
36.5512 36.5512 3
49.8311 49.8311 3
33.5521 33.5521 3
50.4944 50.4944 3
60.011 60.011 3
37.2675 37.2675 3
44.9735 44.9735 3
54.0883 54.0883 3
32.6106 32.6106 3
35.7068 35.7068 3
30.121 30.121 3
30.628 30.628 3
36.7888 36.7888 3
30.5737 30.5737 3
214.975 214.975 3
75.2813 75.2813 3
37.8918 37.8918 3
31.1863 31.1863 3
40.5793 40.5793 3
37.5409 37.5409 3
230.229 230.229 3
45.4696 45.4696 3
67.3345 67.3345 3
46.3943 46.3943 3
46.5585 46.5585 3
38.0777 38.0777 3
51.0512 51.0512 3
40.0138 40.0138 3
