2.229409547586017848e-10
1.287834780652890795e-10
1.154096701138290436e-10
9.951105224528273017e-11
1.635824983695090758e-10
9.272481184228983784e-11
9.343659612094422492e-11
9.477890423552898611e-11
1.062865480236238774e-10
1.365636259062397536e-10
1.276457055822066172e-10
1.904042103517976367e-10
1.700185000123804492e-10
9.395127696067308374e-11
1.128368402773086746e-10
1.150703304387206410e-10
1.002473607159334190e-10
9.199893693725699915e-11
1.448093608604697281e-10
1.118372494598239705e-10
1.359583374186485201e-10
1.008031503021913465e-10
1.218847369387103734e-10
9.208972140664306439e-11
1.651939112686033448e-10
1.084861374973608946e-10
9.479507832316528740e-11
9.542525680379954007e-11
2.355140704060836745e-10
9.803964538452722511e-11
9.496460238431935205e-11
1.115094642544828380e-10
9.721323687439219157e-11
1.005688114218978363e-10
1.562073699595400273e-10
1.225252576038592288e-10
9.715071351474976461e-11
1.086712875853511658e-10
1.006749096387069767e-10
1.010350640719584591e-10
1.074727010307731674e-10
1.293462995388450324e-10
9.190400125307751425e-11
1.257511853225617014e-10
1.067738808406240430e-10
2.376026109199674069e-10
1.288857929124749094e-10
1.199239516058706861e-10
9.515978138417122110e-11
9.641954005015412637e-11
1.055775474162225094e-10
9.599490299928456890e-11
9.248934806563994205e-11
1.154891996027854758e-10
1.280504044114710312e-10
1.094176759941403927e-10
9.491282267613485969e-11
1.046823413369587125e-10
1.966722247871709677e-10
1.552509674125888259e-10
1.113015863497680268e-10
1.519308427750191399e-10
9.604852309738993269e-11
1.606673324520078928e-10
1.033510125474144937e-10
1.862351321716367224e-10
9.379151490379034723e-11
2.532700873986360181e-10
1.356768222139501663e-10
1.466013811709989433e-10
9.709591845459486596e-11
1.763460613068811748e-10
1.208133415723258300e-10
9.847695257128495236e-11
1.024740705400607352e-10
1.642081558622187899e-10
1.147431267705607759e-10
1.030289135833453888e-10
1.194322084339881437e-10
1.036025742635600309e-10
1.316495439340298137e-10
1.037752591251871675e-10
1.019466439957902668e-10
1.076554035592887059e-10
9.994968302154378253e-11
1.236480038561667514e-10
9.958427475630764076e-11
9.434526763609609172e-11
1.344151894198919955e-10
9.212094096984406572e-11
2.709500113671600562e-10
9.358806955990424911e-11
9.762303399818339644e-11
1.030787286114516473e-10
1.017758666366577834e-10
1.851001643456071270e-10
9.565249613101251696e-11
1.061707271349248739e-10
9.459987654172658780e-11
1.158581978136907967e-10
1.652989198830745152e-10
1.295587661573451214e-10
1.507853328765825242e-10
9.513955219978555394e-11
1.071210113454996768e-10
1.184089158880940461e-10
1.374899744038106076e-10
9.771262619064152579e-11
1.440573283877181906e-10
1.221913345551167227e-10
9.211785194665512397e-11
2.404564774234819045e-10
1.010595041903742568e-10
1.017971716506421642e-10
1.756873222965286186e-10
1.012349314051883150e-10
1.876198691963183834e-10
1.065706808340867871e-10
1.064322078079874911e-10
1.653502816651787407e-10
1.605299797106273564e-10
9.203815632959907975e-11
9.613501260702848926e-11
1.187410628219012624e-10
1.126030150073836659e-10
1.143563176835491970e-10
9.380495751735507396e-11
1.085926149511395145e-10
1.002965714991686256e-10
1.104404390310758025e-10
9.227251693462937081e-11
1.007022836474873906e-10
1.221865094641167870e-10
9.340303109938653281e-11
1.015033247456829961e-10
2.148056614009028827e-10
1.280499169086360503e-10
1.179743832892202738e-10
2.005075744848732639e-10
1.090002157519524388e-10
1.273067803121832107e-10
9.964788843586485388e-11
1.356162157587068973e-10
1.213253532502149059e-10
1.278258593249661045e-10
1.023836879079950616e-10
1.627434025593040755e-10
1.688040525090235175e-10
1.093237990834347415e-10
1.024325920943608471e-10
9.781448857366246182e-11
1.393067843785671816e-10
9.520465145649768453e-11
1.004321692052295078e-10
1.018168343550750828e-10
9.350594111957558618e-11
1.025451422900294374e-10
1.396180442785180068e-10
9.528360313013834683e-11
9.315071469139959487e-11
1.004403090175055151e-10
1.601836423129146242e-10
1.450513755428866540e-10
1.021283131626979503e-10
1.343101407214943850e-10
1.334650324828855336e-10
1.023292765082801712e-10
1.291761061227608418e-10
1.368295139681143310e-10
1.077077367754641503e-10
9.926216870078326549e-11
9.290489965924117121e-11
1.073343933455885268e-10
9.720517132146008365e-11
1.212454761520913928e-10
1.077428967368732069e-10
1.082097992243401328e-10
9.531043366243133706e-11
1.303278557142796225e-10
1.422030745572939785e-10
1.154059326497628139e-10
1.066067410230592170e-10
1.140354156627278373e-10
1.320908148801361961e-10
1.008811073475143992e-10
1.269874445412574301e-10
9.475067308063276792e-11
1.221628895077640970e-10
1.892599699178852860e-10
4.342721661120569296e-10
1.560959018999308000e-10
1.228350057656900394e-10
9.979956765286939390e-11
1.111863500957467172e-10
9.797404067515160590e-11
1.023863559360804175e-10
1.126252439393658104e-10
1.861200628458793369e-10
1.061717322523785030e-10
1.197674269441543855e-10
1.309333952357029787e-10
9.470942333015559466e-11
1.360616939096999256e-10
1.142614225494515375e-10
1.580891595167798787e-10
9.904860071852572425e-11
1.323231063769555736e-10
1.117533913043417723e-10
1.314786274200557925e-10
1.033417505010726346e-10
1.486636709121847611e-10
1.509164824633738927e-10
1.060095133948651223e-10
9.843814625731078948e-11
1.070575941622962195e-10
1.068311618051186320e-10
2.349227574112168246e-10
1.239038755540396040e-10
1.221740650388892929e-10
1.097439480818493713e-10
9.495621163224154690e-11
1.199640871247413235e-10
1.615961151495838033e-10
1.343109589534655237e-10
1.281956079813681494e-10
9.959065290982238284e-11
1.417370615294648131e-10
9.583985306748619057e-11
9.241706644324572830e-11
1.044436905967827533e-10
1.228221132401921508e-10
1.448616651110309828e-10
9.888292641543886866e-11
3.393575549005430300e-10
9.849581404887278673e-11
1.136644924030258592e-10
1.754783631472995313e-10
1.709985300340688767e-10
9.545347090392493415e-11
1.210588316010716423e-10
1.343418148043017001e-10
1.393310102698811683e-10
1.108495536303906008e-10
9.787170684811472795e-11
1.608293445465431605e-10
9.514698054064883230e-11
1.107091302647136547e-10
1.127131674263028351e-10
9.597812173766113177e-11
1.803110965734881007e-10
9.825912647564334534e-11
1.237389553585420068e-10
1.194087602417363085e-10
1.074225416383895776e-10
1.129795703349225779e-10
9.597561216947058081e-11
1.007600184479185928e-10
1.157195113498951996e-10
1.211178328468252020e-10
9.211996549862863505e-11
1.041246966873886607e-10
9.406643317137348964e-11
9.648357071961202158e-11
1.198916798036321301e-10
9.447161343359872456e-11
9.648653709308378992e-11
9.751187059989580930e-11
1.333676799707182771e-10
1.026800600114884500e-10
9.570974319033322354e-11
1.277869160959141598e-10
1.066174711614173655e-10
1.009594618778721390e-10
1.161351358896728430e-10
1.360420452813769244e-10
9.670037416066444931e-11
1.310448697409439901e-10
1.265504702271946081e-10
1.143288657521031201e-10
1.106073470126883107e-10
1.065416245823879309e-10
1.296806759874651514e-10
9.449228568976873163e-11
1.359450371295905649e-10
9.740864759781404354e-11
1.473640246646244925e-10
9.261078656339774811e-11
1.405421363744445320e-10
9.240636585764596787e-11
1.067064233898368930e-10
1.099245964865022420e-10
1.855120608716212668e-10
1.536110713166399090e-10
1.034412427430223652e-10
9.562968331924658484e-11
9.957394746413090812e-11
1.081193863530285022e-10
1.113047552495703343e-10
1.098740244089935738e-10
1.558601347637891660e-10
1.083895808848817496e-10
1.145222521817389382e-10
9.911129516034855978e-11
1.027570651442101846e-10
1.066088871263295479e-10
1.578055546877079589e-10
1.041444124249632796e-10
2.115560189203778432e-10
1.215348598815140612e-10
9.276828703397788457e-11
1.310669636184083984e-10
1.230160081116194948e-10
9.403721658092926848e-11
1.763027651615543848e-10
9.934635724364709175e-11
1.463519603593498096e-10
1.471259892369104129e-10
1.125484492012957250e-10
1.385943209813991020e-10
1.821726226504941657e-10
1.045722428665171695e-10
1.286031629750649740e-10
9.845885484908109749e-11
1.010815408444224414e-10
9.414255059611509749e-11
2.049768650073347841e-10
1.000613462486138535e-10
9.328764110095329370e-11
1.220885748726285320e-10
1.036024275650149278e-10
9.176934836093724418e-11
1.209804656719145292e-10
1.008470170159368846e-10
1.112474272922040698e-10
1.075695515744124565e-10
9.947609542272619598e-11
9.314733355228374542e-11
1.068368741430331195e-10
1.328206206951568829e-10
1.492901201010770769e-10
1.317943614742143944e-10
1.060169897164534528e-10
2.242005205439503793e-10
1.345489961580853356e-10
1.889913861401514830e-10
1.581221974850241901e-10
1.172395289438519170e-10
1.046487553231500168e-10
9.573819829738600017e-11
1.287724422401776416e-10
1.451570162419955162e-10
1.014181641218528133e-10
9.938743928483234821e-11
9.352134500908260941e-11
1.101871604311083486e-10
1.014960063765502893e-10
1.722578139710510048e-10
9.419964320224863486e-11
1.234426452391542883e-10
9.458144907989948297e-11
1.003866359054880866e-10
2.647586196238576369e-10
9.599756894473208600e-11
9.631466804267510856e-11
9.388205995306649898e-11
1.504920499626114067e-10
1.360332603854785625e-10
1.184367129192349019e-10
9.739053114602493558e-11
9.628839532478370002e-11
1.298673858022555887e-10
1.015245304735220811e-10
9.584315094598224174e-11
1.148563065909293816e-10
1.032018493594539758e-10
1.016607818885217478e-10
1.084331463935755219e-10
1.033091070229170628e-10
9.678806642055390455e-11
1.606737277464111680e-10
9.580404113593625871e-11
1.134715887198484828e-10
1.089393011014888228e-10
9.525139776264079453e-11
1.025332999918938486e-10
2.126336340977513040e-10
1.053464549693042376e-10
1.140479594024444749e-10
9.299781201861751467e-11
1.537066640036159602e-10
9.473972756335928359e-11
1.264787858360004279e-10
1.817155352306211938e-10
9.316971147647700417e-11
1.361790716404078333e-10
1.131759233688135939e-10
1.171706560575208845e-10
1.026797643090136296e-10
1.016111052052336138e-10
9.630544202886213496e-11
1.280758741757952623e-10
1.257823853583112520e-10
1.026889307392742798e-10
1.040193446850976236e-10
9.364946427506135630e-11
1.879293764547761129e-10
1.578401669887604966e-10
1.348876629097937963e-10
1.084143967740010238e-10
9.742103321834614217e-11
9.185967942182862011e-11
9.738201384630622656e-11
1.083819659221885696e-10
1.146409933822555309e-10
9.322893393380921675e-11
9.750212499043654308e-11
1.677933898793055875e-10
1.442337976990542554e-10
1.389069775517068453e-10
1.041379869137143957e-10
1.297320145017083966e-10
1.110660400576556769e-10
9.689108996318112796e-11
1.211043965971990490e-10
1.055984682985505214e-10
1.040358623324578332e-10
9.774242283033560118e-11
9.576161711509044372e-11
2.187180100106186695e-10
1.248227314424629629e-10
9.317792090250530407e-11
1.077722362774047811e-10
1.238679960406564322e-10
1.002668362213134418e-10
9.967990956059298443e-11
9.259460281587564581e-11
1.252213600374413917e-10
1.095710012474503230e-10
1.686728980746326583e-10
1.834880900342166883e-10
1.432669399432307022e-10
1.105725696011076040e-10
9.615098691223781067e-11
1.305561796262292681e-10
9.229215873857023730e-11
1.060428657296534552e-10
1.268332892157643453e-10
1.113134348752283998e-10
9.698500372229134191e-11
1.014311663680019852e-10
1.506262778004813329e-10
1.419474620541242953e-10
9.617165609603361601e-11
1.004053338837152986e-10
1.244149869328841450e-10
9.448401726220657863e-11
1.328265224207214987e-10
1.359305790021324143e-10
9.683538823379653712e-11
1.085721997701041834e-10
1.130586909736393264e-10
9.360442355296408009e-11
1.415141044545641568e-10
1.301504954483324792e-10
1.453060223766394031e-10
1.004624644716307478e-10
1.255472277565887128e-10
1.075351939889382581e-10
9.505654152902684332e-11
1.011341419835390709e-10
1.371438522774982656e-10
1.021860847118763521e-10
9.894723991726122163e-11
1.079973653943088032e-10
1.705796487960216213e-10
1.008045026079103265e-10
1.453291527274676915e-10
1.837921290214695768e-10
1.354567643863301132e-10
1.334365856401163211e-10
9.783839734368318567e-11
1.444385991620365846e-10
1.122390325891195074e-10
9.886260123934181895e-11
1.123888477855993926e-10
9.517510880711161592e-11
1.441510806437245843e-10
1.444876216048124144e-10
9.742954753328150245e-11
1.085653000874944807e-10
9.943413304218348477e-11
1.125585456202979241e-10
1.272619390643307893e-10
1.061883872724533929e-10
1.000014429594227097e-10
9.817812074021767133e-11
1.196186142878400195e-10
9.823177244178790616e-11
9.364064996742888415e-11
1.180455939054578297e-10
9.321252231170175501e-11
1.202689142330332141e-10
1.440220338160082343e-10
1.203188593896174472e-10
9.432838911001541520e-11
9.756259588329565578e-11
1.171187475349099777e-10
1.000571116935036188e-10
1.335972054419755437e-10
2.167180366083283773e-10
1.189226954406892857e-10
1.034384516360577770e-10
1.010233669704024201e-10
1.073153336147699999e-10
9.402891314971977808e-11
2.867801821611020377e-10
1.038225642931256835e-10
9.564463018201307014e-11
1.039337962477887547e-10
1.474351434738127298e-10
1.181302385081830672e-10
9.472767035058084861e-11
2.148048863406894447e-10
1.039386236967310684e-10
9.908475722476670677e-11
1.488070352433756409e-10
9.303988620070318260e-11
2.268697791946051953e-10
1.463971697242149476e-10
1.576743533434125962e-10
1.025896882197058581e-10
1.913924693487128971e-10
1.228825209304028274e-10
9.233483864466373429e-11
1.246788374366537531e-10
1.028536566028355976e-10
1.895446509652651887e-10
1.200417437360745630e-10
9.198249624356143952e-11
1.189453174523311210e-10
1.029507587996839806e-10
9.799699129323758118e-11
1.002071914665600538e-10
1.076932729085822614e-10
2.195155093401259345e-10
1.358082672352627116e-10
1.077994435180782106e-10
1.082803883134594252e-10
1.072437620628492183e-10
1.493039724462456742e-10
9.545835640345497219e-11
1.211688787053140238e-10
9.787864507972723658e-11
1.177900296802008526e-10
9.859375091327048051e-11
1.302005908193783008e-10
1.045153358829456979e-10
1.102396909121155574e-10
1.202198524822127362e-10
1.585858148045261186e-10
1.067823104000766897e-10
1.076861821568954938e-10
9.934818342778179429e-11
1.789161207800418097e-10
9.233759682791177193e-11
9.403609884871168648e-11
1.090127037857915804e-10
9.218871409194059635e-11
9.785166064990745015e-11
9.208289089264869579e-11
1.163209872678172490e-10
9.600054845416087644e-11
9.813813431018543238e-11
1.104679025132440228e-10
1.022502088455882372e-10
1.194572067657477403e-10
1.390207760468423695e-10
9.202936985326904442e-11
1.194521556584266380e-10
9.746499104820016090e-11
1.028645809133585004e-10
1.099647053090164880e-10
1.237633164056349443e-10
1.389268385966782327e-10
9.807320289347478678e-11
1.401031760906326910e-10
2.027513648894480646e-10
1.011919606260821963e-10
1.688442425835653383e-10
1.186905372155837912e-10
1.179916657910929158e-10
9.695546989587866892e-11
1.341434811463456999e-10
1.228487817637770717e-10
9.806935506534332596e-11
1.850524843157757426e-10
9.522407888014892633e-11
9.312817173510410446e-11
1.107841343365144693e-10
1.198258217465641581e-10
1.387247073592402975e-10
9.618371132509512605e-11
9.867308018432268613e-11
1.376344343295708390e-10
1.260581863987286642e-10
1.049470645439350442e-10
1.245135666665425207e-10
1.135912904441720657e-10
1.583753556643915849e-10
1.806558871098091668e-10
1.218834643997404655e-10
1.356902613540107752e-10
1.006118644859846677e-10
2.238852761033948385e-10
1.183048547066696694e-10
1.026351046807781468e-10
1.275261317300372134e-10
1.659430992143914983e-10
9.242452378608822749e-11
1.104744207453080459e-10
1.918712398083785420e-10
1.008187759780807203e-10
1.419618279782811989e-10
1.017205745848721470e-10
1.077061770284429467e-10
9.782821746018637047e-11
9.736064029689255225e-11
9.427837494128674147e-11
1.356618755953304461e-10
9.286196476179146749e-11
1.413453992292699042e-10
1.037080035155733657e-10
1.125309832539359082e-10
1.049973872672328686e-10
1.290401005305248558e-10
9.398930334003442858e-11
2.162399819460203359e-10
9.644265785029881871e-11
1.263651511388511818e-10
9.600729125568914637e-11
9.738557570548243786e-11
9.693681289637624661e-11
1.257895653603172773e-10
1.076199347976565200e-10
9.897182520023477916e-11
9.335917189036964484e-11
1.237860412286148615e-10
9.256627530054255472e-11
9.659296150210662836e-11
9.619717404419329879e-11
1.356449575288392823e-10
9.256676097899219197e-11
9.357395822301238136e-11
1.389383001262896593e-10
1.687092856176736244e-10
9.670333471417193233e-11
9.240133945077047496e-11
1.267035735285492574e-10
9.452964472951655779e-11
9.503471105164471705e-11
9.927572225009759709e-11
9.621673901086693309e-11
1.489588204889892012e-10
9.526971178698633518e-11
1.197479133938547888e-10
1.122298685031013148e-10
1.594849711927422157e-10
1.137852328373743496e-10
1.075133250690315815e-10
1.009839180058639833e-10
1.613140284532070961e-10
1.185819998001742670e-10
1.106415608646539115e-10
1.167959094661520607e-10
1.004201091629035206e-10
1.030278816884151744e-10
9.912684899091106349e-11
9.773624801394461939e-11
1.766507137157269139e-10
1.410739840526707349e-10
9.647248514398047648e-11
9.539750844712167260e-11
9.632639491016884295e-11
1.244728436515663726e-10
1.157215088277728676e-10
1.105876733179183741e-10
1.304211941928110492e-10
1.199429238783657109e-10
9.370762051005219446e-11
1.375025712808783870e-10
9.515456640759014636e-11
1.151024441164907575e-10
2.511093708402366350e-10
1.005029963795265687e-10
1.125143338147204886e-10
9.667247873602701160e-11
1.060786517763918267e-10
9.846130894808997174e-11
1.019097403803754685e-10
1.016018537462637955e-10
1.348955814809454999e-10
1.301318705651387135e-10
1.125854200629326780e-10
9.438983971986295016e-11
1.195999851425893329e-10
1.167454408888963401e-10
1.237379506891853505e-10
1.690421044914157928e-10
1.167998721588585409e-10
1.097523171772673471e-10
1.318658865669829595e-10
1.253874279259645768e-10
9.641188511514978612e-11
9.183506620841367226e-11
2.014055831298305421e-10
9.389517145065875534e-11
9.764574778954783742e-11
1.318096911387133978e-10
1.182806885235008322e-10
9.209346173836565163e-11
1.047378611662814021e-10
1.106711961520498035e-10
1.123102712894033084e-10
1.456592819988490849e-10
1.092654227361707328e-10
9.546686610600235017e-11
1.004552305077520307e-10
9.808659230578618786e-11
1.574497082589100093e-10
9.275245055300072426e-11
1.044399032674578447e-10
9.191344981271568229e-11
9.276505529121020297e-11
9.624866156230287863e-11
1.120606940183988090e-10
9.584739092958379160e-11
1.348573822684906399e-10
1.045952308415635051e-10
9.617995399292634907e-11
1.050592828235738944e-10
1.956207037388036706e-10
1.153513269006291432e-10
9.602391127603718600e-11
9.588475850297605348e-11
1.338444433974697574e-10
1.091483077834819833e-10
9.929810490463392753e-11
1.029286300941506515e-10
1.001722962106071848e-10
1.142245227062368877e-10
1.204831127935793925e-10
9.831043573467040662e-11
1.505790085441800830e-10
1.041463108050845629e-10
1.092973441193885206e-10
9.836832254070519895e-11
1.276591484525344358e-10
9.422658422217476681e-11
9.620140037179149508e-11
1.323523545334148520e-10
1.114553935911748478e-10
1.356199246736956479e-10
9.353498201678560711e-11
1.046961510310312337e-10
2.172949373404728200e-10
1.109931363188194838e-10
1.393243315370221352e-10
1.117532540118215674e-10
9.532968444247474933e-11
1.321891082882232650e-10
9.362606470032007739e-11
9.565155224701757766e-11
9.771648630719930554e-11
1.469511579128310900e-10
1.296093027816812617e-10
1.161684517326483462e-10
1.015694678335265230e-10
1.068851327325884250e-10
1.049569277206329338e-10
1.151971338233195205e-10
1.145375710103604109e-10
1.402657607442723570e-10
1.534655042277305292e-10
1.015448365518658167e-10
2.092736730632924602e-10
1.002204821008991787e-10
9.841789416999182648e-11
1.069342284155736371e-10
1.089129048568405931e-10
1.686782608809032628e-10
1.002079466575667488e-10
9.357010935341291475e-11
9.728239046908181687e-11
1.554672829975168256e-10
1.047124298866145535e-10
1.293206863591741207e-10
9.976879309505280037e-11
9.689031219900753212e-11
9.471878522919388589e-11
1.467497522208915737e-10
9.251267507622091812e-11
1.047239109619632535e-10
9.841513223918951256e-11
1.229508589725382863e-10
1.004006596748081497e-10
1.069532048905870610e-10
1.393837510992481170e-10
1.180759517080118195e-10
1.228499191710969907e-10
1.036542008644436450e-10
9.677545423192496504e-11
1.342185880832548388e-10
1.152673046971568038e-10
9.247930290610015492e-11
1.090814357249232213e-10
9.748773705657555745e-11
1.065980131469443406e-10
1.330657033421861824e-10
9.796248657054911094e-11
9.679071324053392512e-11
1.449229210453463013e-10
1.059196176354160546e-10
1.129427123897904862e-10
1.054749104037011061e-10
1.738013951337930206e-10
1.252494448790518642e-10
1.302044343717209964e-10
1.551501290316574093e-10
1.370385686856080819e-10
1.088754069499483556e-10
2.718179226928695134e-10
1.117025829928168905e-10
1.419017944657141467e-10
9.316439915763976849e-11
9.525392401813850451e-11
1.154698553973915282e-10
9.972162974920014675e-11
1.126861833457665376e-10
1.633959974676042523e-10
1.177502957495906344e-10
1.266221191061253984e-10
1.110134375904299793e-10
1.032760132050118390e-10
1.875448227295988759e-10
1.124686050013052034e-10
1.008256866588400198e-10
1.315800581481850841e-10
9.226878295478167772e-11
1.154797279668230874e-10
1.327550961252890684e-10
1.921781644497298553e-10
1.381133392479476183e-10
1.080566235366607922e-10
1.168707844703432647e-10
1.191595199264968725e-10
1.097565015155800801e-10
1.741075187290312212e-10
1.897261668175444468e-10
1.192892543740934966e-10
9.941679623209620685e-11
1.289472204015326261e-10
1.302002304812561785e-10
1.007134118772880653e-10
1.050636302579033332e-10
9.264217597867262645e-11
1.078216866409756001e-10
1.322991826265598756e-10
1.728704325516789690e-10
1.426005500925282923e-10
1.009657639525841320e-10
1.471726090029680738e-10
9.999342321754839807e-11
1.017307109452210082e-10
1.335553924221999426e-10
1.221073795796267015e-10
1.201269606121190616e-10
1.000817606534603019e-10
9.228241945830627889e-11
1.165338464039055925e-10
1.127423256838183163e-10
2.152733515700517509e-10
1.136819411238907738e-10
1.412894977299002155e-10
9.608644898551129808e-11
1.157843473954915769e-10
1.269630117144824046e-10
2.168064640197839887e-10
9.206434869089675745e-11
1.024850302466075757e-10
1.085345988884532963e-10
1.280671004033579624e-10
1.075962359654539460e-10
3.021245640121310277e-10
1.204274403784044600e-10
1.267132908602960327e-10
1.410687212916772890e-10
1.076949746282013539e-10
1.963043756985245416e-10
1.138903330849858403e-10
1.179119121363560211e-10
9.896816065226669925e-11
9.482187125293781076e-11
9.729324026729512086e-11
1.280996338356126239e-10
1.063129403028446613e-10
1.058460692283694975e-10
1.028151181563362693e-10
1.229538898348170812e-10
1.084888146381561993e-10
9.359384184296625346e-11
1.091540540231894334e-10
1.362239890940843416e-10
1.379340346059231608e-10
1.156577077929031065e-10
1.017199783008572329e-10
1.117625895670202113e-10
9.583891079824918830e-11
9.791117193892896362e-11
1.880173519793881167e-10
1.059665155891774550e-10
1.082946424216029070e-10
1.032025853409076026e-10
9.894754535728954018e-11
1.979470748233360609e-10
1.362758185832456150e-10
9.340656475653298816e-11
1.438740660933452880e-10
9.711501442173358971e-11
1.162642379789186670e-10
9.397332750981236335e-11
1.077824396968786707e-10
1.279721394080309278e-10
9.300522860066570179e-11
1.026577323786396573e-10
1.037799465472944852e-10
1.139212525993144985e-10
1.056097207903758745e-10
9.463386379234056742e-11
1.013003301458476697e-10
2.049324492687518812e-10
1.497542007968988173e-10
9.662103294658342257e-11
9.532605545725759670e-11
1.028421406898738507e-10
1.216217104903096610e-10
1.196395690422882807e-10
9.877744026150177936e-11
1.067520184221257066e-10
1.327840248739005771e-10
1.005746832438310053e-10
1.504174336576600730e-10
1.020856715997504003e-10
4.182555781519806131e-10
9.782605797179811605e-11
1.267581789299016639e-10
1.366363008769988212e-10
1.267601463078865281e-10
9.568851494748036120e-11
1.580560141348040293e-10
1.020981536702000870e-10
1.104316993971327389e-10
1.339634022241963784e-10
2.017849291169940174e-10
9.252223118461943231e-11
1.075783523859745037e-10
1.438851820477611543e-10
1.117956703800247379e-10
9.251040739828293615e-11
9.507299058466279384e-11
1.861534481426044624e-10
1.141307447856792300e-10
9.648934726802901926e-11
1.159870380129045872e-10
9.839119266394345808e-11
1.170291118361705594e-10
9.804087703038554968e-11
1.355563972452150327e-10
1.519603279704169128e-10
9.537385370388663825e-11
1.189561070858168127e-10
1.251219003513061538e-10
1.907630793176020927e-10
9.483819742320207251e-11
9.648950338675957713e-11
9.847449881340405733e-11
9.429048241071879913e-11
1.824356646686912530e-10
9.859145290155714244e-11
9.635656630744133207e-11
1.179641698603888849e-10
1.181420086690559534e-10
1.025142017649160057e-10
1.075154553297224259e-10
9.235057554605489205e-11
1.055310756522420749e-10
9.178158184778941054e-11
1.636059085520714116e-10
1.379190738285288927e-10
1.411505545890235221e-10
1.146256866481098525e-10
1.003422914195537457e-10
9.216840298439697516e-11
9.906950272306818091e-11
1.145743826189177772e-10
9.540460386936205714e-11
1.335886323572249135e-10
1.100689562170944881e-10
9.184631402201451023e-11
1.090985426837563882e-10
1.321243770001362958e-10
1.158189491177500274e-10
9.947548738289508226e-11
1.001437376333475426e-10
1.215395800321019920e-10
9.405302326339958245e-11
1.276524271722068852e-10
1.001757711068026057e-10
1.607559473966046586e-10
9.274081407957646726e-11
1.224577256534682199e-10
9.549837774320762131e-11
1.925818990055133524e-10
1.055485407440674277e-10
9.202823081185329542e-11
1.078257948039917473e-10
9.360009479811994288e-11
1.016619750610842482e-10
2.010165758664361371e-10
1.342597526053428658e-10
9.613078372568936557e-11
9.415531134857396382e-11
1.030700346065254080e-10
9.764698378160317095e-11
9.220236095673960577e-11
1.401169188510862820e-10
9.670676262442043326e-11
9.299974682904577310e-11
1.195869173520196293e-10
1.413104071558040019e-10
1.073349622472570297e-10
9.226748414818919029e-11
1.125514509221571143e-10
1.063873528710389728e-10
2.369710545695471566e-10
1.112260605047490222e-10
1.462274359100723247e-10
9.474892821722747496e-11
1.056979731932692447e-10
9.254263625393929845e-11
1.539656457811434611e-10
2.000659085648381392e-10
9.684628183810249752e-11
1.068145945135860830e-10
1.099924119145748571e-10
9.950466962747391195e-11
1.196006320304593321e-10
1.201162630614753287e-10
9.236014632821636045e-11
9.428012742238399748e-11
1.031997885869510615e-10
1.023742010931788776e-10
1.024499259463481623e-10
9.244089567034096373e-11
1.300473684112517749e-10
1.044059576044811061e-10
1.205711398413446541e-10
1.362956685182231129e-10
1.306096125717785018e-10
9.735537371953778828e-11
1.171383802818297574e-10
1.183922088219810579e-10
1.005314656355790999e-10
9.351412471231691488e-11
9.930084533447068631e-11
1.421910652155086380e-10
1.164991657692935967e-10
9.395367397884273351e-11
1.076187996283937411e-10
1.260491662946373562e-10
1.035638395356443617e-10
1.370702645384776170e-10
1.304198749044767557e-10
9.205100929690625966e-11
1.305879302075294752e-10
1.467119955341215831e-10
9.331111491808500458e-11
9.891088666137120392e-11
9.469894973770057024e-11
1.082380396937156198e-10
9.263311607206178737e-11
2.047134776926295212e-10
9.881031970356683471e-11
9.616836807680303867e-11
1.335430577428468985e-10
1.085761422736304651e-10
1.869601312324294007e-10
9.679647374746174416e-11
1.113340982674637252e-10
1.545616713722666852e-10
1.313196768440961837e-10
1.118915700536374565e-10
9.948080762115835222e-11
1.010257664724601795e-10
1.057877456572105073e-10
9.552232050394291344e-11
1.097258131256982870e-10
1.106807499747277381e-10
1.230561431307779940e-10
9.975135554617787650e-11
9.729587505851724409e-11
1.258811408287111501e-10
1.089015302811461641e-10
1.038391093265791740e-10
1.729305967375187311e-10
1.336277358067879732e-10
1.268598328055516961e-10
1.669791149245564375e-10
9.774643627795851843e-11
1.394027606785538809e-10
9.971738257383678173e-11
1.021039484633321720e-10
1.145215802622468890e-10
1.213850073940605981e-10
9.631294799705279136e-11
9.751295339278341780e-11
1.394364744725610257e-10
1.274506445626212079e-10
1.269930917450750525e-10
1.347028583605872281e-10
1.281711332407926478e-10
1.151793512636833270e-10
1.052167045206431779e-10
1.115127655364491271e-10
1.010959298599437123e-10
1.200091126761150848e-10
9.217685288083047808e-11
1.693564114583963018e-10
1.547329821471842733e-10
1.162626465280630526e-10
9.863403510681712424e-11
1.079472778610637249e-10
1.114497513091802271e-10
2.279374703899031268e-10
9.590296665180620514e-11
1.209534370547003100e-10
1.198101919506667984e-10
1.519510947109772211e-10
9.211460024537700090e-11
1.156299933677385425e-10
1.015064610482649542e-10
9.830122022924433640e-11
9.822839114334625276e-11
9.814290267149263718e-11
1.496276905689603408e-10
1.095007213749035659e-10
1.060819567819166967e-10
1.214055674382073862e-10
2.279227530855494287e-10
1.826108418013317782e-10
1.043023125907049730e-10
9.768328494306916047e-11
9.522344714857272863e-11
9.880359166668162984e-11
9.502933185449559173e-11
9.211508800697164207e-11
1.280128619401281408e-10
1.232701294296816007e-10
1.017709495407686530e-10
1.160156078754947532e-10
1.290702406958411685e-10
9.717305840953763180e-11
1.532067204765393455e-10
9.567797791898760644e-11
1.236262623033476206e-10
1.328274666755193149e-10
9.500338139588362801e-11
9.965335239271143641e-11
1.454012507457272792e-10
1.224573454564599967e-10
1.006502373698716110e-10
1.017065611018337291e-10
9.572829487330731767e-11
9.880787319108007782e-11
1.549094920851093908e-10
1.080287658524624884e-10
1.390919862709607204e-10
1.062185327888755474e-10
1.012710025578495320e-10
1.129228509787460277e-10
1.666663084175412240e-10
9.875021189418597146e-11
9.519485745635970775e-11
9.863005328030374521e-11
9.713162368877794616e-11
1.524837227781854023e-10
1.103152519156270081e-10
1.353748295097194299e-10
1.232092577741366843e-10
1.262414317214750734e-10
1.603532892818548914e-10
9.557758932585723506e-11
1.200753984768311139e-10
1.092430168922597436e-10
1.225303243538921342e-10
9.440352602050058403e-11
1.568336980418517121e-10
9.622831983090236217e-11
1.293938896072891429e-10
1.010734462355291120e-10
1.520145634590810049e-10
1.058663678734406835e-10
1.093173608249100064e-10
1.628506813566856414e-10
1.365750303979613703e-10
1.420781562455094650e-10
9.611652963032008560e-11
1.129126470106057970e-10
1.131535175129805153e-10
1.016806167911369911e-10
9.922469765481319286e-11
1.927839147987849009e-10
1.180681012069538893e-10
9.945481209330402341e-11
9.896251090819194308e-11
1.224327571898735639e-10
1.009273459601069146e-10
9.824007156076861116e-11
1.435362669117844186e-10
1.192404887109259777e-10
1.056317899393560553e-10
1.061879565679680773e-10
9.470593224528145585e-11
1.320519066891623485e-10
9.823300197960801467e-11
1.103911839816336868e-10
1.166373051716558606e-10
1.016248318185123775e-10
1.312230804320443773e-10
1.419806465279388060e-10
9.592054406367942088e-11
1.650767436018819725e-10
1.038626783551645221e-10
1.110421576503466874e-10
1.237140876938132410e-10
1.051120210663451677e-10
9.707060735272135696e-11
1.029393999174336470e-10
1.017928513687974964e-10
1.108409805095426617e-10
9.787309452886680029e-11
1.438006378935235573e-10
1.181596619867771634e-10
1.042874362936168209e-10
1.013263596378370824e-10
9.189781035656102696e-11
1.138133399351675689e-10
9.219293831040209365e-11
1.359125333713046338e-10
1.170608866528357695e-10
1.020152120148138118e-10
9.203148518317183330e-11
1.021162800139967393e-10
9.231974848368841619e-11
1.389547533512221478e-10
1.519847727530211726e-10
1.572523789231354402e-10
1.098340260029232122e-10
1.676322753472973073e-10
1.277157171425097541e-10
1.008629371039079957e-10
1.047345190779314653e-10
1.117038191106132802e-10
9.254247432444306556e-11
9.502047141951752620e-11
1.077282952300894934e-10
1.425839109038898614e-10
9.562748045085893158e-11
2.332556372098265756e-10
1.386290026358183453e-10
1.186407745408247315e-10
1.055704767807442121e-10
1.161226568875628751e-10
1.639501326308454541e-10
1.140138322094653352e-10
1.093754331140290914e-10
9.771247178320385511e-11
1.176066049157469692e-10
1.221120803604568678e-10
1.231648792403703851e-10
9.330130799284652516e-11
1.055909660544233492e-10
1.025059100925856613e-10
1.134910951749833564e-10
1.388040007538392480e-10
3.591519258332937761e-10
1.292626778450493316e-10
9.274049082596692491e-11
1.800046336808637402e-10
1.237864178523861106e-10
1.054701445383105095e-10
1.082779889457012366e-10
1.160887983646753951e-10
1.490036572181088775e-10
9.997723070260605281e-11
1.132169228247262947e-10
1.261263749410857309e-10
1.050665284600104975e-10
1.380883561046147656e-10
1.204297551537346046e-10
1.181408316991415712e-10
9.243716764257698889e-11
1.710999418491358155e-10
1.298904973801234311e-10
1.027470174356962017e-10
9.916999206896981575e-11
1.219872653798487833e-10
1.045926121814655189e-10
1.085947266747485942e-10
9.968870999892863190e-11
1.058898294398023743e-10
1.263747679481270239e-10
1.020193753677041628e-10
1.028391877099262029e-10
1.121343589036405226e-10
1.075515221382181121e-10
1.289835559732025933e-10
1.230112113366463840e-10
9.496254433536456849e-11
1.122529826273487847e-10
9.871241782412218357e-11
1.022539186558893783e-10
1.248160013380998134e-10
1.123717700283821916e-10
1.010768940086627703e-10
9.507441394355893647e-11
9.746236025779245099e-11
1.194336333324058556e-10
1.149956358085771243e-10
1.039994619949255724e-10
1.080735896049902117e-10
1.088397242923920014e-10
9.457684172356979473e-11
1.197012505121955040e-10
1.493930268270037665e-10
9.966276192617773598e-11
9.802594241111308753e-11
1.003775874025869330e-10
9.943915109886004077e-11
1.138427918185883967e-10
1.233912903357899450e-10
1.112839492910708868e-10
2.175035510740072677e-10
1.124664205315092600e-10
9.868303068910670040e-11
9.488985434331047053e-11
1.004342795823581353e-10
1.721294354158014582e-10
9.263910216868505661e-11
1.004026198501120140e-10
1.061995850525890206e-10
1.377022686708145940e-10
9.548215038648714203e-11
9.478144150701705365e-11
1.955155320178633464e-10
1.116795065965258304e-10
1.084602085110754640e-10
1.455891475744971401e-10
1.042369597221557286e-10
9.544480254368848636e-11
1.538751752655830112e-10
1.124605495849621530e-10
1.036684235590856665e-10
1.083004282742821100e-10
1.454826915090658260e-10
1.159794626445432654e-10
1.262981855960405244e-10
1.376276836128741239e-10
1.142293714559655749e-10
1.299290086825993741e-10
9.211427506972504252e-11
1.186263112812092563e-10
9.725836214710818468e-11
1.648034924708902852e-10
9.862515237764812525e-11
9.639922987259861726e-11
1.079477024171197996e-10
1.323685747569668031e-10
9.335354761093266402e-11
1.068434430012672212e-10
1.912672510748621188e-10
1.547693307535479542e-10
1.000258013662912419e-10
1.543062566688362893e-10
1.338215786433987899e-10
1.458143658205033436e-10
9.248659384269469486e-11
1.150530660961876816e-10
1.172621715656384172e-10
9.331561615555644195e-11
9.684130203775037815e-11
1.454231684497998212e-10
1.771733497511739151e-10
1.277544351169340829e-10
1.512839513794156555e-10
1.021116744065670068e-10
1.142431086023137557e-10
1.432463911071949952e-10
1.467187036467662324e-10
1.000345751729328996e-10
1.059598991871025951e-10
1.783742454827547950e-10
1.050556598413833474e-10
1.106562408937059508e-10
1.121789753943422692e-10
2.545509253836586208e-10
1.542080890159370095e-10
1.134439495513483933e-10
1.102831718027304149e-10
1.062898473721110996e-10
9.931256753738870884e-11
1.197556674555645217e-10
1.058604657817241819e-10
2.284145965165936342e-10
1.286383696943745841e-10
2.075003892724590951e-10
1.093947379228733223e-10
1.292782698711509175e-10
1.459958210376098583e-10
1.067670224643470230e-10
9.478952866327848554e-11
1.209338347988302307e-10
1.897624517560826541e-10
1.119562856846627968e-10
1.134951586505643351e-10
9.706315267596447037e-11
1.034757588828915061e-10
1.025290068632606557e-10
1.132550596608583236e-10
1.006446703336576678e-10
1.218595385030106352e-10
1.703618010499386702e-10
1.311749975500867463e-10
1.092271903419492666e-10
9.211899001837488617e-11
1.041068766921001663e-10
9.955708766451322684e-11
1.010211173919314437e-10
1.257374403006359428e-10
9.531327415540052956e-11
1.197731124883966728e-10
1.026053714615530089e-10
1.831346020938510843e-10
1.113992348680509297e-10
1.337756042789316594e-10
9.357989162560055851e-11
9.610572034691526050e-11
1.758932947155154961e-10
1.879441867383889506e-10
1.222837409713101689e-10
9.691939686163561907e-11
1.501182197944147803e-10
1.532970154988024130e-10
1.444614123108260904e-10
1.039179959520495110e-10
1.024466667854698301e-10
1.124337855935424796e-10
1.013229192934533249e-10
1.001908781251343916e-10
1.153956540774422084e-10
9.245775119732828800e-11
1.014722558348224067e-10
1.537955600710032942e-10
1.116752479959896014e-10
1.675265244515071787e-10
1.365995645101252361e-10
1.791197491626199876e-10
1.364942594318431789e-10
9.671050204162127302e-11
1.371459182051453884e-10
1.156453169653536052e-10
1.032792494542527640e-10
1.024887326184233268e-10
1.091867044581029730e-10
9.210094200307134573e-11
9.644234547991387565e-11
1.196937519445992135e-10
1.061911150320305412e-10
1.352868114385937335e-10
1.606877166764590924e-10
1.262026782088101353e-10
1.064942322713147359e-10
1.503316642837277746e-10
1.661849276738036677e-10
1.081843772869697194e-10
1.047233296681632990e-10
1.159241626297316413e-10
1.092263499380453291e-10
1.222841216405653422e-10
1.124458027689799166e-10
9.424810031374120473e-11
1.272585080170658734e-10
1.284101045256526848e-10
9.429717279709514501e-11
9.581692221431444984e-11
4.125305033531779543e-10
9.974892924105675457e-11
1.012144212127054666e-10
1.122897651607999117e-10
1.360094461972789644e-10
9.292281096815358653e-11
9.357652405912366313e-11
1.322618682321612248e-10
9.735397958380357269e-11
1.404623533932992105e-10
1.031183592510074701e-10
1.121938897147263050e-10
1.955929432118634626e-10
1.585534679387882176e-10
1.523738524440836864e-10
9.700676045453435086e-11
1.123061703257806740e-10
2.583574187446838956e-10
1.144628411667157354e-10
9.754141160548280573e-11
1.310676801220368747e-10
9.438904395129742846e-11
1.051173805254810577e-10
1.027968042731198904e-10
1.363143620742605433e-10
1.033767366440189907e-10
1.245806218187381884e-10
9.274065245289493953e-11
1.078944800024355070e-10
1.609671720916609534e-10
1.048113635170448577e-10
9.888751053636468338e-11
1.170569316927303138e-10
1.053234659248039721e-10
9.356930748814337146e-11
1.204969952469144221e-10
1.089054623507987475e-10
9.375918171519272021e-11
1.058709741840069722e-10
1.594892959155388276e-10
1.464517949591152068e-10
1.100649214080389644e-10
2.279742600136155407e-10
1.318726571172153265e-10
1.158685734903843518e-10
1.130759496913294121e-10
1.199078166547369604e-10
1.084172164469120438e-10
1.337950747022847985e-10
1.249600061384681129e-10
2.425718260066377913e-10
1.329935641387091545e-10
9.690306684168279022e-11
1.023704950972062969e-10
1.359874784199007558e-10
1.141722525237375210e-10
1.076735596079819969e-10
1.148032154205896065e-10
1.083221580860058576e-10
1.002888742738879726e-10
9.486656423911756991e-11
9.214727527714055402e-11
1.050210186115855591e-10
1.486322236352843315e-10
1.828893922798104497e-10
9.801023581829349326e-11
1.155705476423143604e-10
2.002159728039374665e-10
9.215588939259575799e-11
1.097604067720746473e-10
9.700116627406486891e-11
1.586476621123607478e-10
1.051518491704862229e-10
1.097825807450078032e-10
9.759320546677162624e-11
1.170805278892270927e-10
1.148512129151471070e-10
9.343290287925160848e-11
1.345352238788920122e-10
1.091009262540022293e-10
1.090913916996041362e-10
1.141036498194713202e-10
9.440861815430402005e-11
1.111480067458927704e-10
2.015916472215846250e-10
1.154131405213497697e-10
1.078498743848848896e-10
9.488335896693281518e-11
9.795416687684934062e-11
1.275055815619229019e-10
1.276806544691038398e-10
2.008390880964838636e-10
4.360994830517338568e-10
1.152452550224261948e-10
9.453806860001191059e-11
1.286161540221483107e-10
1.146455582023848274e-10
9.636860129399464563e-11
9.580042787839224542e-11
1.496270524651317063e-10
1.035284683528227600e-10
1.111165510410897762e-10
1.081629058018048128e-10
1.362594289395231482e-10
9.209752716556768092e-11
9.970782585049272265e-11
9.499515190651595157e-11
9.742103321834614217e-11
1.771219726853196084e-10
1.107167434058427715e-10
1.090730216052813323e-10
1.105451288727006597e-10
1.159365273765260435e-10
9.498882110556867781e-11
1.075718228119038677e-10
9.850102723312249033e-11
2.367277010358366215e-10
1.111608351259090945e-10
1.464197156329672840e-10
1.660927371861834554e-10
1.279533593309885562e-10
9.360554579414593408e-11
9.688642329619286341e-11
9.358085376797505313e-11
1.111787650993665853e-10
9.491757413781171723e-11
1.249185386818689827e-10
9.493816140059745931e-11
9.734592423526910529e-11
9.428697775683763660e-11
9.758284861887641380e-11
1.054100495818507047e-10
2.230939607478428639e-10
9.430513700126850657e-11
1.448581640873562482e-10
1.100227568669328704e-10
1.075631634939902827e-10
1.599374046790582524e-10
2.073781286467210458e-10
9.305277916856211507e-11
1.234603885434977521e-10
1.319915079500944804e-10
1.150428937944177402e-10
9.309821441962471494e-11
9.498660523801380051e-11
1.014419257447791487e-10
1.717460584192524228e-10
1.235198941184094641e-10
1.654673772129126994e-10
1.173340233921043410e-10
9.222526422172038071e-11
1.306406332405937766e-10
1.905531654178447695e-10
1.753275184283380114e-10
1.026371753705099110e-10
1.144705042835141259e-10
1.019261103622440849e-10
9.512121625000562823e-11
1.002924965619385607e-10
9.917136384087353760e-11
1.148833801817086081e-10
1.250660482823360856e-10
1.210795680944538345e-10
9.473338182927713953e-11
1.636119081690078696e-10
1.020864146175126653e-10
2.009048403046969171e-10
2.114004465410350577e-10
9.726781907426204433e-11
1.755671511417655069e-10
9.409452469883221434e-11
9.553444739885646847e-11
1.326993484502155661e-10
9.646889380299061203e-11
1.374978761992912859e-10
1.167061890357734359e-10
9.430099568854820433e-11
1.023977684806737693e-10
1.622150953431926629e-10
9.621313931834279080e-11
3.471674663240298838e-10
1.279298198544692203e-10
1.418965585790992330e-10
1.069416481400526533e-10
9.449657866208557166e-11
9.508073975752391700e-11
1.139832045494684398e-10
1.664843835091081927e-10
1.796922772198406102e-10
9.485436266382037580e-11
1.343870354719554869e-10
1.193377433469631771e-10
2.371132652996394950e-10
2.048872173154165745e-10
1.114419067457346971e-10
1.338617948784100069e-10
1.354672062259566123e-10
1.124116601266772482e-10
1.084255341081763810e-10
1.074042063218218262e-10
9.192175732678812211e-11
1.076878839745583526e-10
9.647420270049311937e-11
9.198347299026972920e-11
9.927252436755785367e-11
3.064387443160193148e-10
1.023071785498472768e-10
2.375962245720438130e-10
9.804703505661014829e-11
9.434940724842278748e-11
9.857015576313141759e-11
9.711749820849274725e-11
1.687611738656032482e-10
1.005527000107210870e-10
1.066181864703778861e-10
1.637501411090158137e-10
1.846910025777033607e-10
1.086076777936181569e-10
1.053145004533899165e-10
1.274986085249835885e-10
9.856663138795912202e-11
9.195090987447916616e-11
9.767849695511429507e-11
1.209949385410328934e-10
9.938211467332646860e-11
9.346886640771676116e-11
1.936554876446653744e-10
9.316552603529865518e-11
2.391804048561855412e-10
1.167468944394707078e-10
1.555736975326372035e-10
1.162393030585046452e-10
9.952001769864829939e-11
1.885522691302264516e-10
9.513417819002897125e-11
9.240198803284304730e-11
9.808582284264691185e-11
1.028090630753500148e-10
1.939260385640772298e-10
1.324845519579246908e-10
1.123713601343033242e-10
1.445295039744131213e-10
1.049450337892224887e-10
1.420690311078830635e-10
1.081766084301181002e-10
1.038509676216374534e-10
1.061921199806304993e-10
1.598505007074373011e-10
1.388223984254009138e-10
1.012018438215647487e-10
1.194372602794410738e-10
9.244883755171644895e-11
1.195644015937348369e-10
1.064799107223284421e-10
1.529639323798738066e-10
9.383791679353476466e-11
1.380141819217866293e-10
9.717057586547830072e-11
1.109476883619140831e-10
1.119159793704457143e-10
1.004255363387720694e-10
1.028493751772108512e-10
1.025030967132760572e-10
1.124081087709584866e-10
9.943443717313830657e-11
1.081504732371750585e-10
1.368268688262819412e-10
1.068587213698973062e-10
1.033448379305563294e-10
1.243025801412115854e-10
9.658890614788116681e-11
9.225806732192794306e-11
9.911937731924183838e-11
9.838766268006470851e-11
1.142474179974459267e-10
1.078093613300757217e-10
9.880068625409527205e-11
1.294402570733783204e-10
1.773118194186918420e-10
1.170428247160530257e-10
1.711664175077876261e-10
1.092208871747517403e-10
1.008758517863065625e-10
9.185560478512405095e-11
9.786091318786065509e-11
1.820562055339651600e-10
1.043485339424855122e-10
1.018263665916150269e-10
1.205377347384430048e-10
1.118618063241700634e-10
2.740166306555338442e-10
1.210608797881207984e-10
1.175570977163181481e-10
9.346613745738614728e-11
9.795339650356449031e-11
1.713569252545344012e-10
1.346277545667678323e-10
1.151766769867789762e-10
9.516309987543471998e-11
1.152934922430921579e-10
1.257046202913162040e-10
1.449592263687611902e-10
1.980436264594485351e-10
9.765439944648011231e-11
9.270719042205299938e-11
9.534546123397975503e-11
9.898129139969040766e-11
1.016563073822748204e-10
9.870354126745444111e-11
1.054848747861408766e-10
9.982609078107869389e-11
1.162862510938086992e-10
1.613795388736189918e-10
9.394472483796404989e-11
1.383515642275595228e-10
9.458939233655703514e-11
1.365221480004277654e-10
1.417735222836913584e-10
1.067194318608311684e-10
1.019162886492071055e-10
1.206124995547176964e-10
1.184485869059162515e-10
9.266029346652517471e-11
1.009929189567452297e-10
1.143154068161607670e-10
1.158220096038663235e-10
9.495431174924295054e-11
1.012136725967499031e-10
1.002174616376113845e-10
9.626555798658028913e-11
9.433842100537139463e-11
1.548763711836346305e-10
1.020416765129105048e-10
1.076680279706679950e-10
1.210936466582721312e-10
9.593498054385320102e-11
1.091234978075624374e-10
1.492263848219879519e-10
9.576334582246132686e-11
9.833331763792292268e-11
9.259282245254602907e-11
1.660835156747618086e-10
9.458891575761700460e-11
1.031785899794990908e-10
1.045672955089223449e-10
1.463168252210207608e-10
1.607168901592016006e-10
9.726673389397784939e-11
1.438798993116410695e-10
1.154011271831930356e-10
1.602674839777911839e-10
1.058763000120046884e-10
1.058764439500485559e-10
9.709622898440771692e-11
1.572904572441576664e-10
9.723634454374961958e-11
1.079104774507540605e-10
1.577485974115523748e-10
1.230369605256438356e-10
2.377196673589272929e-10
1.028130506027896423e-10
9.669476447335233620e-11
1.576413348698925930e-10
1.490779321040040670e-10
1.017858491919613680e-10
1.602921183175839934e-10
1.170619412891179094e-10
1.270215699467015797e-10
9.779165478124513160e-11
9.582807411933155016e-11
1.162280277547640136e-10
1.000843310979984436e-10
1.054372115911164738e-10
1.178212316082277459e-10
1.162174148298164304e-10
1.227578857641351923e-10
9.590249578950910028e-11
1.153320960202798180e-10
1.092096807582105124e-10
9.306180331610103532e-11
9.209053453354251994e-11
1.203431817752578804e-10
1.191246002606608355e-10
9.588836897983849354e-11
9.992000885644581725e-11
9.176983772780862651e-11
3.113804406106395241e-10
9.507393949266531560e-11
1.207082728592687581e-10
1.715240338669139629e-10
9.474892821722747496e-11
1.351641063622827294e-10
1.139342123076370027e-10
1.377024974049530031e-10
1.120394630003411363e-10
1.378857210301463454e-10
1.095909742102971513e-10
1.278119435011421910e-10
1.332074067337076652e-10
1.098408559012849203e-10
1.554471238880605275e-10
1.351801472204483697e-10
1.058215911546780282e-10
1.180453321705648642e-10
1.245590227697295053e-10
9.575485917880257201e-11
2.025964189188664139e-10
9.211785194665512397e-11
9.830859269405597018e-11
9.888842733823686385e-11
1.054962822707757092e-10
1.322075978481789063e-10
1.014413280278213329e-10
1.044012947849261654e-10
1.362088640982424100e-10
1.409461735549319463e-10
1.009666642208744406e-10
1.139760525610431208e-10
9.802625036150900175e-11
9.999584433100343922e-11
9.233727233950665670e-11
1.625627854954832328e-10
1.081703929931224589e-10
1.241725574982849338e-10
1.214908399431209210e-10
1.224705250167400199e-10
1.865098172432802047e-10
1.156145347211102171e-10
9.942516081281336137e-11
2.359235049393961974e-10
9.449594267695493925e-11
9.309918091629307593e-11
1.610305121680762732e-10
1.122497004018866391e-10
9.879609860832139885e-11
1.035368351058851676e-10
1.273162123671149216e-10
2.009344226560201461e-10
9.181191474022870225e-11
1.407684593873099942e-10
1.169845352633307575e-10
9.828693470171390066e-11
1.034250827889522050e-10
9.973649361670508182e-11
1.313904747169958384e-10
1.332736781601000443e-10
1.153875107436243836e-10
1.341830280130036787e-10
1.380414592522489778e-10
9.510113799919696037e-11
1.013444571579107209e-10
1.023918400249976280e-10
1.181305000784618175e-10
1.396973455440069413e-10
1.156938077759528104e-10
1.187197089334495052e-10
9.956453058673685801e-11
1.055391589843131439e-10
1.077854155350228433e-10
1.122405370779882019e-10
1.642054107153138899e-10
9.216856548879762782e-11
1.290361055884914380e-10
9.295975358631978456e-11
1.003694431397066112e-10
1.450925692180604385e-10
1.011687467695974920e-10
1.041356502781575348e-10
1.047407672542162044e-10
1.559002546277187036e-10
9.293216882891638026e-11
1.302328975914466596e-10
1.674527146347813525e-10
1.299267223529355999e-10
1.024471112218408821e-10
1.386662911578098620e-10
1.103391331057970473e-10
1.021043942047306832e-10
1.060668679799096474e-10
9.912578163941455422e-11
1.205095910769136919e-10
2.101459211283327393e-10
9.261661210675464531e-11
1.101379453408708714e-10
1.168344746766492085e-10
1.048546303671570419e-10
1.073167560850127755e-10
1.380323292902271302e-10
1.061351118849500243e-10
1.063317269649384549e-10
1.652685055667995859e-10
1.323369614719220513e-10
9.477636690460615626e-11
1.491051367817013172e-10
1.432856084239745522e-10
1.731277357006730753e-10
1.029849763368150783e-10
1.217072327140108702e-10
9.931348090495403026e-11
1.118826553776258440e-10
1.466455490846638889e-10
1.033827626225653137e-10
9.271818394547382046e-11
9.623927353836873973e-11
1.486712644500647270e-10
9.368423364561373206e-11
9.978592478500078416e-11
9.267210051791878304e-11
1.038432086243039341e-10
9.680628148803580363e-11
9.384799454972585269e-11
1.168879456645115571e-10
1.044149912988840820e-10
1.106788115763052417e-10
1.325285527020406690e-10
9.229621650660933212e-11
1.666083320702569734e-10
9.556956054988622962e-11
1.053133435697231609e-10
1.345686020208367195e-10
9.248416358637762743e-11
9.205361223830381888e-11
1.156221310062201716e-10
1.209740612640311742e-10
9.852479016181528021e-11
9.523118560771020516e-11
