Fracture Radii List After Isolated Fracture and Cluster Removal
Format: xRadius yRadius Family# (-2 = userPolygon, -1 = userRectangle, 0 = userEllipse, > 0 is family in order of famProb)
158.482 158.482 3
56.6385 56.6385 1
46.1135 46.1135 2
34.9247 34.9247 3
88.6912 88.6912 3
30.5926 30.5926 3
31.0344 31.0344 3
31.8756 31.8756 1
39.5158 39.5158 3
63.2233 63.2233 3
55.7039 55.7039 1
117.901 117.901 2
95.3464 95.3464 1
31.3557 31.3557 3
44.2048 44.2048 3
45.8596 45.8596 2
35.4108 35.4108 2
30.1451 30.1451 1
70.5696 70.5696 2
43.4734 43.4734 1
62.6989 62.6989 3
35.7798 35.7798 3
51.0833 51.0833 2
30.2009 30.2009 2
90.3364 90.3364 3
41.063 41.063 3
31.8858 31.8858 2
32.2844 32.2844 2
175.653 175.653 3
33.9627 33.9627 2
31.9928 31.9928 1
43.2348 43.2348 2
33.4279 33.4279 2
35.624 35.624 1
81.3419 81.3419 2
51.5878 51.5878 3
33.3876 33.3876 3
41.1945 41.1945 3
35.6945 35.6945 2
35.9343 35.9343 3
40.3467 40.3467 2
57.1035 57.1035 3
30.0868 30.0868 3
54.1638 54.1638 3
39.8562 39.8562 1
178.585 178.585 3
56.7229 56.7229 2
49.5533 49.5533 3
32.1162 32.1162 3
32.918 32.918 3
39.023 39.023 1
32.6467 32.6467 1
30.4471 30.4471 3
46.1731 46.1731 2
56.0355 56.0355 2
41.7266 41.7266 2
31.9601 31.9601 1
38.4049 38.4049 3
125.283 125.283 3
80.4106 80.4106 2
43.0838 43.0838 2
77.2165 77.2165 2
32.6809 32.6809 2
85.7508 85.7508 1
37.4942 37.4942 2
113.107 113.107 3
31.2558 31.2558 3
201.3 201.3 1
62.4557 62.4557 3
72.2159 72.2159 3
33.3523 33.3523 1
102.108 102.108 2
50.2446 50.2446 3
34.2473 34.2473 3
36.8999 36.8999 3
89.3283 89.3283 1
45.6154 45.6154 3
37.2754 37.2754 3
49.173 49.173 3
37.6655 37.6655 3
59.0249 59.0249 3
37.7833 37.7833 2
36.5446 36.5446 3
40.4754 40.4754 2
35.2139 35.2139 3
52.4777 52.4777 1
34.9729 34.9729 2
31.6027 31.6027 2
61.3712 61.3712 3
30.2201 30.2201 2
228.45 228.45 2
31.1288 31.1288 1
33.6926 33.6926 2
37.3092 37.3092 3
36.4299 36.4299 1
111.818 111.818 3
32.4287 32.4287 3
39.4351 39.4351 3
31.7628 31.7628 2
46.4501 46.4501 2
90.4441 90.4441 1
57.2795 57.2795 1
76.1285 76.1285 3
32.1034 32.1034 3
40.0995 40.0995 3
48.386 48.386 3
64.0298 64.0298 3
33.7506 33.7506 3
69.884 69.884 3
51.3245 51.3245 3
30.2182 30.2182 3
182.628 182.628 3
35.9506 35.9506 1
36.4442 36.4442 3
101.394 101.394 1
36.0677 36.0677 3
114.689 114.689 2
39.7141 39.7141 3
39.6174 39.6174 1
90.4968 90.4968 3
85.6134 85.6134 3
30.1692 30.1692 2
32.7361 32.7361 1
48.6408 48.6408 3
44.0332 44.0332 3
45.3275 45.3275 1
31.2642 31.2642 3
41.1386 41.1386 2
35.4434 35.4434 3
42.4609 42.4609 3
30.3134 30.3134 3
35.7127 35.7127 3
51.3207 51.3207 1
31.0135 31.0135 3
36.2472 36.2472 1
147.812 147.812 3
56.0351 56.0351 1
48.0536 48.0536 3
129.903 129.903 3
41.4286 41.4286 1
55.4269 55.4269 1
35.0148 35.0148 3
62.4034 62.4034 3
50.6446 50.6446 3
55.8514 55.8514 3
36.8389 36.8389 1
87.8401 87.8401 3
94.0734 94.0734 1
41.6595 41.6595 3
36.8719 36.8719 2
33.8166 33.8166 2
65.6254 65.6254 3
32.1446 32.1446 3
35.5333 35.5333 3
36.4574 36.4574 3
31.0776 31.0776 3
36.9479 36.9479 2
65.9006 65.9006 3
32.1946 32.1946 2
30.8566 30.8566 2
35.5387 35.5387 3
85.2674 85.2674 3
70.7909 70.7909 3
36.6668 36.6668 1
61.2813 61.2813 3
60.5603 60.5603 3
36.8022 36.8022 3
56.9627 56.9627 3
63.4543 63.4543 3
40.5123 40.5123 1
34.7611 34.7611 3
30.7041 30.7041 3
40.2494 40.2494 2
33.4227 33.4227 3
50.5821 50.5821 3
40.5371 40.5371 2
40.8671 40.8671 3
32.2116 32.2116 2
57.9187 57.9187 3
68.2069 68.2069 1
46.1107 46.1107 3
39.7393 39.7393 3
45.0893 45.0893 2
59.3964 59.3964 3
35.8317 35.8317 3
55.1665 55.1665 3
31.8578 31.8578 1
51.3021 51.3021 1
116.576 116.576 3
553.258 553.258 3
81.2331 81.2331 1
51.8326 51.8326 3
35.1148 35.1148 1
43.0002 43.0002 3
33.9201 33.9201 1
36.8407 36.8407 3
44.0495 44.0495 3
112.976 112.976 3
39.4358 39.4358 1
49.4321 49.4321 1
58.4243 58.4243 3
31.8318 31.8318 3
62.7883 62.7883 3
45.257 45.257 3
83.1889 83.1889 1
34.621 34.621 3
59.5924 59.5924 2
43.4123 43.4123 3
58.8813 58.8813 2
37.4879 37.4879 2
74.1324 74.1324 2
76.2527 76.2527 3
39.3229 39.3229 1
34.222 34.222 2
40.055 40.055 3
39.8963 39.8963 3
174.827 174.827 1
52.6815 52.6815 2
51.3109 51.3109 1
41.9602 41.9602 1
31.9875 31.9875 2
49.5844 49.5844 3
86.6826 86.6826 3
61.282 61.282 2
56.1547 56.1547 1
34.9771 34.9771 3
67.7884 67.7884 3
32.5479 32.5479 2
30.4025 30.4025 1
38.2409 38.2409 2
51.8224 51.8224 1
70.6174 70.6174 3
34.5125 34.5125 1
348.423 348.423 3
34.2596 34.2596 1
44.8147 44.8147 2
101.168 101.168 1
96.3795 96.3795 2
32.3023 32.3023 1
50.4362 50.4362 3
61.3084 61.3084 3
65.6468 65.6468 2
42.7563 42.7563 3
33.8537 33.8537 2
85.913 85.913 1
32.1081 32.1081 3
42.6548 42.6548 3
44.114 44.114 3
32.636 32.636 3
106.455 106.455 2
34.1054 34.1054 1
52.5501 52.5501 3
49.1549 49.1549 3
40.3114 40.3114 3
44.3097 44.3097 1
32.6344 32.6344 1
35.7511 35.7511 1
46.3459 46.3459 1
50.4823 50.4823 2
30.2195 30.2195 3
38.0222 38.0222 2
31.4278 31.4278 2
32.959 32.959 2
49.5283 49.5283 3
31.6821 31.6821 3
32.9609 32.9609 2
33.6207 33.6207 3
60.4775 60.4775 1
37.0391 37.0391 2
32.4651 32.4651 3
55.8195 55.8195 1
39.7468 39.7468 2
35.8839 35.8839 3
46.6585 46.6585 3
62.7713 62.7713 2
33.098 33.098 1
58.5176 58.5176 2
54.8111 54.8111 3
45.3071 45.3071 3
42.5813 42.5813 3
39.6938 39.6938 2
57.3806 57.3806 2
31.6951 31.6951 3
62.6874 62.6874 1
33.554 33.554 3
72.9219 72.9219 3
30.5221 30.5221 1
66.7208 66.7208 3
30.3959 30.3959 3
39.809 39.809 1
42.0898 42.0898 2
112.285 112.285 3
78.8254 78.8254 2
37.5556 37.5556 2
32.4142 32.4142 3
34.9661 34.9661 2
40.8031 40.8031 1
43.0861 43.0861 2
42.0535 42.0535 1
81.0032 81.0032 2
40.9945 40.9945 3
45.4509 45.4509 3
34.6621 34.6621 1
37.0912 37.0912 1
39.7408 39.7408 3
82.9093 82.9093 2
38.0357 38.0357 1
143.647 143.647 2
50.8087 50.8087 2
30.6195 30.6195 1
58.5361 58.5361 1
51.9759 51.9759 3
31.4095 31.4095 3
102.061 102.061 2
34.8164 34.8164 1
71.9857 71.9857 3
72.7012 72.7012 3
43.9932 43.9932 1
64.9975 64.9975 3
108.525 108.525 2
38.3292 38.3292 2
56.4899 56.4899 3
34.2355 34.2355 1
35.9653 35.9653 1
31.4755 31.4755 3
135.385 135.385 3
35.2877 35.2877 3
30.9417 30.9417 1
51.2436 51.2436 2
37.6654 37.6654 3
30.0042 30.0042 1
50.375 50.375 2
35.809 35.809 2
43.0445 43.0445 2
40.4149 40.4149 2
34.9017 34.9017 3
30.8545 30.8545 3
39.9003 39.9003 1
60.0132 60.0132 2
74.7192 74.7192 3
59.1467 59.1467 2
39.3281 39.3281 3
160.165 160.165 3
61.4858 61.4858 2
116.266 116.266 1
83.2215 83.2215 2
47.4939 47.4939 2
38.3818 38.3818 1
32.4832 32.4832 3
56.6294 56.6294 3
70.8876 70.8876 1
36.1902 36.1902 3
34.8434 34.8434 1
31.0872 31.0872 1
42.2785 42.2785 3
36.2423 36.2423 3
97.7146 97.7146 3
31.5113 31.5113 3
52.3144 52.3144 3
31.7512 31.7512 3
35.5031 35.5031 3
218.76 218.76 3
32.6484 32.6484 2
32.8509 32.8509 2
31.3124 31.3124 1
75.8511 75.8511 1
62.7637 62.7637 3
48.4073 48.4073 3
33.5423 33.5423 2
32.8341 32.8341 2
57.5356 57.5356 1
36.2614 36.2614 3
32.55 32.55 2
45.6998 45.6998 2
37.3928 37.3928 3
36.3527 36.3527 3
41.0254 41.0254 3
37.4657 37.4657 2
33.1543 33.1543 3
85.7572 85.7572 3
32.5251 32.5251 1
44.6722 44.6722 1
41.3852 41.3852 1
32.1742 32.1742 3
36.9399 36.9399 3
145.022 145.022 2
38.863 38.863 3
45.0986 45.0986 1
30.7617 30.7617 1
78.9174 78.9174 3
31.8509 31.8509 3
54.7529 54.7529 2
108.015 108.015 1
30.8684 30.8684 2
62.8899 62.8899 2
44.4542 44.4542 1
47.4416 47.4416 3
37.0389 37.0389 3
36.3194 36.3194 2
32.845 32.845 3
56.0564 56.0564 3
54.189 54.189 3
37.0451 37.0451 3
37.9501 37.9501 3
31.1671 31.1671 3
115.044 115.044 3
82.9434 82.9434 3
61.7763 61.7763 3
41.0121 41.0121 2
33.562 33.562 3
30.0596 30.0596 3
33.5368 33.5368 2
40.9891 40.9891 1
45.5393 45.5393 3
30.9052 30.9052 2
33.6144 33.6144 2
93.0201 93.0201 3
70.0446 70.0446 3
65.2727 65.2727 2
38.0313 38.0313 3
57.4232 57.4232 3
42.913 42.913 3
33.2205 33.2205 3
50.4718 50.4718 1
39.0375 39.0375 2
37.9614 37.9614 3
33.7699 33.7699 3
32.4981 32.4981 2
152.9 152.9 3
53.4164 53.4164 2
30.8735 30.8735 2
40.5578 40.5578 1
52.6529 52.6529 1
35.4237 35.4237 1
35.0359 35.0359 1
30.5121 30.5121 2
53.7367 53.7367 2
41.8363 41.8363 1
93.9364 93.9364 2
109.999 109.999 3
69.1668 69.1668 3
42.5562 42.5562 1
32.7463 32.7463 3
58.1091 58.1091 3
30.3255 30.3255 1
39.3461 39.3461 2
55.041 55.041 1
43.0924 43.0924 3
33.2809 33.2809 1
36.1989 36.1989 3
75.978 75.978 3
67.9772 67.9772 1
32.7595 32.7595 3
35.5155 35.5155 3
53.0897 53.0897 3
31.6899 31.6899 2
60.0182 60.0182 2
62.6749 62.6749 3
33.1847 33.1847 3
41.1241 41.1241 2
44.3679 44.3679 2
31.139 31.139 3
67.5886 67.5886 3
57.771 57.771 1
71.0241 71.0241 2
35.5534 35.5534 3
53.9992 53.9992 1
40.3907 40.3907 3
32.0509 32.0509 3
36.0004 36.0004 2
63.7279 63.7279 2
36.7057 36.7057 3
34.5546 34.5546 3
40.7168 40.7168 1
95.9373 95.9373 3
35.7807 35.7807 1
71.0453 71.0453 3
110.341 110.341 2
62.2659 62.2659 2
60.5361 60.5361 2
33.8321 33.8321 3
70.2312 70.2312 2
43.7667 43.7667 3
34.4992 34.4992 2
43.8763 43.8763 1
32.1259 32.1259 3
69.9693 69.9693 1
70.2759 70.2759 3
33.5675 33.5675 3
41.1192 41.1192 1
34.8741 34.8741 2
44.0006 44.0006 2
55.3903 55.3903 2
39.4474 39.4474 3
35.2481 35.2481 3
34.0527 34.0527 3
49.317 49.317 3
34.0876 34.0876 2
31.1616 31.1616 3
48.108 48.108 1
30.895 30.895 2
49.8209 49.8209 2
69.8519 69.8519 3
49.8597 49.8597 3
31.5921 31.5921 3
33.6535 33.6535 1
47.4022 47.4022 3
35.2849 35.2849 3
60.6728 60.6728 2
150.289 150.289 2
48.7804 48.7804 3
37.5537 37.5537 3
35.9265 35.9265 3
40.236 40.236 1
31.4043 31.4043 1
254.114 254.114 3
37.8156 37.8156 2
32.4237 32.4237 2
37.8916 37.8916 3
72.9879 72.9879 3
48.1727 48.1727 3
31.8433 31.8433 3
147.811 147.811 3
37.8949 37.8949 1
34.6447 34.6447 3
74.2665 74.2665 3
30.7878 30.7878 1
163.759 163.759 3
72.0274 72.0274 2
82.7801 82.7801 2
36.978 36.978 3
119.051 119.051 3
51.8702 51.8702 3
30.3518 30.3518 2
53.301 53.301 3
37.1566 37.1566 2
116.905 116.905 3
49.6446 49.6446 2
30.135 30.135 3
48.7978 48.7978 1
37.2224 37.2224 3
33.935 33.935 3
35.3842 35.3842 3
40.5021 40.5021 1
153.947 153.947 3
62.5692 62.5692 2
40.577 40.577 1
40.9171 40.9171 3
40.1857 40.1857 3
74.7322 74.7322 3
32.3054 32.3054 3
50.5222 50.5222 3
33.8582 33.8582 1
47.9129 47.9129 2
34.3235 34.3235 3
57.8127 57.8127 3
38.2901 38.2901 2
42.3163 42.3163 2
49.7828 49.7828 2
83.6796 83.6796 1
39.8621 39.8621 1
40.4971 40.4971 3
34.8176 34.8176 3
104.916 104.916 3
30.3535 30.3535 3
31.4088 31.4088 3
41.4375 41.4375 2
30.2618 30.2618 3
33.8407 33.8407 1
30.1967 30.1967 3
46.7986 46.7986 3
32.6503 32.6503 2
34.0267 34.0267 3
42.4807 42.4807 3
36.7489 36.7489 3
49.1923 49.1923 3
65.373 65.373 3
30.1638 30.1638 3
49.1884 49.1884 3
33.5904 33.5904 3
37.164 37.164 1
42.1186 42.1186 2
52.5695 52.5695 1
65.2902 65.2902 3
33.9845 33.9845 2
66.3306 66.3306 3
132.642 132.642 2
36.039 36.039 3
94.1154 94.1154 1
48.602 48.602 2
48.0668 48.0668 3
33.2619 33.2619 3
61.1388 61.1388 3
51.8435 51.8435 3
33.982 33.982 1
111.764 111.764 2
32.1569 32.1569 1
30.8426 30.8426 1
42.709 42.709 1
49.4773 49.4773 3
65.1122 65.1122 1
32.7672 32.7672 3
34.3753 34.3753 2
64.156 64.156 2
54.412 54.412 2
38.5872 38.5872 2
53.1686 53.1686 3
44.7606 44.7606 3
83.4715 83.4715 2
106.837 106.837 3
51.0823 51.0823 3
62.4673 62.4673 1
35.6526 35.6526 1
159.743 159.743 2
48.3063 48.3063 1
37.0087 37.0087 3
55.6061 55.6061 3
91.1061 91.1061 2
30.4071 30.4071 2
42.4854 42.4854 2
119.61 119.61 3
35.7902 35.7902 2
67.9901 67.9901 1
36.3928 36.3928 3
40.5112 40.5112 2
33.8255 33.8255 3
33.523 33.523 3
31.5607 31.5607 3
62.4428 62.4428 3
30.6775 30.6775 3
67.4376 67.4376 2
37.7374 37.7374 3
43.9804 43.9804 3
38.6219 38.6219 1
56.8503 56.8503 1
31.3795 31.3795 3
149.668 149.668 2
32.9328 32.9328 2
54.6607 54.6607 3
32.6546 32.6546 3
33.5391 33.5391 1
33.2499 33.2499 3
54.1948 54.1948 1
40.4504 40.4504 1
34.5707 34.5707 2
30.9862 30.9862 3
52.5876 52.5876 2
30.4946 30.4946 3
33.0291 33.0291 2
32.7758 32.7758 1
62.4282 62.4282 1
30.4949 30.4949 1
31.12 31.12 2
65.3003 65.3003 2
93.9744 93.9744 2
33.0999 33.0999 3
30.3928 30.3928 3
54.9355 54.9355 3
31.7186 31.7186 1
32.0371 32.0371 2
34.77 34.77 3
32.7883 32.7883 3
74.4086 74.4086 1
32.1858 32.1858 3
49.417 49.417 2
43.76 43.76 3
84.5714 84.5714 3
44.904 44.904 2
40.3753 40.3753 2
35.9002 35.9002 3
86.3991 86.3991 3
48.5187 48.5187 1
42.606 42.606 3
47.1575 47.1575 3
35.5253 35.5253 3
37.2747 37.2747 1
34.6723 34.6723 1
33.7659 33.7659 3
102.439 102.439 3
67.195 67.195 3
32.9519 32.9519 3
32.2668 32.2668 1
32.8584 32.8584 1
53.136 53.136 3
46.3474 46.3474 1
42.5671 42.5671 2
57.9965 57.9965 3
49.568 49.568 3
31.2034 31.2034 3
64.0408 64.0408 3
32.1129 32.1129 1
45.8836 45.8836 3
198.092 198.092 2
35.5803 35.5803 3
43.9682 43.9682 3
33.0801 33.0801 1
39.371 39.371 3
34.2371 34.2371 3
36.5198 36.5198 2
36.3132 36.3132 3
61.7831 61.7831 3
57.7555 57.7555 3
44.0203 44.0203 3
31.6307 31.6307 3
49.3026 49.3026 3
47.1193 47.1193 3
52.5493 52.5493 3
94.3223 94.3223 3
47.1605 47.1605 3
41.9662 41.9662 2
59.2069 59.2069 1
53.8704 53.8704 2
32.9131 32.9131 3
30.0445 30.0445 2
130.996 130.996 3
31.3206 31.3206 1
33.7073 33.7073 3
59.1596 59.1596 1
48.2878 48.2878 3
30.2032 30.2032 2
38.4431 38.4431 2
42.6274 42.6274 3
43.8188 43.8188 1
71.3482 71.3482 3
41.6178 41.6178 3
32.3108 32.3108 3
35.5486 35.5486 3
33.9932 33.9932 3
82.5591 82.5591 2
30.6097 30.6097 3
38.2383 38.2383 3
30.0926 30.0926 2
30.6175 30.6175 1
32.8087 32.8087 1
43.6364 43.6364 3
32.5527 32.5527 3
61.7503 61.7503 3
38.345 38.345 3
32.7648 32.7648 1
38.6646 38.6646 1
124.03 124.03 2
46.0698 46.0698 3
32.6652 32.6652 2
32.5765 32.5765 3
60.8835 60.8835 3
41.5342 41.5342 1
34.7847 34.7847 3
37.2074 37.2074 2
35.3611 35.3611 3
45.2296 45.2296 3
49.9874 49.9874 1
34.1388 34.1388 1
75.9333 75.9333 1
38.037 38.037 2
41.6406 41.6406 2
34.1765 34.1765 1
55.7149 55.7149 2
31.5282 31.5282 3
32.7785 32.7785 2
59.6171 59.6171 3
43.1955 43.1955 3
62.4066 62.4066 3
31.0957 31.0957 3
38.4144 38.4144 3
151.04 151.04 3
42.8602 42.8602 3
65.6409 65.6409 3
43.4122 43.4122 3
32.2238 32.2238 1
59.4793 59.4793 2
31.1525 31.1525 2
32.4281 32.4281 3
33.7531 33.7531 3
72.5393 72.5393 2
57.3214 57.3214 3
46.6836 46.6836 1
36.2915 36.2915 2
39.9341 39.9341 2
38.594 38.594 1
45.9544 45.9544 1
45.4623 45.4623 3
66.475 66.475 3
78.6854 78.6854 3
36.275 36.275 2
140.755 140.755 2
35.393 35.393 3
34.2088 34.2088 1
39.9685 39.9685 1
41.3664 41.3664 2
93.942 93.942 2
35.3847 35.3847 3
31.1176 31.1176 1
33.4725 33.4725 2
80.6208 80.6208 1
38.4256 38.4256 3
57.0823 57.0823 2
35.0945 35.0945 3
33.22 33.22 3
31.8377 31.8377 1
72.353 72.353 2
30.4615 30.4615 2
38.4335 38.4335 3
34.207 34.207 2
51.9243 51.9243 3
35.5124 35.5124 1
39.9818 39.9818 1
65.6934 65.6934 3
48.1312 48.1312 3
51.8444 51.8444 2
37.7007 37.7007 3
33.1462 33.1462 1
61.203 61.203 3
46.0069 46.0069 2
30.4409 30.4409 3
41.4865 41.4865 2
33.6051 33.6051 3
39.7332 39.7332 3
60.221 60.221 1
33.9126 33.9126 2
33.156 33.156 2
70.6734 70.6734 3
39.2604 39.2604 3
44.2826 44.2826 1
38.9519 38.9519 3
99.3628 99.3628 3
53.7593 53.7593 3
57.8159 57.8159 3
80.3127 80.3127 3
63.6362 63.6362 2
41.3397 41.3397 3
229.824 229.824 3
43.3753 43.3753 1
67.9362 67.9362 3
30.8651 30.8651 3
32.1758 32.1758 2
46.1586 46.1586 2
35.0634 35.0634 3
44.0942 44.0942 3
88.5017 88.5017 3
47.8826 47.8826 3
54.8693 54.8693 3
42.8749 42.8749 3
37.4432 37.4432 2
114.603 114.603 3
43.9347 43.9347 2
35.7948 35.7948 2
58.9665 58.9665 3
30.3111 30.3111 3
46.166 46.166 3
59.9577 59.9577 3
119.969 119.969 3
64.5752 64.5752 2
40.7587 40.7587 3
47.2142 47.2142 2
48.9627 48.9627 1
41.9692 41.9692 3
99.6912 99.6912 3
117.115 117.115 3
49.0627 49.0627 3
34.8627 34.8627 1
56.7736 56.7736 3
57.8124 57.8124 1
35.7201 35.7201 2
38.6676 38.6676 2
30.5415 30.5415 3
40.5927 40.5927 2
59.5722 59.5722 2
98.3672 98.3672 3
68.5648 68.5648 1
35.8881 35.8881 3
72.7444 72.7444 1
35.2428 35.2428 3
36.3996 36.3996 3
60.6372 60.6372 3
51.2584 51.2584 3
49.7107 49.7107 2
35.3012 35.3012 3
30.3195 30.3195 3
46.9593 46.9593 1
44.1354 44.1354 2
148.416 148.416 3
44.8276 44.8276 3
67.3876 67.3876 1
32.7051 32.7051 1
46.3946 46.3946 1
55.1466 55.1466 3
150.404 150.404 3
30.1853 30.1853 3
36.9073 36.9073 3
41.0974 41.0974 2
56.0492 56.0492 3
40.4337 40.4337 3
280.203 280.203 3
49.9441 49.9441 3
54.9434 54.9434 3
67.1903 67.1903 2
40.5033 40.5033 2
124.844 124.844 3
44.9818 44.9818 2
48.0059 48.0059 2
34.5683 34.5683 2
31.9027 31.9027 2
33.4795 33.4795 2
56.0759 56.0759 1
39.5342 39.5342 1
39.2093 39.2093 2
37.1305 37.1305 3
51.9267 51.9267 1
41.0649 41.0649 1
31.1324 31.1324 1
41.5383 41.5383 3
62.9288 62.9288 2
64.4181 64.4181 3
46.2995 46.2995 1
36.3924 36.3924 2
43.419 43.419 3
32.5473 32.5473 3
33.8793 33.8793 1
115.145 115.145 2
39.293 39.293 2
40.9272 40.9272 2
37.3933 37.3933 3
34.5548 34.5548 3
126.81 126.81 2
62.9737 62.9737 2
31.0157 31.0157 3
69.7174 69.7174 3
33.3646 33.3646 3
46.7558 46.7558 3
31.3695 31.3695 3
40.565 40.565 3
55.9713 55.9713 3
30.7663 30.7663 3
37.024 37.024 2
37.7865 37.7865 2
45.0047 45.0047 3
39.0453 39.0453 1
31.7842 31.7842 2
36.1114 36.1114 2
135.33 135.33 2
75.1553 75.1553 1
33.0471 33.0471 3
32.2215 32.2215 1
37.1488 37.1488 3
50.8768 50.8768 3
49.3332 49.3332 3
34.4435 34.4435 2
39.8409 39.8409 3
59.9822 59.9822 3
35.6279 35.6279 1
75.7806 75.7806 3
36.6381 36.6381 3
515.617 515.617 2
33.8241 33.8241 1
54.9799 54.9799 1
63.2864 63.2864 3
54.9815 54.9815 3
32.4516 32.4516 3
83.1562 83.1562 2
36.6465 36.6465 2
42.4546 42.4546 2
60.985 60.985 1
131.459 131.459 3
30.4674 30.4674 2
40.4211 40.4211 2
69.7275 69.7275 3
43.4431 43.4431 3
30.4601 30.4601 2
32.0613 32.0613 3
113.014 113.014 2
45.16 45.16 3
32.9627 32.9627 1
46.547 46.547 3
34.1914 34.1914 1
47.3342 47.3342 2
33.9635 33.9635 1
62.3518 62.3518 1
77.2446 77.2446 1
32.2518 32.2518 2
48.8061 48.8061 2
53.6567 53.6567 2
118.318 118.318 3
31.913 31.913 3
32.9628 32.9628 2
34.2457 34.2457 2
31.5683 31.5683 2
108.819 108.819 3
34.322 34.322 3
32.8777 32.8777 3
48.0458 48.0458 3
48.1817 48.1817 2
36.927 36.927 3
40.3768 40.3768 2
30.3615 30.3615 1
38.9908 38.9908 1
30.0117 30.0117 2
88.715 88.715 1
64.405 64.405 2
67.2634 67.2634 3
45.5279 45.5279 1
35.4737 35.4737 1
30.2493 30.2493 1
34.6347 34.6347 1
45.4897 45.4897 3
32.2713 32.2713 3
60.6655 60.6655 3
42.1935 42.1935 1
30.0514 30.0514 2
41.4987 41.4987 3
59.4247 59.4247 1
46.4206 46.4206 3
34.9013 34.9013 1
35.3422 35.3422 2
50.8124 50.8124 1
31.4194 31.4194 3
55.7094 55.7094 1
35.3634 35.3634 3
85.8395 85.8395 2
30.6025 30.6025 3
51.5345 51.5345 3
32.3308 32.3308 1
120.442 120.442 3
39.0029 39.0029 2
30.1631 30.1631 1
40.5956 40.5956 3
31.1363 31.1363 2
36.3535 36.3535 2
130.522 130.522 2
61.2382 61.2382 1
32.7334 32.7334 2
31.4835 31.4835 2
37.3033 37.3033 3
33.7081 33.7081 3
30.2702 30.2702 3
66.3428 66.3428 1
33.1021 33.1021 1
30.7629 30.7629 3
49.2925 49.2925 3
67.4063 67.4063 1
40.2498 40.2498 1
30.3103 30.3103 2
43.9954 43.9954 3
39.5861 39.5861 2
177.696 177.696 3
43.029 43.029 3
71.8709 71.8709 3
31.8567 31.8567 1
39.1065 39.1065 3
30.48 30.48 1
79.1669 79.1669 2
129.367 129.367 3
33.1917 33.1917 3
39.8847 39.8847 1
42.1385 42.1385 3
34.9205 34.9205 1
49.3031 49.3031 1
49.7024 49.7024 2
30.3674 30.3674 3
31.5618 31.5618 2
37.3914 37.3914 1
36.8325 36.8325 3
36.8836 36.8836 3
30.4172 30.4172 2
57.6852 57.6852 2
38.215 38.215 2
50.0559 50.0559 1
62.9909 62.9909 3
58.1537 58.1537 3
33.5196 33.5196 1
47.4171 47.4171 2
48.3732 48.3732 2
35.5992 35.5992 3
31.0827 31.0827 3
34.7865 34.7865 2
68.1961 68.1961 3
46.9331 46.9331 1
31.3572 31.3572 1
40.4496 40.4496 2
54.4047 54.4047 2
37.6391 37.6391 2
63.6638 63.6638 3
57.9954 57.9954 2
30.1771 30.1771 3
58.1356 58.1356 3
72.3181 72.3181 1
30.9563 30.9563 3
34.5308 34.5308 3
31.8252 31.8252 3
40.8871 40.8871 2
30.5359 30.5359 3
135.059 135.059 3
34.465 34.465 1
32.7574 32.7574 3
60.6267 60.6267 3
41.1269 41.1269 1
113.934 113.934 2
33.1597 33.1597 3
43.1074 43.1074 3
79.7425 79.7425 1
58.7479 58.7479 3
43.513 43.513 2
34.9048 34.9048 3
35.9281 35.9281 2
39.1688 39.1688 3
32.346 32.346 2
41.9472 41.9472 2
42.6343 42.6343 3
52.0077 52.0077 3
35.083 35.083 1
33.4812 33.4812 2
54.2688 54.2688 3
41.3583 41.3583 3
37.8269 37.8269 2
98.4314 98.4314 3
60.6988 60.6988 3
55.0626 55.0626 2
92.1755 92.1755 1
33.7725 33.7725 1
65.7102 65.7102 1
35.0606 35.0606 1
36.6504 36.6504 1
45.4504 45.4504 3
50.6913 50.6913 2
32.8498 32.8498 3
33.6214 33.6214 3
65.74 65.74 1
55.5444 55.5444 3
55.1711 55.1711 3
61.6177 61.6177 3
56.1346 56.1346 3
45.9411 45.9411 2
38.7733 38.7733 2
43.2372 43.2372 3
35.9749 35.9749 3
49.6193 49.6193 3
30.2545 30.2545 2
94.6514 94.6514 1
79.9083 79.9083 3
46.7546 46.7546 3
34.3498 34.3498 3
40.6814 40.6814 2
43.1914 43.1914 2
165.207 165.207 2
32.5881 32.5881 1
50.3539 50.3539 1
49.4652 49.4652 3
77.2358 77.2358 3
30.2162 30.2162 3
46.2787 46.2787 1
36.2493 36.2493 1
34.1328 34.1328 2
34.0854 34.0854 3
34.0298 34.0298 2
75.0363 75.0363 3
41.786 41.786 2
39.3733 39.3733 2
50.7074 50.7074 3
165.187 165.187 2
109.015 109.015 2
38.1439 38.1439 3
33.7316 33.7316 2
32.1565 32.1565 2
34.4606 34.4606 3
32.0337 32.0337 3
30.2165 30.2165 3
56.0047 56.0047 2
52.1774 52.1774 1
36.4266 36.4266 1
46.5685 46.5685 1
56.8752 56.8752 2
33.402 33.402 3
78.4368 78.4368 3
32.4449 32.4449 3
52.4604 52.4604 3
60.019 60.019 3
32.0173 32.0173 3
35.0184 35.0184 3
71.1114 71.1114 3
51.5342 51.5342 3
35.6781 35.6781 2
36.3834 36.3834 3
32.4769 32.4769 3
34.4634 34.4634 3
80.0793 80.0793 3
40.739 40.739 3
65.4358 65.4358 1
39.4684 39.4684 3
36.0918 36.0918 2
44.268 44.268 3
91.852 91.852 3
34.4257 34.4257 3
32.1384 32.1384 2
34.3472 34.3472 3
33.3753 33.3753 1
77.7442 77.7442 3
42.3707 42.3707 1
62.1953 62.1953 3
52.1291 52.1291 3
54.5604 54.5604 3
85.4368 85.4368 2
32.3811 32.3811 1
49.6707 49.6707 1
41.6018 41.6018 3
51.5918 51.5918 3
31.6393 31.6393 3
81.9545 81.9545 3
32.7957 32.7957 1
57.1429 57.1429 3
35.9599 35.9599 1
77.2963 77.2963 2
39.2234 39.2234 2
41.6549 41.6549 3
87.9487 87.9487 3
63.2332 63.2332 3
68.0946 68.0946 3
32.7243 32.7243 3
44.2605 44.2605 2
44.4377 44.4377 1
36.366 36.366 2
34.7365 34.7365 3
120.679 120.679 3
48.1252 48.1252 3
34.8877 34.8877 3
34.5646 34.5646 1
51.5148 51.5148 3
35.8625 35.8625 3
34.093 34.093 3
69.4108 69.4108 2
49.0251 49.0251 2
39.0606 39.0606 3
39.4471 39.4471 3
31.8296 31.8296 3
59.3636 59.3636 2
34.0884 34.0884 1
42.4254 42.4254 2
47.0375 47.0375 1
36.3286 36.3286 3
58.6669 58.6669 2
68.007 68.007 2
32.5993 32.5993 1
90.2163 90.2163 1
37.843 37.843 2
42.8957 42.8957 3
52.5303 52.5303 3
38.701 38.701 2
33.336 33.336 2
37.2147 37.2147 1
36.4413 36.4413 3
42.7501 42.7501 3
33.8546 33.8546 3
69.6507 69.6507 2
48.1952 48.1952 1
38.1337 38.1337 1
36.1288 36.1288 2
30.083 30.083 3
44.9248 44.9248 1
30.2644 30.2644 1
62.6593 62.6593 3
47.3583 47.3583 3
36.5907 36.5907 3
30.1651 30.1651 1
36.6587 36.6587 3
30.3425 30.3425 3
65.3148 65.3148 3
77.2679 77.2679 2
82.3652 82.3652 3
42.0248 42.0248 3
92.8527 92.8527 2
55.7612 55.7612 3
35.8196 35.8196 3
38.4408 38.4408 3
43.3762 43.3762 3
30.4799 30.4799 2
32.0281 32.0281 2
40.5268 40.5268 3
68.5498 68.5498 1
32.4128 32.4128 2
172.508 172.508 1
65.028 65.028 3
48.5638 48.5638 3
39.0181 39.0181 3
46.6491 46.6491 2
89.0653 89.0653 2
45.0733 45.0733 3
41.6964 41.6964 3
33.7505 33.7505 2
47.7731 47.7731 1
51.2621 51.2621 3
52.0939 52.0939 3
30.9502 30.9502 2
39.0323 39.0323 1
36.9214 36.9214 3
44.6866 44.6866 3
65.182 65.182 2
387.499 387.499 1
57.0343 57.0343 1
30.6023 30.6023 3
106.116 106.116 3
52.5879 52.5879 2
38.9486 38.9486 1
40.9154 40.9154 3
46.6236 46.6236 3
74.4506 74.4506 3
35.2321 35.2321 3
44.4844 44.4844 2
54.4672 54.4672 3
38.6696 38.6696 1
64.5533 64.5533 2
49.9459 49.9459 3
48.1808 48.1808 3
30.4149 30.4149 3
96.4867 96.4867 3
57.5548 57.5548 1
37.0844 37.0844 2
34.7006 34.7006 1
51.1639 51.1639 1
38.3432 38.3432 1
41.1401 41.1401 3
35.0417 35.0417 1
39.2397 39.2397 2
54.6685 54.6685 3
36.5935 36.5935 1
37.1468 37.1468 3
43.6902 43.6902 2
40.4022 40.4022 1
56.8036 56.8036 2
51.9721 51.9721 3
31.9915 31.9915 3
43.7769 43.7769 2
34.401 34.401 1
36.7514 36.7514 2
53.411 53.411 2
43.8638 43.8638 3
35.9622 35.9622 3
32.0622 32.0622 3
33.5887 33.5887 3
49.1741 49.1741 3
45.8038 45.8038 1
37.9365 37.9365 3
40.7707 40.7707 3
41.3143 41.3143 3
31.7483 31.7483 3
49.3809 49.3809 3
74.8158 74.8158 3
35.0246 35.0246 1
33.9538 33.9538 3
35.4971 35.4971 1
34.8774 34.8774 2
44.9466 44.9466 2
52.2736 52.2736 3
43.071 43.071 2
151.312 151.312 3
43.9331 43.9331 2
34.3818 34.3818 3
31.9456 31.9456 3
35.5347 35.5347 3
97.5781 97.5781 2
30.5396 30.5396 1
35.5137 35.5137 2
39.4552 39.4552 2
64.2153 64.2153 3
32.3205 32.3205 1
31.8772 31.8772 2
123.905 123.905 1
43.3585 43.3585 1
41.0446 41.0446 3
71.2838 71.2838 3
38.0991 38.0991 2
32.2968 32.2968 1
79.0797 79.0797 3
43.9288 43.9288 3
37.7104 37.7104 3
40.9313 40.9313 3
71.1861 71.1861 2
46.5413 46.5413 2
54.6064 54.6064 3
64.1501 64.1501 2
45.2332 45.2332 2
57.5868 57.5868 3
30.216 30.216 1
48.5527 48.5527 3
33.457 33.457 3
89.9365 89.9365 3
34.344 34.344 3
32.905 32.905 1
40.6817 40.6817 2
59.6308 59.6308 3
30.9827 30.9827 3
39.9049 39.9049 3
118.905 118.905 2
79.9435 79.9435 3
35.2642 35.2642 3
79.4956 79.4956 3
60.864 60.864 1
71.4907 71.4907 3
30.4454 30.4454 2
45.8467 45.8467 1
47.5111 47.5111 3
30.9591 30.9591 2
33.1885 33.1885 1
71.1315 71.1315 2
103.008 103.008 2
55.7929 55.7929 2
76.6012 76.6012 3
36.6556 36.6556 3
45.2434 45.2434 2
69.1482 69.1482 3
72.3243 72.3243 3
35.27 35.27 3
39.2884 39.2884 3
104.321 104.321 3
38.6621 38.6621 3
42.6166 42.6166 1
43.7228 43.7228 1
203.213 203.213 2
79.4008 79.4008 3
44.6518 44.6518 3
42.3476 42.3476 1
39.5181 39.5181 3
34.7942 34.7942 3
49.423 49.423 3
39.2193 39.2193 3
165.856 165.856 3
56.5189 56.5189 2
138.527 138.527 3
41.7102 41.7102 3
57.0472 57.0472 3
71.6576 71.6576 2
39.8514 39.8514 3
31.8823 31.8823 3
50.3386 50.3386 2
117.157 117.157 3
43.5602 43.5602 1
44.6896 44.6896 3
33.3312 33.3312 1
37.5791 37.5791 3
36.937 36.937 3
44.5125 44.5125 2
35.6744 35.6744 3
51.0635 51.0635 3
95.7077 95.7077 3
58.6266 58.6266 3
41.5905 41.5905 2
30.2189 30.2189 3
38.01 38.01 3
34.955 34.955 1
35.925 35.925 3
54.1527 54.1527 3
32.2134 32.2134 2
49.4365 49.4365 3
36.9886 36.9886 3
109.602 109.602 3
43.1547 43.1547 1
60.8248 60.8248 1
31.1237 31.1237 3
32.7174 32.7174 3
101.617 101.617 2
115.061 115.061 1
51.3973 51.3973 3
33.2387 33.2387 3
75.4982 75.4982 3
78.5235 78.5235 2
70.252 70.252 2
37.8808 37.8808 3
36.8814 36.8814 3
43.9092 43.9092 3
36.1265 36.1265 1
35.3734 35.3734 3
46.103 46.103 1
30.4276 30.4276 2
36.2264 36.2264 3
79.003 79.003 3
43.3554 43.3554 3
92.7429 92.7429 2
63.2545 63.2545 3
105.14 105.14 3
63.1631 63.1631 3
33.1045 33.1045 3
63.7297 63.7297 3
46.2902 46.2902 1
37.4454 37.4454 1
36.9098 36.9098 3
41.5616 41.5616 1
30.2078 30.2078 3
32.9326 32.9326 2
49.3751 49.3751 1
39.4493 39.4493 1
62.1195 62.1195 2
85.7712 85.7712 3
54.529 54.529 2
39.6607 39.6607 3
75.6996 75.6996 2
91.3552 91.3552 3
40.8491 40.8491 1
38.4331 38.4331 3
46.4997 46.4997 3
41.5899 41.5899 3
51.3976 51.3976 2
43.918 43.918 3
31.5417 31.5417 3
55.3875 55.3875 2
56.331 56.331 3
31.5725 31.5725 1
32.5333 32.5333 2
502.463 502.463 2
35.0814 35.0814 3
36.054 36.054 2
43.8038 43.8038 1
62.7431 62.7431 3
30.7152 30.7152 3
31.1216 31.1216 2
59.5407 59.5407 3
33.5187 33.5187 2
66.6498 66.6498 2
37.3361 37.3361 2
43.7337 43.7337 1
123.997 123.997 3
83.6476 83.6476 1
77.6392 77.6392 3
33.2949 33.2949 3
43.8158 43.8158 3
208.948 208.948 2
45.4067 45.4067 3
33.6398 33.6398 3
58.5367 58.5367 3
31.6302 31.6302 3
38.7047 38.7047 1
37.1181 37.1181 2
63.0071 63.0071 2
37.5117 37.5117 1
53.2223 53.2223 3
30.6024 30.6024 3
40.6441 40.6441 1
86.0511 86.0511 1
38.4937 38.4937 3
34.5155 34.5155 2
47.3553 47.3553 3
38.8471 38.8471 2
31.1171 31.1171 2
49.9982 49.9982 1
41.3611 41.3611 3
31.2356 31.2356 3
39.2266 39.2266 3
84.5757 84.5757 3
72.0778 72.0778 3
42.1906 42.1906 3
165.257 165.257 1
59.2126 59.2126 3
46.4579 46.4579 3
44.3806 44.3806 2
49.5408 49.5408 2
41.0141 41.0141 2
60.8414 60.8414 2
53.5266 53.5266 3
185.652 185.652 3
60.1598 60.1598 3
33.2282 33.2282 2
36.83 36.83 1
62.7241 62.7241 3
45.1908 45.1908 1
40.4882 40.4882 1
45.6602 45.6602 2
40.9467 40.9467 3
35.4383 35.4383 3
31.9309 31.9309 3
30.2363 30.2363 3
38.6382 38.6382 2
74.103 74.103 3
109.327 109.327 2
33.9436 33.9436 3
46.2341 46.2341 2
129.549 129.549 3
30.2416 30.2416 3
41.972 41.972 2
33.2913 33.2913 1
83.7408 83.7408 3
38.7285 38.7285 1
41.9879 41.9879 3
33.6733 33.6733 3
47.3732 47.3732 3
45.696 45.696 3
31.0321 31.0321 3
61.474 61.474 1
41.5004 41.5004 3
41.4936 41.4936 3
45.1399 45.1399 1
31.6425 31.6425 3
42.9724 42.9724 2
131.223 131.223 1
46.1161 46.1161 3
40.6126 40.6126 2
31.9415 31.9415 3
33.9072 33.9072 3
55.5893 55.5893 3
55.7325 55.7325 3
130.306 130.306 3
557.631 557.631 2
45.9904 45.9904 1
31.7239 31.7239 3
56.5006 56.5006 3
45.5427 45.5427 3
32.8854 32.8854 3
32.5228 32.5228 3
75.0357 75.0357 3
37.615 37.615 3
42.9496 42.9496 3
40.8339 40.8339 3
62.9595 62.9595 1
30.2057 30.2057 1
35.0543 35.0543 3
32.0121 32.0121 3
33.562 33.562 3
102.952 102.952 1
42.6603 42.6603 3
41.4805 41.4805 3
42.5364 42.5364 3
46.509 46.509 1
32.0081 32.0081 3
40.4165 40.4165 3
34.263 34.263 3
177.354 177.354 3
42.9817 42.9817 3
72.0482 72.0482 3
91.2602 91.2602 3
55.9559 55.9559 3
31.1397 31.1397 3
33.2175 33.2175 3
31.1243 31.1243 3
42.9947 42.9947 3
31.9631 31.9631 1
53.4933 53.4933 3
31.9761 31.9761 1
33.5135 33.5135 3
31.5661 31.5661 3
33.6666 33.6666 3
38.907 38.907 3
158.686 158.686 3
31.5775 31.5775 1
70.6142 70.6142 1
42.1603 42.1603 3
40.4104 40.4104 3
85.0218 85.0218 1
138.374 138.374 3
30.7958 30.7958 3
52.3285 52.3285 3
59.3127 59.3127 3
45.8391 45.8391 3
30.824 30.824 3
32.0067 32.0067 3
36.2061 36.2061 3
97.171 97.171 1
52.3758 52.3758 1
90.617 90.617 1
47.5657 47.5657 3
30.2843 30.2843 3
58.1796 58.1796 3
118.074 118.074 3
101.005 101.005 1
37.0101 37.0101 3
45.4124 45.4124 1
36.5308 36.5308 1
32.0918 32.0918 1
35.4407 35.4407 3
34.7015 34.7015 1
45.72 45.72 1
53.6118 53.6118 3
50.4524 50.4524 3
31.8469 31.8469 3
88.7211 88.7211 1
36.6386 36.6386 3
130.386 130.386 3
143.449 143.449 3
33.4631 33.4631 3
101.264 101.264 3
31.4454 31.4454 3
32.3537 32.3537 3
59.9105 59.9105 1
32.9496 32.9496 1
64.0367 64.0367 1
47.0896 47.0896 1
31.5749 31.5749 3
36.8484 36.8484 1
87.3062 87.3062 3
32.786 32.786 3
363.609 363.609 1
55.9366 55.9366 3
67.9315 67.9315 3
39.9737 39.9737 3
31.6978 31.6978 3
32.0662 32.0662 3
45.0506 45.0506 3
91.6641 91.6641 3
105.771 105.771 3
31.9232 31.9232 3
61.3471 61.3471 3
49.1001 49.1001 1
177.896 177.896 3
135.274 135.274 3
43.1857 43.1857 3
60.8983 60.8983 1
62.2749 62.2749 1
43.893 43.893 1
41.02 41.02 1
40.2985 40.2985 3
30.0977 30.0977 3
40.4983 40.4983 3
32.953 32.953 1
30.1356 30.1356 3
34.7679 34.7679 3
287.752 287.752 1
36.7873 36.7873 3
178.576 178.576 3
33.9675 33.9675 1
31.6053 31.6053 3
34.3081 34.3081 1
33.3662 33.3662 1
94.0286 94.0286 3
35.6133 35.6133 1
39.7473 39.7473 3
88.8617 88.8617 3
111.355 111.355 3
41.1493 41.1493 3
38.8409 38.8409 3
55.5836 55.5836 3
34.3058 34.3058 3
30.1156 30.1156 1
33.7285 33.7285 3
50.3863 50.3863 3
34.8399 34.8399 3
31.0545 31.0545 1
121.704 121.704 3
30.8658 30.8658 1
180.815 180.815 3
47.1204 47.1204 3
80.7243 80.7243 3
46.737 46.737 1
34.9306 34.9306 3
115.76 115.76 1
32.1 32.1 3
30.3932 30.3932 1
33.9927 33.9927 3
37.1264 37.1264 1
122.023 122.023 3
59.7288 59.7288 3
43.8635 43.8635 3
70.3141 70.3141 3
38.5858 38.5858 3
68.0864 68.0864 3
40.8436 40.8436 1
37.835 37.835 1
39.45 39.45 3
84.9352 84.9352 3
65.1982 65.1982 3
36.0456 36.0456 3
49.1769 49.1769 3
30.4221 30.4221 3
49.2751 49.2751 3
39.6507 39.6507 1
78.2039 78.2039 1
31.2848 31.2848 3
64.4883 64.4883 3
33.4004 33.4004 3
42.8273 42.8273 3
43.5308 43.5308 1
35.5289 35.5289 1
37.1537 37.1537 3
36.9195 36.9195 1
43.8904 43.8904 3
34.8743 34.8743 1
40.8251 40.8251 1
63.452 63.452 3
39.9156 39.9156 3
37.49 37.49 3
52.9998 52.9998 3
33.0265 33.0265 1
30.3045 30.3045 1
34.6674 34.6674 3
34.1891 34.1891 1
45.2466 45.2466 3
40.584 40.584 3
34.4587 34.4587 3
57.1813 57.1813 3
103.159 103.159 1
47.3446 47.3446 1
96.557 96.557 3
41.586 41.586 1
35.8282 35.8282 3
30.0571 30.0571 3
33.8467 33.8467 1
108.395 108.395 3
38.1756 38.1756 3
36.4638 36.4638 3
50.0299 50.0299 3
43.4913 43.4913 3
233.322 233.322 1
50.4378 50.4378 1
47.7354 47.7354 3
31.0528 31.0528 3
33.9067 33.9067 3
96.7586 96.7586 3
61.5533 61.5533 3
45.9391 45.9391 1
32.1183 32.1183 3
46.0265 46.0265 1
54.1262 54.1262 3
70.7066 70.7066 3
126.926 126.926 3
33.7129 33.7129 3
30.5817 30.5817 3
32.2338 32.2338 3
34.5769 34.5769 3
36.3497 36.3497 3
34.3952 34.3952 3
38.9588 38.9588 3
35.1323 35.1323 3
46.7724 46.7724 3
86.4649 86.4649 3
31.3516 31.3516 3
64.7842 64.7842 1
31.7562 31.7562 1
63.1873 63.1873 3
67.8211 67.8211 1
39.8181 39.8181 3
36.5242 36.5242 3
50.0881 50.0881 3
48.4164 48.4164 3
30.5527 30.5527 3
35.9062 35.9062 3
45.2971 45.2971 1
46.4229 46.4229 1
31.9863 31.9863 1
36.0535 36.0535 3
35.391 35.391 1
32.8195 32.8195 1
31.5984 31.5984 3
80.0472 80.0472 1
36.6085 36.6085 3
40.4843 40.4843 1
50.4634 50.4634 3
32.6085 32.6085 3
41.5165 41.5165 3
74.6594 74.6594 3
32.4992 32.4992 3
34.1537 34.1537 1
30.511 30.511 1
91.2507 91.2507 1
31.7559 31.7559 1
37.377 37.377 1
38.3258 38.3258 1
71.9533 71.9533 1
85.8004 85.8004 3
33.4624 33.4624 3
69.7227 69.7227 3
46.1071 46.1071 3
85.3511 85.3511 3
39.2303 39.2303 1
39.2304 39.2304 1
33.3525 33.3525 1
82.4026 82.4026 3
33.4428 33.4428 1
40.6554 40.6554 1
82.8532 82.8532 3
51.9925 51.9925 1
178.75 178.75 1
37.1291 37.1291 3
33.0944 33.0944 1
82.7476 82.7476 3
74.5202 74.5202 3
36.4366 36.4366 1
85.3757 85.3757 1
47.3591 47.3591 1
55.1943 55.1943 3
33.8018 33.8018 1
32.5404 32.5404 3
46.7285 46.7285 3
35.3029 35.3029 1
38.9258 38.9258 3
47.9367 47.9367 3
46.7205 46.7205 3
51.7716 51.7716 3
32.5878 32.5878 3
46.0554 46.0554 1
41.578 41.578 3
30.8014 30.8014 3
30.2014 30.2014 3
49.8786 49.8786 3
48.9358 48.9358 3
32.5788 32.5788 3
35.1943 35.1943 3
30.0045 30.0045 1
296.514 296.514 3
32.0619 32.0619 1
50.1627 50.1627 1
96.9356 96.9356 1
31.8567 31.8567 3
62.0139 62.0139 1
45.0143 45.0143 1
64.2155 64.2155 3
43.6209 43.6209 3
64.3758 64.3758 1
41.8506 41.8506 3
55.84 55.84 1
60.3413 60.3413 1
42.0297 42.0297 3
80.6012 80.6012 3
62.0277 62.0277 3
39.1923 39.1923 3
48.1078 48.1078 3
53.205 53.205 3
32.4938 32.4938 3
132.452 132.452 1
30.2182 30.2182 1
34.1376 34.1376 1
34.5161 34.5161 3
38.9667 38.9667 3
59.4949 59.4949 1
36.2057 36.2057 3
38.2118 38.2118 3
62.9157 62.9157 3
67.0809 67.0809 3
35.8887 35.8887 3
45.0453 45.0453 3
33.954 33.954 3
35.2444 35.2444 1
30.3533 30.3533 3
87.6574 87.6574 1
40.8392 40.8392 3
52.8959 52.8959 1
50.7742 50.7742 3
51.5446 51.5446 3
113.42 113.42 3
46.2671 46.2671 3
34.8682 34.8682 3
176.226 176.226 3
31.6974 31.6974 3
30.8246 30.8246 1
86.1146 86.1146 3
43.7745 43.7745 3
34.4557 34.4557 1
37.6207 37.6207 3
55.4346 55.4346 1
130.422 130.422 3
30.0303 30.0303 3
66.9224 66.9224 3
47.3004 47.3004 3
34.1235 34.1235 3
37.5446 37.5446 3
35.0732 35.0732 3
58.8073 58.8073 1
60.3976 60.3976 1
46.0969 46.0969 3
61.1726 61.1726 3
64.5122 64.5122 3
32.0791 32.0791 3
36.1409 36.1409 3
36.8444 36.8444 3
48.1729 48.1729 1
65.9708 65.9708 1
46.3266 46.3266 1
48.6244 48.6244 1
34.9599 34.9599 3
38.9964 38.9964 1
40.5671 40.5671 3
43.7678 43.7678 1
89.3255 89.3255 1
30.2494 30.2494 3
56.847 56.847 1
30.7381 30.7381 3
35.4917 35.4917 3
70.8286 70.8286 3
36.0235 36.0235 1
38.0297 38.0297 1
38.4451 38.4451 3
81.0423 81.0423 1
30.721 30.721 3
57.8396 57.8396 1
92.6663 92.6663 3
57.5849 57.5849 3
36.8817 36.8817 3
65.0608 65.0608 1
42.3879 42.3879 3
36.6507 36.6507 1
39.3628 39.3628 3
34.6716 34.6716 3
50.008 50.008 1
141.857 141.857 1
30.5257 30.5257 3
42.2431 42.2431 3
47.1867 47.1867 1
38.5235 38.5235 3
40.237 40.237 3
64.5042 64.5042 3
39.4103 39.4103 3
39.5473 39.5473 1
90.4129 90.4129 3
59.6041 59.6041 3
31.874 31.874 1
74.5457 74.5457 3
69.1837 69.1837 3
98.6419 98.6419 3
37.2456 37.2456 3
50.9439 50.9439 3
34.7948 34.7948 3
43.5065 43.5065 3
72.2567 72.2567 3
37.5158 37.5158 3
30.5885 30.5885 3
32.8027 32.8027 3
74.1395 74.1395 3
31.1888 31.1888 3
35.1058 35.1058 3
30.56 30.56 3
37.8297 37.8297 3
33.166 33.166 3
31.2911 31.2911 3
47.2272 47.2272 3
38.2212 38.2212 3
42.6329 42.6329 3
59.766 59.766 3
30.328 30.328 3
91.7921 91.7921 3
32.376 32.376 3
38.8401 38.8401 3
61.5026 61.5026 3
30.4439 30.4439 3
30.1787 30.1787 3
46.2728 46.2728 3
50.37 50.37 3
34.2785 34.2785 3
32.1614 32.1614 3
