3.422794815975627126e-05
4.365320181587305150e-05
3.604303575009121507e-05
3.780728523511396957e-05
4.122586240964456474e-05
4.886251773717004485e-05
3.486942538255014218e-05
3.367872547972428066e-05
3.518637866523847952e-05
3.377263955169020651e-05
3.841452186514628640e-05
3.784948171818655632e-05
3.395593353710001555e-05
3.739004422510768596e-05
4.450120864710748489e-05
3.491295196033959789e-05
3.351565685252268429e-05
3.462306487840546750e-05
3.588130682215058320e-05
3.480672550812678620e-05
3.483339152423701193e-05
3.562363302877149255e-05
3.443902922736200614e-05
4.071463764981924125e-05
3.673686222825938726e-05
3.732808394253698213e-05
4.630265216293048223e-05
3.928033952918987551e-05
3.362733159679187644e-05
3.421637659764582156e-05
3.444038743526917187e-05
4.067586310045551233e-05
5.748983160571037847e-05
3.386826717313833746e-05
3.377977569205875194e-05
3.536375054421487900e-05
3.392224669797787382e-05
3.377943864486376830e-05
3.915461653508369941e-05
3.825756360666881866e-05
4.081453829924509618e-05
3.428613052369762748e-05
3.862047252738194810e-05
3.648842856917731205e-05
3.496805787106897474e-05
3.858270044877449374e-05
3.524741653444255429e-05
3.584351880942323346e-05
4.908984187054480410e-05
3.608685871649907159e-05
3.982622854680862250e-05
3.501442966084850609e-05
3.338750019021497541e-05
3.324756481836811038e-05
3.352475128419094529e-05
3.825499044613626297e-05
3.370167087876440150e-05
3.660829505461519313e-05
3.442738520651557793e-05
3.923865409240293441e-05
3.433110096178950695e-05
4.862162474650494370e-05
3.570491731121580613e-05
3.764476156823925833e-05
3.498849860173612922e-05
3.441330199471138730e-05
3.668449157907197332e-05
3.557926846893458267e-05
3.481135474608114584e-05
3.487557543773512806e-05
3.547874706432243338e-05
4.117867522024540284e-05
3.348761363457627071e-05
4.067208792699347839e-05
3.776487616579618528e-05
4.380644296896379686e-05
3.520115763029737550e-05
4.248945089570544271e-05
3.511321134507550823e-05
3.345688165444786651e-05
4.102275402958755591e-05
3.530465814289180130e-05
3.796102446822095854e-05
3.889336432667873147e-05
4.464379669813587498e-05
4.195611302598369643e-05
3.653888161114533518e-05
3.888859820488507285e-05
3.365477230804930661e-05
3.999742342929790093e-05
3.782293628219689208e-05
5.732977879223196305e-05
5.037045364630062612e-05
3.447400272147072226e-05
3.640593085250337597e-05
3.421588856701437097e-05
3.681581122089667627e-05
5.063818362154037540e-05
4.309322777588435135e-05
3.660975842903534881e-05
3.955185172365210461e-05
3.341140472553783550e-05
4.929901980666053342e-05
3.875140938691775305e-05
4.199623260871505426e-05
3.493796224344973664e-05
3.324137235106169544e-05
3.394393881069705934e-05
4.211668293819243575e-05
4.317816987975131051e-05
3.944528977554648003e-05
3.826673534555914561e-05
4.242743350388635795e-05
4.148758707125917774e-05
3.427620497560354961e-05
3.467915761600212301e-05
4.523411258298717073e-05
4.732964826907345941e-05
3.562722415815201084e-05
3.392838094449136951e-05
3.738621981682513324e-05
5.693012962041421360e-05
3.483290108718655739e-05
4.273765321252152247e-05
3.430237733593302548e-05
3.449361428183607403e-05
3.373091979042742051e-05
3.330000014768250811e-05
3.392513378218218215e-05
5.503018319664987335e-05
3.604023906120655432e-05
3.948235548985322451e-05
4.032604263084666076e-05
4.209989067149688777e-05
4.052620953996422844e-05
3.635248947097198026e-05
3.718992602979064911e-05
3.913116785523864879e-05
3.418605525287027325e-05
3.352704533709389425e-05
3.375596303203941306e-05
3.392876943658216826e-05
3.828334870767143418e-05
3.418398951809849669e-05
3.500424693950820147e-05
3.322024714661221396e-05
3.576850037795621955e-05
3.498401007012204587e-05
3.442679872226594447e-05
4.071220040431922365e-05
3.361484075146811332e-05
3.379434414189502338e-05
3.472336854492851551e-05
3.454104341662347309e-05
3.435155445880944889e-05
3.401427262531076440e-05
3.409103006913432579e-05
4.415745562110330938e-05
3.737754717279451227e-05
3.515042643900532409e-05
3.604498602862297091e-05
3.592415628806808252e-05
3.640878810992007199e-05
4.968873722402533254e-05
3.730657668726589826e-05
3.406097717581039748e-05
4.109407925130479500e-05
4.379482593642279863e-05
3.424997754223756981e-05
3.319802437659180578e-05
5.445643857092838201e-05
3.371904230578919568e-05
3.633482676781690909e-05
3.368540699723320437e-05
4.136092391166114974e-05
3.617271872546273597e-05
4.162895204038028938e-05
3.342581163900024371e-05
3.478951265499139692e-05
3.703094066155220769e-05
3.351508284371339577e-05
4.955226050748961288e-05
3.476592020526022019e-05
3.580229422023087496e-05
3.464375555165285196e-05
3.494062437262396384e-05
5.450374531346529889e-05
3.362323577817606277e-05
3.576437199512163509e-05
3.778548825723407356e-05
3.475478276334666682e-05
3.377393223106131082e-05
3.362039065223485130e-05
3.560354803295657155e-05
3.664893952631336188e-05
3.575863328657739946e-05
3.361757332518679821e-05
3.814334846203010882e-05
3.345526658409516205e-05
3.462408841036819116e-05
3.353810808085631352e-05
3.466619101685085205e-05
3.540994645894481968e-05
3.929470801459907729e-05
3.759879189259824977e-05
3.798921716565041026e-05
3.380623311455080990e-05
4.212681680000242713e-05
3.941790517784280162e-05
3.338184314480725892e-05
3.735328540721430737e-05
4.170780375928344650e-05
3.981254248985447483e-05
3.731523067476360346e-05
3.550350996203386624e-05
3.446002503566185615e-05
4.229707707981454146e-05
4.546489344114440820e-05
3.494372095570363917e-05
3.378631819277137799e-05
5.002124631739488756e-05
3.489480406060792566e-05
3.518047736719113073e-05
3.526215023923144468e-05
3.869451484302199407e-05
3.374422245393603707e-05
4.672865344774992713e-05
3.643310697283183260e-05
3.702301946255032655e-05
3.809247799063483249e-05
4.181415426211781944e-05
5.188673525344266092e-05
3.649621878603609952e-05
3.755663398708669663e-05
3.612528261664220343e-05
4.714928748177162922e-05
3.501776273252483801e-05
3.572108915669173975e-05
3.513576513728104299e-05
5.527034937313468193e-05
3.544296539943329768e-05
3.374540546700396931e-05
3.687557406104085200e-05
3.449554989035736387e-05
3.573428164533330368e-05
3.723170855729520377e-05
3.978980505546979242e-05
3.630353180942113406e-05
3.382379316796170759e-05
4.652829193922358811e-05
3.728655521071282873e-05
4.022700227247798173e-05
3.602212839810610710e-05
3.351393474498240161e-05
3.959929683638436197e-05
3.670386406174082876e-05
3.911608935866559120e-05
3.625848426867728702e-05
3.417368289691901897e-05
3.371438409473303882e-05
3.632822878115135362e-05
4.537527635004994517e-05
4.803037603125142403e-05
5.345543826607820946e-05
4.418667107866181085e-05
3.804502552213843823e-05
3.368045283146709650e-05
3.583557082510629071e-05
3.333922911298505421e-05
5.784364943324339712e-05
3.894853433020210089e-05
3.703584815741284687e-05
3.567108656941330423e-05
3.893257616363710407e-05
3.621748019216895537e-05
3.343636008864963596e-05
3.590327167802949768e-05
3.370147301343078678e-05
3.901129944357290696e-05
3.595433247650736626e-05
3.618992588205611192e-05
3.610530125464976006e-05
3.451801291208983117e-05
3.534293417196974135e-05
3.695875769160890492e-05
4.114300328131331340e-05
3.515198730505515783e-05
3.387637919072658050e-05
5.025476024300882209e-05
3.319195383602927246e-05
3.851115933232665415e-05
3.712413886470577790e-05
4.401286780305174718e-05
3.613284656647754238e-05
4.702873838814855512e-05
3.344121219153555602e-05
4.522299820059858964e-05
3.328228363237467120e-05
3.604218975590877197e-05
3.680492259219262670e-05
3.576405991291340113e-05
5.891136782263306835e-05
4.095009360262693036e-05
3.875627978483383001e-05
3.768016207783861604e-05
3.655806013174357652e-05
3.633995115273593106e-05
3.725533034664236978e-05
4.615437861908048363e-05
3.415418845135549170e-05
3.986614078266037834e-05
3.828822536619958927e-05
3.451176544786754743e-05
3.389951507601690134e-05
3.500289711760337750e-05
3.637427692098244995e-05
3.534692658875247253e-05
3.664359628555544535e-05
3.540436924108986757e-05
4.104068719000885599e-05
3.632289280735010649e-05
5.308473708486023776e-05
3.371602172822287939e-05
4.503656185280654919e-05
4.009308399103279452e-05
3.442082568159477753e-05
4.548360644832669455e-05
3.866422789407584468e-05
3.893149263612878018e-05
3.328909849623562164e-05
3.716776620739367979e-05
4.181395120569234497e-05
3.872427376264164935e-05
3.780019521563788220e-05
3.822833323272984915e-05
3.385763820003014052e-05
3.415950072478597134e-05
3.396440315821819679e-05
4.246276348279669942e-05
3.372141307905607283e-05
3.976654767060009218e-05
3.343826650284136156e-05
3.379465272758134446e-05
5.251918296988891764e-05
4.217610456455288904e-05
4.856851869697356288e-05
3.410903783123921438e-05
4.020412092541168233e-05
3.798055174849587605e-05
3.532603326014572290e-05
3.516886772328431127e-05
3.529632214903385094e-05
3.682748835572050526e-05
4.168064625052434071e-05
3.563920356490074402e-05
3.352847890098370362e-05
3.375461217043086557e-05
3.392260762045784625e-05
3.617539428803285190e-05
4.033204661490564694e-05
3.320942049441913738e-05
3.854375171719174903e-05
3.375852363250004227e-05
3.397159500699207212e-05
3.963470144211509919e-05
3.788831309712672356e-05
5.045683972722965190e-05
3.416069907751635265e-05
3.356457778201766374e-05
4.518366625810789263e-05
3.867604078819337305e-05
3.534117314683396695e-05
3.339924102322950163e-05
4.442874029256948268e-05
3.536367625996535103e-05
3.795346270318006565e-05
3.418456034755565858e-05
4.245458647249758370e-05
5.253419837296374192e-05
3.388899655655195215e-05
4.043584723886606795e-05
3.469631263124297048e-05
3.389420128470577902e-05
3.682558348429098129e-05
4.160645142371113006e-05
4.298667346514506562e-05
3.823756420917435550e-05
3.518135645645665112e-05
3.621265596946022646e-05
3.529022224653934411e-05
3.398847939049762245e-05
3.319817168186799800e-05
3.778305276780745815e-05
3.706925881339472723e-05
3.593005962728316256e-05
4.320705769064411318e-05
4.124079600291020428e-05
6.326411841410703419e-05
3.467795562933016469e-05
4.437822682662933898e-05
3.384384312527568541e-05
4.670931097035920036e-05
3.441770470089504244e-05
3.697570078113511115e-05
3.503756506319847229e-05
4.022769719388382862e-05
3.503446583191970667e-05
3.986133146048512037e-05
3.325516166509622618e-05
3.979293782292641431e-05
3.367810244062387350e-05
3.751209292801547119e-05
3.479852320376301003e-05
3.447092152947047621e-05
4.018294640237078766e-05
3.600724480939887712e-05
3.758694550351114675e-05
3.470413822037898165e-05
3.707480471572130931e-05
3.402911725961953773e-05
3.507120162816874096e-05
3.481401773038842183e-05
3.611173132579372684e-05
3.671521498622216018e-05
3.853710636469991909e-05
3.470439898978786237e-05
3.572431629480966474e-05
3.458674126442515056e-05
4.765070490323712588e-05
3.382664745755722437e-05
3.392210787882746480e-05
3.899618771765447407e-05
3.459723909923426155e-05
3.490622973900169495e-05
3.358402857975329207e-05
3.656470283407527904e-05
3.453441094348511743e-05
3.483584342469914208e-05
3.409015364445864052e-05
3.581987543430763000e-05
3.332509798944161743e-05
3.346313802784198530e-05
3.489041078145986580e-05
3.654548866037743123e-05
3.565252794687387791e-05
3.349534920594869365e-05
3.420164591121680554e-05
3.798657336581846557e-05
3.326500992773748629e-05
3.663164481726689195e-05
4.451161560928496496e-05
3.456669474994310943e-05
3.328143516185886041e-05
4.181306084935254200e-05
3.626093445208827397e-05
7.023730383082738493e-05
3.721172673155879475e-05
4.741011468473663724e-05
3.620242183961708060e-05
3.834778170075980376e-05
4.420148013961979378e-05
3.480763079955167242e-05
3.626846706990010294e-05
3.325269834583985471e-05
3.349828111238369326e-05
3.638030226606534776e-05
3.494505148687681949e-05
3.657387063740208134e-05
4.243893924084170721e-05
3.834385750894362202e-05
3.470017386176964312e-05
3.606585698025555233e-05
3.550647342213280374e-05
3.351987498791085676e-05
3.677318195650226249e-05
5.782534056392923326e-05
3.340654070610348572e-05
3.673336087838528254e-05
3.724219312709457118e-05
3.565736978316625343e-05
4.025999197906036524e-05
3.726238741362812492e-05
5.094858280945497377e-05
3.692962178248888460e-05
4.613865684835620132e-05
3.464771149178905076e-05
3.396058424427407421e-05
7.034512994865936846e-05
3.612663697710092697e-05
3.365386428391713754e-05
3.370062498295746221e-05
3.511553415630729182e-05
3.654695896073196804e-05
3.997027149127370177e-05
3.664388819856815552e-05
3.636391515830986860e-05
3.453108017380989776e-05
3.397068242738734707e-05
3.942462769030628090e-05
3.328672981553053187e-05
3.517879437064635041e-05
3.551819813470636966e-05
3.687113750637350211e-05
4.492711983520920503e-05
4.663692687126792710e-05
3.346460795300230912e-05
3.981867244113392089e-05
3.419268502962623881e-05
3.559034345884454551e-05
3.938135377748690750e-05
3.352979763090708045e-05
3.762099191224560713e-05
3.742299577911925194e-05
3.343719779230613237e-05
4.096305750219191927e-05
3.377778136162226685e-05
5.253286414833283795e-05
3.487264231065200702e-05
4.764416076880191689e-05
3.921586515486351755e-05
4.009296125602649323e-05
3.644102095005765979e-05
3.688475152422601673e-05
5.119523310808707340e-05
3.635104334882019119e-05
3.803840118896433724e-05
3.398502701516708163e-05
3.681093350079141864e-05
3.931433702960880091e-05
3.794479520919127565e-05
4.179371005789812399e-05
3.394324591852275870e-05
3.680654203249381925e-05
3.630436116171823830e-05
3.947924594261100270e-05
3.482988060887110985e-05
3.412142009351144432e-05
3.790732983952103361e-05
4.156820912649278750e-05
3.420951529891365741e-05
3.510363791392093853e-05
3.328904001587293192e-05
3.411390474179762443e-05
4.062811374621502731e-05
5.611742615568114244e-05
3.751750278206917260e-05
3.389698366010612948e-05
3.581538072931366481e-05
3.612308732207721485e-05
3.618069727324201641e-05
3.656635169834069970e-05
3.582871686898566460e-05
3.807314866483939026e-05
3.454695948048842560e-05
3.627089230404983213e-05
3.816874399809839038e-05
4.064281449582896538e-05
3.601631356587022491e-05
4.723439909610241362e-05
3.691972711377644579e-05
3.727319111696893069e-05
3.389475781003561386e-05
3.781463932716135518e-05
3.825628705938344644e-05
3.499395411577414870e-05
3.378205051876328167e-05
3.928247254035830457e-05
3.497027961631633309e-05
3.528254968158709787e-05
3.414884664478910618e-05
3.563656128753413997e-05
3.535133912214330449e-05
3.386704014864854503e-05
3.460762307128266760e-05
3.399303504982968151e-05
3.532183560876083796e-05
3.383246591812755585e-05
4.034377144912568017e-05
3.658073106424498765e-05
3.429946901461086538e-05
3.440582718921067614e-05
4.193057385168428382e-05
3.554664564764248167e-05
4.449176949554072360e-05
3.578727758030917630e-05
3.773924348210126728e-05
3.353091557282314282e-05
4.300079543233806733e-05
3.685532171913074532e-05
3.444267741308256440e-05
3.743091940133577716e-05
3.450612417524847117e-05
6.620661689217745987e-05
3.694322054866912573e-05
3.977771516557123581e-05
3.333585079648215344e-05
3.755184843303473852e-05
5.112518496549656215e-05
4.574197791729715649e-05
3.347230054701771408e-05
3.739473827791451211e-05
3.537407188231083750e-05
3.809158987741217311e-05
3.466509242600587565e-05
3.905376809548616763e-05
3.600135264123766580e-05
3.361882555069859173e-05
3.417406376850781676e-05
3.519671820672980596e-05
3.505135004611434162e-05
3.753432907702728913e-05
3.373729108592868890e-05
3.771343835314698323e-05
3.651908605816658166e-05
3.481011355229710936e-05
3.726365257808340740e-05
3.653990003494111087e-05
3.354938976462992729e-05
4.093915480433962388e-05
4.315150653638767100e-05
5.199522069884428364e-05
3.494290209803648027e-05
4.268381369239578169e-05
3.554217737626027889e-05
3.866246479166524894e-05
5.111619685012637866e-05
3.932732180275547509e-05
3.371610642745389311e-05
4.241600928628319714e-05
3.592216419823194185e-05
3.652178306931582320e-05
3.546644603004573819e-05
3.902822663376312722e-05
3.632298482516271978e-05
3.513261403657716762e-05
3.402652968138615027e-05
3.412950426136835688e-05
3.756502564657576173e-05
3.957622072585449989e-05
3.713111312622958287e-05
3.589032068849803140e-05
3.553497117119573830e-05
3.904767928946369576e-05
3.502511276104665913e-05
3.482254585166803064e-05
3.324471843822498352e-05
5.155142054952561174e-05
3.735394573037012164e-05
4.319189178567118799e-05
4.087586327436907408e-05
3.645549107389163632e-05
5.019238460094775867e-05
3.418083589249148319e-05
3.418243999170661500e-05
3.626971438887653372e-05
3.446661721761014297e-05
6.084050737112873993e-05
3.366642875800340465e-05
3.467027065913807853e-05
3.563115384816762927e-05
3.997071353577365076e-05
3.397297757492196487e-05
4.307357572751488266e-05
3.721142538033117228e-05
4.315868132562492200e-05
4.368108202523942869e-05
3.864623774520208115e-05
3.517359326560383565e-05
3.470804919585942952e-05
4.996294738491486903e-05
3.409951722736224479e-05
3.472573773644053075e-05
3.596700747761413916e-05
5.252360539817654117e-05
3.325249304658231406e-05
3.400261026491355838e-05
3.610607302947170766e-05
4.485193320116186166e-05
4.040483034803054251e-05
3.406300859091784220e-05
3.684784911772185587e-05
3.481277679769225570e-05
3.335148217038672670e-05
3.546010678626904583e-05
5.436717649019981783e-05
4.071475529979514367e-05
3.583776714925509361e-05
3.586911988130368057e-05
3.365133848746342736e-05
3.413690103002625187e-05
4.989206812436640739e-05
3.546295737447700461e-05
4.251433155426220117e-05
4.136021572234362440e-05
3.822357548801190956e-05
3.607978376188453998e-05
3.594630966343077984e-05
3.358519863800559830e-05
3.726746879931415457e-05
3.424048316542997175e-05
3.546986006786777756e-05
4.067279584542027879e-05
3.321642362255150196e-05
3.413452690200332657e-05
3.860145324170952960e-05
4.566836924627638785e-05
4.414481270295358896e-05
3.352021926105534766e-05
3.587828495111047530e-05
3.870419677559121057e-05
3.766403495822970824e-05
3.420164591121680554e-05
3.419559123508300044e-05
3.686806858235371759e-05
4.418242973974233825e-05
3.380721400199294193e-05
4.201717774321488217e-05
3.359421288874569849e-05
3.367631810783034758e-05
3.357229326003251940e-05
3.812956639970900189e-05
3.318991981685487515e-05
5.052361470536990913e-05
3.767350543914360612e-05
3.507674846001833569e-05
3.418214093806101192e-05
3.428057534826854332e-05
3.552321276724515936e-05
3.808934915690564564e-05
3.732720894004171094e-05
3.875460517385176780e-05
4.714591913416263678e-05
3.530363820744396178e-05
3.392435655674785422e-05
3.499652810222999140e-05
4.161435102032000718e-05
4.616080600993799701e-05
3.494134100441721161e-05
3.591870103329625690e-05
4.098305995097525895e-05
3.904453018286967403e-05
3.341565914574045547e-05
3.959766402437955662e-05
3.401807498915546129e-05
5.174731188241659172e-05
3.527068304851818388e-05
3.798242361344585858e-05
3.334438214456041230e-05
3.424202547972003382e-05
3.866570020579634948e-05
3.587571462021101320e-05
3.337377366759326780e-05
3.760441847036760529e-05
3.394598954360553177e-05
3.398497176932222940e-05
4.336920960779381342e-05
3.608681187504055743e-05
3.471560698051197682e-05
3.627174680412042807e-05
3.953966993967897032e-05
3.462647632808770783e-05
3.426913359706598646e-05
3.893231004175638711e-05
7.151629346727726450e-05
3.686513147204752985e-05
4.252887400965030148e-05
3.423753329548602980e-05
4.049852119295502294e-05
3.509076941297737941e-05
3.994111993514878336e-05
3.590738004102848679e-05
3.734147937674367078e-05
3.615837774284233111e-05
3.694991601224754805e-05
4.048184901605991743e-05
3.556984117578798491e-05
3.419884972310430481e-05
3.391933116768928481e-05
3.599835840375279199e-05
3.639552522430956677e-05
3.454835885594797026e-05
3.612040109027661231e-05
3.402562114791684087e-05
3.320815479012288973e-05
3.385264136565311927e-05
4.254116849203697114e-05
3.650155346804759884e-05
3.398704331950604135e-05
4.791809343021919987e-05
3.320226604918789364e-05
3.336453653046318621e-05
3.919971958372846157e-05
3.775524107740738604e-05
4.079907130383131559e-05
3.485518389134052730e-05
3.486556399119184862e-05
3.493117641080333198e-05
3.409738229577338227e-05
3.551959264258327257e-05
3.651897272637905746e-05
3.879593106633599223e-05
4.013870486345871185e-05
3.591336216540945127e-05
4.291063570404765782e-05
3.430480041914725807e-05
3.353707674662979063e-05
3.460541555146671609e-05
3.338677507528070560e-05
3.659482445592342193e-05
3.364955024894265156e-05
3.571983661847584642e-05
3.513808385101191000e-05
3.321692369064298413e-05
4.077570662870717578e-05
4.421103707814515426e-05
3.474264762002340478e-05
3.991008105124061844e-05
3.679926410486075445e-05
3.717994026510820278e-05
3.637319985915908778e-05
3.624918792341498650e-05
4.495984388152460357e-05
4.545285334384148961e-05
3.821877611253229971e-05
4.034942360889343549e-05
4.425663907755869966e-05
3.664923132230404548e-05
3.393625939230542727e-05
3.380132750295807248e-05
4.271212701978808666e-05
3.386054045754282547e-05
3.328450692811477562e-05
3.466103727375400824e-05
3.535012458706945340e-05
3.753609463505566592e-05
3.730448180622364157e-05
4.973678000074581576e-05
3.602782301883560424e-05
3.804486349678876502e-05
3.546374363275833303e-05
3.325994024640537336e-05
3.796473249936475051e-05
3.572337713582792790e-05
4.092327014065130449e-05
3.400903557334767247e-05
3.349876969485367342e-05
3.685282394621060883e-05
3.420753485291509678e-05
4.119707328922253569e-05
3.333022788952590208e-05
3.451758945344708034e-05
3.658727225447756213e-05
3.385236215306711117e-05
3.732383645157665768e-05
3.910747393996108506e-05
3.986204405335070820e-05
3.415996373840905282e-05
3.463610212846051950e-05
3.544299000886316840e-05
3.631083292732964344e-05
3.548451297178862348e-05
3.576069855289604600e-05
3.378446530589802654e-05
4.928411672404609613e-05
4.088309362166895147e-05
3.344773637274458026e-05
3.387554314719946804e-05
3.680474510736852074e-05
3.909299053091685566e-05
4.012625468420460864e-05
3.879174632594185168e-05
3.518248662533015643e-05
3.593290365782674347e-05
4.175844644187506812e-05
3.363054471626599135e-05
3.525715765989412373e-05
3.443900259436190667e-05
4.049579213897826327e-05
3.469182377005688512e-05
3.433187998929882395e-05
3.602998726673839670e-05
3.747616931087782287e-05
3.513914225435794822e-05
3.947911788799186172e-05
4.942588894984215167e-05
3.680889319976928512e-05
3.752686496918815237e-05
3.592785507772808912e-05
3.411917962857907027e-05
3.380281340915464026e-05
3.580923386118894090e-05
3.639909378986601199e-05
3.581626544811396029e-05
3.359067644412107637e-05
3.394853862845372954e-05
4.108418011171329913e-05
3.613153952837490167e-05
3.555901689607153347e-05
3.430749218192857012e-05
3.445744569817709444e-05
4.162692803787754084e-05
3.582013837434023785e-05
3.637047243805804751e-05
3.788909147672428295e-05
3.383758276991834962e-05
3.366282807152797056e-05
3.399805813353000829e-05
3.595937084175571981e-05
3.762082481508099730e-05
3.607830737970237539e-05
4.760036053948136554e-05
3.406125171083550891e-05
3.455424508719485743e-05
3.931759357908143202e-05
3.453467525244866774e-05
3.982076282230099401e-05
3.697265566789203442e-05
3.641153049703507505e-05
3.504106984260520197e-05
4.601463007740731910e-05
4.136069858231354829e-05
3.395291517679568390e-05
4.057664737492491309e-05
3.408908541810097618e-05
3.828965818197100740e-05
3.529798978094053483e-05
3.815046550695257079e-05
3.589207992559285840e-05
3.474009957867233708e-05
3.337237983324065055e-05
3.487416041725984394e-05
4.007086966350108530e-05
4.138043428594751562e-05
3.427574626739852363e-05
3.663530777869637944e-05
3.485672985428688373e-05
4.007259046559574143e-05
3.366452931523252905e-05
3.734337670551704530e-05
3.445763185371025539e-05
3.526893702911815850e-05
3.733265011345853770e-05
5.837592329707274458e-05
4.341802872754148756e-05
3.494006127642935251e-05
3.485884236542184542e-05
3.446244434391265363e-05
3.499232280532240953e-05
5.158248697426644176e-05
3.386483677509882995e-05
3.556072402836660371e-05
3.644945428140772124e-05
3.741481308210556854e-05
3.839901189979274529e-05
3.574503276187438079e-05
3.732957771889094977e-05
3.371723569462554206e-05
4.063051417792628569e-05
3.548608281517646811e-05
3.450320984858606336e-05
3.368659569891538233e-05
3.370308410967963545e-05
4.289809165233915531e-05
3.474935327265045399e-05
3.645945335999952976e-05
4.103231558006777737e-05
3.433657998592187652e-05
3.521699658085085220e-05
3.588708687746187308e-05
4.207307066865980256e-05
4.128811186613687284e-05
4.866078371751164194e-05
4.251218258572709815e-05
3.612915851767799376e-05
3.334289759734684579e-05
3.679757719081266237e-05
3.440035173070114696e-05
3.608573447534355207e-05
3.764467816490627163e-05
6.718534695749055772e-05
4.417740847999609874e-05
3.511841183635002118e-05
3.470223444043064507e-05
3.509137647081148168e-05
3.382712310810242709e-05
4.711017389385795297e-05
4.591167487127141686e-05
4.140223087602019366e-05
3.352391958339595969e-05
4.207901255939084571e-05
3.572824076302200775e-05
4.773490351575041050e-05
3.758851584490014748e-05
3.460546811596290851e-05
4.819000644878035697e-05
3.524346802173886485e-05
5.560848249542506332e-05
3.481773979882349488e-05
3.534754641802771279e-05
3.394632206278657208e-05
3.676584135035956450e-05
3.599427853705486552e-05
3.413995671037438090e-05
3.572650740176447446e-05
4.009459179393532765e-05
4.002394342736074188e-05
3.402903468569400304e-05
3.472844483969845315e-05
3.398858985058582192e-05
4.545538621635238113e-05
3.379636383486266197e-05
4.016079875547711326e-05
3.834990189031685902e-05
3.406778384935328847e-05
3.769876271316717758e-05
4.052132313400289996e-05
3.464980685085588944e-05
4.842524710305057083e-05
6.136651042495937399e-05
3.399620921371755564e-05
3.324841566788934753e-05
4.100753507265509712e-05
3.923530506039768490e-05
3.339283570426464844e-05
3.391613717691068468e-05
3.643073413934134103e-05
3.520010434708175149e-05
3.467659672381055318e-05
3.370090766630229334e-05
4.116257057791415002e-05
3.611381165639961370e-05
3.559975583245088998e-05
4.099070037082647785e-05
3.887064410470261728e-05
3.359047677558462449e-05
3.934306527910999085e-05
3.553414036720366865e-05
3.442655878897176450e-05
4.057953111854611478e-05
3.474228364557904367e-05
3.531907782486869959e-05
3.795482861151248976e-05
4.068138929520299956e-05
3.406100462958674421e-05
4.254148131499619186e-05
3.623851911253717756e-05
3.572559247896421976e-05
3.347846263865052039e-05
3.791176807807529334e-05
3.508745537981860900e-05
3.590013610355433538e-05
3.540204880169696785e-05
3.502325657983368021e-05
3.460444306867973652e-05
4.294820747867545129e-05
3.651112781632568271e-05
3.884327798050415546e-05
3.510634143056369131e-05
4.039336033128242831e-05
3.548139724816628171e-05
4.178134892498943878e-05
3.993023727585578189e-05
4.594075924794643217e-05
3.474303758100642466e-05
4.081380373110437957e-05
3.534261174879373347e-05
3.705565625727883563e-05
3.719983979532490875e-05
3.538453327442614226e-05
3.658465616432423782e-05
3.861485499019265828e-05
3.439885557884073087e-05
3.778140134293607439e-05
3.591597255127005164e-05
4.319200608452909620e-05
3.872438950839006400e-05
3.582181150474461568e-05
4.316682596248379869e-05
3.958446773823595953e-05
3.604484505436303599e-05
4.392535599526935241e-05
3.512429139419526994e-05
3.714232503729349882e-05
3.981518780174226057e-05
3.501832239946696190e-05
3.601928015912004633e-05
3.717722147971506784e-05
3.488213392517644572e-05
3.682731116980809223e-05
3.384314458276770890e-05
3.378536371019019615e-05
3.568981183230163668e-05
4.191881982978554162e-05
3.842223097244143508e-05
5.365080348229553175e-05
4.575719948553019534e-05
3.491174632764671543e-05
3.390882954828402932e-05
3.535458558113986670e-05
3.320915559054355511e-05
4.113101199586061357e-05
3.838650851397631714e-05
3.431093679102660928e-05
3.325932470690861291e-05
3.471521617157204582e-05
3.383808595188852742e-05
3.412316846801286734e-05
3.881388448397873648e-05
3.575788874967616526e-05
3.511856327523253955e-05
3.398483365362958632e-05
4.078029215198066665e-05
3.638605013225734090e-05
3.682664670175635110e-05
3.453676309772351575e-05
3.426713561056460961e-05
4.417548817172344612e-05
3.626830537176577602e-05
3.548382610524553619e-05
3.394837239983361385e-05
3.419273935745364539e-05
6.203718873687687836e-05
4.981483174309445685e-05
4.982351558051984711e-05
3.804484324348663039e-05
3.588230602709616731e-05
3.550573874337327728e-05
3.482518065478678373e-05
3.675268491050693415e-05
4.192686874636376501e-05
3.660291295578600880e-05
3.652180573095454273e-05
3.525785673804532599e-05
3.524099333358377814e-05
3.964358423209678260e-05
4.094708251126807436e-05
3.795124026490302147e-05
4.209251525351921587e-05
4.412069631165310300e-05
4.964232028631826329e-05
3.602502308080108618e-05
3.491133587337158723e-05
3.846142047591341552e-05
3.487526671946076785e-05
3.337145052139174780e-05
3.553316288234812585e-05
3.356680719885805821e-05
3.563129936935531956e-05
4.049971499505822909e-05
4.200059983333644104e-05
3.344268476834070017e-05
3.694787479823489937e-05
3.388041926810842538e-05
3.918663684137345290e-05
3.574282073084460517e-05
3.746909571328983616e-05
3.372307799104643032e-05
3.576792440319924237e-05
3.658774580201685117e-05
3.328380487884416303e-05
4.087303666533120529e-05
3.528444333831120834e-05
3.380530820612874228e-05
3.363586014870648474e-05
3.723587757570999575e-05
3.406704298162337819e-05
3.830956304413383388e-05
4.290379739031915777e-05
3.347463329440899106e-05
5.915135233019466564e-05
3.529084481841641144e-05
3.473380527406121304e-05
3.502638396196240342e-05
3.726348103728315935e-05
3.453546814596374044e-05
3.953265481448200910e-05
3.351580035050090732e-05
5.278504010244796383e-05
3.703761441823608130e-05
3.546602842382177702e-05
4.068879924272170888e-05
3.504492906401877710e-05
4.376115055239761226e-05
3.414066595718612024e-05
3.478549726917935184e-05
3.340517959005946067e-05
3.695939371717795623e-05
3.423769569182661326e-05
3.569251570150304285e-05
3.704064486933732994e-05
3.396841451339937808e-05
3.662339384695791360e-05
3.402529075556887301e-05
3.580425683863409215e-05
3.420536413896206813e-05
3.457486473127228976e-05
3.849224604262373097e-05
3.361071226808555451e-05
3.840599943598755841e-05
4.240577885867740016e-05
3.482264918760911233e-05
3.804996638401103001e-05
3.859045386272585282e-05
3.408445537314705524e-05
3.791963885779149818e-05
4.433994858159076861e-05
3.496174804108842884e-05
4.926183835533870411e-05
4.268726714346551099e-05
3.438361669939580693e-05
4.442967888995656445e-05
4.644939739342907861e-05
3.588551723913653080e-05
3.885605033813389111e-05
4.119946500612206455e-05
4.636143303607872797e-05
4.269529271131007554e-05
3.579319529464958688e-05
3.716895387646716682e-05
3.585634946583544409e-05
3.840102561628884183e-05
3.400961451442618754e-05
4.082548573328449601e-05
3.589733245231688154e-05
4.561614798248429022e-05
3.769849271692496954e-05
4.253643068528791676e-05
5.219243845823125417e-05
3.723071983884433531e-05
3.603224523128234637e-05
4.669778712505742474e-05
4.177842146278617851e-05
3.969384699006411844e-05
4.160377507398948800e-05
3.622918550049499149e-05
3.370076632544496064e-05
3.466022608672288731e-05
3.354604070900613305e-05
4.433238309257512031e-05
3.668628236451717856e-05
4.331843903699598866e-05
3.488534763181444341e-05
3.331410219654090254e-05
3.543816566236554803e-05
3.369892874593785750e-05
3.371952214213872335e-05
3.503192491602051274e-05
4.099569835346925350e-05
3.400329983560824559e-05
6.135100463382373644e-05
4.707987822910359739e-05
3.586528530538508051e-05
4.605120395664497241e-05
3.370220792570985646e-05
3.704487328026209535e-05
3.927568289384664711e-05
3.730886358598286471e-05
3.511548366490370573e-05
3.400189307059330268e-05
3.588494641474980978e-05
5.265920156003789826e-05
3.399405639149275318e-05
3.578063791254371085e-05
3.487861076722591203e-05
3.521749749378048374e-05
3.421919595544323619e-05
3.419445056252153531e-05
3.443633900827237546e-05
3.560021776243782704e-05
4.068605462673219086e-05
3.430256581484260878e-05
3.348548477145884427e-05
3.758474672241574429e-05
3.598514729165253653e-05
3.352916695178267709e-05
3.395715174876478583e-05
5.146400072620707926e-05
3.413823798272950150e-05
3.344386847531194125e-05
3.439906932577724958e-05
3.538109654485794284e-05
3.364168457408792654e-05
3.767693817234979415e-05
3.455345337803818222e-05
3.610918305609639336e-05
3.536417148019035375e-05
3.564773274705070462e-05
3.405207894656555131e-05
3.377367932623821664e-05
4.361488549677846786e-05
3.854971030951122801e-05
3.791352661605321530e-05
3.726736161675731150e-05
3.761980130040978041e-05
3.768471585168170420e-05
3.778720109714527265e-05
3.506233181639629022e-05
3.343199731944345940e-05
3.384666483342113852e-05
3.626569482752497651e-05
3.518823638296634485e-05
4.534319571873006422e-05
4.133568213486118629e-05
3.406934775796481498e-05
4.079791814982425876e-05
4.526355518132174264e-05
3.368619947783816704e-05
4.311060059745079999e-05
3.621511468839538889e-05
3.790493627912434806e-05
3.406874416750892560e-05
3.393637032044430769e-05
3.419817094184073372e-05
3.450911727888993248e-05
6.899135775711801521e-05
4.517662195765852781e-05
3.447278096008541656e-05
3.375174109578166193e-05
3.862210488495902537e-05
3.409672531978452621e-05
3.812827803261237985e-05
3.372564546304940292e-05
3.435203720753452427e-05
3.918590863272523162e-05
3.448297636190802285e-05
3.335950834034626100e-05
3.439743941312391168e-05
4.591360735492808860e-05
3.633896319727983250e-05
4.466560745503816835e-05
3.482809896342211215e-05
3.504858409076618518e-05
5.444147609449968963e-05
3.706018471238114038e-05
3.555733393077747131e-05
3.970206302115249913e-05
4.429412902716164897e-05
3.561319369007621814e-05
3.482484487702711514e-05
4.616746885382009403e-05
3.538344548810324459e-05
3.428170815776915905e-05
4.346731512368913545e-05
3.451150065611510552e-05
3.620646074581370636e-05
3.419526533931411280e-05
3.850679096574076047e-05
3.558988117632512499e-05
3.881037615651602665e-05
3.913767068106432999e-05
3.996383379992302326e-05
3.485564770002380701e-05
4.041716607216615362e-05
3.361350270614414594e-05
4.185052008831217338e-05
3.513936904366945401e-05
3.466985229504142345e-05
3.524356799909587868e-05
3.374168704180195038e-05
3.847338571835225309e-05
4.241973321959838737e-05
3.711978353884994009e-05
3.381550637914303804e-05
4.737059346041370072e-05
4.218290623186000444e-05
4.005649829998087852e-05
3.366991502780253037e-05
3.640517643364434767e-05
4.578618925808044469e-05
3.763533377427538419e-05
3.566583864870883990e-05
3.437416996725872569e-05
3.567040953765505213e-05
3.575044103483002319e-05
3.424992346372412652e-05
3.440799000273914111e-05
4.963569346841717244e-05
3.930491476319978781e-05
3.749036876481154904e-05
3.338674606978250700e-05
4.050370500266884175e-05
3.385370231572708884e-05
4.106858057670455774e-05
3.960442991697138957e-05
3.690249298603315379e-05
3.518941614473054374e-05
3.580100160261852170e-05
3.698185462405539984e-05
3.485804377455376261e-05
3.844608056779107006e-05
3.902811334917233982e-05
3.894530615241983604e-05
3.940753971955068558e-05
4.696689568540968819e-05
4.587854631826595914e-05
4.016142702548130427e-05
3.380006574346794938e-05
3.392171917689496664e-05
3.553765870056276526e-05
4.136829353938718167e-05
3.962836617067708661e-05
3.335808379206355338e-05
3.488992254541745705e-05
3.546403846725523762e-05
3.886535465052043929e-05
3.327739679725110313e-05
3.489125872572372875e-05
3.975406141684927340e-05
3.355147888066814315e-05
3.577728083438288874e-05
3.513170637540535883e-05
3.331955759044874532e-05
4.636049227277351910e-05
4.378489318582791796e-05
3.389127911436863263e-05
3.392785368565788589e-05
4.098114510675584778e-05
3.550894653338903455e-05
3.651541361614914861e-05
3.434366692070919591e-05
3.462658128111399875e-05
3.392774268092689147e-05
3.353071492412945139e-05
4.390324245798323861e-05
3.634114579090561665e-05
3.638275285702232060e-05
3.461495241302492887e-05
3.412196648700772884e-05
3.842447783986168331e-05
3.511000416121750055e-05
3.980818024436216270e-05
3.426413803000089063e-05
3.458926785978011623e-05
3.387010748068751669e-05
5.998096369737381217e-05
3.730730340715001080e-05
4.032888965386531772e-05
3.564964619601634379e-05
3.535374306750274333e-05
3.567106239031613712e-05
3.577183573022702016e-05
3.417531512154574385e-05
3.390029386864762092e-05
3.480530277647926585e-05
3.399974123798952370e-05
4.063237339924749596e-05
3.425368136159669320e-05
3.471951440465217932e-05
5.562252637689816132e-05
3.559652186092216787e-05
3.453271923437339398e-05
4.246918524013272469e-05
4.552084541430754096e-05
3.796185988083739627e-05
3.675920909567272711e-05
3.525363672263848402e-05
3.698316824709326080e-05
3.458063322927801134e-05
3.452110901931576829e-05
3.459794916266570162e-05
5.361511974143006967e-05
3.635806588930597403e-05
3.862461135046104700e-05
3.692834687887819035e-05
3.700010249203968790e-05
3.517459847491963179e-05
3.427002448777501662e-05
3.738604981815172402e-05
3.854699506846013190e-05
3.520669847891744696e-05
3.542927527411270414e-05
3.731790054426761756e-05
3.358394296133331838e-05
3.516668031204729205e-05
3.367490178561660875e-05
3.332069503688940359e-05
3.521394058760652306e-05
3.477878484320164379e-05
3.833043159317690152e-05
3.535342091534346502e-05
5.270148757719708455e-05
3.478984937136114249e-05
3.642457191376287118e-05
3.810444178354153213e-05
3.322001188776750082e-05
4.266759876670320119e-05
3.381164103433868058e-05
4.290346267249818606e-05
3.599392473146959280e-05
3.611025853297892489e-05
3.647551808447596725e-05
3.422938369232889967e-05
4.144364891214795665e-05
3.752448821324487125e-05
3.859358907738326226e-05
3.593768971165666853e-05
3.635099743758944143e-05
4.151834267090101797e-05
3.552751646018026632e-05
3.621070722458270315e-05
3.319599138019980572e-05
3.775054513992102045e-05
3.475314636820116000e-05
3.899185360156288038e-05
4.130248279085082781e-05
4.377591811674100611e-05
3.882666429050745944e-05
3.640195252322196544e-05
3.322348149121917267e-05
3.599682565499160699e-05
3.443210273944221652e-05
3.761633331408503246e-05
3.963461095784265358e-05
3.496639769306336687e-05
3.600022104143396385e-05
3.510399167762878715e-05
3.949140592633635922e-05
3.763483300183350565e-05
3.436200984027108860e-05
3.800269268071015336e-05
3.370842465083924205e-05
3.470846629505390692e-05
3.658661828016488419e-05
3.745751665135224503e-05
3.601975098515116302e-05
3.502564668088465439e-05
4.459300877172414916e-05
3.606864821041234231e-05
3.741521597251797971e-05
3.497650864784680188e-05
4.538349563101048544e-05
3.938857211122113262e-05
3.499703774076918616e-05
3.369618599936233944e-05
3.918749570630821149e-05
3.385649385277564533e-05
3.797658336969458908e-05
3.437711447387529779e-05
3.332553528149306387e-05
3.867981494916717734e-05
4.021820866508707431e-05
3.553631500574699822e-05
3.643148710369372887e-05
4.027522092961762108e-05
3.358254444216319867e-05
3.510199531112076146e-05
3.559503834051506917e-05
3.915777877562652434e-05
3.783499191411367560e-05
3.738494477495571758e-05
3.509878530784170625e-05
3.471279288605693645e-05
4.809161772306085812e-05
3.394219264791732753e-05
3.550270162757418908e-05
4.000104103654373645e-05
4.358293082855747256e-05
4.024832132624650625e-05
3.494648421081737071e-05
3.480558733560334625e-05
3.383559779590611670e-05
3.381746659690004509e-05
3.597411995957435621e-05
3.965202775711175307e-05
3.387860836277754319e-05
3.593948995146253509e-05
3.458487231004816863e-05
3.479010837785493260e-05
3.781982808392894728e-05
4.281813761278811727e-05
3.821229432543705513e-05
3.322389307296871679e-05
3.850304836616901438e-05
3.449621270133444034e-05
3.613793344124608141e-05
3.693911381039282509e-05
3.672930083974094989e-05
3.558131379604440974e-05
3.770320650262619811e-05
3.370455369698076986e-05
3.358108867045799580e-05
4.347820627936668851e-05
3.687866333158521833e-05
4.040611759033665046e-05
3.527050845727418136e-05
3.767554437834111901e-05
3.388863464880099221e-05
3.435273447831404392e-05
3.635561071921387510e-05
4.000793846713651306e-05
3.842993582846588192e-05
3.375295153266565372e-05
3.585053192255952415e-05
3.336845881558228447e-05
3.636836345801908112e-05
4.191658585100608414e-05
6.561185147262181322e-05
4.921939305748210128e-05
3.479347497983048852e-05
3.629643410905079599e-05
3.844281374754047033e-05
3.932358665170620680e-05
3.857182286447509960e-05
3.397223100745763507e-05
3.515566214017530177e-05
4.713906811906613711e-05
3.616848324434065125e-05
4.212514869463726514e-05
4.619207465591812647e-05
3.563837942610347155e-05
3.632956243788538602e-05
3.455849307435870368e-05
4.253532796863184487e-05
5.665582603219950858e-05
3.433429735139976259e-05
3.846737490542359637e-05
3.547121069665191804e-05
3.425873516289975034e-05
6.535911279088146137e-05
4.710578490576483802e-05
4.365798832555116535e-05
3.424381107868749302e-05
3.335889784013833812e-05
4.279198112104767019e-05
3.329590952566820536e-05
3.477772193170833889e-05
3.798132494085850971e-05
4.343752261711357081e-05
3.331381039503784371e-05
5.677114621505189576e-05
3.596235036954628167e-05
4.430794718410180978e-05
5.208866650564421410e-05
3.376873258484526389e-05
3.548524885965648423e-05
3.751295612250517351e-05
3.413362625188435498e-05
3.375323301250750290e-05
3.436894845474155059e-05
4.677817566826460112e-05
3.360669633607647679e-05
3.791822858094135058e-05
3.710358499917717926e-05
4.305843864639068115e-05
3.451150065611510552e-05
4.958171127835583983e-05
3.827339103926621184e-05
4.467988004953639517e-05
3.533521859858782563e-05
3.320294340056153973e-05
3.925349200859885244e-05
3.800318023577311258e-05
4.474312226290619472e-05
4.337293878517538813e-05
4.048657784586522426e-05
4.294688688110512753e-05
3.949021781047957580e-05
5.477781080142244899e-05
3.481773979882349488e-05
3.610831793467734471e-05
3.892038645092864443e-05
3.940884500362928981e-05
3.480812221635386813e-05
3.413409023131921759e-05
3.402339082833508410e-05
3.901014629982848099e-05
3.601000143351124408e-05
3.575339660646410919e-05
3.423534073753246155e-05
3.425316775899574679e-05
3.753651497235590396e-05
4.065042947788656877e-05
3.710486510939190840e-05
3.319280861135553707e-05
3.323408994293801291e-05
3.637189351755113463e-05
3.378191010956047599e-05
3.535359438289388821e-05
3.457265145426341164e-05
3.878696498847328163e-05
3.729832354803426530e-05
4.936642554550296427e-05
4.124923015583260876e-05
3.982553204955636153e-05
3.620260756363159017e-05
3.905678325569250290e-05
3.644065614437595735e-05
4.160171602120904321e-05
3.535173568017384473e-05
4.079327120074132843e-05
3.518090436095059996e-05
3.379639188381695480e-05
3.769556395446197757e-05
3.875910884787367981e-05
5.088943063846239671e-05
3.675310807711075641e-05
3.695649846090408660e-05
3.372561725199210627e-05
3.363114175164972182e-05
3.771671591157367835e-05
3.354423699045167983e-05
3.830469385330554494e-05
3.834185534928821499e-05
3.909312209388948257e-05
3.376718631941174616e-05
3.539244168262501328e-05
3.368257629074108712e-05
4.361446820382708080e-05
4.555679159101249488e-05
4.212274569146172502e-05
3.563956713888604739e-05
4.365653171450776068e-05
4.287199624702761933e-05
3.656115595360665482e-05
3.982796071523991572e-05
3.403079614327471694e-05
4.275010666222382153e-05
3.991393347916541450e-05
4.349801848001993938e-05
3.669261533950851439e-05
3.576031434213695188e-05
3.652345992614661538e-05
3.426905260384323099e-05
3.716502337273378253e-05
3.497280733710181062e-05
3.471029094197938906e-05
3.318416964772953208e-05
3.681004645160345674e-05
4.137975916393584857e-05
3.414982796521039799e-05
3.613648691577097576e-05
4.702715546952469398e-05
3.870245799701312734e-05
3.604879176063547301e-05
4.013861746944522453e-05
3.939197745965758262e-05
3.705648368481419827e-05
3.798899347910556461e-05
3.926777612348357813e-05
3.376279948864318215e-05
3.761048170550510201e-05
3.412434301878418093e-05
3.390438172297857011e-05
3.524679185077858601e-05
4.292175974637695327e-05
4.093123943720407076e-05
3.943632028881914142e-05
4.081862784353185820e-05
3.344300235956912864e-05
3.565168043958596408e-05
3.706353653074457698e-05
3.588646855762922815e-05
3.589925705737393190e-05
3.487717036244504916e-05
3.379080888026250750e-05
3.865234689685310271e-05
4.034442638404790005e-05
3.580574057323462027e-05
4.152589045322003624e-05
4.383658023596892364e-05
3.396888472490476439e-05
3.824732798694871185e-05
3.365250212137950512e-05
3.425795155262739738e-05
4.044570954417560816e-05
4.128714145431251666e-05
3.945113801425320947e-05
3.330881950122932804e-05
3.919270380006516333e-05
3.757074999567109859e-05
4.522005156686787923e-05
4.172143501641449473e-05
3.403038332415000061e-05
3.744482754732331360e-05
3.771646701056918924e-05
3.333721971058558399e-05
3.383433954796369499e-05
3.847263941796202620e-05
3.570327731116667869e-05
3.380415898053446309e-05
4.915213162090049833e-05
5.972447038279269326e-05
4.233897166939454233e-05
4.086601769966269028e-05
3.554767093465159702e-05
3.323555852357743369e-05
5.722959613464463592e-05
4.598880037098721977e-05
3.335654276576274459e-05
3.887003314974438227e-05
3.809175135677901137e-05
3.549059505142019384e-05
3.433421678020352269e-05
3.793879615531735419e-05
3.693023720988046856e-05
3.973779158476558655e-05
3.422602482831793683e-05
3.573615831979625612e-05
3.423090030159992259e-05
4.708562613590979037e-05
3.380617706147582045e-05
3.400680226098611107e-05
3.375753884937882928e-05
3.827540306252187797e-05
4.195784609570425288e-05
3.770769036272227369e-05
3.462891625970769473e-05
3.512414002321999281e-05
3.456208031770434294e-05
3.729060039122255481e-05
3.540229567683299744e-05
4.594461726794431104e-05
3.607687770846256230e-05
3.557115702455927129e-05
4.121448991946731510e-05
3.682119681969235831e-05
3.699546629117089134e-05
