9.762936960224689498e-11
1.588001690647785018e-10
1.082583688401961163e-10
1.191159014041055468e-10
1.416309776182454090e-10
1.989621366346047676e-10
1.013230688757693496e-10
9.452137916155245935e-11
1.031734369644624639e-10
9.504926519069914223e-11
1.229729575106501645e-10
1.193819388612781862e-10
9.608378519799612279e-11
1.165012839296257252e-10
1.650297975877828369e-10
1.015761845487483684e-10
9.360827118800423728e-11
9.989638513118951325e-11
1.072890149387758315e-10
1.009590117165069975e-10
1.011137637567322453e-10
1.057536025140482590e-10
9.883722784359121674e-11
1.381401432463398786e-10
1.124664205315092600e-10
1.161154875684239326e-10
1.786612997767775642e-10
1.285787561273697257e-10
9.423311919338309611e-11
9.756336895599371671e-11
9.884502389095387512e-11
1.378771532472498663e-10
2.754233948377446380e-10
9.558829344258999813e-11
9.508943715048361424e-11
1.042162377127881857e-10
9.589323508653922632e-11
9.508753959684299363e-11
1.277569996674541426e-10
1.219700977598591913e-10
1.388188780483787474e-10
9.796156219066917703e-11
1.242950748531886570e-10
1.109504516206629242e-10
1.018970892728690849e-10
1.240520644933219643e-10
1.035316976960412019e-10
1.070631533867897651e-10
2.008177145729244689e-10
1.085217810020470824e-10
1.321773733552195098e-10
1.021675237062089693e-10
9.289376407930041276e-11
9.211671386263242018e-11
9.365907905557186221e-11
1.219536911694980649e-10
9.465021833504637996e-11
1.116806055671469417e-10
9.877040434648395992e-11
1.283059979152708018e-10
9.821870777071537160e-11
1.970051994158284770e-10
1.062367600167298476e-10
1.180940061274653029e-10
1.020162528669742636e-10
9.868961284826722303e-11
1.121459935345835418e-10
1.054903620653768833e-10
1.009858682714588579e-10
1.013588135094294740e-10
1.048951244378473104e-10
1.413069410745377485e-10
9.345168891155487324e-11
1.378515613617573957e-10
1.188488226514933833e-10
1.599170371327564824e-10
1.032601248760869372e-10
1.504461197848803507e-10
1.027448009136616127e-10
9.328024416997752367e-11
1.402388623476701644e-10
1.038682405488713569e-10
1.200866148897391894e-10
1.260578157206471305e-10
1.660890486353739833e-10
1.466929516874265516e-10
1.112574891161078951e-10
1.260269225284158712e-10
9.438697492555353979e-11
1.333161567485457367e-10
1.192145424172604996e-10
2.738919613638541186e-10
2.114318833778433553e-10
9.903807196999756447e-11
1.104493167697714312e-10
9.756058586919539581e-11
1.129503296543918084e-10
2.136854700407366772e-10
1.547521900120208661e-10
1.116895343526937285e-10
1.303624145641468329e-10
9.302683047780766508e-11
2.025327794914589750e-10
1.251393107893747842e-10
1.469736294437751401e-10
1.017217671437266035e-10
9.208240298182740216e-11
9.601591516536217610e-11
1.478179151430191448e-10
1.553628628470552599e-10
1.296609071230693094e-10
1.220285861672554696e-10
1.500072594772248796e-10
1.434349900829426546e-10
9.790485229413246431e-11
1.002203310796264942e-10
1.705104117641965467e-10
1.866746337728506847e-10
1.057749251012675282e-10
9.592791945954374934e-11
1.164774526826640143e-10
2.700866382164302878e-10
1.011109165124768655e-10
1.522089168428125988e-10
9.805442424139430347e-11
9.915078551867378899e-11
9.481457915902069740e-11
9.240750081963792595e-11
9.590955851157989069e-11
2.523600885547371948e-10
1.082415692990765599e-10
1.299046995855952415e-10
1.355158095220718562e-10
1.477000662126658774e-10
1.368644716397573142e-10
1.101252908947607197e-10
1.152575498417749979e-10
1.276040248095718765e-10
9.739053114602493558e-11
9.367189741962912645e-11
9.495542001836761670e-11
9.593011629006269587e-11
1.221345656894306785e-10
9.737876161445565316e-11
1.021081086501724434e-10
9.196540170683307900e-11
1.066154682739878457e-10
1.019900800488667375e-10
9.876703918861766713e-11
1.381236051467875332e-10
9.416312656221344906e-11
9.517147466506954009e-11
1.004760269255775900e-10
9.942364002575564993e-11
9.833577447804593519e-11
9.641422851908044713e-11
9.684986093121840456e-11
1.624900739108090210e-10
1.164234193878732478e-10
1.029627065703270451e-10
1.082700848169687590e-10
1.075454170841284594e-10
1.104666543027547620e-10
2.057475505765200535e-10
1.159817220102376092e-10
9.667918051425640405e-11
1.407269457927099307e-10
1.598322315667976047e-10
9.775508013698149427e-11
9.184240187573197809e-11
2.471253084857746971e-10
9.474781783496679495e-11
1.100183030206053481e-10
9.455888704743731358e-11
1.425605022355185756e-10
1.090387983326202036e-10
1.444141373316901965e-10
9.310707364382700746e-11
1.008591825643172131e-10
1.142742138566167319e-10
9.360506483508099609e-11
2.046188767835095708e-10
1.007224339765434052e-10
1.068170226193314236e-10
1.000158165602231489e-10
1.017372692957336475e-10
2.475548544329242166e-10
9.421016534956823471e-11
1.065908586837867286e-10
1.189785935697978537e-10
1.006579104106182205e-10
9.505654152902684332e-11
9.419422230074005301e-11
1.056343860445871546e-10
1.119287307002811532e-10
1.065566545436601010e-10
9.417843635619258611e-11
1.212429193246545589e-10
9.327123851773952705e-11
9.990229152074941861e-11
9.373372447026664104e-11
1.001453999680658961e-10
1.044886923521115680e-10
1.286728398293830818e-10
1.178057626485759825e-10
1.202650517382456506e-10
9.523844978294598081e-11
1.478890578084138856e-10
1.294809373841171822e-10
9.286228764537629017e-11
1.162723275594007887e-10
1.449617412019081955e-10
1.320865449588723170e-10
1.160355366925682017e-10
1.050416016353531569e-10
9.895777712153682297e-11
1.490868941246477198e-10
1.722547113012179866e-10
1.017553028525068101e-10
9.512627475193285154e-11
2.085104235954576262e-10
1.014706125356849474e-10
1.031388323152872864e-10
1.036182699578441841e-10
1.247721232447374530e-10
9.488937908506008578e-11
1.819639210866592596e-10
1.106142736411506246e-10
1.142253308436983447e-10
1.209197399555832569e-10
1.457019580546821486e-10
2.243527746050707966e-10
1.109978321398511872e-10
1.175417297033329583e-10
1.087530036776892826e-10
1.852546091698955548e-10
1.021869755659504514e-10
1.063330175450266814e-10
1.028768326485145031e-10
2.545676266523640995e-10
1.046836496921188339e-10
9.489603251104178573e-11
1.133173301942757481e-10
9.916191351984449536e-11
1.064115737256670505e-10
1.155166768412807456e-10
1.319357155293574645e-10
1.098288684864710215e-10
9.533741535575442374e-11
1.804068292318015457e-10
1.158572666234613302e-10
1.348509759858290515e-10
1.081328111941368790e-10
9.359865184091154758e-11
1.306753591613400510e-10
1.122644697552291697e-10
1.275057038929259507e-10
1.095564734551598613e-10
9.732005022826462220e-11
9.472164124059900771e-11
1.099783505313061290e-10
1.715763086536167992e-10
1.922430851419509564e-10
2.381236566848748814e-10
1.627051584178206980e-10
1.206186639150137550e-10
9.453107524438999728e-11
1.070156780301007619e-10
9.262534982067584956e-11
2.788239816463299443e-10
1.264156938725776318e-10
1.143045040615783857e-10
1.060355347535481837e-10
1.263121238947836724e-10
1.093088226225125546e-10
9.316584799815352017e-11
1.074204097655329217e-10
9.464910693958363184e-11
1.268234570230093018e-10
1.077261686526026939e-10
1.091425612790595731e-10
1.086327315574177928e-10
9.929110128326670450e-11
1.040935829903488764e-10
1.138291475089216971e-10
1.410622265838464952e-10
1.029718509578965810e-10
9.563408892282440944e-11
2.104617439235249953e-10
9.180881662109152823e-11
1.235924494266541974e-10
1.148501405371631665e-10
1.614277110207424153e-10
1.087985500830506572e-10
1.843085195317431429e-10
9.319288940327552941e-11
1.704266305209452760e-10
9.230920031548623902e-11
1.082532868667446075e-10
1.128835272514409367e-10
1.065889984545382737e-10
2.892124382277972180e-10
1.397425138386589296e-10
1.251707685633599348e-10
1.183162178510156074e-10
1.113743133830149328e-10
1.100493374819361262e-10
1.156633032697876498e-10
1.775188888094528161e-10
9.720904906422539812e-11
1.324424317419080864e-10
1.221656834744074674e-10
9.925516286071870266e-11
9.576476019909142175e-11
1.021002338854605665e-10
1.102573351270263740e-10
1.041171016058880449e-10
1.118960957282310678e-10
1.044557801132858493e-10
1.403615004190130766e-10
1.099460451578538396e-10
2.348324426140613075e-10
9.473084343149978192e-11
1.690243252934725246e-10
1.339546153260008444e-10
9.873277005022788098e-11
1.723965379621887976e-10
1.245768765537527046e-10
1.263050932397457950e-10
9.234700655767305858e-11
1.151202370706229747e-10
1.457005429526683715e-10
1.249641148703346871e-10
1.190712298616944271e-10
1.217837884793864568e-10
9.552830537367835305e-11
9.723929081388777704e-11
9.613172349116517939e-11
1.502571902163277375e-10
9.476114167069449100e-11
1.317815261365091236e-10
9.317647222625355665e-11
9.517321274815177570e-11
2.298553816520558376e-10
1.482353163533415795e-10
1.965750840348558792e-10
9.695220514774232700e-11
1.346976116154271141e-10
1.202101925933477673e-10
1.039940521580768201e-10
1.030707714114890721e-10
1.038191964373648061e-10
1.130219915492274477e-10
1.447730226551123960e-10
1.058460692283694975e-10
9.367990811780912280e-11
9.494782023134997168e-11
9.589527564762873614e-11
1.090549293245533181e-10
1.355561653455768258e-10
9.190546746459548711e-11
1.238017330363768317e-10
9.496982648717198880e-11
9.617243894325738255e-11
1.309091298671333826e-10
1.196270224454920304e-10
2.121577229382783722e-10
9.724611345538554425e-11
9.388174014042614805e-11
1.701303080436731281e-10
1.246530109208331192e-10
1.040832099495415262e-10
9.295910841064804762e-11
1.644927469987156031e-10
1.042157998849697521e-10
1.200387775968066937e-10
9.738201384630622656e-11
1.501993260458978943e-10
2.299868332241588628e-10
9.570534063416583263e-11
1.362548118270760385e-10
1.003195091837458720e-10
9.573474006067924067e-11
1.130102999132070512e-10
1.442580666728028184e-10
1.539878412999172503e-10
1.218426097208943046e-10
1.031439868430220187e-10
1.092797043635402893e-10
1.037833155175117047e-10
9.626806093985680215e-11
9.184321691823185752e-11
1.189632563712435843e-10
1.145108290812035656e-10
1.075807654016769544e-10
1.555708195235540425e-10
1.417336045794711911e-10
3.335290565595130397e-10
1.002133838858159728e-10
1.641189180229803247e-10
9.545047645735585808e-11
1.818133109438098491e-10
9.871486640650106341e-11
1.139335373546696310e-10
1.023025804631555127e-10
1.348556351269007317e-10
1.022844830106624398e-10
1.324104788168884076e-10
9.215881478097380781e-11
1.319564917149406298e-10
9.451788200009630745e-11
1.172630929866723491e-10
1.009114347635693937e-10
9.902036925757592351e-11
1.345557651313169674e-10
1.080434732303318577e-10
1.177315393569930643e-10
1.003647674682641096e-10
1.145450953924059138e-10
9.649840178907802785e-11
1.024990986369721410e-10
1.010013192109832775e-10
1.086714282788593171e-10
1.123339176237093497e-10
1.237590472470162354e-10
1.003662757701990739e-10
1.063522312276336051e-10
9.968688927435745709e-11
1.892158064812822078e-10
9.535350651815522230e-11
9.589245024523403931e-11
1.267252213758787920e-10
9.974741277413199164e-11
1.015370728826638640e-10
9.399058130380716288e-11
1.114147911120193959e-10
9.938546160112538831e-11
1.011279989258461975e-10
9.684488129189973890e-11
1.069219563441095992e-10
9.254684633382380126e-11
9.331513388920037462e-11
1.014450637082509065e-10
1.112977284521479474e-10
1.059252290835519191e-10
9.349486820237065198e-11
9.747938191968776865e-11
1.202483130063924004e-10
9.221340712437280213e-11
1.118231168348663583e-10
1.651069936790617504e-10
9.957136549464536411e-11
9.230449386941795019e-11
1.456943381326381784e-10
1.095712806115535276e-10
4.111065707853299394e-10
1.153927171953506180e-10
1.873099145349900595e-10
1.092179455877986484e-10
1.225460301140940319e-10
1.628142372111002545e-10
1.009642634898248531e-10
1.096168086333690004e-10
9.214516227328505388e-11
9.351123645702351633e-11
1.102938660808566304e-10
1.017630519517059875e-10
1.114706677834518463e-10
1.500886303239878466e-10
1.225209507221810195e-10
1.003418388364200913e-10
1.083955033100206798e-10
1.050591379063852723e-10
9.363183493376432363e-11
1.126889092671686339e-10
2.786475009445332882e-10
9.299974682904577310e-11
1.124449834518072032e-10
1.155817457429841686e-10
1.059540016544548147e-10
1.350722461795004122e-10
1.157071263136093108e-10
2.163131741909909216e-10
1.136497470831397868e-10
1.773979713141972155e-10
1.000386593015209228e-10
9.611010685103637341e-11
4.123697756244811144e-10
1.087611582729363250e-10
9.438188177002613665e-11
9.464434368682804610e-11
1.027583949235653448e-10
1.113066841064522253e-10
1.331352169238439271e-10
1.118978785257635573e-10
1.101945271367298457e-10
9.936629149750724915e-11
9.616727204853363780e-11
1.295251057099387232e-10
9.233386515101078509e-11
1.031289644476849527e-10
1.051285332280215797e-10
1.132900650844919074e-10
1.682038413906040545e-10
1.812502456663327060e-10
9.332333212067879309e-11
1.321272229145265159e-10
9.742830912793553352e-11
1.055560456265432180e-10
1.292409187789651960e-10
9.368727743079850656e-11
1.179449193717707797e-10
1.167067177569981261e-10
9.317051635015016784e-11
1.398310066606568211e-10
9.507820947612971297e-11
2.299751513022661577e-10
1.013417651438897092e-10
1.891638379469536585e-10
1.281570066537032253e-10
1.339537951897701348e-10
1.106623339902117769e-10
1.133737412503244469e-10
2.184126577492812151e-10
1.101165293789837284e-10
1.205766637510502999e-10
9.624850510180303099e-11
1.129204020999740009e-10
1.288014246731391406e-10
1.199839569556221078e-10
1.455595167003045655e-10
9.601199529044266286e-11
1.128934613658111893e-10
1.098338866133729755e-10
1.298842383497639374e-10
1.010933819356846498e-10
9.702260909982387697e-11
1.197471379635201353e-10
1.439930008319865174e-10
9.752424474888397097e-11
1.026887828993056221e-10
9.234668209819910226e-11
9.697987472770353839e-11
1.375536355479488823e-10
2.624304598615271989e-10
1.172969179168806683e-10
9.575045843779183868e-11
1.068951247321410532e-10
1.087397864732012936e-10
1.090869045981651824e-10
1.114248397105619852e-10
1.069747460398281581e-10
1.207970541045801133e-10
9.945770077887576105e-11
1.096314690443317774e-10
1.214044181993643246e-10
1.376531975118637718e-10
1.080979035729239601e-10
1.859240381641567140e-10
1.135888541796433014e-10
1.157742313368409583e-10
9.573788391674753188e-11
1.191622456202748521e-10
1.219619582974957827e-10
1.020480687214088809e-10
9.510224477102288413e-11
1.285927207403336908e-10
1.019100380369457986e-10
1.037381926694718290e-10
9.717864393077701551e-11
1.058303750333480849e-10
1.041430981440649744e-10
9.558136736918104893e-11
9.980729788699803569e-11
9.629386932491243633e-11
1.039693392310271026e-10
9.538631250843855444e-11
1.356349912282740286e-10
1.115124904328848506e-10
9.803779789035423733e-11
9.864674538115239739e-11
1.465144186276291553e-10
1.052970013999216846e-10
1.649597960703606841e-10
1.067274363841749842e-10
1.186875415501102641e-10
9.369352492931612506e-11
1.540890339844822009e-10
1.131928949183858723e-10
9.885816894847231334e-11
1.167561439357745852e-10
9.922271713313892557e-11
3.652763433589631628e-10
1.137334620423007365e-10
1.318555519827763308e-10
9.260657902710999157e-11
1.175117767281344786e-10
2.178153781463529733e-10
1.743607119822084081e-10
9.336624199249019378e-11
1.165305375728104026e-10
1.042770801279078511e-10
1.209141016157474655e-10
1.001390527419608193e-10
1.270997335380011140e-10
1.080081159998958610e-10
9.418545261735870039e-11
9.732221953783655772e-11
1.032340810436621071e-10
1.023830950046033209e-10
1.174021549385480154e-10
9.485040081805693865e-11
1.185252860347181495e-10
1.111369705436480682e-10
1.009786671269849122e-10
1.157149836216751837e-10
1.112636912136241142e-10
9.379679613158794401e-11
1.396678663411403385e-10
1.551710430299923089e-10
2.252919146267937679e-10
1.017505339194135272e-10
1.518256626105961362e-10
1.052705310537956701e-10
1.245655153138962419e-10
2.177387983684058302e-10
1.288865200147905205e-10
9.473131938561647737e-11
1.499264869811718578e-10
1.075334900570613881e-10
1.111533865468469850e-10
1.048223995001789152e-10
1.269335395146981199e-10
1.099466022174167681e-10
1.028583807535915906e-10
9.648372684652104342e-11
9.706858842723008134e-11
1.175942626523245533e-10
1.305231039117962714e-10
1.148932968327382384e-10
1.073429265936024855e-10
1.052278480114760129e-10
1.270601048244010083e-10
1.022298769936694629e-10
1.010508082992935303e-10
9.210094200307134573e-11
2.214624133895042744e-10
1.162764384689530104e-10
1.554616263354274967e-10
1.392363498687428787e-10
1.107502357865494027e-10
2.099396226607881424e-10
9.736079519245284989e-11
9.736993364888531049e-11
1.096243484875564553e-10
9.899564186877165907e-11
3.084639447646975498e-10
9.445236877647655197e-11
1.001689722981575517e-10
1.057982603793159124e-10
1.331381617132399050e-10
9.618026710884589535e-11
1.546110771628299263e-10
1.153908482363295723e-10
1.552226478139037606e-10
1.590030772413079258e-10
1.244609743215568302e-10
1.030984719345109555e-10
1.003873899151831950e-10
2.080246759489809803e-10
9.689808959493121020e-11
1.004897384450041678e-10
1.078021355745626165e-10
2.298940936686133442e-10
9.214402448441709135e-11
9.634812540230039485e-11
1.086373758007953500e-10
1.676413259901238046e-10
1.360458596210941515e-10
9.669071285541188783e-11
1.131469987168662717e-10
1.009941190304950194e-10
9.269344691346864712e-11
1.047849311078003444e-10
2.463158232930446631e-10
1.381409415935163788e-10
1.070287961870189649e-10
1.072161467549445879e-10
9.436771516648644685e-11
9.711066766115061811e-11
2.074348718105348714e-10
1.048017788119977462e-10
1.506223656254779008e-10
1.425556203832333998e-10
1.217534769239787447e-10
1.084792330253622750e-10
1.076780982016047602e-10
9.399713062952443129e-11
1.157386858923211660e-10
9.770089061684111259e-11
1.048425811028434370e-10
1.378563601569364233e-10
9.194423318939979245e-11
9.709716056863240823e-11
1.241726826976572665e-10
1.737999958011869147e-10
1.623970407149043895e-10
9.363375827576882205e-11
1.072709442527566914e-10
1.248345706703070874e-10
1.182149607778957879e-10
9.747938191968776865e-11
9.744487165974044058e-11
1.132712067494281021e-10
1.626739248089390141e-10
9.524397654804562613e-11
1.471202687920760024e-10
9.404759496786397059e-11
9.450786677498184627e-11
9.392490622813541653e-11
1.211553194858181573e-10
9.179756478743799458e-11
2.127196369080558833e-10
1.182744176727652559e-10
1.025315235439498872e-10
9.736822992578887884e-11
9.792982051735975631e-11
1.051582204422474570e-10
1.208998765997224071e-10
1.161100439377941436e-10
1.251599518484281827e-10
1.852281409170835408e-10
1.038622392235080892e-10
9.590516398244675721e-11
1.020630816008477853e-10
1.443128509035340822e-10
1.775683342905939727e-10
1.017414425989139650e-10
1.075127569932764634e-10
1.399676002454360100e-10
1.270396114334184168e-10
9.305052301202564478e-11
1.306645830156368998e-10
9.643578549731703203e-11
2.231486905880077810e-10
1.036684235590856665e-10
1.202220419626041230e-10
9.265398505020661043e-11
9.770969241281633118e-11
1.245863643670433291e-10
1.072555749592351803e-10
9.281739740131181718e-11
1.178410240412103709e-10
9.602751717454800632e-11
9.624819218013573633e-11
1.567406951670629157e-10
1.085214992753806880e-10
1.004311140021143181e-10
1.096366346851850351e-10
1.302821249115627283e-10
9.991607190830151987e-11
9.786445979112973626e-11
1.263103970989537726e-10
4.262150192748104439e-10
1.132531598709457737e-10
1.507254270440590606e-10
9.768405717995954157e-11
1.366775182346856044e-10
1.026135081662290695e-10
1.329410884728282931e-10
1.074449951175709163e-10
1.161988401703144065e-10
1.089523567495063099e-10
1.137746911093456372e-10
1.365650083132559479e-10
1.054344667725651960e-10
9.746344353195595743e-11
9.587675223861480911e-11
1.079901506470866067e-10
1.103861880294461591e-10
9.946575830327987845e-11
1.087236145768713189e-10
9.647857454179713940e-11
9.189846204706349242e-11
9.550011061929405143e-11
1.508125847223232555e-10
1.110302837983948099e-10
9.625992613349836390e-11
1.913453064989347257e-10
9.186587256675459387e-11
9.276602482438437904e-11
1.280515012869120613e-10
1.187881857344291769e-10
1.387136849379259947e-10
1.012403203415970243e-10
1.013006293686578131e-10
1.016822571202219218e-10
9.688595661867667814e-11
1.051367884579213246e-10
1.111362807491681248e-10
1.254270222753245078e-10
1.342596356763203296e-10
1.074807985019885864e-10
1.534435547104574523e-10
9.806827764979382169e-11
9.372795972577805369e-11
9.979456545747454209e-11
9.288972916061542425e-11
1.115984314133209040e-10
9.435768599634304068e-11
1.063255606708840009e-10
1.028904113933953292e-10
9.194700162249992417e-11
1.385548542558661952e-10
1.628846499604271300e-10
1.005876303040931649e-10
1.327345474597162863e-10
1.128488198882744278e-10
1.151956631764178475e-10
1.102508056661942306e-10
1.095003020922545778e-10
1.684489634875887721e-10
1.721634897580635406e-10
1.217229039616558005e-10
1.356729987974938957e-10
1.632208418701079974e-10
1.119305130429793356e-10
9.597247512848652653e-11
9.521081174685247931e-11
1.520271495462092977e-10
9.554468333974121989e-11
9.232153345397671188e-11
1.001156254077137183e-10
1.041359423601110232e-10
1.174132000376545771e-10
1.159686969025725659e-10
2.061456070702157538e-10
1.081670026230450529e-10
1.206176365407741834e-10
1.048064260375005977e-10
9.218530209953799963e-11
1.201100761456934971e-10
1.063466394990494679e-10
1.395595032503935537e-10
9.638454171910227793e-11
9.351396425573722894e-11
1.131775527341995139e-10
9.751295339278341780e-11
1.414332372997977553e-10
9.257534093064418587e-11
9.928866513972675331e-11
1.115523742519386311e-10
9.549853527853420835e-11
1.160890639553368732e-10
1.274495431637279537e-10
1.324152130092727101e-10
9.724192688411845784e-11
9.997163088776227594e-11
1.046837950640312053e-10
1.098730489897038891e-10
1.049292217370862611e-10
1.065689634159251165e-10
9.511584133378562696e-11
2.024103467724500343e-10
1.392856120065123847e-10
9.322925570505172535e-11
9.562936862648106375e-11
1.128824385348639286e-10
1.273551590541962442e-10
1.341763595818043539e-10
1.253999652513519352e-10
1.031506137617946207e-10
1.075977971068882239e-10
1.453139874365790461e-10
9.425112815939718962e-11
1.035889305212192515e-10
9.883707497453884063e-11
1.366590984136111466e-10
1.002935530410569928e-10
9.822316529996808843e-11
1.081799985367775913e-10
1.170386055181317248e-10
1.028966098643336773e-10
1.298833957678299093e-10
2.035765415401773709e-10
1.129078848826684640e-10
1.173554662013067345e-10
1.075675642071859952e-10
9.700986821060374891e-11
9.521918286451039606e-11
1.068584358104433895e-10
1.104078357269552160e-10
1.069004058874801615e-10
9.402779533113588058e-11
9.604193958396791533e-11
1.406591546209748757e-10
1.087906790575431595e-10
1.053703068845917317e-10
9.808366831775749986e-11
9.894296367023526075e-11
1.444000948225529276e-10
1.069235260964068379e-10
1.102342721139616820e-10
1.196319377442983866e-10
9.541516730925627111e-11
9.443216614777097008e-11
9.632232973757383338e-11
1.077563626112426239e-10
1.179438716472511747e-10
1.084703552820239012e-10
1.888161936240512330e-10
9.668073900907456159e-11
9.949965446216082624e-11
1.288227637374854634e-10
9.938698289934087147e-11
1.321410959791624235e-10
1.139147722613757474e-10
1.104832960947096135e-10
1.023230479761946503e-10
1.764455150967198747e-10
1.425589489347494899e-10
9.606670408355689478e-11
1.372053593490834016e-10
9.683881205354872377e-11
1.221748269743482804e-10
1.038290068812818562e-10
1.212881681997648201e-10
1.073534501154288256e-10
1.005728765613391626e-10
9.280964464450727577e-11
1.013505887340644462e-10
1.338062162991076187e-10
1.426950284744683773e-10
9.790223184892365709e-11
1.118454813366509440e-10
1.012493013445612082e-10
1.338177088852795603e-10
9.444171116801252965e-11
1.162106486475127614e-10
9.894403274715230754e-11
1.036581599303251729e-10
1.161438970411596347e-10
2.839790350654766995e-10
1.570937682154681429e-10
1.017339901667198260e-10
1.012615742547774175e-10
9.897167251310644529e-11
1.020385546093239054e-10
2.217294135375305871e-10
9.556893081700717191e-11
1.053804244518041649e-10
1.107135597843693154e-10
1.166556864974081738e-10
1.228736762400354194e-10
1.064756139289560728e-10
1.161247810558933009e-10
9.473766524057757457e-11
1.375698901968890683e-10
1.049385061304635517e-10
9.920595748796385814e-11
9.456556081518203343e-11
9.465815654201165495e-11
1.533538556177075411e-10
1.006264627389552269e-10
1.107743116091650870e-10
1.403042434885227332e-10
9.825006042746755907e-11
1.033530706813050614e-10
1.073235837125413456e-10
1.475119396241701510e-10
1.420590151225527065e-10
1.973226560002038533e-10
1.506071390168498696e-10
1.087763412662920307e-10
9.264573501559650150e-11
1.128384739261513629e-10
9.861534993299611689e-11
1.085150193854165258e-10
1.180934828449475826e-10
3.761559038165321517e-10
1.626369516673692643e-10
1.027752374922907801e-10
1.003537562632175608e-10
1.026170585513518071e-10
9.535618814755977112e-11
1.849473736924612935e-10
1.756568241237779298e-10
1.428453934592733197e-10
9.365443201949992381e-11
1.475536081644477053e-10
1.063755990017056055e-10
1.898850844715000921e-10
1.177413769518591082e-10
9.979486862707712208e-11
1.935230601277910585e-10
1.035085031832774987e-10
2.576919437869996499e-10
1.010229170582147882e-10
1.041207531478853144e-10
9.602939846586919859e-11
1.126439241833174296e-10
1.079656739502573907e-10
9.712805368218639654e-11
1.063652775940276440e-10
1.339646909268588506e-10
1.334930039563811102e-10
9.649793347001380026e-11
1.005054067486648434e-10
9.626868666927879835e-11
1.721826780064798244e-10
9.518285070486773382e-11
1.344074797231609991e-10
1.225595812497440492e-10
9.671782470052139949e-11
1.184330591753069851e-10
1.368314690441898969e-10
1.000507595668016411e-10
1.954170464159589862e-10
3.138207168113872869e-10
9.631185340857119882e-11
9.212142870206248604e-11
1.401348277279198305e-10
1.282840969318723466e-10
9.292345636433432983e-11
9.585869675025192619e-11
1.105998658276142274e-10
1.032539455037869735e-10
1.002055300288157287e-10
9.464593146105272879e-11
1.411964347151469706e-10
1.086839493628253966e-10
1.056118846108434395e-10
1.400197930742394874e-10
1.259105810928710318e-10
9.402667750092417596e-11
1.289897321296924970e-10
1.052229276363444385e-10
9.876566250421074884e-11
1.372248621500877032e-10
1.005855227424890907e-10
1.039531048665943297e-10
1.200474179107739247e-10
1.379146195823214277e-10
9.667933636472746836e-11
1.508148027061808525e-10
1.094358556224768601e-10
1.063598298310853895e-10
9.340062172062655201e-11
1.197751799004807455e-10
1.025941270858968282e-10
1.074016476878104500e-10
1.044420882798111421e-10
1.022190417880719324e-10
9.978895667445807859e-11
1.537123771359461777e-10
1.110885378683392488e-10
1.257333536892265886e-10
1.027046007199427313e-10
1.359686299044017487e-10
1.049107958901818186e-10
1.454734264993096790e-10
1.328686540755118843e-10
1.758794466898146261e-10
1.005898883629354055e-10
1.388138812500924695e-10
1.040916837688310675e-10
1.144268050548006735e-10
1.153190067331532252e-10
1.043387662540809169e-10
1.115364222218189496e-10
1.242589188261338945e-10
9.860677209449516825e-11
1.189528572863343092e-10
1.074964236919653142e-10
1.554624491338332062e-10
1.249648618997925516e-10
1.069335149567878191e-10
1.552812386396137733e-10
1.305775071766202944e-10
1.082692379160866152e-10
1.607864082759287783e-10
1.028096538286949912e-10
1.149626924313299695e-10
1.321040983073338014e-10
1.021902419727508051e-10
1.081157119317649184e-10
1.151788164126489601e-10
1.013969389311621237e-10
1.130209039998226532e-10
9.544653627084327728e-11
9.512090008581972312e-11
1.061468890520914896e-10
1.464322879935018059e-10
1.230223194083031550e-10
2.398673928579911918e-10
1.744767753965503929e-10
1.015691693038294971e-10
9.581739344454834126e-11
1.041622268011785756e-10
9.190400125307751425e-11
1.409800123169691431e-10
1.227936696577980259e-10
9.810336528981861184e-11
9.218188999663180204e-11
1.004288528199147797e-10
9.541800507394964667e-11
9.703255219136563656e-11
1.255431357279704251e-10
1.065522173195181087e-10
1.027761238763759749e-10
9.624740987207284255e-11
1.385860190000746715e-10
1.103287203522620432e-10
1.130168256079984915e-10
9.939900043902307770e-11
9.785304857940210309e-11
1.626228129341731914e-10
1.096158312116378522e-10
1.049251595889420595e-10
9.604099904981538875e-11
9.742861873056329023e-11
3.207177321979069565e-10
2.067931217994009434e-10
2.068652254001920049e-10
1.206175081184558587e-10
1.072949904851818159e-10
1.050547903093898485e-10
1.010661006365446303e-10
1.125633206775836811e-10
1.464885269062345660e-10
1.116477697374039299e-10
1.111535244874653453e-10
1.035930384800440292e-10
1.034939675948080318e-10
1.309678142306127132e-10
1.397219638487163234e-10
1.200247198036997012e-10
1.476483200306456602e-10
1.622196535854266449e-10
2.053633302841171521e-10
1.081501906643542473e-10
1.015667810386134898e-10
1.232734054187509817e-10
1.013570190627939856e-10
9.280447582514146727e-11
1.052171387019568692e-10
9.389421212710910947e-11
1.057991245623850646e-10
1.366855762234120232e-10
1.470041988633384248e-10
9.320109704288393027e-11
1.137621210088367896e-10
9.565690081523438257e-11
1.279660422448072573e-10
1.064624361497745794e-10
1.169944277976395673e-10
9.477049909918334656e-11
1.066120346760813189e-10
1.115552619060834696e-10
9.231763893441421747e-11
1.392170938537924158e-10
1.037493284745411778e-10
9.523323857594627828e-11
9.428092399527841428e-11
1.155425482361052059e-10
9.671361812598122539e-11
1.223018850527053923e-10
1.533946525424630780e-10
9.337925618292957257e-11
2.915735402075688344e-10
1.037869773331290304e-10
1.005364357347002041e-10
1.022372977875680939e-10
1.157139182513301375e-10
9.939154667173968116e-11
1.302358997234156372e-10
9.360907276121972583e-11
2.321883715514199979e-10
1.143154068161607670e-10
1.048199310132778501e-10
1.379648653178758853e-10
1.023455877585090016e-10
1.595865248058008355e-10
9.713208933334727502e-11
1.008359016886736811e-10
9.299216862034375589e-11
1.138330653284477800e-10
9.768498385717688904e-11
1.061629730918367602e-10
1.143341143613638197e-10
9.615443204617678720e-11
1.117727480724495724e-10
9.647670091675004994e-11
1.068287339805730175e-10
9.750057798991601907e-11
9.961843926548137960e-11
1.234710837838235267e-10
9.413999826400306406e-11
1.229183993897564027e-10
1.498541733842542715e-10
1.010514080369411247e-10
1.206499951520307772e-10
1.241019274442643840e-10
9.681250817367109313e-11
1.198249175921109214e-10
1.638359200181761017e-10
1.018603188407125510e-10
2.022273931789599536e-10
1.518502313481325142e-10
9.851942477758084976e-11
1.644996971887209985e-10
1.797955431843913358e-10
1.073141956266970935e-10
1.258160539899662426e-10
1.414496597325563756e-10
1.791152060965676588e-10
1.519073349753706084e-10
1.067627357834104380e-10
1.151275943559119728e-10
1.071398164180098175e-10
1.228865640319059933e-10
9.638782328498902078e-11
1.388933571132180107e-10
1.073848730993468961e-10
1.734027463966587840e-10
1.184313627606704279e-10
1.507789946203586239e-10
2.270042193513547400e-10
1.155105416432097693e-10
1.081935580339391193e-10
1.817236101980982248e-10
1.454530416601827376e-10
1.313001240725518520e-10
1.442395083672590781e-10
1.093794901691063787e-10
9.464513757685375634e-11
1.001109393652288135e-10
9.377807060419139124e-11
1.637800158889033736e-10
1.121569428107570150e-10
1.563739300501614787e-10
1.014156232827117966e-10
9.248578376346428327e-11
1.046552987927720480e-10
9.463481655198306583e-11
9.475051445784863909e-11
1.022696469434748932e-10
1.400539402907201453e-10
9.635203330918964343e-11
3.136621474649551311e-10
1.847095778389352199e-10
1.071932241697225791e-10
1.767261154880427973e-10
9.465323492231502644e-11
1.143602196958897014e-10
1.285482722314998285e-10
1.159959418397898464e-10
1.027580994183432574e-10
9.634406103200506416e-11
1.073107815991220910e-10
2.310826257450581488e-10
9.629965582899911176e-11
1.066878374523800305e-10
1.013764574209706119e-10
1.033560108103695523e-10
9.757944765308522540e-11
9.743837077272743334e-11
9.882178702438848191e-11
1.056146253944161420e-10
1.379462534241196704e-10
9.805550179013406476e-11
9.343980753163351722e-11
1.177177655156784340e-10
1.079109021334939835e-10
9.368375304004296835e-11
9.609067957405327565e-11
2.207119475622535832e-10
9.711827438045627682e-11
9.320769488283031971e-11
9.860799753996911522e-11
1.043184993930465529e-10
9.431357841520212520e-11
1.182959725035891038e-10
9.949509502902152632e-11
1.086560917482232390e-10
1.042187187066924115e-10
1.058967375004292659e-10
9.662867338192774184e-11
9.505511793596423155e-11
1.585215197414247211e-10
1.238400137456030363e-10
1.197862917055146410e-10
1.157380201561796742e-10
1.179374541568594478e-10
1.183448174018325386e-10
1.189893805630080746e-10
1.024472593669229540e-10
9.314153706393955204e-11
9.546639336216226416e-11
1.096000517769309787e-10
1.031843316452930424e-10
1.713337831655883859e-10
1.423865514628568394e-10
9.672670472109517286e-11
1.387058437799799706e-10
1.707324523043798552e-10
9.456333627172536189e-11
1.548769903227437673e-10
1.092945443244692895e-10
1.197320161937064258e-10
9.672327742926444962e-11
9.597310254386110668e-11
9.745957464728000109e-11
9.923993128068163011e-11
3.966506204308873678e-10
1.700772642920995688e-10
9.903105226016896209e-11
9.493166891638972364e-11
1.243055821453979863e-10
9.688222312773627038e-11
1.211471321443493130e-10
9.478493015827538524e-11
9.833853835898635870e-11
1.279612862810241659e-10
9.908963823132562223e-11
9.273806639246931177e-11
9.859865318162752893e-11
1.756716116952088882e-10
1.100433538544381708e-10
1.662513741106301071e-10
1.010830397838270342e-10
1.023669372306257099e-10
2.469895266123317601e-10
1.144547742429840651e-10
1.053603330220682386e-10
1.313544840112970587e-10
1.634974888562370133e-10
1.056916304005737240e-10
1.010641517257501456e-10
1.776195983640373701e-10
1.043323512174644873e-10
9.793629285120470833e-11
1.574506236718411737e-10
9.925363979475278688e-11
1.092423166448457409e-10
9.744301430217474838e-11
1.235644125399378523e-10
1.055533035120784628e-10
1.255204414508556322e-10
1.276464388616201921e-10
1.330923343323224923e-10
1.012430147156812533e-10
1.361289427754215654e-10
9.415563034799664019e-11
1.459555026385184029e-10
1.028979380655995845e-10
1.001665548466657593e-10
1.035090904422412622e-10
9.487512036890880146e-11
1.233501173860926018e-10
1.499528138684915875e-10
1.148231941642562458e-10
9.529070597315528312e-11
1.869977603993157796e-10
1.482831315138244682e-10
1.337102546713642653e-10
9.447193149828688772e-11
1.104447392637311426e-10
1.746979272313967458e-10
1.180348623584261035e-10
1.060043372096444399e-10
9.846529674483264577e-11
1.060315097153360419e-10
1.065078361820715328e-10
9.775477143924670204e-11
9.865914800238305340e-11
2.053085055075559263e-10
1.287396937118667076e-10
1.171273125101297926e-10
9.288956776067813864e-11
1.367125099119350694e-10
9.550609670682214671e-11
1.405523592154395719e-10
1.307092390873581959e-10
1.134828323820188371e-10
1.031912507172518947e-10
1.068093096458911592e-10
1.139714642862306388e-10
1.012569346490588565e-10
1.231750925854235257e-10
1.269328026329870100e-10
1.263947392754758735e-10
1.294128488956637597e-10
1.838241075270129409e-10
1.754034176897729216e-10
1.344116850602550035e-10
9.520370368856295541e-11
9.589025265967698564e-11
1.052437654931403679e-10
1.426113091967419218e-10
1.308672837797720206e-10
9.273014618986109180e-11
1.014422246021024465e-10
1.048081687005799350e-10
1.258763160092275635e-10
9.228209480014151026e-11
1.014499946221160172e-10
1.316987832612186712e-10
9.380847792332670063e-11
1.066678186585250892e-10
1.028530660706414551e-10
9.251607650193587499e-11
1.791079369811577633e-10
1.597597392745300111e-10
9.571823333400329275e-11
9.592493797628412181e-11
1.399545211884149005e-10
1.050737736592567627e-10
1.111146192965375437e-10
9.829062146338459566e-11
9.991667760146620080e-11
9.592431028526569045e-11
9.369240361026978957e-11
1.606245581937051924e-10
1.100565731163214189e-10
1.103087254545971637e-10
9.984957754633169282e-11
9.702571641170655308e-11
1.230367081055018032e-10
1.027260326833925181e-10
1.320576011973021558e-10
9.783592957824610399e-11
9.970145425630148762e-11
9.559868172944371010e-11
2.998096671721396118e-10
1.159862406260955703e-10
1.355349450594704354e-10
1.059081061584285501e-10
1.041572624069165242e-10
1.060353910044855403e-10
1.066353526258621947e-10
9.732934697141277309e-11
9.576916036505562826e-11
1.009507584468662660e-10
9.633186702085378249e-11
1.375824806713229459e-10
9.777622390181639027e-11
1.004537233745708493e-10
2.578221200457276077e-10
1.055926973829258228e-10
9.937572481000518664e-11
1.503026412467256235e-10
1.726789472694403178e-10
1.200919004676943359e-10
1.126032877782823816e-10
1.035682418476470609e-10
1.139795611327339397e-10
9.965168287815388718e-11
9.930891399362370153e-11
9.975150718853335954e-11
2.395484220739903716e-10
1.101590796009262057e-10
1.243217168311803657e-10
1.136419002672293882e-10
1.140839653684534543e-10
1.031043648226515372e-10
9.786954819939160675e-11
1.164763934171102182e-10
1.238225690673241478e-10
1.032926348154506823e-10
1.046027955374044812e-10
1.160521417526541121e-10
9.399010206917413941e-11
1.030579503474778796e-10
9.449991752257705881e-11
9.252239314511549942e-11
1.033351343089568419e-10
1.007969895974760240e-10
1.224351655099345008e-10
1.041553642014537422e-10
2.314538994041215647e-10
1.008611349401664369e-10
1.105624532584069112e-10
1.209957069696088212e-10
9.196409915195118437e-11
1.517103320430310436e-10
9.526892245291459768e-11
1.533922591075370904e-10
1.079635514645582119e-10
1.086625642765481112e-10
1.108719516275777780e-10
9.763755899638929650e-11
1.431313362627818615e-10
1.173406013054961113e-10
1.241220931561597249e-10
1.076264618176094608e-10
1.101162512256361731e-10
1.436477315115300208e-10
1.051837021523649856e-10
1.092679431420371697e-10
9.183115364285832274e-11
1.187586381967678769e-10
1.006484318741344619e-10
1.266970539404760103e-10
1.421579237240440630e-10
1.596942505803011182e-10
1.256258216606472557e-10
1.104251789585755083e-10
9.198331019978190208e-11
1.079809547696551573e-10
9.879747492162534170e-11
1.179157109996952914e-10
1.309085321482950751e-10
1.018874139691222555e-10
1.080013262526753897e-10
1.026908526419192685e-10
1.299642618365561946e-10
1.180317212563246958e-10
9.839564335524060083e-11
1.203503875820417610e-10
9.468815770344221294e-11
1.003898027129077602e-10
1.115483864315412799e-10
1.169221294738608859e-10
1.081185384193581784e-10
1.022329937845138428e-10
1.657113692762555747e-10
1.084122819772067823e-10
1.166581988558470425e-10
1.019463464327418427e-10
1.716384729741622949e-10
1.292883010800722676e-10
1.020660542190685614e-10
9.461941257530188183e-11
1.279716516443270407e-10
9.552184800025292724e-11
1.201850737029469701e-10
9.848216662916054225e-11
9.254927514983657655e-11
1.246773403751513706e-10
1.347920256857070915e-10
1.052358070156399364e-10
1.106044377155502046e-10
1.351744517441257862e-10
9.398227426748887369e-11
1.026791729018286623e-10
1.055838962052281489e-10
1.277776365534089321e-10
1.192905510950872522e-10
1.164695079855407406e-10
1.026603941738303954e-10
1.004148324958570917e-10
1.927336412684184201e-10
9.600603681236108950e-11
1.050368185713799114e-10
1.333402736672713468e-10
1.582893216339021004e-10
1.349939474650657827e-10
1.017713965580756556e-10
1.009524091480260117e-10
9.540397318386057623e-11
9.530175391937086807e-11
1.078447755721538338e-10
1.310236087708967288e-10
9.564667538320502895e-11
1.076372448309397104e-10
9.967611605852804846e-11
1.008626367452409906e-10
1.191949496914950600e-10
1.527827423856383815e-10
1.216816198011524158e-10
9.198558924367155335e-11
1.235403944572958693e-10
9.916572422797563490e-11
1.088291861169943151e-10
1.137081774247628298e-10
1.124201283480162684e-10
1.055024909543816816e-10
1.184609817149728530e-10
9.466641165938834087e-11
9.397412635776352815e-11
1.575295351059300619e-10
1.133363174270340137e-10
1.360545282270093934e-10
1.036673972362207906e-10
1.182872203503625950e-10
9.570329652999293848e-11
9.834253051146220630e-11
1.101442025639182232e-10
1.333862616991818034e-10
1.230716639816671433e-10
9.493847809720638580e-11
1.071050532608716200e-10
9.278783697726758604e-11
1.102214883845481383e-10
1.464166807837302816e-10
3.587429211387821075e-10
2.018790544122431280e-10
1.008821584310075214e-10
1.097859274193888270e-10
1.231541607356738930e-10
1.288620389295205435e-10
1.239821265907036800e-10
9.617603996867216222e-11
1.029933817095129213e-10
1.851743119278297840e-10
1.090132650163458623e-10
1.478773460454416487e-10
1.778089800848261411e-10
1.058411740099095968e-10
1.099864255773510623e-10
9.952412029754154126e-11
1.507711771165895443e-10
2.674902186159046043e-10
9.823699788452806844e-11
1.233115776762010846e-10
1.048505656905227772e-10
9.780507791347531654e-11
3.559844687342636879e-10
1.849129142990151930e-10
1.588349953861634823e-10
9.771988309940335721e-11
9.273467209239886116e-11
1.525961373553416769e-10
9.238479926179023651e-11
1.007908285632689433e-10
1.202150870219234014e-10
1.572348642593544155e-10
9.248416358637762743e-11
2.685802535475667618e-10
1.077742203418337965e-10
1.635995153057629388e-10
2.261024315280184535e-10
9.502727503223253136e-11
1.049335738859793191e-10
1.172684897540832042e-10
9.709203675861073580e-11
9.494006156638553245e-11
9.843538482372347181e-11
1.823498099042518562e-10
9.411750321877133910e-11
1.198160048930431368e-10
1.147230016492638076e-10
1.545024282220825516e-10
9.925363979475278688e-11
2.048621744408532281e-10
1.220710384703819322e-10
1.663576401034133600e-10
1.040481394508322494e-10
9.186962087174107981e-11
1.284030529057611630e-10
1.203534756693880002e-10
1.668289158194476705e-10
1.567676515718809451e-10
1.365969154724420693e-10
1.537029243982033036e-10
1.299564418932598487e-10
2.500507130163695132e-10
1.010229170582147882e-10
1.086508853393117956e-10
1.262330401241358317e-10
1.294214220433397768e-10
1.009671143523856515e-10
9.709467632665349035e-11
9.646592695480300500e-11
1.268159595278351495e-10
1.080600169367901563e-10
1.065254474082599493e-10
9.767154628457913160e-11
9.777329179382546743e-11
1.174158296891582471e-10
1.377047847280524470e-10
1.147309178988474054e-10
9.181354529250652439e-11
9.204206119460779091e-11
1.102428865043398623e-10
9.510145422086868688e-11
1.041563863158488485e-10
9.960568571483183284e-11
1.253690544180876735e-10
1.159304116244872853e-10
2.030869975949739653e-10
1.417915823707375210e-10
1.321727502525200869e-10
1.092190662005262768e-10
1.271193598568451910e-10
1.106601183527204366e-10
1.442252313257767567e-10
1.041454346334063658e-10
1.386742479381026636e-10
1.031413359711960857e-10
9.518300869704405353e-11
1.184129618204111002e-10
1.251890432234433064e-10
2.158111792255729458e-10
1.125659127773153324e-10
1.138152315409005055e-10
9.478477158565562466e-11
9.425447462662975078e-11
1.185458882628629268e-10
9.376798627263221939e-11
1.222707975996219557e-10
1.225081559688117695e-10
1.273560162539791518e-10
9.501857266082231436e-11
1.043854106881677028e-10
9.454299546513279062e-11
1.585184863918869521e-10
1.729517716722455504e-10
1.478604753822964513e-10
1.058482288205971851e-10
1.588243967783184901e-10
1.531673385170958566e-10
1.113931770553289427e-10
1.321888712278911657e-10
9.650792384542678982e-11
1.522976349692927987e-10
1.327601738149368195e-10
1.576731343073463719e-10
1.121956683710946305e-10
1.065666734873704860e-10
1.111635937480698022e-10
9.786399719708120821e-11
1.151032468579873599e-10
1.019247710865035272e-10
1.004003581064046982e-10
9.176575960077449139e-11
1.129149599807670117e-10
1.426903723721110844e-10
9.718422917112217417e-11
1.088204738844739210e-10
1.842961126295705027e-10
1.248233545842137809e-10
1.082929489501383390e-10
1.342590510298711060e-10
1.293106573485142515e-10
1.144319152569084168e-10
1.202636354629604178e-10
1.284965201403355884e-10
9.499388577586036278e-11
1.178790278433444955e-10
9.703923220530372492e-11
9.579225833478695246e-11
1.035280279810093055e-10
1.535231216438087478e-10
1.396138634888108125e-10
1.296019464935273564e-10
1.388466982523961834e-10
9.320286723517885354e-11
1.059201931805297091e-10
1.144754783471531520e-10
1.073198854614759363e-10
1.073963881059510001e-10
1.013680843742512768e-10
9.515156373186896541e-11
1.245003267195558108e-10
1.356393950214883713e-10
1.068375881664816592e-10
1.436999648277359196e-10
1.601371472320450901e-10
9.615709412115569359e-11
1.219048415117691842e-10
9.437424158578766592e-11
9.780060371518049335e-11
1.363212850443181523e-10
1.420523374557009226e-10
1.296993575516378962e-10
9.245645471378960022e-11
1.280056692633035120e-10
1.176301046031016438e-10
1.704044219758491770e-10
1.450565116524081251e-10
9.650558243238220228e-11
1.168429258373985767e-10
1.185443236466128295e-10
9.261418483598799447e-11
9.539687772057501148e-11
1.233453319820437824e-10
1.062270008965057711e-10
9.522676369843739742e-11
2.013276702398605641e-10
2.972510302087567807e-10
1.493823768351494706e-10
1.391692835524286969e-10
1.053030757398561622e-10
9.205019586451172358e-11
2.729355561445443675e-10
1.762474799635428463e-10
9.272157877367989902e-11
1.259066230885189273e-10
1.209151267855563139e-10
1.049651947586576347e-10
9.823653682583409689e-11
1.199460211428935707e-10
1.136535350315033238e-10
1.315910066695222177e-10
9.761839796238632746e-11
1.064227509547952622e-10
9.764621128817280413e-11
1.847546823842225867e-10
9.523813395932116479e-11
9.637188333481750277e-11
9.496428576394340374e-11
1.220838732998757581e-10
1.467050707492337168e-10
1.184891593742448483e-10
9.993015344348732979e-11
1.028087676975637215e-10
9.954478299062048389e-11
1.158824064614873055e-10
1.044435449324923696e-10
1.759089879914905351e-10
1.084617587659469131e-10
1.054422676721543608e-10
1.415528482768227462e-10
1.129833779362102275e-10
1.140553771750968086e-10
