Fracture Radii List After Isolated Fracture and Cluster Removal
Format: xRadius yRadius Family# (-2 = userPolygon, -1 = userRectangle, 0 = userEllipse, > 0 is family in order of famProb)
33.6967 33.6967 3
83.8918 83.8918 2
40.9015 40.9015 2
48.9291 48.9291 1
67.6933 67.6933 3
128.032 128.032 3
36.1266 36.1266 1
31.7134 31.7134 3
37.3735 37.3735 2
32.0463 32.0463 1
51.9418 51.9418 2
49.1342 49.1342 2
32.7034 32.7034 3
46.9347 46.9347 3
90.1682 90.1682 3
36.296 36.296 3
31.1414 31.1414 1
35.1787 35.1787 3
40.2175 40.2175 1
35.8836 35.8836 3
35.9868 35.9868 3
39.1451 39.1451 2
34.4826 34.4826 3
64.5987 64.5987 3
43.9331 43.9331 1
46.6437 46.6437 3
104.636 104.636 3
56.4698 56.4698 3
31.5323 31.5323 2
33.654 33.654 2
34.4877 34.4877 1
64.3683 64.3683 3
235.573 235.573 3
32.3879 32.3879 3
32.0717 32.0717 2
38.0849 38.0849 1
32.5819 32.5819 3
32.0705 32.0705 3
55.795 55.795 3
51.1504 51.1504 1
65.1951 65.1951 2
33.912 33.912 1
52.9938 52.9938 3
42.8293 42.8293 3
36.5113 36.5113 3
52.7997 52.7997 3
37.6172 37.6172 1
40.0589 40.0589 1
130.28 130.28 1
41.0883 41.0883 2
59.4694 59.4694 3
36.6932 36.6932 1
30.6972 30.6972 3
30.2175 30.2175 1
31.1731 31.1731 2
51.1375 51.1375 2
31.7945 31.7945 2
43.3593 43.3593 3
34.4389 34.4389 3
56.2454 56.2454 1
34.0791 34.0791 2
125.681 125.681 3
39.4811 39.4811 3
48.145 48.145 2
36.5914 36.5914 1
34.3861 34.3861 2
43.6987 43.6987 3
38.9626 38.9626 3
35.9015 35.9015 1
36.1505 36.1505 3
38.5514 38.5514 2
67.4032 67.4032 2
31.0438 31.0438 1
64.3459 64.3459 3
48.7236 48.7236 3
85.0015 85.0015 3
37.4324 37.4324 3
75.8077 75.8077 2
37.0829 37.0829 3
30.9371 30.9371 3
66.4511 66.4511 1
37.8468 37.8468 3
49.6794 49.6794 1
54.4117 54.4117 3
91.2564 91.2564 3
72.3005 72.3005 2
43.0518 43.0518 3
54.3867 54.3867 3
31.6289 31.6289 2
60.4337 60.4337 1
49.0051 49.0051 3
233.123 233.123 2
143.489 143.489 2
34.6141 34.6141 2
42.4673 42.4673 3
33.6522 33.6522 3
44.2882 44.2882 1
146.37 146.37 3
79.9269 79.9269 3
43.3658 43.3658 3
57.9475 57.9475 2
30.7797 30.7797 3
132.374 132.374 3
53.6707 53.6707 3
72.5601 72.5601 3
36.3936 36.3936 1
30.1964 30.1964 2
32.6601 32.6601 2
73.3436 73.3436 3
80.5193 80.5193 2
57.3642 57.3642 2
51.1964 51.1964 1
75.3936 75.3936 3
69.319 69.319 3
33.8752 33.8752 3
35.3929 35.3929 3
95.8643 95.8643 3
113.608 113.608 3
39.1599 39.1599 1
32.604 32.604 3
46.9167 46.9167 1
227.087 227.087 3
35.9849 35.9849 3
77.4817 77.4817 2
33.9723 33.9723 3
34.688 34.688 1
31.8981 31.8981 2
30.3966 30.3966 1
32.5923 32.5923 3
199.946 199.946 3
40.8896 40.8896 3
57.5666 57.5666 2
62.3168 62.3168 2
73.234 73.234 3
63.4847 63.4847 3
42.234 42.234 3
45.9996 45.9996 1
55.6698 55.6698 3
33.5423 33.5423 3
31.1811 31.1811 2
31.987 31.987 1
32.6054 32.6054 2
51.2798 51.2798 2
33.5347 33.5347 3
36.6532 36.6532 3
30.1245 30.1245 3
39.7454 39.7454 2
36.5738 36.5738 1
34.4367 34.4367 1
64.5842 64.5842 3
31.4884 31.4884 3
32.1236 32.1236 1
35.5624 35.5624 3
34.8672 34.8672 2
34.1553 34.1553 1
32.9146 32.9146 3
33.194 33.194 3
87.5839 87.5839 1
46.8759 46.8759 1
37.2305 37.2305 2
40.9098 40.9098 3
40.3979 40.3979 2
42.4798 42.4798 3
136.341 136.341 1
46.543 46.543 1
33.0844 33.0844 3
66.8854 66.8854 1
84.917 84.917 2
33.7781 33.7781 3
30.049 30.049 3
192.24 192.24 1
31.856 31.856 1
42.1571 42.1571 3
31.737 31.737 3
68.5287 68.5287 3
41.4561 41.4561 3
70.2089 70.2089 2
30.8295 30.8295 2
35.8171 35.8171 3
45.2665 45.2665 1
31.1394 31.1394 1
134.942 134.942 2
35.7261 35.7261 2
39.8864 39.8864 3
35.2576 35.2576 3
36.404 36.404 3
192.867 192.867 2
31.5179 31.5179 1
39.7282 39.7282 3
48.8234 48.8234 3
35.6832 35.6832 1
32.0509 32.0509 3
31.5079 31.5079 3
39.0624 39.0624 3
43.5401 43.5401 3
39.7043 39.7043 1
31.498 31.498 1
50.5801 50.5801 3
30.9315 30.9315 1
35.1826 35.1826 1
31.2197 31.2197 3
35.3433 35.3433 2
38.2718 38.2718 3
56.5473 56.5473 3
47.9249 47.9249 2
49.8179 49.8179 3
32.166 32.166 3
73.4098 73.4098 2
57.215 57.215 3
30.6777 30.6777 1
46.7619 46.7619 2
70.7089 70.7089 3
59.3928 59.3928 3
46.5835 46.5835 3
38.6524 38.6524 2
34.5615 34.5615 3
74.5286 74.5286 2
97.7113 97.7113 1
36.4161 36.4161 3
32.095 32.095 3
139.794 139.794 3
36.2253 36.2253 1
37.35 37.35 3
37.6762 37.6762 3
53.3758 53.3758 3
31.9453 31.9453 1
108.292 108.292 1
42.5863 42.5863 2
45.2302 45.2302 2
50.3276 50.3276 3
71.3874 71.3874 3
160.369 160.369 1
42.8636 42.8636 3
47.7237 47.7237 3
41.2526 41.2526 3
111.993 111.993 3
36.7063 36.7063 2
39.5482 39.5482 1
37.1723 37.1723 3
203.238 203.238 3
38.4058 38.4058 1
31.9495 31.9495 3
44.5584 44.5584 3
34.6953 34.6953 3
39.603 39.603 3
46.1937 46.1937 3
59.2657 59.2657 1
42.0211 42.0211 2
32.2287 32.2287 2
106.561 106.561 2
46.4494 46.4494 1
61.7448 61.7448 2
40.8126 40.8126 3
31.1354 31.1354 3
58.2086 58.2086 3
43.7853 43.7853 2
55.5894 55.5894 3
41.8259 41.8259 1
33.4968 33.4968 3
31.8395 31.8395 1
42.1284 42.1284 2
96.991 96.991 2
120.045 120.045 3
179.32 179.32 2
87.8014 87.8014 1
50.0929 50.0929 3
31.7195 31.7195 2
40.0256 40.0256 3
30.5311 30.5311 3
241.056 241.056 3
54.7017 54.7017 3
45.289 45.289 3
39.341 39.341 3
54.6177 54.6177 2
41.6488 41.6488 2
30.866 30.866 3
40.3099 40.3099 2
31.7938 31.7938 2
55.033 55.033 3
40.5253 40.5253 3
41.5301 41.5301 2
41.1671 41.1671 3
34.7801 34.7801 3
38.0009 38.0009 3
44.9365 44.9365 3
67.1845 67.1845 1
37.2367 37.2367 2
32.417 32.417 1
142.257 142.257 2
30.0284 30.0284 3
52.4335 52.4335 3
45.6952 45.6952 3
86.5133 86.5133 3
41.285 41.285 3
110.923 110.923 1
30.8828 30.8828 3
95.776 95.776 3
30.336 30.336 3
40.8979 40.8979 2
44.2391 44.2391 3
39.7269 39.7269 3
258.17 258.17 3
66.0108 66.0108 2
53.696 53.696 3
48.315 48.315 1
43.1366 43.1366 3
42.1794 42.1794 3
46.3037 46.3037 3
103.385 103.385 3
33.4252 33.4252 2
59.6932 59.6932 3
51.3043 51.3043 2
34.7565 34.7565 2
32.5001 32.5001 2
36.6479 36.6479 1
42.329 42.329 3
38.017 38.017 3
43.5163 43.5163 3
38.2492 38.2492 3
66.5601 66.5601 1
42.1052 42.1052 2
174.701 174.701 3
31.8453 31.8453 1
94.3037 94.3037 1
60.9775 60.9775 2
34.4143 34.4143 2
97.8622 97.8622 2
53.2193 53.2193 2
54.612 54.612 3
30.3593 30.3593 2
45.8969 45.8969 3
71.3861 71.3861 2
53.5299 53.5299 3
48.8947 48.8947 3
51.004 51.004 3
32.3498 32.3498 1
33.4447 33.4447 1
32.734 32.734 2
75.6293 75.6293 1
31.8644 31.8644 3
59.1359 59.1359 2
30.8726 30.8726 3
32.1247 32.1247 1
167.823 167.823 3
73.7324 73.7324 1
125.167 125.167 2
33.2598 33.2598 1
61.6132 61.6132 1
49.7753 49.7753 2
37.9328 37.9328 3
37.3038 37.3038 1
37.8133 37.8133 3
44.3409 44.3409 2
70.5364 70.5364 2
39.2093 39.2093 3
31.1861 31.1861 1
31.9822 31.9822 3
32.5832 32.5832 2
41.4676 41.4676 1
62.3516 62.3516 3
30.0877 30.0877 3
52.6001 52.6001 2
31.9961 31.9961 3
32.76 32.76 3
58.404 58.404 3
49.3235 49.3235 3
144.414 144.414 3
33.4491 33.4491 3
31.3122 31.3122 2
95.464 95.464 2
53.2803 53.2803 1
37.9938 37.9938 3
30.7377 30.7377 1
89.6188 89.6188 2
38.0846 38.0846 3
49.6423 49.6423 3
33.5368 33.5368 3
75.5747 75.5747 3
168.003 168.003 1
32.4623 32.4623 2
62.9555 62.9555 2
35.4586 35.4586 3
32.481 32.481 1
44.3323 44.3323 3
70.0667 70.0667 1
79.1883 79.1883 1
51.0502 51.0502 1
37.3535 37.3535 3
41.628 41.628 3
37.7888 37.7888 3
32.8211 32.8211 3
30.0495 30.0495 3
48.8116 48.8116 3
45.4424 45.4424 2
40.4228 40.4228 3
80.7215 80.7215 2
67.7853 67.7853 2
337.287 337.287 3
35.3883 35.3883 3
89.2373 89.2373 2
32.3004 32.3004 1
108.124 108.124 1
34.4026 34.4026 3
45.0138 45.0138 2
36.7842 36.7842 2
61.7488 61.7488 3
36.772 36.772 1
59.6662 59.6662 3
30.2434 30.2434 2
59.2832 59.2832 2
31.7112 31.7112 3
47.5118 47.5118 1
35.8519 35.8519 1
34.6025 34.6025 2
61.4916 61.4916 2
40.7494 40.7494 2
47.8683 47.8683 2
35.4886 35.4886 2
45.4679 45.4679 3
32.9685 32.9685 3
36.9168 36.9168 1
35.9118 35.9118 3
41.1946 41.1946 3
43.8361 43.8361 1
52.5661 52.5661 2
35.4896 35.4896 2
39.5616 39.5616 1
35.0405 35.0405 3
116.525 116.525 2
32.2389 32.2389 3
32.5814 32.5814 1
54.9531 54.9531 3
35.0804 35.0804 1
36.2698 36.2698 3
31.3803 31.3803 3
43.166 43.166 3
34.8421 34.8421 1
35.9963 35.9963 3
33.1908 33.1908 1
39.9599 39.9599 3
30.4826 30.4826 2
30.9588 30.9588 3
36.2082 36.2082 3
43.081 43.081 3
39.2643 39.2643 3
31.0707 31.0707 3
33.5997 33.5997 3
49.8049 49.8049 3
30.277 30.277 2
43.4631 43.4631 3
90.2473 90.2473 3
34.9644 34.9644 3
30.3331 30.3331 1
71.3804 71.3804 3
41.8365 41.8365 3
499.216 499.216 3
46.1008 46.1008 1
114.334 114.334 2
41.5839 41.5839 3
51.6042 51.6042 2
87.9118 87.9118 1
35.8871 35.8871 3
41.8691 41.8691 2
30.235 30.235 3
31.0809 31.0809 3
42.3553 42.3553 2
36.4213 36.4213 3
43.2066 43.2066 3
75.4703 75.4703 3
51.5844 51.5844 2
35.4734 35.4734 3
40.9987 40.9987 2
38.6645 38.6645 3
31.1561 31.1561 3
44.0962 44.0962 2
240.77 240.77 3
30.7629 30.7629 2
43.9174 43.9174 2
46.2425 46.2425 3
39.2843 39.2843 2
61.9349 61.9349 3
46.3366 46.3366 3
149.763 149.763 3
44.8038 44.8038 3
103.253 103.253 3
35.2727 35.2727 3
32.7202 32.7202 1
502.096 502.096 1
41.2584 41.2584 1
31.6257 31.6257 3
31.7908 31.7908 3
37.0921 37.0921 3
43.0875 43.0875 3
60.28 60.28 3
43.5176 43.5176 2
42.2838 42.2838 3
34.8295 34.8295 3
32.7567 32.7567 1
57.2516 57.2516 2
30.3512 30.3512 2
37.3433 37.3433 3
38.7124 38.7124 2
44.5383 44.5383 3
93.4472 93.4472 3
107.497 107.497 3
30.9639 30.9639 3
59.4271 59.4271 2
33.5667 33.5667 3
39.0081 39.0081 2
57.0163 57.0163 3
31.1907 31.1907 2
48.0311 48.0311 3
47.09 47.09 2
30.8689 30.8689 1
66.0892 66.0892 3
32.0646 32.0646 3
167.987 167.987 1
36.1391 36.1391 2
116.465 116.465 3
56.123 56.123 3
60.9768 60.9768 2
42.621 42.621 3
44.6 44.6 2
152.5 152.5 3
42.2277 42.2277 1
50.0602 50.0602 1
32.8086 32.8086 1
44.2662 44.2662 2
56.6533 56.6533 3
49.5998 49.5998 3
71.2566 71.2566 3
32.6576 32.6576 3
44.2464 44.2464 1
42.0247 42.0247 3
57.5496 57.5496 3
35.9732 35.9732 3
33.3051 33.3051 3
49.4164 49.4164 2
69.8255 69.8255 2
33.6287 33.6287 1
37.045 37.045 2
30.3591 30.3591 3
33.2776 33.2776 2
64.0854 64.0854 2
215.167 215.167 2
47.5375 47.5375 2
32.491 32.491 3
39.9411 39.9411 1
41.2432 41.2432 3
41.4904 41.4904 3
43.1733 43.1733 3
39.9969 39.9969 3
50.2319 50.2319 3
34.8896 34.8896 1
41.8796 41.8796 2
50.7065 50.7065 3
64.1724 64.1724 3
40.7879 40.7879 2
112.753 112.753 2
44.7588 44.7588 3
46.387 46.387 3
32.483 32.483 3
48.9648 48.9648 3
51.144 51.144 2
36.6128 36.6128 3
32.0798 32.0798 1
56.4813 56.4813 3
36.52 36.52 1
37.758 37.758 3
33.4056 33.4056 3
39.1984 39.1984 1
38.0348 38.0348 1
32.3835 32.3835 2
35.1199 35.1199 3
32.8376 32.8376 1
37.9159 37.9159 1
32.2597 32.2597 3
62.4196 62.4196 3
43.237 43.237 3
33.9615 33.9615 2
34.3581 34.3581 3
72.1356 72.1356 2
38.8288 38.8288 3
90.0965 90.0965 3
39.8237 39.8237 3
48.5997 48.5997 3
31.1946 31.1946 3
79.2859 79.2859 3
44.4667 44.4667 2
34.4963 34.4963 3
47.1274 47.1274 3
34.7352 34.7352 1
399.981 399.981 1
44.8657 44.8657 3
59.1982 59.1982 1
30.5195 30.5195 1
47.7009 47.7009 3
151.719 151.719 2
99.9632 99.9632 1
30.9906 30.9906 2
46.9568 46.9568 2
38.1266 38.1266 2
50.3232 50.3232 3
35.3391 35.3391 3
55.258 55.258 1
40.7244 40.7244 3
31.5024 31.5024 3
33.4982 33.4982 3
37.4147 37.4147 3
36.8385 36.8385 3
47.6175 47.6175 2
31.9207 31.9207 3
48.4752 48.4752 1
42.9644 42.9644 3
35.8967 35.8967 3
46.3425 46.3425 3
43.0563 43.0563 3
31.2591 31.2591 3
65.9447 65.9447 1
80.333 80.333 3
161.63 161.63 1
36.4129 36.4129 3
77.1163 77.1163 2
38.8105 38.8105 1
53.2102 53.2102 1
151.619 151.619 3
56.7235 56.7235 3
31.8456 31.8456 1
75.3175 75.3175 1
40.3895 40.3895 3
42.9763 42.9763 3
38.5013 38.5013 2
55.1226 55.1226 1
42.1056 42.1056 3
37.1598 37.1598 3
32.9591 32.9591 3
33.3347 33.3347 2
47.7637 47.7637 3
58.0815 58.0815 3
45.7274 45.7274 2
40.2554 40.2554 3
38.781 38.781 3
55.2257 55.2257 3
36.7352 36.7352 3
35.9448 35.9448 3
30.2078 30.2078 3
156.517 156.517 2
46.765 46.765 3
80.6153 80.6153 2
65.5632 65.5632 2
42.6845 42.6845 3
141.596 141.596 3
33.5231 33.5231 3
33.529 33.529 3
41.8745 41.8745 1
34.5863 34.5863 2
291.328 291.328 2
31.67 31.67 3
35.3589 35.3589 3
39.1761 39.1761 3
60.2825 60.2825 3
32.765 32.765 3
79.7903 79.7903 1
46.0994 46.0994 3
80.3831 80.3831 3
84.0929 84.0929 3
53.1265 53.1265 2
37.3226 37.3226 1
35.5036 35.5036 3
139.184 139.184 3
33.225 33.225 3
35.5715 35.5715 2
40.5789 40.5789 1
167.876 167.876 2
30.2343 30.2343 2
32.8723 32.8723 2
41.1704 41.1704 1
92.8621 92.8621 1
62.7746 62.7746 3
33.0918 33.0918 3
44.4329 44.4329 3
35.907 35.907 3
30.5732 30.5732 3
38.4755 38.4755 3
191.061 191.061 3
64.5994 64.5994 2
40.0348 40.0348 3
40.1663 40.1663 3
31.6168 31.6168 3
33.3618 33.3618 3
138.445 138.445 3
38.4871 38.4871 1
75.9743 75.9743 3
68.5243 68.5243 3
50.9802 50.9802 3
41.0581 41.0581 3
40.4914 40.4914 3
31.3844 31.3844 3
46.3603 46.3603 3
33.743 33.743 3
38.5152 38.5152 3
64.3501 64.3501 2
30.1115 30.1115 2
33.3531 33.3531 3
52.896 52.896 1
99.3613 99.3613 3
87.4899 87.4899 3
31.1573 31.1573 3
40.2048 40.2048 3
53.4259 53.4259 1
48.2375 48.2375 3
33.5997 33.5997 1
33.5774 33.5774 3
44.5244 44.5244 1
87.7698 87.7698 2
32.1695 32.1695 3
72.6959 72.6959 2
31.416 31.416 1
31.7049 31.7049 1
31.3392 31.3392 3
50.5116 50.5116 2
30.0215 30.0215 3
145.132 145.132 3
48.283 48.283 3
36.9387 36.9387 1
33.5279 33.5279 3
33.8914 33.8914 2
38.7329 38.7329 2
50.3121 50.3121 1
46.6396 46.6396 3
53.6873 53.6873 3
111.963 111.963 3
37.8427 37.8427 3
32.5895 32.5895 2
36.6229 36.6229 2
70.1166 70.1166 1
103.439 103.439 1
36.4068 36.4068 3
40.3749 40.3749 1
66.2103 66.2103 3
55.209 55.209 2
30.7944 30.7944 2
58.1996 58.1996 2
32.9284 32.9284 3
158.759 158.759 3
37.7104 37.7104 3
49.7845 49.7845 3
30.5488 30.5488 3
33.7487 33.7487 1
53.2269 53.2269 3
40.194 40.194 2
30.6499 30.6499 1
47.9518 47.9518 3
32.6675 32.6675 3
32.8084 32.8084 3
81.8634 81.8634 3
41.0881 41.0881 2
35.5326 35.5326 3
41.8833 41.8833 3
57.8806 57.8806 3
35.1917 35.1917 3
33.849 33.849 2
54.6163 54.6163 2
534.168 534.168 1
44.5111 44.5111 2
76.0718 76.0718 2
33.7321 33.7321 3
63.3222 63.3222 3
36.9941 36.9941 1
60.1153 60.1153 3
40.3272 40.3272 3
46.7065 46.7065 3
41.3945 41.3945 3
44.8962 44.8962 3
63.2245 63.2245 3
38.9239 38.9239 3
33.5894 33.5894 3
32.5714 32.5714 2
40.7117 40.7117 1
42.4218 42.4218 3
34.8949 34.8949 3
41.2317 41.2317 3
32.9558 32.9558 3
30.0834 30.0834 3
32.3319 32.3319 3
76.1543 76.1543 3
42.8871 42.8871 3
32.8159 32.8159 2
118.996 118.996 2
30.0634 30.0634 1
30.6181 30.6181 1
56.0364 56.0364 3
48.677 48.677 3
65.1025 65.1025 1
36.0713 36.0713 3
36.1116 36.1116 2
36.3671 36.3671 3
33.2172 33.2172 3
38.7181 38.7181 1
42.9639 42.9639 3
53.9023 53.9023 3
61.2381 61.2381 3
40.3524 40.3524 3
78.6643 78.6643 1
33.9813 33.9813 2
31.2161 31.2161 3
35.1115 35.1115 3
30.6947 30.6947 1
43.2995 43.2995 3
31.6105 31.6105 3
39.543 39.543 1
37.1815 37.1815 1
30.1132 30.1132 1
64.9628 64.9628 1
87.9831 87.9831 3
35.6365 35.6365 3
59.9403 59.9403 3
44.2136 44.2136 1
45.9533 45.9533 3
42.3243 42.3243 3
41.7857 41.7857 3
93.7027 93.7027 1
97.6143 97.6143 3
50.9562 50.9562 1
62.4524 62.4524 3
88.3239 88.3239 2
43.5414 43.5414 3
32.6324 32.6324 3
32.1485 32.1485 1
77.3083 77.3083 3
32.3602 32.3602 3
30.3436 30.3436 2
35.3236 35.3236 2
38.0299 38.0299 2
47.6259 47.6259 3
46.5332 46.5332 3
136.836 136.836 3
40.8368 40.8368 3
50.0921 50.0921 3
38.4903 38.4903 2
30.2597 30.2597 3
49.6976 49.6976 2
39.5577 39.5577 3
65.8488 65.8488 3
32.8956 32.8956 1
31.0826 31.0826 1
44.4554 44.4554 1
33.6214 33.6214 1
67.5162 67.5162 3
30.5002 30.5002 3
34.7785 34.7785 1
43.266 43.266 3
32.3309 32.3309 1
46.6238 46.6238 1
55.5435 55.5435 2
59.6702 59.6702 2
33.4464 33.4464 2
35.2284 35.2284 3
38.4059 38.4059 3
42.0528 42.0528 1
38.5749 38.5749 3
39.7129 39.7129 1
32.0884 32.0884 2
132.224 132.224 3
65.6067 65.6067 1
30.9054 30.9054 3
32.414 32.414 3
44.2383 44.2383 2
55.4664 55.4664 3
61.1669 61.1669 1
53.8805 53.8805 3
37.358 37.358 1
40.4348 40.4348 1
71.0314 71.0314 2
31.5436 31.5436 3
37.6562 37.6562 1
34.4825 34.4825 2
63.3062 63.3062 3
35.4414 35.4414 3
34.082 34.082 1
40.846 40.846 1
47.3414 47.3414 3
37.1857 37.1857 1
57.5489 57.5489 2
133.656 133.656 3
44.257 44.257 2
47.582 47.582 3
40.4135 40.4135 3
33.2969 33.2969 1
32.1538 32.1538 3
39.9154 39.9154 1
42.4374 42.4374 3
39.9448 39.9448 3
31.4036 31.4036 3
32.6767 32.6767 3
66.825 66.825 2
41.2794 41.2794 1
38.8795 38.8795 1
33.9913 33.9913 3
34.5518 34.5518 3
70.1961 70.1961 3
39.961 39.961 3
42.3124 42.3124 3
49.3273 49.3273 3
32.278 32.278 3
31.6573 31.6573 3
32.8558 32.8558 3
40.5466 40.5466 2
48.0303 48.0303 1
41.0518 41.0518 1
116.064 116.064 1
33.0854 33.0854 2
34.9172 34.9172 3
56.6709 56.6709 1
34.8431 34.8431 3
59.4388 59.4388 3
44.9999 44.9999 3
42.4918 42.4918 2
36.798 36.798 3
102.216 102.216 2
68.5273 68.5273 2
32.6925 32.6925 3
63.7815 63.7815 3
33.1869 33.1869 2
51.3115 51.3115 1
37.82 37.82 3
50.6155 50.6155 1
40.2628 40.2628 1
35.6267 35.6267 1
30.6451 30.6451 1
36.145 36.145 1
60.8509 60.8509 2
68.65 68.65 2
33.8735 33.8735 3
43.4794 43.4794 3
36.0773 36.0773 2
60.8607 60.8607 1
31.6633 31.6633 3
46.7154 46.7154 3
34.5525 34.5525 3
37.7034 37.7034 3
46.6651 46.6651 2
249.48 249.48 2
82.2095 82.2095 3
36.4018 36.4018 1
36.0855 36.0855 3
34.5706 34.5706 3
36.6064 36.6064 3
156.871 156.871 2
32.3756 32.3756 3
38.8865 38.8865 2
42.658 42.658 3
47.0514 47.0514 2
51.8632 51.8632 3
39.6477 39.6477 3
46.6507 46.6507 1
31.8496 31.8496 2
64.0996 64.0996 3
38.5813 38.5813 3
34.7242 34.7242 3
31.7412 31.7412 3
31.7995 31.7995 3
78.5781 78.5781 3
35.6623 35.6623 1
42.7019 42.7019 3
66.5092 66.5092 2
34.0995 34.0995 2
37.4956 37.4956 1
40.2418 40.2418 2
73.0592 73.0592 3
68.0774 68.0774 3
126.061 126.061 2
75.9599 75.9599 1
41.2692 41.2692 3
30.5437 30.5437 1
44.206 44.206 3
34.3376 34.3376 1
41.0835 41.0835 1
48.1446 48.1446 2
422.609 422.609 1
87.7324 87.7324 2
37.1035 37.1035 2
35.4813 35.4813 2
36.9965 36.9965 3
32.2406 32.2406 1
111.645 111.645 2
101.361 101.361 2
68.7857 68.7857 1
31.1702 31.1702 3
73.0979 73.0979 3
39.5779 39.5779 3
117.299 117.299 3
47.8758 47.8758 3
35.1117 35.1117 3
121.548 121.548 2
37.6014 37.6014 3
207.94 207.94 2
35.9262 35.9262 3
38.0195 38.0195 3
32.6687 32.6687 3
44.0632 44.0632 3
40.6944 40.6944 2
33.373 33.373 3
39.5707 39.5707 3
60.9861 60.9861 2
60.5841 60.5841 3
32.9682 32.9682 3
35.5819 35.5819 2
32.8215 32.8215 2
97.6347 97.6347 3
32.1308 32.1308 1
61.3646 61.3646 3
51.6149 51.6149 1
33.1092 33.1092 3
48.4045 48.4045 3
63.456 63.456 3
35.2807 35.2807 3
123.788 123.788 3
300.886 300.886 2
32.8491 32.8491 3
30.2204 30.2204 2
66.3587 66.3587 2
56.2274 56.2274 3
30.7156 30.7156 2
32.5599 32.5599 2
42.5759 42.5759 3
37.4282 37.4282 1
35.3831 35.3831 1
31.7918 31.7918 3
67.3044 67.3044 3
41.2035 41.2035 1
39.0468 39.0468 3
66.2566 66.2566 3
54.2926 54.2926 3
31.4029 31.4029 3
56.8087 56.8087 3
38.7776 38.7776 2
34.4358 34.4358 2
63.7985 63.7985 3
35.6351 35.6351 3
37.9048 37.9048 3
49.649 49.649 3
64.4011 64.4011 2
33.0845 33.0845 3
76.1564 76.1564 3
41.7396 41.7396 3
39.5669 39.5669 1
31.012 31.012 2
49.4381 49.4381 3
36.981 36.981 2
40.2967 40.2967 2
38.2398 38.2398 1
36.7279 36.7279 1
35.1078 35.1078 2
78.9229 78.9229 2
42.9293 42.9293 2
54.1494 54.1494 2
37.0557 37.0557 2
62.7078 62.7078 3
38.5622 38.5622 1
71.1776 71.1776 3
60.0539 60.0539 2
101.602 101.602 2
35.638 35.638 2
65.1907 65.1907 2
37.9996 37.9996 3
45.3799 45.3799 2
46.0456 46.0456 2
38.1689 38.1689 3
43.2544 43.2544 3
52.9649 52.9649 3
34.332 34.332 3
48.8036 48.8036 1
40.3634 40.3634 1
80.6161 80.6161 3
53.5305 53.5305 3
39.968 39.968 2
80.44 80.44 3
58.1269 58.1269 3
40.9092 40.9092 3
85.87 85.87 2
37.1268 37.1268 2
45.7792 45.7792 3
59.4076 59.4076 2
36.7085 36.7085 3
40.8005 40.8005 1
45.9407 45.9407 3
36.176 36.176 3
44.3401 44.3401 3
32.2979 32.2979 3
32.0916 32.0916 2
39.4185 39.4185 3
72.0598 72.0598 2
51.9809 51.9809 3
181.79 181.79 2
100.088 100.088 2
36.2913 36.2913 3
32.5336 32.5336 3
38.0479 38.0479 2
30.0868 30.0868 1
67.1111 67.1111 3
51.7999 51.7999 3
34.0041 34.0041 3
30.2576 30.2576 3
35.5311 35.5311 2
32.2798 32.2798 2
33.3115 33.3115 3
53.9959 53.9959 1
39.7012 39.7012 1
37.1041 37.1041 3
32.8079 32.8079 3
64.9902 64.9902 3
42.3804 42.3804 1
44.3371 44.3371 3
34.851 34.851 1
33.8416 33.8416 3
87.7181 87.7181 2
41.8684 41.8684 3
38.5721 38.5721 2
32.6761 32.6761 3
33.5669 33.5669 2
313.404 313.404 3
137.643 137.643 2
137.733 137.733 1
50.092 50.092 3
40.2217 40.2217 1
38.6615 38.6615 1
35.955 35.955 3
44.0041 44.0041 3
72.1117 72.1117 2
43.3354 43.3354 3
42.9764 42.9764 2
37.659 37.659 2
37.5915 37.5915 1
58.4531 58.4531 3
65.9926 65.9926 3
49.6314 49.6314 3
73.1859 73.1859 1
87.3108 87.3108 3
135.864 135.864 3
40.8249 40.8249 3
36.2897 36.2897 3
52.18 52.18 3
36.1493 36.1493 1
30.6419 30.6419 3
38.7736 38.7736 2
31.32 31.32 3
39.1767 39.1767 1
63.3292 63.3292 2
72.5884 72.5884 2
30.8879 30.8879 2
44.8869 44.8869 3
32.4315 32.4315 3
55.9663 55.9663 3
39.6385 39.6385 3
47.3079 47.3079 3
31.8703 31.8703 3
39.743 39.743 1
43.2681 43.2681 3
30.3412 30.3412 3
65.5462 65.5462 3
37.7656 37.7656 3
32.1627 32.1627 1
31.5623 31.5623 1
46.2131 46.2131 3
33.1065 33.1065 1
51.4116 51.4116 1
78.6173 78.6173 3
30.9987 30.9987 3
262.136 262.136 2
37.7913 37.7913 1
35.6025 35.6025 2
36.7402 36.7402 2
46.3417 46.3417 3
34.8461 34.8461 3
57.8421 57.8421 2
31.1419 31.1419 3
171.031 171.031 3
45.2971 45.2971 3
38.4996 38.4996 2
64.4451 64.4451 3
36.8132 36.8132 1
84.6724 84.6724 3
33.3756 33.3756 3
35.8016 35.8016 3
30.7582 30.7582 3
44.9394 44.9394 1
33.7327 33.7327 2
39.4297 39.4297 3
45.311 45.311 3
32.7485 32.7485 3
43.4264 43.4264 1
32.9546 32.9546 3
39.8946 39.8946 2
33.6134 33.6134 3
34.9954 34.9954 1
52.337 52.337 2
31.4739 31.4739 1
51.8986 51.8986 3
75.2494 75.2494 3
35.9452 35.9452 3
50.1173 50.1173 3
52.8395 52.8395 3
33.17 33.17 1
49.4766 49.4766 1
88.949 88.949 3
36.4866 36.4866 1
132 132 2
77.1397 77.1397 2
34.275 34.275 2
89.6259 89.6259 2
105.885 105.885 1
40.2352 40.2352 2
54.2162 54.2162 2
67.5309 67.5309 3
105.135 105.135 3
77.1941 77.1941 3
39.8484 39.8484 3
45.9024 45.9024 1
40.1127 40.1127 3
51.8734 51.8734 2
32.8977 32.8977 3
65.2607 65.2607 3
40.2849 40.2849 1
98.9359 98.9359 3
48.4032 48.4032 3
76.1225 76.1225 3
163.941 163.941 2
46.1891 46.1891 3
40.8556 40.8556 3
108.024 108.024 3
71.1589 71.1589 1
58.7315 58.7315 1
70.0498 70.0498 3
41.6993 41.6993 2
31.7913 31.7913 2
35.3205 35.3205 1
31.2474 31.2474 3
88.8921 88.8921 1
43.7067 43.7067 2
81.5046 81.5046 3
36.1885 36.1885 1
30.4449 30.4449 3
38.3863 38.3863 1
31.7848 31.7848 1
31.8577 31.8577 2
36.762 36.762 3
66.2869 66.2869 3
32.8748 32.8748 3
300.601 300.601 1
111.376 111.376 1
40.1502 40.1502 3
102.521 102.521 1
31.7964 31.7964 3
45.3304 45.3304 3
56.4447 56.4447 2
46.5537 46.5537 1
37.0919 37.0919 2
32.8697 32.8697 3
40.2328 40.2328 1
169.507 169.507 3
32.8413 32.8413 3
39.796 39.796 3
36.1623 36.1623 3
37.4976 37.4976 3
33.6644 33.6644 2
33.5732 33.5732 3
34.4725 34.4725 3
39.0487 39.0487 3
64.4288 64.4288 3
33.973 33.973 3
31.0364 31.0364 3
47.8578 47.8578 1
40.6557 40.6557 2
31.1885 31.1885 3
32.7078 32.7078 1
155.524 155.524 3
33.3667 33.3667 3
30.892 30.892 3
34.3328 34.3328 1
38.155 38.155 2
31.5828 31.5828 2
48.2995 48.2995 3
34.9142 34.9142 3
41.1837 41.1837 2
38.0866 38.0866 3
39.2445 39.2445 2
33.052 33.052 2
32.05 32.05 1
83.616 83.616 3
52.6306 52.6306 1
49.4467 49.4467 3
46.3598 46.3598 3
48.0254 48.0254 1
48.3369 48.3369 3
48.8317 48.8317 2
36.8818 36.8818 2
30.8509 30.8509 1
32.3105 32.3105 3
41.8571 41.8571 2
37.3809 37.3809 2
96.7341 96.7341 1
68.372 68.372 2
33.1149 33.1149 3
65.0956 65.0956 1
96.0985 96.0985 3
31.7398 31.7398 3
80.0478 80.0478 2
41.6386 41.6386 3
49.4047 49.4047 3
33.1127 33.1127 1
32.6328 32.6328 3
33.5869 33.5869 2
34.7465 34.7465 1
466.809 466.809 3
95.4082 95.4082 1
34.6095 34.6095 3
31.972 31.972 2
53.0022 53.0022 3
33.2148 33.2148 1
50.5052 50.5052 3
31.8794 31.8794 1
34.1571 34.1571 1
55.9624 55.9624 3
34.6479 34.6479 3
30.6008 30.6008 3
34.3267 34.3267 2
101.377 101.377 3
42.1751 42.1751 3
91.4237 91.4237 3
35.9663 35.9663 2
36.8276 36.8276 3
192.042 192.042 3
45.4007 45.4007 2
38.8726 38.8726 1
58.7771 58.7771 3
88.6048 88.6048 3
39.1021 39.1021 3
35.9537 35.9537 3
103.495 103.495 3
38.1645 38.1645 3
33.8956 33.8956 1
82.56 82.56 2
34.7555 34.7555 3
41.6013 41.6013 1
33.5762 33.5762 3
52.4112 52.4112 3
39.0062 39.0062 3
53.9776 53.9776 3
55.7045 55.7045 1
60.2436 60.2436 2
36.0731 36.0731 3
62.8465 62.8465 3
31.4837 31.4837 3
71.6205 71.6205 3
37.1866 37.1866 3
35.3573 35.3573 3
37.6018 37.6018 3
31.9363 31.9363 2
52.2409 52.2409 3
75.3423 75.3423 2
45.6751 45.6751 3
32.1991 32.1991 1
113.977 113.977 3
73.777 73.777 2
60.7691 60.7691 1
31.6823 31.6823 1
42.464 42.464 2
100.326 100.326 2
48.0998 48.0998 1
39.3193 39.3193 2
34.2397 34.2397 1
39.3382 39.3382 3
39.6702 39.6702 3
33.7779 33.7779 3
34.3662 34.3662 3
135.796 135.796 2
56.6024 56.6024 1
47.4087 47.4087 3
30.6946 30.6946 3
63.3526 63.3526 3
32.3357 32.3357 1
66.7299 66.7299 2
58.2369 58.2369 2
44.6805 44.6805 3
37.3856 37.3856 1
39.881 39.881 2
45.0419 45.0419 1
36.0824 36.0824 3
52.102 52.102 1
55.122 55.122 1
54.6847 54.6847 2
57.1586 57.1586 2
110.377 110.377 3
101.087 101.087 3
61.3682 61.3682 2
32.144 32.144 2
32.58 32.58 3
38.792 38.792 3
68.5745 68.5745 3
58.369 58.369 3
30.5959 30.5959 3
36.2063 36.2063 3
38.4915 38.4915 3
54.2649 54.2649 3
30.3193 30.3193 3
36.2115 36.2115 3
59.0663 59.0663 3
31.2664 31.2664 3
39.782 39.782 3
37.1562 37.1562 3
30.4636 30.4636 1
105.127 105.127 1
84.8448 84.8448 2
32.4705 32.4705 2
32.6021 32.6021 1
66.1987 66.1987 1
38.6746 38.6746 3
42.9482 42.9482 1
34.1259 34.1259 3
35.1921 35.1921 3
32.6017 32.6017 1
31.1939 31.1939 3
85.708 85.708 1
42.1846 42.1846 2
42.366 42.366 3
35.1478 35.1478 3
33.3071 33.3071 2
51.9923 51.9923 1
37.0702 37.0702 2
59.3684 59.3684 1
33.8305 33.8305 3
35.0501 35.0501 3
32.3945 32.3945 3
276.191 276.191 3
46.5464 46.5464 3
62.3333 62.3333 3
39.2524 39.2524 1
38.0445 38.0445 3
39.3409 39.3409 3
39.7593 39.7593 3
33.5028 33.5028 1
32.5029 32.5029 2
35.8781 35.8781 3
32.8619 32.8619 3
64.1106 64.1106 1
33.7918 33.7918 1
35.5476 35.5476 2
208.137 208.137 1
39.0335 39.0335 3
34.8357 34.8357 3
75.6722 75.6722 3
98.163 98.163 3
49.6835 49.6835 3
44.0334 44.0334 2
37.6421 37.6421 3
45.0479 45.0479 3
35.0173 35.0173 1
34.7918 34.7918 3
35.0831 35.0831 2
181.337 181.337 3
42.2583 42.2583 3
53.0151 53.0151 2
44.798 44.798 3
45.1253 45.1253 3
37.3266 37.3266 3
33.8523 33.8523 2
46.9159 46.9159 3
52.6167 52.6167 2
37.4545 37.4545 2
38.3502 38.3502 1
46.596 46.596 2
31.38 31.38 2
37.2951 37.2951 2
31.6999 31.6999 2
30.4675 30.4675 3
37.4834 37.4834 2
35.7757 35.7757 2
51.5167 51.5167 3
38.0432 38.0432 3
170.018 170.018 3
35.8184 35.8184 3
42.5489 42.5489 2
50.3869 50.3869 2
30.1237 30.1237 2
77.0065 77.0065 3
32.1853 32.1853 3
78.615 78.615 3
40.6929 40.6929 3
41.1883 41.1883 1
42.7725 42.7725 3
33.702 33.702 3
69.0441 69.0441 3
47.5707 47.5707 3
52.8556 52.8556 3
40.455 40.455 3
42.2275 42.2275 1
69.5119 69.5119 2
38.7505 38.7505 3
41.6196 41.6196 3
30.0421 30.0421 3
48.6543 48.6543 3
35.6769 35.6769 3
54.9302 54.9302 1
68.1663 68.1663 3
84.7796 84.7796 2
54.0626 54.0626 3
42.4499 42.4499 1
30.1355 30.1355 2
40.7052 40.7052 3
34.4566 34.4566 1
48.0088 48.0088 3
58.4035 58.4035 3
36.5048 36.5048 2
40.7196 40.7196 1
37.0464 37.0464 2
57.6161 57.6161 2
48.0974 48.0974 2
34.1943 34.1943 3
49.8842 49.8842 1
31.8184 31.8184 2
35.5052 35.5052 3
43.2631 43.2631 3
47.2531 47.2531 3
40.8025 40.8025 3
36.7373 36.7373 2
90.8677 90.8677 2
41.0106 41.0106 2
47.0533 47.0533 3
36.5444 36.5444 3
97.0569 97.0569 2
57.0555 57.0555 3
36.6249 36.6249 3
31.7751 31.7751 1
55.9709 55.9709 3
32.3457 32.3457 1
49.7558 49.7558 2
34.2507 34.2507 3
30.4841 30.4841 1
53.2998 53.2998 3
61.6942 61.6942 3
38.7865 38.7865 3
42.5792 42.5792 3
62.0228 62.0228 3
31.3751 31.3751 3
37.0385 37.0385 1
39.0274 39.0274 1
55.8119 55.8119 3
49.0637 49.0637 2
46.9107 46.9107 3
37.0258 37.0258 1
35.5218 35.5218 2
120.62 120.62 1
32.6538 32.6538 2
38.6491 38.6491 2
60.4542 60.4542 1
83.3865 83.3865 2
61.8676 61.8676 3
36.4269 36.4269 1
35.8792 35.8792 3
32.2709 32.2709 2
32.2061 32.2061 3
40.609 40.609 1
58.4998 58.4998 3
32.425 32.425 3
40.4626 40.4626 3
35.0334 35.0334 1
35.8194 35.8194 1
48.99 48.99 3
78.0303 78.0303 3
50.9238 50.9238 2
30.1369 30.1369 2
52.3921 52.3921 3
34.6978 34.6978 2
41.3068 41.3068 2
44.847 44.847 3
43.8992 43.8992 1
38.971 38.971 3
48.4259 48.4259 1
31.8047 31.8047 3
31.37 31.37 1
82.6376 82.6376 3
44.5724 44.5724 1
62.7821 62.7821 2
37.7097 37.7097 3
48.2928 48.2928 2
32.461 32.461 1
34.1597 34.1597 1
42.2476 42.2476 3
60.4933 60.4933 2
52.02 52.02 3
31.9763 31.9763 3
40.0883 40.0883 2
30.6316 30.6316 1
42.3032 42.3032 3
72.0454 72.0454 2
386.672 386.672 3
131.574 131.574 3
35.8324 35.8324 3
41.9903 41.9903 3
52.0854 52.0854 2
56.7033 56.7033 1
52.7439 52.7439 3
32.7623 32.7623 1
37.2513 37.2513 2
111.902 111.902 2
41.4379 41.4379 3
73.3989 73.3989 1
103.702 103.702 3
39.2059 39.2059 3
42.1342 42.1342 3
34.9333 34.9333 1
76.1151 76.1151 3
223.011 223.011 3
34.091 34.091 3
52.2103 52.2103 2
38.5207 38.5207 3
33.8105 33.8105 3
381.116 381.116 3
111.606 111.606 2
83.9263 83.9263 3
33.7553 33.7553 3
30.5987 30.5987 2
77.8517 77.8517 1
30.3826 30.3826 2
35.7716 35.7716 1
49.7791 49.7791 1
82.348 82.348 3
30.4439 30.4439 2
224.718 224.718 3
40.5592 40.5592 2
88.7085 88.7085 2
162.722 162.722 3
32.0324 32.0324 3
38.5779 38.5779 2
47.5159 47.5159 3
33.3498 33.3498 2
31.9773 31.9773 2
34.2202 34.2202 3
108.723 108.723 3
31.4598 31.4598 1
49.4697 49.4697 2
45.6004 45.6004 1
79.6852 79.6852 2
34.7555 34.7555 3
135.243 135.243 2
51.2298 51.2298 1
91.5333 91.5333 3
37.9698 37.9698 3
30.0657 30.0657 3
56.3252 56.3252 3
49.8866 49.8866 2
92.0201 92.0201 2
81.8898 81.8898 1
63.2522 63.2522 3
78.9138 78.9138 3
57.6096 57.6096 3
196.529 196.529 3
35.9262 35.9262 3
41.18 41.18 3
54.5536 54.5536 3
57.1657 57.1657 2
35.889 35.889 3
33.3515 33.3515 3
32.9477 32.9477 3
55.0269 55.0269 3
40.7611 40.7611 2
39.6825 39.6825 3
33.724 33.724 2
33.7899 33.7899 3
47.6279 47.6279 2
64.2175 64.2175 2
45.6063 45.6063 2
30.0313 30.0313 2
30.1716 30.1716 3
42.3186 42.3186 3
32.0793 32.0793 2
38.0439 38.0439 3
34.987 34.987 2
53.8556 53.8556 3
46.5044 46.5044 3
133.054 133.054 3
67.8373 67.8373 3
59.4655 59.4655 3
41.5847 41.5847 3
55.274 55.274 2
42.6194 42.6194 2
70.0368 70.0368 3
38.0364 38.0364 3
65.0678 65.0678 3
37.3517 37.3517 3
32.1309 32.1309 3
48.3891 48.3891 3
53.7107 53.7107 2
149.112 149.112 3
44.006 44.006 2
44.9262 44.9262 3
31.8793 31.8793 3
31.5457 31.5457 2
48.491 48.491 2
31.2411 31.2411 3
51.3871 51.3871 2
51.5743 51.5743 3
55.4671 55.4671 3
32.0269 32.0269 3
38.2009 38.2009 3
31.727 31.727 2
83.613 83.613 2
98.454 98.454 3
73.3832 73.3832 3
39.2108 39.2108 2
83.9158 83.9158 3
78.399 78.399 3
43.1503 43.1503 3
59.4791 59.4791 3
32.9746 32.9746 2
77.5664 77.5664 3
59.962 59.962 3
82.7789 82.7789 3
43.735 43.735 3
39.7113 39.7113 3
42.9837 42.9837 3
33.8487 33.8487 3
45.8842 45.8842 2
36.5299 36.5299 2
35.5122 35.5122 2
30.002 30.002 2
44.2622 44.2622 3
68.6458 68.6458 2
33.4092 33.4092 3
41.3006 41.3006 3
110.909 110.909 2
53.4169 53.4169 2
40.926 40.926 2
61.2376 61.2376 3
57.074 57.074 3
45.3837 45.3837 2
49.8168 49.8168 2
56.4021 56.4021 2
32.0113 32.0113 3
47.9808 47.9808 2
33.3158 33.3158 2
32.5176 32.5176 3
37.6147 37.6147 3
78.7408 78.7408 3
65.8969 65.8969 3
57.3153 57.3153 3
65.2196 65.2196 3
30.889 30.889 3
39.2608 39.2608 3
45.4161 45.4161 3
40.2392 40.2392 2
40.293 40.293 3
36.1567 36.1567 2
32.111 32.111 3
53.158 53.158 3
62.4234 62.4234 3
39.9008 39.9008 3
69.5593 69.5593 2
85.221 85.221 2
32.7502 32.7502 3
51.0991 51.0991 2
31.6209 31.6209 2
33.8076 33.8076 3
63.0131 63.0131 3
68.0714 68.0714 3
57.3961 57.3961 3
30.4268 30.4268 3
55.9988 55.9988 3
47.791 47.791 3
95.7526 95.7526 3
70.7956 70.7956 3
32.9731 32.9731 3
47.1931 47.1931 3
48.4898 48.4898 3
30.5242 30.5242 2
32.2664 32.2664 2
52.2371 52.2371 2
39.4743 39.4743 3
32.1586 32.1586 2
130.901 130.901 3
271.788 271.788 3
74.8058 74.8058 2
65.504 65.504 3
38.833 38.833 3
30.1766 30.1766 2
231.599 231.599 3
102.001 102.001 2
30.5906 30.5906 2
54.2894 54.2894 2
50.324 50.324 2
38.5997 38.5997 2
34.0907 34.0907 2
49.5704 49.5704 2
44.8066 44.8066 2
58.9757 58.9757 2
33.6896 33.6896 2
39.6108 39.6108 2
33.7076 33.7076 2
111.427 111.427 2
32.1658 32.1658 2
32.8875 32.8875 2
31.9926 31.9926 2
51.2399 51.2399 2
72.3117 72.3117 2
48.4475 48.4475 2
35.201 35.201 2
37.1262 37.1262 2
34.9469 34.9469 2
46.4683 46.4683 2
38.2408 38.2408 2
101.634 101.634 2
41.0457 41.0457 2
38.9293 38.9293 2
67.6233 67.6233 2
44.3125 44.3125 2
45.1041 45.1041 2
