Format: x y z  (R = removed from domain due to fracture isolation)
-381.7934067 126.7366937 503.9605771
-125.3069849 -317.3420256 -316.3053741 R
-142.1772639 149.0349076 -181.5944409
305.3356807 204.4416418 30.71131647
200.1636334 -63.54353851 -299.7768275
-370.5076028 -275.7133997 446.76927 R
464.0437309 201.7633 277.2363501
-55.71826279 -352.4622574 333.7996514
-447.7953341 -520.3255199 -87.82997724 R
117.9325192 -338.3822136 -22.58818763
-293.5961565 523.2151217 299.2755186
256.5878805 -202.101894 -178.1492939
-515.607249 -153.4299229 345.658986
-114.0678766 -295.8931236 -377.9980332 R
49.45957235 -404.7439525 -321.244747 R
10.34405236 -283.646242 -515.3786564 R
266.836261 -493.4801213 38.3593969
19.78733062 99.80020319 128.1719321
-381.0058007 429.8543648 282.4896463
-319.9275981 14.86363621 -344.232943
156.1560677 -159.3789098 -502.4539767
-374.9913139 308.6898398 -509.3594262 R
288.7045653 343.6229285 -247.3240001
-85.9720449 -450.5185354 -136.5880787
-389.3252201 156.5353525 -239.0471088
-13.99910739 7.623512086 -191.1846901
-367.8410627 -223.3590724 30.73764434
-341.8005759 299.988666 -119.7446699
248.1308487 -20.71148231 -127.8133376
370.110601 140.9621303 316.2337906
-547.6427813 -71.55849431 -161.5246333
251.7652707 240.3797218 436.9262266
300.0111877 -290.899787 -433.0143089
75.53879927 -270.6355951 312.2674249
329.9946148 431.0572597 447.4130722
-200.6343803 -359.8387144 52.69796141
-421.5434031 -95.00986168 75.50181212 R
101.5605262 -35.39401923 -406.7959598
419.6241076 -68.06193004 329.6764157
203.8782203 63.48741675 460.872381
163.1695822 -394.000585 456.3246908 R
52.43744574 -396.5581679 -533.4155426
58.05325977 -160.4400659 218.6040892 R
69.48659856 -7.261253994 -177.9233362
-208.1204336 152.351048 -73.58848595
-238.005442 428.7681426 -57.29298268 R
52.3546002 -46.90990991 82.27534677
359.6113302 -64.04385258 -261.9738504
278.2843786 -110.3241916 240.9787543
-367.4306744 -455.5936494 112.4472814 R
273.7874269 -353.2370899 246.6868504
-382.7479007 -28.56440416 421.3259403 R
342.40655 -458.9368743 -343.6432194
255.5396529 -191.8912267 233.3585692
175.6208332 434.6741684 -222.544171
32.10667258 -23.14432951 174.8679162
-456.413929 14.53840685 -253.1260561
53.91595824 290.4353512 4.810767999
333.1565383 -41.43228104 -179.5794384
-61.75010084 66.1259991 -367.8210895
46.51794231 318.6897776 430.5086415
-300.7937725 273.2183021 529.8683666
283.186571 -177.0016868 380.8629676
-44.23001086 486.4614078 -52.40275038
-74.24448796 227.6895965 -83.93322172
217.9641844 -51.27513382 -291.0926342
-22.87493346 -435.4160589 113.500627
-215.0074808 280.6371747 458.4175019
152.5268933 -119.6735059 -278.4708464
288.3066453 216.1607491 138.4800272
364.0755427 80.99008052 -211.2388171
-228.1437229 436.4553848 -337.816691
-214.2396402 136.6447917 -304.5843861
-466.451639 128.4318968 -300.0378384 R
476.4041457 146.250953 -352.6963081
-19.72311666 -61.54416614 -180.0109829
179.9047892 -445.1888803 -259.1190395
0.4492149889 -53.68902162 24.97258594
214.5315742 -0.7444207987 278.6229283
209.5839753 143.344176 -281.6548511
22.59698056 434.5847339 108.7719645
227.2868912 -473.509083 -129.3405289
492.2383062 -115.7399715 514.5065182
274.5112406 -82.3397246 -409.5480815
-292.6261541 -112.533574 -106.915586
-170.0523246 234.028365 261.3341375
-135.4526669 339.6048587 459.1584919
287.5244362 -184.4637935 -147.0599337
171.5853383 -288.0689492 141.7451958
332.1169863 -385.7898263 -464.712998
0.01146429477 -279.650064 -171.4966992
237.0585365 -181.8487203 322.5894342
-61.17920783 -227.4029071 428.7754899 R
421.5961449 -44.23560757 -233.1833353
-40.63363118 -143.0932963 322.4158648 R
-399.1119108 396.8987129 448.785618
18.29833282 321.0234065 -116.6299279
473.2680836 -165.9067928 97.22965666
-156.4463628 446.1618465 -344.190061
-84.85894138 -240.542368 -153.5504247
-156.7065214 504.1281497 484.6579037
227.9902217 -185.4834146 395.4639119
-419.6807239 -131.3482873 -58.73482073
-502.1458761 -98.10692384 -138.7467357 R
468.4697989 -449.8467548 -542.971996 R
225.1529212 237.9211711 -353.704761 R
459.3193032 -142.2900848 -333.1271499
358.3963357 -101.6041488 -213.3548302
-32.86526649 -54.4079673 270.1624606
-542.9822675 19.13693289 8.544022117 R
160.2897462 -201.532457 239.2903965
-407.355452 88.76144826 532.1419392 R
311.2451953 28.16060869 474.0129264
142.4712663 265.7204434 -118.07649
80.94669528 464.6184085 -509.4579637
-95.19452184 -264.2050459 -109.6916677
169.7364132 125.5827231 65.8146113
292.8232681 448.4765388 -132.8878733 R
74.98334973 171.8475506 266.98259
-174.1222328 333.5902991 471.9365742
-527.8084236 183.602913 498.4380308
-479.3584502 155.6995381 -63.76380578
65.01300223 -538.2831266 69.93474979
-66.01872401 491.0764946 -85.8938753
-61.59370019 -136.9265698 -311.0966447
-68.1463711 456.012362 -328.9420887
-392.3182064 387.9438219 42.54591539
353.7825142 -492.6940853 -518.7416641 R
102.3373549 441.025628 -121.4024191 R
-315.3509958 38.7842523 -28.93798327
-328.2221929 454.7106142 479.5403961 R
-97.95588818 360.2785043 -100.5837924
148.5401249 107.4578495 -438.6056841
-144.7933491 -251.3459893 -139.2372601
-437.1458569 -150.918293 -512.6705998 R
-517.5477827 506.0247028 -221.5939488
483.5391991 -294.6273229 -176.8118425
96.79401386 124.8405486 -326.3285833
23.66955658 416.7207254 -354.9248663
-368.3545343 236.7589841 500.3229677
-308.9312983 515.8131306 -110.8384908 R
53.42504626 -197.975321 -162.3019107
-520.5700354 428.8875669 -404.8117814 R
384.9928865 456.6558411 524.0041607 R
-373.8252167 -345.0938007 514.3367729 R
-415.7342047 47.20683372 -354.813925
-21.8735217 -386.3879356 6.630375407
-213.4535752 89.85291464 448.3922262
-323.3398411 -220.8778659 375.9409247
-478.6313058 256.1649457 459.224337
497.1074349 505.6247172 -147.5203006 R
-479.7225728 184.5502477 -282.4149704 R
425.565674 350.6567851 -501.3219869 R
454.1692517 -419.4385767 -88.69855983
-329.4091755 -148.5649294 -46.5920464 R
336.3559412 -40.45497179 -403.5669067
-514.3844874 -219.1800728 323.0506937
-160.539035 59.83268091 -241.8334221 R
476.5885345 -83.43529626 -464.7470588
259.416599 372.8853217 -384.8152412
376.9583896 -455.5409386 196.9370931 R
460.2506052 401.8513035 -219.7563359 R
411.7847266 -379.0816276 86.87437947
166.3740429 305.8137588 -63.46644916
-134.9026157 -179.0487161 -154.4658772
128.2349974 -8.0682227 -376.8423639
-223.1038033 -45.78340481 -158.9663638
-262.5392469 -264.4789721 -311.1482377
296.1806651 -110.6971517 -243.5572963
-63.55285939 23.93214879 -549.8924394
-184.7894246 297.4759549 -235.1345204
495.7054423 47.67986997 -265.6906324 R
-396.7563192 341.9807996 269.4169244
42.97233122 231.3130863 494.3157566 R
-22.98682909 172.0603672 289.6344286
191.6339453 93.09294261 378.9173868
-329.7323512 32.85620915 248.4016774
284.8382583 -86.36085461 -167.1342766
480.7944845 -123.7585724 -370.252153
-334.6906254 -80.0703931 393.4873845 R
-491.2608528 33.65637617 24.48464466 R
323.0188916 62.37942818 335.5706957
410.935472 522.5913644 -136.7033341 R
-351.5333034 -240.7234222 34.16739815
-248.8710645 -53.28712264 -389.5919167
-139.0729322 -13.3550394 160.4205623
384.7276551 -443.3270069 515.7671335
18.55381925 -343.7544329 397.9340467
176.3814768 -464.7211346 -179.4075442 R
474.3479443 -396.1492989 221.8224672
222.704208 -202.9584412 130.485944
-245.9129549 -505.2517999 -113.2433899
320.5764685 -460.6428832 -495.8049978
-507.8020031 -425.4292681 -255.9382017 R
-202.9431752 224.4422037 -116.7123814
-332.7564774 -211.5265116 474.8677548 R
-361.0851111 27.36756183 109.6255854
363.2921552 -119.7312855 521.1883144 R
-123.35025 293.5908115 459.6407406
381.658527 -329.1525302 -203.515377
315.9907155 107.3698478 302.9662232
-340.9814006 -248.8499558 -227.3009264
11.40168164 112.1456319 -141.3015555
19.37882474 -338.4836663 232.2816965
31.50396525 -34.24218664 -355.1480088
-398.5243775 201.1084998 54.18772432
-160.6416259 -41.0681329 405.8260043
374.0156221 -385.8341387 -259.5990409
-377.1432905 -134.2366362 285.0959756
-277.9779882 -290.456029 -214.6882632 R
70.52746885 374.1143398 237.7221569
130.1914843 33.61882274 155.2823191
-197.705502 -71.00419746 468.8580855
-143.1002778 -188.0622544 -45.4025388
339.3779402 151.5974964 -155.8799652
186.2088593 -74.69098476 470.5502023
78.59597882 -199.0705918 422.0515818
124.8763405 371.5737591 515.2291357
249.2885694 -532.6744222 420.8808619 R
97.93973087 478.1021656 -322.4517163
-245.2900285 533.2634111 389.4218794
92.97607085 -190.330625 -150.615237
-536.1926363 475.9811688 230.2835612
512.3355201 510.071158 406.9209798 R
220.6368597 492.6847031 -63.9002873
115.2383068 462.8256989 -502.302623
485.9720578 -315.0837659 -86.98039194
-493.7656995 60.03929658 396.4837495
-370.0244904 -232.8569638 475.5589516 R
-48.38485663 158.2533928 -422.7665186 R
-475.328913 -282.4475771 316.3556396
495.1439155 -386.7961404 -277.052389
-13.2499472 379.4477324 529.528839
151.0029751 -7.793363435 -71.85530481
-301.9688561 133.3910075 -148.3988389 R
-313.0417969 -496.5222863 437.9990991
-506.5261677 224.7862113 -177.0151535
-218.9710772 49.07410525 -101.5291633
475.7812774 296.4872418 35.9309874 R
-368.0419956 -60.87042727 512.6506189 R
-210.5029355 -460.4413818 44.8905297
71.44962821 -19.31161332 49.39785872
-293.2479765 -30.74012987 378.6613555 R
-47.09080242 -463.4536235 384.2134111
512.2509819 83.68840492 131.6687232 R
247.2319159 412.5585398 -67.53939732
483.0238099 -337.7790823 -127.4770472
270.5264734 -430.761491 100.9684254
0.3787035016 -463.5680307 503.8188548
-412.2717466 25.05762367 245.7625898
280.175872 254.7144319 -462.0665659
-321.3033066 -199.4351845 132.8421828
-113.688852 486.8897585 466.3142523
-95.42523031 339.43103 -38.79582265
319.7862236 523.273974 -275.1062323 R
123.48961 33.78066689 -472.8935141 R
45.94672757 -43.80300183 -62.88906209
149.3798644 -103.7444576 -104.9547086
-400.8952014 481.2745424 400.5237528
164.7147031 24.3401847 -338.2234788
-310.0570548 284.017297 -403.5876587
-259.3806358 367.0430985 -350.7798867
223.281321 334.6087016 344.2755385 R
-386.4295841 513.2499266 -137.192574
279.4334053 421.1862033 -414.1559336 R
-256.3644058 -488.2409465 -75.42078187
216.8371744 330.9690688 -187.581598 R
459.3807824 52.86467017 9.171562792
272.1175183 194.4949443 -178.6031415 R
401.8162765 308.5480965 -532.983926 R
-479.3952151 -280.65949 -131.1312728
3.30091791 170.2446672 489.6300787 R
-350.4070838 64.85291628 12.52578508
-448.8182 -87.50184828 300.7732781
-228.3947817 313.9948853 -538.8333254 R
262.8356482 501.2625466 -469.5362693 R
209.7569507 389.7990839 -221.8336641
143.7602237 -472.6967052 -398.581644
-266.1623828 72.62426644 -272.84106 R
276.6710539 -13.92422322 259.5701794
-154.5053116 381.8012115 -376.7790724 R
-161.5651223 468.967324 -385.0547324
8.30361226 -320.6773526 -43.85625122
526.2436039 276.626875 -337.256005
-13.79329217 5.076747524 -87.04460695
-195.389641 -439.6339835 352.1525858
199.4595341 -321.0219024 -161.7595628
272.9975177 -231.6348222 27.65942418
-106.1326001 -298.0409595 -160.6894757
253.469698 -437.588017 442.5487662 R
-278.2993228 109.9086554 80.03324744
-456.2099409 -86.56652928 35.66463219 R
-199.9405115 -503.2351758 -38.11143036
-219.1922988 -286.3154407 -528.7726687 R
321.0751537 -262.3398352 290.4513612 R
282.3209333 0.9755069413 89.21276197
-47.37233492 -50.02122629 -430.9166253
-266.2229669 148.0074216 -232.4779667 R
344.6962468 -370.1584192 -256.9979547
21.21279454 -484.8648657 -527.8290755 R
100.2847056 -75.86791623 223.1507817 R
389.8795675 139.3973914 -11.83154974
285.2265031 -100.8586594 42.68708077
196.998944 -80.80460804 -60.65740623
-307.5331623 365.1477205 -354.9068239
-122.0964804 416.025798 286.7885014
359.686253 -330.3928722 -323.1655279
340.576029 221.5864611 -163.3567196
-404.9751149 -136.3814757 516.0979976 R
-465.9672916 -187.9299208 -113.3052496
231.9032581 -171.9575431 -415.8060555
344.223292 -325.3193346 86.68653215
-27.71934767 -405.5140135 -206.0442827
-70.84167707 430.0007882 -271.2086915
-121.9202608 16.76453003 -102.9270699
468.7284027 377.172682 -218.5722468 R
506.1869782 228.632703 -136.1999719 R
-447.4433832 486.8603336 -342.6712146
384.8974851 -181.7486633 70.89974428
166.968689 377.9888412 176.0627011
332.9669638 -89.56432975 470.8626773 R
-480.224615 26.46351598 -470.5187188 R
-238.7366221 309.6501567 352.0894349 R
-394.0209891 -473.7539423 135.608149 R
80.06749325 3.423515346 -537.7649295 R
201.629824 0.7164160653 440.060469
218.5829917 64.20953478 -391.3793382
-489.0486704 -527.720569 250.7036435 R
-322.1027939 413.5220433 331.9331099
-120.2697376 285.530802 324.3064824
-451.3260475 -447.9832769 -405.5038441
435.9381584 363.4700037 -499.0399981 R
-145.8390916 -1.1749 -306.7346679
-295.2562732 -356.2973228 -455.9729907
-246.232619 17.75781563 30.73352931
483.485511 290.6859173 32.83324773 R
-288.6788423 -241.5201478 305.2081988 R
305.9182543 -529.7635449 206.5669029 R
-362.0790031 411.6920939 289.9418837
103.4825341 -366.1504848 412.1068719
197.8070733 -365.471775 506.054099 R
81.49600569 -151.5885252 -384.0692084
247.1496011 -97.64486681 294.7927694
322.2786912 -8.989700424 474.4147476
372.1604428 195.8292846 -222.942891
-378.3124384 -252.946841 -135.0198804 R
-316.4856939 522.7112478 -397.2765271
-269.6972673 487.0025778 -166.6075817 R
47.09702101 303.7400046 434.3255578
340.0064211 -22.29730168 326.853838 R
493.9892187 483.0259094 45.22671977 R
35.32385954 -486.6037835 204.8206376
124.1841141 -264.6052874 -383.4969521
40.34944044 253.3150544 -425.7659811
471.1264613 -70.61048019 9.958243414
100.3808471 208.8840844 -183.3721516
-87.39719141 429.4252263 -525.5177904 R
376.0614277 343.8756028 -363.1474436 R
6.60618572 187.5240658 -321.7211666
-2.426365245 272.3232329 257.3998196
-499.2401396 -128.2327673 -345.6122768 R
380.5355258 -249.776416 -420.6058125
-422.3962982 -443.3846543 251.2471884
-268.4321814 293.5899332 362.6704557 R
267.475175 -111.2713887 -66.39560295
416.2611371 192.7004095 -200.704467
360.8146277 -77.53736891 -16.02679386
-466.8975084 357.5383146 292.3794984
150.6843152 -352.9132927 321.3776885
-149.5302699 505.3870481 -426.3375977 R
-456.797192 228.4293749 383.9853563
474.7124268 294.6735995 -506.9376407 R
431.1010387 -46.37760577 6.074977967
417.9990916 -119.0383615 323.5599014
-149.935214 478.1005692 -360.0037696
330.8407052 511.9321463 -205.4329898
-104.4801757 -267.1984369 -66.03919613
187.2874325 -316.944421 97.83132384
-159.2588033 396.459541 -297.0039704
-344.8423218 -240.0170616 -137.2393646
-185.6826583 -131.0212134 14.43432734 R
202.3562537 103.0960484 484.7665687
-508.4798499 -383.7434426 -176.6215083 R
384.7363764 216.3804133 66.01235105 R
-188.1029128 -245.410782 128.0290454
-264.0971816 -225.7907233 -321.3899352
-163.656978 -169.0479921 180.1198889 R
370.158539 41.31720367 -122.776474
530.3881405 245.6279645 215.114074
-44.85062028 524.9846426 -361.7374138
523.1032699 -403.9770007 -445.2304311 R
-14.85147428 271.9583919 16.27671322
-456.5873202 -382.1268128 -34.93617796 R
-105.9047688 -177.0116972 442.90814 R
49.16013316 255.2783548 -512.379476
207.9010893 100.4488765 322.1217138
224.9478391 -52.65533906 -337.6010073
18.77110714 317.075905 68.09069839
234.4502213 62.36153261 127.1830916
326.2764897 -280.5059653 -151.336801
-185.2521187 249.8783428 535.7712065
38.45908224 471.5122379 -35.19617458 R
517.3421908 70.59040084 412.2491468
-241.262179 413.7601293 449.3047622
322.3160049 -489.4124421 -192.273386
-497.6183759 120.1150866 -47.32012395 R
-358.9888072 -443.3079275 -137.2140771 R
-205.1244298 506.0806129 464.9881134
-231.6428341 406.2485134 -486.3035107 R
-164.6242726 513.7307744 -460.9655799 R
293.6182102 370.1345447 293.0529686
203.6738207 398.8392792 -162.9680511 R
-496.5460095 -299.1781747 -310.9367791 R
275.9035357 -185.2563808 -191.9118404
-423.6759863 40.05639081 312.2701025
-377.817075 -274.6787321 22.381418
20.42051903 -316.237751 25.93510625
353.5926505 -284.1823073 -282.1440276
72.71134938 437.8520513 -299.9548128
-89.27765302 409.1635724 -4.276276598 R
-50.94638377 -340.2418476 459.6924314
351.4418965 -271.9526408 -237.3393541
35.27632073 392.98697 245.5990745
134.5851215 401.1385012 -245.2642736
-245.3890592 -270.2818459 234.1543591
337.3469926 206.2512757 164.3950975
-328.268886 -426.9612472 -73.47029257
-161.3123385 -371.0728334 242.414592
198.3798752 295.5089798 351.2043498
-369.522503 232.2439682 127.1713292 R
193.0903923 428.0628026 113.0691603
190.2389332 -81.75656898 -251.8737465
493.1829112 -47.03262777 387.48452
521.552425 418.8738625 511.6255918 R
33.50100453 -59.98887428 -69.81438511
-308.5884584 221.1745212 -353.1896449
-170.4562344 46.4015124 328.6354795
-175.5091212 -231.5449221 242.0413084
145.3545123 -306.0092245 507.4015287
166.2099017 -411.2984797 -292.8343099
48.02808582 -443.5677753 176.8051911
-498.8304662 504.2187883 125.6635689
-430.3887523 -448.8919292 256.4283238
-3.683393478 -335.2658423 -50.93824252
520.2138053 223.8462992 -226.1359492 R
-142.0723459 -543.2323732 319.2875204
36.67913317 -315.3960837 327.7715843
-303.403576 117.810003 298.5966351
-333.396125 -335.2715351 -437.519373
309.6682639 327.0824844 -316.6039254
-277.7317853 280.5815808 212.715106
-66.90605531 132.9757832 -436.0772712 R
-509.0621745 142.0924819 -323.5351267 R
254.9056934 -176.2260321 410.2492856
11.58111043 356.7426738 186.6481898
-182.1209046 -131.361767 264.3624236
-21.37475907 55.4781477 508.9772937 R
-289.5025516 -396.8946986 -21.63947266 R
469.8601903 132.1154433 -13.12587523
-500.2889844 -247.8975427 181.6402379
-430.3634701 506.1030114 149.3352822
-512.7317523 -543.3777111 -370.1798319 R
487.5087346 -4.095588187 500.9847879 R
-189.0817815 -335.9235284 -45.7968791 R
-538.7918053 -340.6331255 128.2284572 R
442.1910531 337.5345581 65.58045231 R
-27.52347526 -231.2620042 237.1172331
-10.17710833 161.3698204 91.00228603
414.250465 -464.2941486 -10.25895493
239.0780325 468.5067037 -536.0296156
56.36682097 -356.6434302 -472.2151366
-465.9791923 -129.3223812 -239.7771903
-97.38708851 -452.4552781 35.95856795
-464.9562834 -364.5540372 8.840790317 R
-500.5445295 -362.1678306 475.6658771 R
-492.5396936 -435.8199175 -200.0353778 R
-329.5969447 7.385714321 139.3479201
-400.8151151 135.3270774 417.7751197 R
-115.0680611 341.9757712 195.137567
-293.1243889 -359.2124804 504.8374236 R
327.7018197 -521.0945095 258.5962591 R
-370.6776691 515.5906503 -65.50624795
-229.2977349 154.6345663 -79.18560075
-226.4185146 -75.10635775 494.747533
310.8691676 194.4901723 9.682223901
-152.3966726 239.3798176 540.1360586 R
-133.4679314 -68.45884655 -369.8504868
-150.0197022 345.6595399 141.6051527
-17.71757774 175.7723476 -194.2362035 R
444.0457731 187.676531 -455.6378158
365.2610314 -276.3616897 -192.7452772
-511.060693 -365.4671569 -346.3664482 R
362.0264125 -451.3113672 -77.45477511
-256.6928986 228.4055171 492.0837603
290.1515649 -369.45432 513.1803153 R
86.40669742 362.3984058 -415.8205621
1.943163103 74.16503298 128.6721745
89.58553737 -490.4653817 -507.4313093
399.5373189 202.5248846 -461.3158583
376.5312018 -56.1230214 329.3778305
284.8892855 370.4588512 278.2923142
-433.4677725 -47.40370119 273.0949673
-266.6147104 -427.7901261 545.441302 R
534.2157578 -357.5483865 239.1618152
100.6076707 -521.5782513 96.40320707
318.7935165 -207.5302281 307.0030194 R
394.5078253 491.3129554 -203.3579993
55.53831384 181.2055916 -350.287002 R
127.9121073 -397.5161738 -101.8718686
-307.7269367 -314.5645415 -504.61064
-282.9404983 -141.0065939 -340.6639216
238.0994047 391.6744229 -341.5908737
127.0875144 403.4326736 127.4109115
-503.2717598 494.1228287 470.4781604 R
-129.8817142 312.9495627 -425.162342
503.5143014 -440.8864841 332.7519673
286.6450436 56.73133922 -337.071654
35.38796342 463.7048011 398.7328471
44.39637205 523.1434667 -432.3018177
194.9128513 443.34283 426.7149907
-333.9263859 -320.8432739 -104.8723761
-198.8611831 -320.8746634 -419.5808411
392.5786142 463.6663621 469.4281769
280.3688352 -356.0151677 519.637292 R
251.4326152 438.6132853 309.3962094 R
23.3922622 -467.6341071 4.938341146
242.0078808 -524.2106964 -377.2781945
-63.00862895 -92.46211754 372.1151936 R
-88.993106 -409.4771923 182.6314011
-377.0256692 220.5827938 232.6142581
-501.2892314 -272.4875483 -296.4677506 R
-330.9436665 -433.2081617 -338.1298271
-146.9393734 449.3567563 -198.1529947 R
47.50025089 60.05287298 -393.4999833
379.2126827 268.8538764 -219.9616731 R
47.69935939 -148.8169011 248.5952547 R
399.6175695 466.7314315 -220.1440124
-241.3951799 -286.5078738 -208.3371998 R
-457.5091815 388.869657 -126.4207234 R
-101.3636692 -184.5825642 -275.9413317
-429.2637597 -206.998174 -340.7489004
65.52438561 -431.234967 -104.4937444
-121.611938 373.9055778 415.663025
-103.7987601 -173.0520462 -36.72821232
489.8210359 332.9876386 -502.1411152
500.565936 -225.2738189 212.217757 R
65.68695365 -34.9532226 -6.957248741
-11.39209864 -134.2698706 466.6497955 R
-229.5967597 538.4603542 236.2253118
235.2281051 -394.1032105 -384.5796654 R
-81.43399822 -19.38233779 -347.8344074
-188.8339521 171.406 7.322098189
-185.8732505 88.01173162 86.21634251
-56.67865871 -329.8163775 139.5023836
-290.9171968 230.5121053 -41.91643803
-447.1945494 -82.45339204 142.3546869 R
164.3960683 448.3937614 -199.7551773
496.1803965 212.167766 360.9278184
-118.7882957 -373.4061945 -519.8158103 R
454.61946 381.6135027 213.7620455
148.4932449 -283.5770327 77.93837363
143.0481692 -27.39759097 331.3028911
316.3996141 -505.2855119 330.209127 R
128.408048 -137.8809091 -442.4788706
-194.8446779 -159.3116281 -213.0355608
-206.3464977 -435.1303065 -440.4413589 R
-2.067423905 -305.0451435 55.75555711
166.6359153 -55.92129131 -14.50983178
-253.8330165 -135.3998235 -353.1247195
-113.804584 -442.9466721 -82.35989604
-58.22966006 187.2563896 -317.6117608
-376.9146236 -228.4699548 -364.479745 R
105.6640615 -366.1843438 -206.4630264
101.6004209 -124.9600748 1.317032409
151.8894985 345.8637622 -435.27347
-523.208668 297.8659418 -74.92944337 R
-311.029667 317.8449429 380.2056994
-448.3885679 -217.9623333 68.84045282 R
402.5551358 396.6775169 -121.3256977 R
173.2819631 -230.987824 299.9369155
412.6049124 -108.8470688 -355.9694161
416.5207456 -190.9767246 -299.4881805
466.1540076 226.5677441 108.2828305
-297.7195446 363.2336074 152.5768304
491.1391768 -13.38060578 -23.31633316 R
-434.575953 -415.171918 -533.5735549
-38.26123809 -364.2026486 178.2054716
428.4181316 -17.40779937 297.8582695
-110.0155266 107.3868412 12.37081414
-122.5613353 -476.9995989 -515.6352748 R
168.9675368 -203.5874121 -474.7280004 R
-443.7779593 -513.5291728 453.2758183 R
269.1603135 493.6936221 -164.2359864 R
536.9035617 303.0850597 376.5275823
338.0908912 467.6689795 474.5947821
-222.2609463 510.8011651 -13.55031713 R
-362.9053263 201.7140312 -165.3270787
-413.6283926 99.26256938 -520.3676171 R
1.850947311 14.00884952 -298.9854714
-146.6658206 192.0103935 414.8061302
520.3820278 30.63617452 -427.2649676 R
151.8267422 -198.2048064 -502.742399 R
343.0134046 55.22745069 -359.4242366
-284.3317264 -315.1597204 -346.3936638
232.0331741 303.3626773 446.7945534 R
315.1161345 -447.0556267 -513.4916135
387.680336 172.8643782 -173.7885902
465.8524576 -34.71147575 -402.9725363
-322.9649081 449.5345832 -434.2768383 R
-63.84173716 467.0310581 153.3460598
473.0335566 211.1069618 477.8172616
-264.1388989 34.39138806 90.69125299
-317.6404459 361.2236255 309.0527437
-375.8247844 213.1369331 417.1239902 R
36.84782572 26.33234893 10.39324546
-383.9796827 333.6007044 -458.4762432
292.4576574 6.522449294 81.91976475
24.72603313 379.8690075 -477.1378557
-182.5427685 471.2740081 381.1137956
-80.21794185 449.5398083 -431.4687774
313.1999864 34.19679709 115.9719762
527.600881 241.5788422 46.01132858 R
-247.6130165 321.5419041 -487.4691088
201.6951123 129.5376154 307.2322412
-196.1280573 -140.6875641 -324.4411684
-79.36194868 1.86468482 439.6719041 R
-213.0244004 548.2907328 -182.9539086 R
370.3824649 143.108763 -364.4843788
-172.9855945 81.67052633 148.8603802
172.8638872 389.1883314 -67.6035781
164.013181 245.0935971 192.0346822 R
393.4431628 -485.0034092 -396.0804439 R
-51.15703288 310.7580906 199.944303
-392.4303565 -451.7556533 -112.0908308 R
-494.6014414 59.94747564 171.2937715
-539.0135202 201.6080211 480.5498805
-311.7423738 -258.6795428 435.8054604 R
-15.82504144 70.42097013 512.273389 R
-382.8016628 -114.5955175 69.28307884 R
144.2780567 213.2725682 -205.7150629
-493.7268658 -56.51370096 211.9256353
405.4426843 283.4676683 -81.93656625 R
311.9845004 505.7069733 212.9872336
-214.5793217 -248.2673304 46.7816219
68.79425756 333.1241944 430.9053173
150.2393581 108.9494101 -5.149098512
-260.2389506 -181.4564342 -100.7944969
-1.923395511 -64.80797767 353.0294469 R
422.4105091 -269.422105 307.4301634 R
502.0434527 60.34709856 -37.96314838 R
421.253821 -478.2168329 377.6329904 R
-196.0861126 -152.6691177 -192.5946615
-142.9671784 0.7727869493 -291.8409502
-521.6977092 -488.7114117 126.1088616 R
-158.2503102 -198.8562643 -123.8996855
138.214997 -229.1891767 485.5045054
179.3011946 154.911506 -293.6535919
14.15892544 -429.7198381 374.7562294
460.5760999 61.24569474 52.61910426
-214.4102944 -84.98516546 90.19546855 R
-106.5973124 443.0745063 -301.399156
227.1454935 -428.9404048 493.5123484 R
214.6013136 -501.5342766 16.28462806
-176.7359312 347.3692681 -53.45031073 R
-428.7609546 144.005336 209.13669 R
356.5957257 203.8761728 -46.81109784
-441.7781263 -15.12625935 180.0141771
72.44977877 -181.8904003 426.0139619
-55.29909696 -175.0807896 5.867317526 R
-360.7964495 95.88904265 107.1121053 R
351.9879944 208.832579 -397.7757801 R
68.36120799 32.78479355 -386.3451608
-506.666551 -204.0350402 212.6371337
5.659330503 432.3057118 233.3406029
481.9587092 523.3411599 98.2928596 R
534.2536667 -111.1244678 438.0326767
368.228667 485.3801912 13.8567654 R
-408.8380976 115.1443253 -295.9417869
259.0663549 111.8816939 153.7560772 R
433.3333236 -521.6618845 445.8480306
310.7875294 97.92783068 61.04024199
-442.5090453 -195.2359906 -29.42063627 R
-131.2302562 -440.1069998 -252.1420983
-189.5274989 459.3030283 76.31730226
362.185334 165.0039438 -141.7077386
259.8212924 -548.2397599 373.1567952
-120.887557 -412.259257 -405.3335642 R
37.30857267 30.53049836 198.7357103
298.4257212 -514.0821662 432.4632717 R
459.5814435 -253.8029588 -431.0452189
-392.0695933 -329.6283507 217.7588868
453.6450381 386.0564623 539.5323865 R
526.7245898 -492.5792165 -68.07861946 R
-480.5372108 20.41075091 263.2718122
365.1894822 417.8772057 -327.0949001 R
146.4010248 419.573484 -215.6838441
-218.0140739 -168.2897143 367.5290589 R
-140.8617706 314.1821509 407.0360244
10.28995451 -224.1562904 -25.1348855
68.93695079 516.2991855 -398.2598212 R
247.5647939 18.52836581 -18.13427687
88.21890697 -459.718948 -334.7919513 R
409.4508318 -90.7466106 -452.8944071
155.8814087 -290.7013891 -181.6831054
161.6055707 -302.2625768 -355.6507509 R
47.74486987 244.6838289 409.0800086
-47.28517583 -306.6853142 -299.6530008 R
-41.68905503 -382.1638087 -4.785046474
19.77010531 -18.43679817 264.3878442
-358.9150555 138.5825266 -6.660359748 R
414.3021677 207.9718716 319.6982626
229.4174811 320.3076706 -259.6645779 R
-310.8819808 -258.0193934 -200.3207676 R
496.8596285 -312.0325631 380.9663958 R
449.3812142 384.2659043 445.9445732 R
40.61572904 -220.6737809 -56.0620924
-216.1161613 -86.88695961 -121.2364689
68.2636237 -303.396247 251.0799366
268.9802818 -59.3405804 -484.2381108
100.6624208 -318.0516058 -394.650495
342.3371311 -86.39754644 -472.0394524
71.46000977 -342.9740382 -257.2992948
-54.81666826 283.1737203 -208.8060307
-201.6496047 -264.3786263 -304.6829801
26.68879994 477.9971152 -305.4774857
-337.4224435 -26.78004937 473.9358112 R
-22.83312425 310.3194968 -398.7933625
-335.8059634 -168.1995799 112.6205442 R
-201.3900511 -159.8922367 66.73363681 R
374.1984268 -277.6474802 -108.7746665
-34.74641065 6.828734842 -500.9064318
407.6118544 -174.2378952 322.8407114
419.5099068 4.437852937 -377.2114817
-241.4172263 497.3629031 437.0318582
131.757562 -234.4587879 -301.1836627 R
-504.3890018 -295.2868696 355.7339264
546.9929363 -298.4739345 -242.7006182
450.0818757 -53.22567728 281.5642682
236.3213371 -506.7802471 -168.3650995 R
-475.3374799 313.3249348 214.2120387
-2.106910543 220.0701596 -259.6957657
-437.5099679 -335.5787667 334.2487672
439.8175814 395.9594879 61.43278377 R
337.4504952 -446.8840317 514.7128188 R
-404.8540917 -37.0268353 392.1209996 R
289.5277003 293.0946427 27.5713885
111.1482465 310.3928069 496.532886
-395.4677318 419.5668014 380.0287698
-333.4914167 484.9471747 -378.2973136
-254.6964434 314.0492522 208.9818765
-98.88347109 313.2380483 127.8872694
-354.5136335 -71.89454782 -209.8536755
-337.6403627 399.4652314 283.293415
415.4266142 22.05810805 -213.47709
460.0871083 281.7426853 -465.9744262
-6.142431029 -470.2458186 147.0908803
343.9144602 418.8197179 249.8518539
-440.4808853 -222.054781 359.766577
-2.16425333 -422.9494131 -313.1033901 R
-126.1889036 -505.1177526 225.6586976 R
-54.23368848 0.3126767336 -408.6400337
-277.8283614 99.40494746 34.7743075
-223.0945128 -173.0577603 -83.40780172
102.2862876 58.88534041 -153.72996 R
333.338084 -425.4366649 -389.8664854
-482.3421965 505.7463347 -209.7463684
-80.24487993 232.5425822 -433.4232176 R
-16.78450162 494.3821146 -304.5276618
-343.53323 -120.0479089 420.7382957 R
-345.1655349 -347.5822983 -197.1252098
-468.9802435 -334.2932051 -504.2114244 R
335.5772777 -93.79352381 -310.2536386
-304.468544 -326.0966852 -338.8307543
-336.2829269 334.4266108 -144.5990075
456.5580537 -323.5020342 -459.1023402
314.4129261 308.3560719 185.5016264
372.4521702 -117.290584 311.1291263
195.1652067 -8.868868278 -376.0849321
-378.0336787 474.4800016 48.48427099
228.333418 -33.7007445 -473.5098222
-346.2879517 -439.4400293 24.99693324
101.3449348 409.0084489 38.82318421
468.3696654 136.1465674 -134.2296147
308.9176597 -225.1551038 456.0869488 R
-398.2519712 -254.5538476 -529.0530524 R
29.56585506 -153.9897833 389.9306844
139.9892599 435.4960703 -403.685949
482.4578114 -256.5105956 -456.9937923
466.6668857 442.3040653 -144.8662825 R
259.1157409 77.70155792 -412.0701634
-10.41232595 126.0518749 -86.141713
368.7256624 105.051948 -396.6403936
-517.1952446 401.1037329 203.5422058
494.0028803 381.5646823 390.346818
-475.7410474 321.4471104 236.4262946
-143.1804704 -426.7002681 470.8114342
-316.7075992 325.8659757 -369.1889429
357.8065934 14.16667725 -46.61426375
-15.00681613 -181.1764804 312.2850576 R
265.617713 -49.64100666 362.1915161
-299.4541593 -386.7301511 75.35256531 R
400.1664157 -6.289156124 -257.2787209
-443.2036484 510.41631 -87.36397803 R
39.22409309 297.291637 39.21528221
97.69660589 295.8953179 248.0564708
282.8180933 216.4384706 477.3675675
-233.8101152 -273.8924606 -117.3844245
-36.60041534 -344.4488796 -317.9719602 R
320.3282109 111.0413774 -79.9186525
402.9632618 -306.2642515 -1.31594686
-362.6038067 238.3026807 199.7749069
160.2812252 528.8679725 453.1763496
-330.0440897 50.81129622 -453.8410833
188.4750473 294.7387371 500.120017 R
-77.85583557 416.1099635 -206.211046
-329.9513054 -359.1514637 -168.1168189
-389.1927721 86.96688514 -235.0607255
-85.75567876 -302.6986787 225.1765596
311.6821205 -467.5615758 89.12112012
125.1940314 -162.2431357 -322.8170993
459.7075311 107.2645159 -320.8572152
380.9086329 -328.9317487 206.1002785 R
28.25062601 358.3700351 -268.2655133
221.4194857 -112.0281688 -317.0157772
-400.1623338 -501.4943767 -446.0868074
456.1568957 -406.8597579 -265.3042152
353.228215 162.2340327 297.4580984
-172.8206687 -393.6334972 -252.4136916
-41.27147311 78.22329758 331.513398 R
265.6698218 -508.9297626 -327.4051267 R
164.2974636 66.38154454 -163.3684588
198.0648269 471.9889456 -204.553274
127.951007 -457.7451259 244.8864894
-14.78396556 448.3360766 247.423037
-311.9357357 -166.5517293 -272.0949239
500.4748748 -522.7484414 -12.36658732 R
512.8139997 264.1434078 -377.1030312
51.84816775 1.213037757 -503.3244782
156.3573702 10.87288565 193.1308257 R
203.8252549 123.0979494 -401.6250177
220.7270248 348.4597016 -3.095915627
-467.0833771 189.6310432 192.4265541
403.5568566 458.1873996 -67.53479081 R
19.18739852 233.3314478 -76.52691512
-518.5557247 297.2288294 416.6824311 R
-273.9917393 -153.4995826 141.0527252
258.3877664 -445.612844 -53.80909837
-93.20413195 168.34165 469.4619556
-281.6204617 -453.9665828 -84.26768667
-176.9213768 -209.4331083 91.22527302 R
-192.1310629 -19.85583566 -101.8214541
131.8189958 114.338995 1.756947951
215.7477852 105.9234037 -363.3932046
303.9499703 493.8022945 -231.1549496
-406.0373366 -493.7386158 404.2479621 R
122.7861626 146.492877 -138.8242285
495.4994405 437.1899393 -262.0748073 R
464.659445 -241.4920839 -174.2466677
-337.6278807 498.1487535 -524.4125398 R
78.09528856 -11.37694488 -399.0325787
-49.48057256 -119.7606999 -164.220835
-131.2562158 86.58356167 -342.772225 R
495.1208384 32.44044507 -269.1312168 R
-471.631957 12.10822968 393.1361176
234.4015703 197.1466796 -369.6736351 R
111.4092273 -458.3729375 303.650915
239.9749234 -19.21400109 62.16268721
-238.7792791 291.2581663 -506.8503603
156.8758855 67.26742611 49.87891921
-96.91337982 -525.6908815 -503.2292073 R
-282.4550021 -322.4387834 -480.4645284
-128.9794774 -43.05662249 -45.34903591 R
98.96270082 -55.07893212 70.56466167
-4.894215883 521.3764553 -294.7654077
365.7940391 472.7443657 195.093455
-253.33841 -523.009709 231.1454825
-511.6263852 -261.9633688 87.45991456 R
-522.1687665 -280.347906 410.5406293
-251.2105987 -461.8598599 -224.7797445
-170.5646538 -426.9865043 -70.97956446
-84.37693703 266.439581 201.5193444
81.50669438 -290.6093794 127.5115653
-365.546704 -63.89155095 -369.5265047
-234.769356 -84.74107992 471.0074778
188.2292069 -271.0951324 -324.1223525 R
328.0783644 -466.0254955 -420.2089627
317.3514356 83.47410935 -101.9189473
-501.468167 -493.8213843 516.7118069 R
288.4088303 93.10712605 -265.9074655
109.5204051 189.2929642 325.8332062
209.7210102 76.84327878 -235.3089165
-511.4602886 363.3433617 -422.9662547
-373.6628366 -32.71228583 190.254462
-410.9787714 194.2948391 387.0283488 R
-127.2650508 -158.0499085 -156.2622137
442.6085779 -190.5689228 124.2889367
221.0164528 289.4517568 -423.989244
-339.7166161 -440.7798521 -205.0712135
-185.6941769 -130.1196329 -191.6710128
333.658063 -462.5805962 2.979416474 R
270.8296344 -529.2350657 -362.6834679 R
-526.9204004 118.488896 -470.978428 R
175.8077897 10.24216302 -385.6849912
401.6550722 -106.1744123 -388.1632006
-225.3519427 524.5763758 -113.1706886 R
160.8419563 -322.3660042 311.7960017
276.6056593 -287.8018438 525.1526596 R
-246.8312659 482.1236717 -497.1382422 R
-327.1609598 -279.1251518 217.469706
-398.4606751 92.32936985 170.08784
397.1947444 -480.2992136 190.9587131 R
-327.6100311 279.2753622 -158.6077752
327.0359648 447.6945085 234.2346381
-455.7148659 -499.1033316 -231.6007529 R
-428.7127524 186.2816603 -199.3496013
39.10704535 489.9850291 343.2680466 R
460.3279796 430.8900842 191.3111482
-47.26897452 24.88300271 -367.390579
-208.2878292 109.385654 42.37236308
-55.25728601 -414.6330567 -44.09323547
-502.2914102 248.3112293 -486.4313853 R
-317.6011084 514.3671266 30.08992959
262.0046811 192.9680051 210.5105979
132.4655024 446.773179 -339.6465294
-161.1604667 -134.8048836 -232.1072119
377.604492 427.2586896 482.4368288
-45.68137916 78.36622426 -342.490932
42.53312496 -467.7861734 184.3008199
6.288467554 -517.7768777 -39.27958774 R
-465.4593049 -503.4276566 -59.56028565 R
186.6748488 -474.3346272 123.3173097
134.7009697 126.5456056 502.0111023 R
-529.7249212 9.851512625 -159.4593212 R
312.0503242 -382.4449201 -49.99854372
273.5711193 247.2199902 -244.5038867
-108.569814 387.2115057 22.59269387 R
-104.9088529 2.532155386 -65.82416743
35.85322886 -306.9004763 -151.3255394
-411.0174579 404.7620095 287.625806
177.9786163 -515.9981463 16.26780414
-304.6209986 374.9356455 -378.6617244
86.91838635 -64.46358313 -128.1403589
-92.77117144 524.0752752 -178.9981901 R
498.9303782 232.3543984 -270.7921879
359.4740069 500.5442339 -461.4290718 R
-180.686198 11.12081374 -512.9803432
13.11500332 255.100384 -84.87982951
-330.5428092 32.22072081 -163.9428923
176.2007756 -53.9722058 234.0054487
-355.4178944 284.4786543 57.79232
-19.96266834 501.8547216 -472.8253656 R
495.659788 -114.2484035 489.6972082
242.5281786 205.8185007 -286.8327962
190.8497422 -169.984797 -375.3562046
80.75546754 202.9146607 -402.2046122
68.51786916 383.0501375 -230.5151492
-337.8193448 -458.5518506 331.7652604
4.925410858 477.7991787 -295.721309
-264.4509457 -207.309318 -81.0278626
225.3289173 54.7912645 -111.7745591
173.2762289 -361.0740166 187.6533702
255.3446514 -443.1121829 -72.79360807
417.8635528 177.3045156 286.6618871
-467.3587566 248.6592825 -237.5327811 R
-278.8260612 -472.603107 403.9280381
-12.36794525 -473.9934538 72.4068113
360.6516401 -39.19539225 -76.60379842
-455.4803606 -513.6547673 -484.3007628
-405.6771175 -235.7890055 -86.91411299 R
540.4536514 60.4813186 -368.2799204 R
-190.213441 53.87138027 47.87571041
-195.3888243 90.94688132 333.9743138
256.5808606 516.2680755 -495.4590206 R
-103.0134399 -510.1833428 347.5463775
-447.150968 378.0019289 409.2136245
-331.8082081 -549.3789825 207.9765398 R
-242.3171529 -511.6002305 -488.258445 R
40.95296447 -126.3300385 331.9111751
-481.4019003 506.892728 -449.9156554
-10.79496113 -141.3350929 377.8629038
495.6275434 -371.0930107 -248.2305602
-472.7205572 464.7379636 447.8152941
314.7361602 547.8094818 39.33250879 R
203.3089979 -446.5496623 -19.9548596
-106.6843907 290.9625511 -120.747449
-274.5179352 268.0364256 -462.5394524
-45.48846712 543.6264237 107.7180391
73.71912949 -274.0369959 66.61119232
125.2432369 467.2920579 219.6241067
-122.7998949 -305.9030979 -244.4579311
-178.4682 -224.9747315 -468.4938732
516.8607543 435.3105841 -352.9703664 R
-501.2922294 462.3475315 -254.2015849
29.33315674 -46.70828515 132.1757965
202.8793496 166.752883 -100.2681874
90.75968995 158.9903907 -277.1093327
257.8394141 249.2967735 214.7454988
114.3628717 -179.0082613 42.46684149
255.7400867 16.10616067 -389.5374841
512.8839132 226.6649818 -261.3833454
-186.2178992 223.4048308 -32.95254965
-368.2631119 91.95197173 309.2681705
-124.8363773 272.2058366 -128.5874111
289.1571986 270.7714968 239.7696083
185.8436183 25.1330223 -266.3241409
165.5147259 -278.1511719 -513.3957795
459.1878313 -168.6380013 -16.35662246
-313.7239447 61.33542807 369.5164675 R
420.2505313 344.9390093 38.41037202 R
-411.8173982 -400.7262144 441.0199102
157.6541191 483.9761494 307.9147977 R
-375.3841399 405.8846704 231.1731801
-148.5869986 11.07560799 76.89880117
-469.6075508 305.6758447 40.9923148
-416.8060966 398.2941061 -2.301951845
277.7812349 436.1218174 -232.5661789
324.6128728 422.8469059 251.7934327
287.0689307 -417.5673507 -100.1937026 R
449.0885352 452.3597442 223.3684831
-273.2055452 -257.7068225 -63.05807298
-286.6769445 -524.7775488 -313.7057836 R
-130.0233351 428.7890092 -278.7610054
194.1699225 -96.09598066 -428.9172347
-227.9269401 -226.3792546 505.2264807 R
260.5481038 -410.6463097 -426.0205729 R
106.8692293 65.58511677 -151.4657107 R
299.5708116 -402.3328523 137.2367914 R
-35.89617197 -482.0501952 110.0697321
218.902528 -395.4131823 -100.3587487
-349.4438946 -247.4723288 -413.3582768 R
-388.8367308 -201.5529912 -413.9076545 R
125.3929126 -42.99031525 -101.7294353
-321.5062617 384.916163 -363.827617
-15.00978634 510.040983 -32.61795496 R
-471.3968083 -500.7913055 -503.3362201 R
-317.1454633 -333.9023484 50.49111754
-377.6459183 -92.65195 -52.77995681
387.9411353 -180.5567246 -273.4432861
-448.5928226 130.0930155 483.0454382 R
-368.3756069 336.5785708 -278.593295
415.7157322 78.93232846 -417.6019353 R
-183.192163 243.9402879 360.810577
427.4490074 447.9592462 -315.5731083 R
-263.4881322 415.4145107 517.7102839 R
-257.899082 337.9016134 -462.1170158
-474.9883417 65.22337103 175.248289
-410.6874585 307.4778261 294.4142325
-64.03314011 -379.4652998 284.4318938
328.3739983 44.37574468 -114.8999996
-118.0751823 -499.9197032 376.8069093 R
-371.6689825 -197.1971603 -496.8120649 R
208.1736591 216.2705808 254.7318793
-123.6526581 -337.6544409 149.4344327
-39.15461957 -168.3794957 280.2347055
-291.7825031 22.55113416 -342.6514785
143.6072398 536.3681904 -139.1715984
227.7313437 254.9546259 532.5477203 R
-387.988243 97.87527949 -232.3153891
87.64763716 55.00115919 -185.6887248
-302.3897925 -152.7808906 -509.7736949 R
205.7047703 239.1310786 -516.2205421 R
-449.0180787 395.6461162 -310.8527394
-454.621875 -490.3504199 110.0331778 R
-251.1855104 -382.4847651 -275.6409014 R
-235.0947172 -204.9318987 -264.3215684 R
14.0393239 -156.1204285 -141.9944678
19.45736397 383.2600709 282.9438318
10.97714857 395.6995116 -421.3422314
-400.2859704 439.8815383 120.4016444
-434.7776348 -467.6671867 -261.1419392 R
171.8527975 -209.1411691 -234.4754739
-199.2975851 259.1843395 -142.9164196
-225.1941556 -175.0907879 182.9321038
-282.261476 -481.4619092 352.4902263
-248.6206687 -517.3943276 23.48130712
343.0905859 192.1393601 -460.9518167
-442.7730687 389.2935985 -367.6422764
157.0310422 -374.3868463 -305.3325057
-9.813961958 -366.3726354 287.4114657
135.0961761 436.4272951 216.1570559
-324.2469779 -41.32665186 -269.2663047 R
-474.4845837 115.5874712 -238.1102655 R
-296.988502 130.7040007 96.22952346
-378.7501765 -147.5650808 466.5829068 R
275.5146722 -461.8554645 -287.4842717
46.52873503 -326.9616426 -256.8073272
263.9024784 -472.7962073 -391.2925954
253.225116 -464.4623702 67.21666236
54.23396121 -117.3507599 473.3369072 R
-368.4819312 223.5932001 -380.3402562
-447.4532722 291.6635991 -485.9592438 R
-350.5868321 -433.7177808 -186.7882177
-22.26616568 -28.79762902 -384.6137517
345.5802154 110.6454349 -156.9036577
-69.15153826 -250.0160417 -479.9433587
104.7296696 -110.2980576 -107.7028386
-281.5319228 403.7736488 -500.1471591 R
-426.5621765 -479.2318664 -356.8479188
-338.4310093 7.724837108 -317.6970726
294.6818163 365.1876867 266.5694226
-127.3250631 -495.5944396 -145.6531473 R
428.2401128 -8.061506448 -395.0761024
-366.8339841 161.4617228 413.0484952 R
410.0278777 -433.9098442 -138.0555106
-362.5267834 -258.1273148 184.0047742 R
-60.18766688 -480.8892364 -379.761977 R
375.5194975 204.4285767 45.01478328
-74.50826079 130.2884139 -62.24192087
-487.8518029 -477.0959223 -24.77594302 R
-215.8976516 -382.329598 340.7221909
22.26576101 -213.035413 545.7816273 R
-113.1146024 312.8491933 512.0049955
235.6749246 -481.60958 -320.7088943
41.34460561 -394.5323158 314.4005891
77.46977529 192.2134795 481.0920032 R
-184.5619407 -413.5910336 -205.2496948
268.0044062 -375.8597962 -166.9117058
356.9742637 116.8604414 -6.672474343
255.4127683 -504.7842366 509.1793251 R
379.9432095 -467.9041935 290.9388477 R
262.4755916 114.1288627 -338.2955968
-523.6649053 156.862459 -313.3231367 R
-147.0603259 70.9086112 296.3670884
-392.2030878 -34.89507518 -440.9855323 R
-395.7341828 235.168017 64.1548973
-434.1165575 470.2914442 -217.7564513
405.9876411 59.31539163 164.4302428
417.3543682 419.9107006 -467.4542621
188.9395309 -355.8772356 -109.4431896
21.83257468 303.1903754 463.326525
181.1934142 -321.0586964 -154.5931875
83.73094098 -18.6088316 -0.73570534
126.3877025 -315.5483512 -151.1591793
467.2927315 295.6626013 -232.185091 R
362.1461678 -321.2239573 -147.8329118
-76.79437988 83.8461696 248.3554023
-112.6451694 393.3905888 -178.53744
-407.0170991 173.2327881 -30.96531429
314.5985152 154.5567403 -162.1758127
-50.01013221 165.5445854 -287.2685605
-366.0441863 -184.8931442 -239.3504429
-492.3837133 -422.3073176 357.141
-449.4786628 55.3218982 80.1368357
424.413748 -399.8562067 -471.2361978
-499.8835996 32.96177723 21.13424887 R
288.2592412 107.1707534 157.3620934 R
113.8698494 -517.4323322 -412.0748174
33.22101852 -80.96448771 463.6078241 R
-533.3967536 -19.59731517 47.74252869 R
-164.767658 -22.27052735 -324.1669644
271.9049322 33.8365226 43.05847481
312.7012229 513.8246404 492.5511856
92.15184665 -456.6458055 -501.1885212
-356.446536 314.1453898 428.243618
408.1729942 155.7153259 -151.8013395
-294.7094848 365.1045484 3.203862295
435.6241178 -212.1118955 -372.5966745
444.7035271 384.5917209 -134.5640541 R
-351.1297852 307.4191199 -87.26947086
-521.3308351 82.49171291 418.2399247
-140.848753 -480.5480838 -382.6258157 R
-346.1913916 -243.4646893 16.24388886
299.5216874 233.0051031 -131.2227222
-274.2221883 490.0318522 502.8063427
159.3375085 -112.9898906 133.7035152
-398.110217 384.8398197 -120.536981
494.5919718 -467.1394207 -437.5443479 R
283.3380391 -33.78861913 -493.8424652
247.7400156 168.6137333 77.63885914
321.5888699 288.604962 370.4542248
30.99700578 262.547051 53.96347347
-197.9082114 -106.1976008 -303.1528537
-536.8316557 -157.0365007 418.397039 R
200.6918977 467.0207033 -249.4254011
368.7354353 -340.4816065 107.0197641
235.1400084 248.9145367 -444.646405
520.4782548 354.2699485 480.1444579 R
-458.5030592 498.4009335 -430.5447481
46.99703744 342.0665007 224.4984496
-185.619174 475.5092656 133.6250781
-489.940815 -213.5581105 -152.205215
2.527609949 -209.3488345 236.8801643
-175.7507435 16.98919388 -24.70245407
431.0410896 -175.8787934 -225.0361157
188.2223788 201.5652815 44.47038712 R
-80.35054355 -254.7581116 271.4542811
13.24120788 378.3524007 -471.6006264
-461.4764774 223.6708774 -179.5255354
-232.0424512 -500.395904 200.1488944
-351.5054942 316.6755727 523.3328332 R
252.2896999 -364.1792648 -120.8435785 R
-441.289105 141.507799 -60.67533878
467.8125686 120.7570268 376.6877962
-294.2234748 381.3133328 -25.553411
246.0809634 432.7802049 -85.98893766
-279.0990074 -485.6156679 -83.48373561
485.1710291 494.2308451 47.75628072 R
14.0696787 -13.36334372 -76.8146823 R
-298.3116822 -269.3238797 179.8965192 R
116.3416577 -240.3073223 -229.9739635
50.67114882 -391.6059924 -468.9487166
182.8536299 -58.59079273 -53.53389883
-427.8296519 243.3718278 -116.8074655
117.3671853 151.4775825 365.873221
-304.9980884 -324.4082011 287.6176094
351.0971017 195.9131012 434.8633017
-457.9702179 -262.5950084 383.578788
-22.91881707 -355.6301156 166.855419
-427.0984393 140.0157838 -393.402791 R
34.39390119 476.4936593 245.5365841
-451.3410235 -466.9384222 -79.07962545 R
-404.0521641 129.8817862 481.9623406 R
284.7789323 -57.16572017 -270.913624
-102.2671179 -518.7385386 348.913652
-237.3051196 502.7607268 -496.4680042 R
345.9233433 150.9423343 -123.3735173
-0.6271941644 -416.521738 353.0502123
-63.98116263 422.5281021 -16.5033049 R
-36.98346433 217.6170355 -244.1030988
316.8481034 -204.7820295 405.7226006
-122.3674472 107.160827 -59.66135261
61.83473158 -269.4403677 -246.8480307
418.4583962 167.2262486 -85.23418576
-55.41492921 99.55316223 228.3030992
-327.8046553 360.9059213 -149.0823115
206.2813513 -523.3182562 -87.3918637 R
149.384375 324.3638081 372.2914775 R
-168.7265582 -510.1856054 524.0843146 R
207.9957643 420.2467789 152.1645885
-27.17334963 -48.73719027 -311.099974
186.4820351 386.920993 -5.361140156
-204.9020104 -29.80646216 -265.3467539
-37.92074213 -470.8513714 347.1740229
-226.5103589 473.4067562 285.8240289
111.0467657 66.82438356 306.72816
-172.7635483 453.4770541 -166.9057151 R
70.81138459 127.813133 78.36471043 R
242.1982738 -192.3878297 212.2416464
146.0111897 -89.67459081 471.7661336
422.8643763 464.4041479 -486.6350744
205.3003986 89.85063574 18.35460107
-80.16762061 202.7124776 -153.4250543
-267.6552451 200.012262 -146.0482092 R
165.9000458 142.5324315 -307.1307928
-406.1258868 391.4116485 -26.1841533
-196.647671 -333.8955397 67.962488
-477.8194327 457.6131516 -52.1088577 R
93.23433804 -548.3952675 -75.41058272
-215.3243641 411.2518124 -392.9324466 R
-160.556606 -343.6973471 239.6369143
224.3240683 120.8012251 -15.84497732
-101.1426339 -30.30173904 320.3759226
279.7957408 -89.28484502 -121.9613274
482.3179244 -301.1455247 -298.1984429
-372.9046929 226.7812254 -476.8593381
161.1297803 -181.682373 193.64171
65.18504758 56.95577232 -367.5236528
-351.8385103 -503.6460394 218.5236815 R
126.4987496 -439.3657324 237.6256759
-185.2312774 155.9314255 39.32351137
49.44069311 299.6203039 -185.9065986
-102.8025649 153.6904319 -394.3254864 R
319.4951312 -476.1514921 90.37619453
-150.0505099 -333.2475656 424.9122276
-478.7605646 145.3279693 469.9530419 R
-71.22921413 365.2967016 332.7174049
175.4355761 136.904508 -318.4966135
-229.8577483 471.2383826 390.345983
393.285692 55.33950601 194.5875416
188.1552322 -157.8186877 34.97891171
-255.5987263 -214.1775767 -453.3907463
113.3167339 238.406407 -10.54666761
-135.3924142 -405.6955044 122.9834335
74.19760574 73.20025625 -311.7319319
516.007779 -133.6415302 -31.92033121
321.409999 233.5652389 -421.8193743
497.1218163 -354.1116556 -367.1906089 R
422.3620891 484.7538194 -66.63176951 R
-7.580393734 335.2874529 146.5856977
-195.4098195 249.1431278 -499.1747808 R
112.7229585 61.90663895 -272.5753682
-21.77907901 157.6738472 249.6716841
245.8893724 471.2464831 -96.39115524
-84.46533077 498.8460676 431.9304997
-415.059861 -203.3029111 -193.61965
249.7126658 351.3420745 -66.95586707
8.447131233 404.650026 348.2127822
-264.1723695 -355.937499 401.494921
-108.8652134 117.9237211 163.1081579
186.337684 -448.466243 224.6434801
-352.0014043 -480.0950889 -301.6770248
-231.139917 -159.1663049 -513.4310572
155.574216 128.9849992 212.5853283 R
197.0595699 -250.3781025 327.9141496
496.3370791 -359.3755298 -215.6167678
80.37578546 -446.6163624 -203.0955641 R
-300.1219837 383.722554 466.8097207
191.8491629 -299.7715591 238.2644138
260.0676929 249.455377 -95.65016009
387.335542 223.2815839 -261.3675506
8.161633683 260.9858965 -42.21128537
-325.3007986 -38.35929774 -59.29831135 R
214.6698229 339.9301078 -113.92851
-375.4757022 -314.7498314 151.8323812 R
102.1698585 420.7245682 361.9589817
-442.1745171 329.7382316 284.9580586
265.3234751 329.506178 -313.7424749
-297.5727758 291.353264 -123.7089315
353.4087022 465.1373498 -161.5560322 R
-396.1518111 -290.0868687 -410.5834479
419.1980688 279.77708 -363.5397329
406.2700497 -469.2930506 -291.4297444 R
-25.16004526 223.9503835 347.6845423 R
468.191705 -459.6358736 64.84143041
-192.247513 308.7069507 -520.3017085 R
-395.1031794 -224.6194677 -324.9306144
409.0448828 456.5181459 81.46498727
388.9740683 -216.3862791 304.437985
512.248046 -43.69985564 37.0081927
-55.02331397 -343.7391431 31.11767145
-84.81733445 -201.0278495 496.3227582 R
489.7211631 -150.5171993 -70.8070755
-8.06649397 306.0703831 -425.9912765
432.4871311 366.2228381 -279.020403 R
-355.0495877 -49.93000776 6.228016812
300.8169003 428.8771173 93.80891375 R
-418.3354211 -316.6278326 88.75895541 R
-484.3262969 422.6563597 307.2327209 R
-59.58696282 238.269094 -174.4909223
-417.8990216 369.6649044 528.3239241 R
220.6956756 -362.6404771 -273.1727725 R
446.3235198 -46.00494663 208.0501049
-317.0013342 -289.2257647 5.464003112
276.8479766 -479.6122959 -215.5878352
-145.9058454 -507.0938695 63.61051354 R
478.6678245 335.826731 383.4616575 R
64.25200396 472.7868275 -490.944421
-78.29772977 -286.9506478 497.5533887 R
362.385502 348.2448503 272.9761574
-445.596775 527.3283989 366.7771856
367.4962457 413.9778679 -63.9643251 R
222.901565 18.30171586 -503.4188923 R
370.246693 445.9492592 93.17349737
385.3954856 -208.2724204 -191.1468956
325.3221253 326.5525676 -18.82735726
-15.03649272 181.7275836 9.578234286
254.6413647 -188.1689688 207.1234997
310.4590211 430.7758389 -208.6630787
-135.679618 16.4274308 355.0803814
-499.8139793 162.1720296 7.185397424
124.9124102 -310.3911198 296.0198967
-53.8109271 -266.6653608 490.1004722 R
404.2658982 -458.23757 -151.7166589
270.0081602 -481.341381 387.7113321 R
319.3466071 476.7251049 -58.22765609 R
-3.880276057 -325.2254748 443.8311626
-237.9809293 -456.0137396 2.211441092
474.1444949 536.145523 -228.2181032 R
-267.1563988 72.95594781 129.4148869
166.503082 326.0539904 -342.2358928 R
-497.6818706 -505.2350656 -316.6210149 R
423.4073639 -205.6042464 -378.9305419
-127.1879776 -14.21185116 383.8871558
442.2138484 -129.9659641 370.8055541
429.6535196 -121.617409 -163.6991047
-2.378390037 116.2468293 -474.1798407
-503.7407552 -538.4323109 538.0855522 R
-457.7072376 67.66169196 338.8097757
-16.81660835 128.8835275 79.01755426
-79.54781183 -263.0906604 -235.5897602
-119.6169013 -454.9898833 -232.2733215
248.2495045 490.5759179 462.2876803
-68.66462653 -512.2132781 438.9783754
446.8211333 -77.63402295 390.3259985
-147.8276507 -137.1839472 513.7690795 R
-316.9733323 417.1301593 71.94909025
155.4635811 -231.1222983 425.4805129
454.6139788 57.18053106 373.8488391
154.1374994 259.4919937 -497.8476149 R
-546.0305804 130.1535443 187.3001149
-52.40369551 418.3640395 -4.237530289 R
410.4673126 71.51741428 205.3541513 R
94.40105718 161.3458626 424.7823746 R
-373.0587252 -351.1152037 231.0949154
-259.1133534 324.6826371 -438.7823526
14.06347518 64.03717097 452.2349692 R
-408.199517 -62.88707716 -56.14822661
-332.0631869 255.3741263 -462.6884644
-135.8446904 -136.4377852 306.4593783
323.1663879 77.99108053 423.4193703
-212.8163126 22.72636255 185.6281447
165.7095784 -249.5509434 339.3564987
405.8541541 319.4464093 -349.6833182
37.1243348 68.37108607 -195.6463508
345.2356103 -151.8599814 -46.57302045
-98.46639691 -502.1438682 -229.6036849
360.2100608 210.5411292 321.5363631
263.1076719 204.5152123 -254.3654771
-183.229997 -223.7882053 -432.821807
9.24827098 428.462244 313.8001347 R
508.6807901 252.0989489 -326.5961468
346.7090541 409.6841795 -375.2323397 R
6.022160248 497.2262203 -350.7845906
178.4349924 -481.7420186 -133.3819927
16.89054605 316.5987816 -393.623274
-29.14486885 261.2311245 -107.7759458
266.6143656 -418.1254176 174.4418254 R
247.4558634 217.9042835 375.8399203
215.5544483 257.8757693 37.26915806 R
-326.1152444 306.7228012 198.9029622
53.0723316 -189.473186 205.1793946 R
-391.1087129 18.93236275 282.3198441
535.526618 -504.5899644 235.6893574
224.6597244 261.4081817 334.4026861
-107.0101547 176.2454212 -22.27720374
-94.39974655 -393.6354536 374.9372342 R
90.17616066 -195.1610895 423.0002563
-190.3126045 -491.3477006 -338.9326947
421.7587108 7.826124277 198.7969184
-161.5398918 -272.9023801 291.085966
-249.6504926 260.2781 21.62944119
-345.8493661 -361.1256209 -200.9307517
248.9613146 455.7674472 433.4279153
-417.1640853 258.2518845 329.3678685
-455.0143628 235.7309795 143.5382216
447.061393 251.5065462 -343.5001222 R
458.7535185 -366.8776066 -188.9065037
-217.5391679 211.5330639 286.296069
-273.8163871 332.373489 -104.8335953
342.5891712 335.3166196 -7.697239532
-243.4460645 365.3973626 -221.9399088
81.03978998 -545.119817 482.8703727 R
-378.8007253 -8.555372024 482.0068953 R
-422.9170916 -353.9462055 101.754513 R
-320.0599745 290.3224238 -439.2276747
335.4249833 -4.046129143 -233.1245028 R
-420.6943566 86.87053369 194.0627405
-469.4107893 -492.1961055 -154.6641441 R
-152.5114782 258.6509655 314.0166764
-161.9388641 -2.340069785 36.57558548
20.52740784 -351.638072 231.7230463
-336.2255079 297.7019206 149.9288817
217.4010542 -147.6504401 123.8615332
298.7099603 334.949402 34.95015256
102.7140869 -34.75470181 376.9326257 R
-355.513663 -33.14389505 -160.8006653
-69.34571477 363.8237621 225.1343682
324.618497 -20.2268517 95.2970489
165.3701645 167.51812 497.0668544 R
-463.059805 316.4735367 -472.2793549 R
-37.30647838 -225.9756788 62.93421129 R
-411.7260997 401.6737369 273.4228707
2.016627753 -257.1844402 -292.2165993
-506.2283591 -193.4263356 136.1619774 R
-47.33417245 -393.8443986 67.41546419
-445.6330421 -349.3312222 312.4301722
2.404123184 331.5661587 -353.449936
450.9935997 -93.50003304 -76.42576359
67.60328604 497.7060365 -359.3762113
438.8283996 -280.318383 -352.0346787
-434.8749819 33.55646083 -278.3255341
448.9120361 41.1287162 -14.07757253
484.1053299 -75.21590388 323.8052994
-124.6962303 393.137072 -375.6544665
-79.53967304 -74.15001827 -137.103314
-260.8908594 122.0181202 446.8834221
-476.8136834 369.6600155 -21.49314781
-325.1893416 0.7527812277 -438.5409011
-239.5184587 342.3896193 -95.16892024
197.8076484 59.47164352 178.2250489 R
391.7258769 -177.6388481 398.4906899
-392.0703958 61.25309075 314.0097993
-408.6364588 111.3056633 97.02518134 R
26.50126889 270.8262751 59.77011953
-8.793580715 496.0056761 192.3817267
98.53485962 333.634119 -309.5268849
-242.2537141 -269.2613837 414.3406631 R
438.4890472 316.9514001 60.6553242 R
460.1609576 -388.1756784 84.19577792
-21.74319546 -439.4945705 -123.0824461
510.2046044 -92.4397265 -72.05464289 R
14.77561875 503.6983687 -467.1333436 R
11.92388823 -80.19649839 -354.143958
-141.8737349 351.9590771 468.929951
-459.9583122 374.0625512 76.06889191
178.1932858 -511.4155054 277.3636966
292.5931393 118.5906428 -337.5091072
-141.5375645 36.68132415 -464.7320914
-249.0104836 153.9950717 486.2402154
-405.8343994 409.6403294 209.3032654
4.297567846 -269.5659701 -486.8295516 R
-382.2575624 -21.90106769 368.8243835 R
21.31028303 -110.0526618 -4.11410486
-510.8880806 152.3747736 -486.8773681 R
-51.12816276 44.45233499 -320.1254224
299.7052039 149.075267 410.9096107
-481.5589301 -526.0529851 -304.9031029 R
256.9916848 -49.65798848 216.1348074
-42.39670932 486.0716485 -240.4212245
477.4656157 192.9053577 -490.3554389
44.78059643 -180.9948726 -160.9110176
102.5886116 116.0278769 -120.0739049
-153.0085796 -431.1889204 -492.0028778 R
292.8927287 -25.88181666 -214.4605508
-498.6773329 -74.17691045 -172.8833876
71.57632949 -372.8738626 438.9770024
-362.100719 31.85378098 -374.5456768
-15.68482763 -402.0903965 -228.6485837
-476.017234 -198.3411059 -0.3818342974 R
-11.80726652 -333.6201054 -31.83635072
-316.174725 53.7255521 -150.5925488
-121.7183311 354.9181035 -460.495682
-102.1781779 -161.209063 -124.0071432
-28.23758061 499.5925282 -329.4650282
-472.4191304 428.7687731 220.6335494
269.7991299 544.3193418 -88.94273582
-474.890678 266.1276756 326.7547087
526.4575515 444.8619308 -162.2431258 R
-196.5755511 92.02335464 128.6316913
-226.0678259 -303.9558596 -381.2089808
-40.20438227 404.9824266 -171.0307815
110.9461705 438.7212112 383.8914864
430.9740159 -408.8402008 -64.6601068
241.9479895 -87.76519171 -486.4762919
169.1088525 -365.4071363 158.3391334
500.7232592 118.3500519 -439.9430714 R
435.0942161 -201.6522875 253.9310844 R
-202.7294617 405.7837716 527.328305 R
273.8610953 519.2790978 362.3060014 R
368.5037319 -91.86658131 -378.3181246
-179.2617347 -468.665388 -80.43835479
491.9545106 -307.2709481 -114.0814135
404.7410072 179.2207052 -427.0437161 R
-151.7206521 -201.6457934 -477.9929996
-409.0118292 518.6765599 344.281155
445.2868485 -42.05202724 -230.9166946
-365.4695309 44.4857955 229.3366176
-390.0756361 -33.84500153 -431.8573442 R
2.472602914 391.6904612 475.7282441
77.37838288 -378.9157051 -504.3586667
287.0919307 -263.4232733 -376.582263
69.76139067 -255.9037988 -350.8624443
-532.4948466 444.0939791 384.2728678 R
294.572407 283.9769649 -227.4319747
-444.7611317 -367.9347133 -73.10431379 R
-267.6711289 437.1542618 -8.306451859 R
-175.3600421 352.9888437 151.7814898
-479.9961462 362.5212462 104.510898
-286.19692 12.34022351 292.935583
460.7225224 -402.4368358 -28.29552249
137.0592999 -314.4583434 120.655481
-119.6447471 123.8939396 393.3298116
283.285778 -230.7231736 -43.20918898
458.1131502 -152.1103734 152.7109835 R
150.7412117 -197.0061657 516.9475363
-110.7986701 -360.2568411 -378.35376 R
80.42596766 421.4639334 56.90097337
-213.6596286 -384.2137398 -74.75896707
-229.3116711 -329.8364252 -224.0847329 R
418.0844854 -317.1871684 -253.6678555
-294.6236299 356.6074604 243.3035507 R
60.76449723 221.7523022 157.3361075 R
-516.6894557 -338.431417 298.8451291
379.7072285 -446.0199918 -67.85298647
-127.3232977 -381.5513276 -291.0996216
-155.0398938 202.3079797 -348.3992412
-417.2946424 192.0440657 328.7366663
347.2210305 468.3347767 384.6448283
-366.9912455 -481.9273287 -404.88825 R
-1.11918109 -213.8988138 116.5908072
-471.7814189 -157.7070555 2.404699688 R
397.3251374 -414.8438894 -224.0339722
329.9211641 413.8077941 -436.1120021 R
-172.9686152 -4.627923359 322.7332888
-218.6997578 -391.3832262 339.5224236
-319.8299294 541.8064653 318.9074058
381.716834 183.1854827 -207.1879271
128.8214044 -181.6939923 50.22956062
143.2164899 271.1447653 -88.1629195
-306.8983265 -475.2859182 -338.2224389
-346.8123083 -92.36908572 -125.0272971
-520.0638339 -540.1670408 -12.10796635 R
304.9826452 -385.2750761 390.0116605 R
-81.81750194 -160.2707596 239.7051679
245.0052245 369.9985698 -353.2368707
515.116685 -181.4072331 -86.20731887
-33.66269504 334.1200716 -168.5055166
-182.6207776 141.8317612 484.3685578
189.37589 -89.84230423 -276.9207479
-164.3411447 -350.7226566 -266.4031905
280.558153 -90.12111839 -208.3309466
-496.1617843 285.4016354 204.4478849
329.1874311 -110.372108 22.94572167
-460.0879116 379.1031284 433.9857271
310.309381 -0.1781367936 -64.70979353
-405.1975567 -94.76905259 -162.5482599
-506.0064205 453.3414096 14.63345426 R
-507.1669318 67.3729293 406.6487685
366.2366957 -293.522814 519.3332825 R
-445.9111446 -360.1587267 190.4613242 R
-136.7217655 201.5725024 -368.180983
-509.5226656 335.3035014 -338.6820046
353.9100581 507.8031317 -313.5367082 R
194.4155737 -386.8642961 -272.3727129
-193.9448856 65.14749447 -133.2842939
452.1555949 53.20724734 326.7035693
173.518201 26.55315113 273.7636613
-14.0089205 133.0019658 -521.7852927
-435.7028854 -101.1576299 478.5550474 R
88.73749562 -241.6584625 393.4290176
442.3207609 -134.8360283 495.7770614
66.46468421 186.290255 3.701615154
389.5316897 -456.2251115 484.3566175
-159.6130084 -3.415507105 137.7164074
301.4531838 384.894486 162.1492595
-193.283439 -39.21330538 -514.1082786
-161.4642667 77.52751363 -447.4553558
167.190212 -453.8921051 140.5313854
54.39586852 -322.9193916 146.3213214
-44.37774003 321.0299859 247.9826994
-505.3219698 253.759304 249.7069325
503.8986434 180.2587585 507.7253955
-168.0620657 -427.1833373 441.8624367
-334.0625492 454.0067498 85.95437104
-100.2328945 39.16714449 440.4470649 R
53.44545556 465.5003386 3.403388817 R
498.3495543 -441.8264217 373.8462008
66.13946963 527.6268112 239.8678842
259.2982981 202.5577925 -100.4706338
-38.41211695 -350.3344649 196.6233496
-419.7266307 153.1206662 -472.7341315 R
504.8716619 154.3393524 29.45536817
3.682955011 92.93571109 51.47403282 R
-313.1457549 173.7574022 19.71787001
331.2317931 -264.13568 122.2444261
-347.706068 -128.4274884 510.0287411 R
-260.1364685 -227.6833943 502.725431 R
141.7621309 62.59665681 285.7023725
-536.0770701 48.09034053 -447.0736818 R
-391.9310167 339.3778174 -88.51674345
-222.3676151 194.9314316 100.0815511
459.4388249 240.5423903 -365.1251349 R
320.3398666 -65.08977405 160.4626411
518.5688694 52.72840889 -281.5511667 R
329.8781012 -233.7505226 -418.6910013
-65.30475819 -518.0459098 350.7313593
-348.4921655 467.8853895 214.284921
-395.0462763 -71.64424629 452.5282643 R
162.4160799 223.4009984 390.6544312
-157.0837985 198.0002919 -66.47602468
69.79169062 83.11117535 142.6278128
324.0203348 175.6896283 -27.56431912
-407.0494754 510.5979633 -103.4718224 R
77.53393466 -409.3147516 509.554626 R
157.5150008 -217.5986422 51.70643337 R
8.533835011 123.4283236 -306.532031
433.6030245 -479.0372594 -384.2184373 R
320.615865 195.8709866 511.5823854 R
44.54735611 -135.9563649 -166.6849879
95.60437952 -237.6302407 486.4140938
435.0497374 -311.6737012 357.4306019
-369.7758445 -198.4719421 -250.8964789
439.9429711 -395.7567601 5.927298453 R
235.9154694 -224.5025132 -81.58510008
-461.523599 322.7388404 -42.16944759
-204.6478248 87.88030867 458.6580692
202.8308293 413.354187 -78.56905181
-325.980195 99.81707042 162.6673517
-349.7146115 28.32849145 508.9700537 R
132.3667627 436.7416544 109.5621077
478.1761202 -201.7944676 523.5086354 R
-476.8856676 486.9178401 343.3988297
-101.7289001 160.8099245 205.3712716 R
-282.2183171 20.41177456 -472.820968
272.1444588 201.7540816 -481.8063117
-364.4948776 364.8980917 -522.673667 R
442.2301991 265.361806 -125.7312076 R
438.2586121 88.26434947 -137.5657428
-485.5140073 -492.5827781 369.3824665
17.73706402 -425.0507481 115.8069048
38.56809384 74.00011137 -31.45893622
-113.1885826 113.7419042 70.69506215 R
-242.836922 -330.2103242 -58.26586406
-432.1448039 239.4879965 188.9477463
334.6037773 478.1571765 -109.9335166 R
-74.90085577 -355.88932 462.613396
-520.8947478 209.5231242 317.8129088
-151.0244054 344.4557938 -166.6455746
-423.3216359 -279.7162979 488.4244705 R
-229.6467528 -58.47105952 -491.2570004
-197.0850897 -10.19734448 129.615982
24.07662618 455.2151221 -320.3349277
-133.1064708 257.5570209 471.2308555
-347.7227452 -148.8723106 -74.47958692 R
-345.1572831 -417.0901216 501.7846067
-328.2833077 501.8569976 -379.9484958
527.1297819 197.2959344 189.839249
-107.3432526 66.84078462 380.133769
395.5810833 241.549134 376.0705973
-63.96650091 447.3883444 -109.8518651
-173.1362457 69.58087894 21.13158342
367.6503264 454.9924247 413.2106557
192.2969697 -186.8603774 -315.7125987
-19.51410818 -496.4176242 130.883387
-84.25821932 363.7227794 -106.176923
214.5448364 219.3104961 -30.82810852
233.2955911 436.3625396 -433.8654832 R
163.8415953 449.7330452 235.6912269
234.8658808 -208.2016096 -391.3439066
9.969516867 -373.2981752 -237.4599385
346.0152641 443.1887166 265.1353815
-439.1519712 -22.17621338 -322.5477603
-194.6506703 265.5631393 -450.2994996
117.6028484 -175.0708101 64.24222993
332.587677 -504.2916004 327.5360584 R
-314.0481914 30.84268904 59.75231793 R
406.1892402 -348.1148098 -141.3605857
-301.3202808 -138.3374346 -164.4161222
43.683556 -19.1832443 -372.270519
247.5106249 -180.7743736 67.33061721
9.558028619 290.1711069 407.6058231
496.3078971 444.350039 105.0095868 R
103.9820018 -390.0669742 -420.2417741
246.3119649 -5.526014851 -317.9221123
-183.9420262 282.0645881 -78.02512006
-14.69306465 200.8591529 153.0960172 R
516.2261781 172.6542079 -179.2094628 R
-321.547336 -272.532352 25.89878453
-522.7705441 -429.8813717 80.22922991 R
521.4090194 374.3334267 304.9866495 R
89.88061211 299.9001305 418.7682656
1.328641802 -529.9482052 -321.0914713 R
429.5444 239.2126259 143.428077
-144.546667 11.6268569 160.2216413
454.5651355 463.9114991 -160.8604423 R
303.8982865 -217.2770963 -487.139083
-35.17899091 274.6588022 167.8074124
24.08044127 24.99529613 -196.4478054
23.73949835 141.11152 541.61023 R
90.90015522 238.2088031 -489.7423403
-379.6300101 -247.8361585 -96.88118365 R
-80.24722099 -152.9601454 257.7573338
342.6829036 186.1154659 96.73243554
-124.2513663 521.6454622 120.2518362
330.4805293 -104.8298384 -187.8065248
378.7754697 -335.770289 -499.5323651 R
296.5160897 -233.5026653 -413.5328034
-57.55244874 367.7100985 445.2433329
237.4330447 496.3334744 135.2816358
-300.8943835 388.5189748 419.0661493 R
-351.7446871 77.12407085 200.871716
-431.155625 211.0941606 -508.7209242 R
-236.1388545 235.2599645 -205.4519784
448.0652492 128.9166278 134.7251786 R
52.04737102 65.9814206 -456.6573426 R
141.1006202 -335.055656 187.182196
10.93751951 406.6873808 417.441385
63.38192978 167.0173863 472.2065235 R
-355.2043978 523.0150583 -508.4094722 R
-127.3837937 -168.6633586 -305.6170325
-281.9542901 -474.9481833 -76.92919689
38.75247017 24.86881583 425.0412614 R
-452.0354055 509.5190928 -15.56798681 R
347.338744 -164.181458 336.9212553
-121.0422114 -113.139828 -206.0016633
-144.5095905 378.5976615 139.8758199
-290.3440114 265.4015333 -156.560506
434.1767492 -291.494241 -114.6703076
-460.243848 -304.4115554 374.0271362
193.7851099 214.9788732 467.7495297
-125.0226214 -133.6492857 226.7169226
-417.2777987 -4.255128916 -15.03371197
304.3817142 -352.444192 -39.95271973
254.988244 -362.2358207 -191.4584563
-298.4386936 -526.894356 -207.6342068
-437.5406942 -299.3157175 408.0293605
-208.6408979 -467.1951304 -363.1130898
441.7924968 509.5768492 -15.30949725 R
-57.09460797 288.8944015 174.2769597
-31.85485597 214.5218706 -144.8548363
-362.7564428 308.6194277 245.7926128
-257.6225845 212.9820852 316.1918276
-528.8704287 326.2658138 346.1283064 R
-463.6332796 -8.356781974 -287.9989222
-430.4093267 -411.2719175 -446.9176392
-297.2567022 -166.6605123 -326.8468048
1.063089391 -124.4005457 468.3078953 R
475.0216594 -20.41070253 105.6846371
251.8219389 -122.1452569 -448.5907418
474.5367201 -110.6906737 461.6623674
-139.5534075 370.2394805 524.0857946
-4.399047546 -28.29219714 200.9046448
-12.33809011 -35.43400108 183.5843437
403.8981835 285.3525182 143.9124494 R
-47.71835002 519.090369 337.0717036 R
-483.0734501 -154.1863245 438.7095334 R
-291.5598504 -471.730945 -52.797316
-330.7595807 113.5648196 441.8788929 R
-203.0254109 -208.6825118 -185.8023473
167.0186401 401.3776148 -191.7960403
-171.3509825 -395.5767436 244.2550134
-252.5188619 -202.5322087 -56.60502111
132.1769083 -152.8432805 -10.70675126
-379.738313 340.5256577 140.1477372
-3.55944872 -312.5242404 -185.5139998
472.4742036 -287.1467656 -212.9334673
-269.8105489 -337.2172559 -288.4665075 R
138.9148123 100.9123206 53.90072373
481.9101311 -244.0185013 -345.4412473
243.926842 496.387115 12.06748703
121.3946731 289.331936 -481.7137868 R
98.07221849 -74.04185154 -422.7978166
171.81415 285.3922058 -259.610239
21.71441641 -28.4741112 431.5879362 R
275.1829 -504.7313739 -267.9542244
453.2161263 443.2589787 125.6882983 R
40.94564488 324.5361381 283.0146969
-465.9740874 -231.740588 -388.5656218 R
472.67821 294.0471994 259.2942799 R
221.4883525 516.5496519 471.282333
-166.1362032 344.4969893 219.3200665
414.0174586 -310.1453988 -362.8901978
245.3929254 -45.19052956 -195.0004864
390.1193646 -461.5051663 -282.4956284 R
197.1945836 -348.3310033 108.0798712 R
-146.1234974 -370.0312645 146.5049845
455.2159869 267.1774717 -94.12171012 R
338.6716233 -170.0710723 -10.30099035
182.5633903 -184.1537939 -57.72626232
-446.2825061 -95.22731449 -410.8961569
437.7842472 -465.6815742 227.4632088
436.0720988 -190.5295756 -507.0592523
-149.1365057 298.5827245 -392.7257349
162.6462064 373.7035771 -163.5321026
112.5077841 74.99123205 376.7872403 R
-170.6486588 -52.77076437 -368.6743335
-8.130039078 -103.377761 95.23459645
-85.45398264 37.62027011 -62.21476438
-400.1322467 271.2626492 362.7968112
202.8415627 -41.99372471 -225.5091392
-319.699497 434.3602843 -445.5071465 R
357.7324455 -99.06159194 45.64941224
434.9673207 -35.18470652 -381.9674114
145.717899 -417.6415466 -387.6125674
-265.8387419 327.4293784 39.70798341
243.092877 212.6353506 -397.3240105 R
-505.8539773 -127.7943042 345.3345884
100.5803795 -270.3922931 -446.9281838 R
-154.5701983 78.71118977 308.090032
388.413682 250.616499 249.9912551
-2.161558197 -224.3624785 -216.2490454
-184.1685444 430.3754596 485.6223372 R
-375.303903 -430.2652215 -478.6438163
430.3245779 -329.055953 476.3239852
391.9517315 228.1824174 293.1226345
217.0461513 103.0626692 -485.9395039
466.8216871 261.4410189 98.28367303
-360.3341229 28.85371548 -313.8333091
10.32816708 -123.3802342 -287.7947575
-437.7179065 -64.39130593 101.3857086 R
368.9321833 154.5754374 60.95076827
122.3658754 102.4475375 333.8814678
318.0351008 314.9667379 -154.9657658 R
34.42117149 350.0157784 -280.0762687
-493.3739796 366.0719062 177.2700867
-490.907757 228.2393671 -250.1555308 R
-494.7686567 96.37359581 -104.4576114
269.0607973 -70.05113893 -168.9841217
22.66390244 472.5501143 268.2274426
-179.3177951 -440.3186052 246.1580558
-323.9220075 -379.6478378 -303.9012144 R
361.8665938 -5.936108132 -465.3566944
-408.5320716 -432.1399052 -310.4764747
458.8051987 143.0343236 327.9852203
-21.70681493 183.8606195 -356.1633266
-461.5764679 -470.4084195 179.0179357 R
436.3196283 -27.97971685 422.5374241
169.2038732 104.327227 87.99122149
-187.2179924 -423.1683039 227.0334413
-73.0261988 -394.8362204 247.1912097
-141.2822634 -53.85147945 429.593326
-123.6409049 541.0639539 138.1573389
437.822901 -13.19406251 107.6571893
404.6337455 175.714811 169.7052302 R
-357.9917847 -505.3615545 46.25449901
-333.2343138 -111.9729898 198.1041039 R
430.1437736 -153.1496779 504.9232594
-460.1790762 335.8700757 94.85998248
-409.6091574 -41.52843522 -334.7798492
-2.269320038 -35.11041704 144.5615815
-353.2065389 384.5579331 -309.3000467
-240.3235678 -483.7216497 207.0323171
200.0476274 465.2496443 -185.8162119
-48.45807973 -93.52435051 -116.9456816 R
501.2103837 102.8259445 -300.8583239
8.903394931 -130.2630578 72.56825586
-373.5173461 530.1685738 100.0432627
-471.722622 12.49199841 334.0959175
227.0829472 -473.5644078 114.2433976
-441.2073362 -512.3373532 -93.72195733 R
-256.1717185 100.5628232 68.12644906
192.7410555 200.4195372 481.9144942
-133.2495575 95.76026546 -90.15285039
168.7525496 -60.99463287 -327.0849111
367.4192608 484.5369131 117.9556483
203.4094891 447.3791375 -210.0092408
-435.5952321 -253.3482721 353.446066
180.4242534 -90.52432364 98.34019299
-350.8449146 119.5467787 -448.5942605 R
-105.9165549 455.0956693 511.8253581
-375.3330742 348.4092685 -198.7089953
526.5048542 -417.30233 483.1890606
390.393642 -180.4923323 313.8259787
-336.7847184 -419.5772373 -325.4023293
-76.25009788 -353.0107701 -473.1553299
-334.7369364 445.8165714 367.490152
-264.6511505 -511.7365149 -179.6138454
-14.17305511 -99.08211186 -337.99844
-76.31791006 -250.6640634 313.902094 R
239.7347163 25.90309485 -247.5072659
-218.5369181 -321.7534492 13.08365712 R
-93.80146609 431.0335986 -374.6209744
-117.2043252 -441.3834899 -74.52661299
-123.6438549 435.8364132 66.57158503 R
-96.2833401 450.0365944 236.703947
79.06127963 -160.5385708 101.0026063
308.4111545 -524.1453867 381.3835257 R
524.1424137 81.89656163 -18.22292473
430.5725008 333.3854851 -456.9710771
403.9486804 -46.40032891 361.6367238
366.7596898 -495.7782105 156.6439354 R
-411.2322779 204.568681 -289.1090732
-87.53319287 -18.19159518 118.0177469
447.3485859 -9.479496889 474.0733269
-210.6135566 174.670599 104.1670949
100.1891325 171.801547 -254.786322
293.0985826 -329.0860492 -93.60249263
-193.01935 -389.7761141 259.3148548
410.871424 -383.4586163 -502.0671193
116.1113822 42.57178573 142.848147
439.0302279 -397.5304401 397.8732191
129.6684468 472.8722059 422.1060049
-276.2316942 -270.6598989 -251.6538651 R
-442.499941 -240.8580604 -288.3652775
34.99366008 -159.1748103 51.36216756 R
-482.9983612 305.6133549 -397.5784665
-174.4035909 212.4927214 -82.96060856
-380.6461034 95.82140434 195.2564697
91.85360397 -340.0658621 66.90239653 R
-369.1729887 -86.31261448 -281.760318
384.6048738 170.7095432 -305.4734856
191.9354922 9.623738459 -63.78913655
167.8019033 -59.9129323 117.1594347
-31.70202118 153.8212603 -418.4339677 R
285.5420987 -483.1982138 438.7831553 R
-46.56077948 317.5357099 -97.86544125
438.9345838 130.1684022 401.8504323
-23.98908574 388.7009232 -111.5998061
259.5580289 465.9027141 112.4437658
266.7712569 62.7398273 301.5118528
-498.0644481 123.1395463 -156.6397652
-59.85300778 382.2033321 -106.7599585
276.3751612 -433.5536237 363.4999453 R
-19.24484714 448.0956083 -504.2685972 R
327.1388724 294.2982037 -145.8928047 R
4.3554645 259.0685593 -486.8721664 R
-453.9600619 -458.7080585 529.5389269 R
-380.9112654 256.1893858 -29.33978299
218.5415871 -151.9289514 -106.1635418
-417.6929595 -14.89298115 -133.6842275 R
474.2044838 420.7897331 260.1689071
-459.747962 490.2978699 -506.0211642 R
406.742701 257.2847426 -424.4485678 R
423.2504007 -323.721552 342.5864848
149.0016249 306.992114 427.5697677 R
-370.6763308 497.0036314 -210.0282387
539.8809597 -418.2651601 484.2590766
-193.4029712 -356.7137841 174.4650408
386.8295101 62.57586761 -310.848906 R
455.5076209 485.9051135 489.9736803 R
457.0978178 -289.8550328 -414.1076256
342.0956322 75.08429482 -192.8788557
-94.85384965 75.09626916 -8.784393702
-185.4513398 -144.2344662 89.0937347 R
-310.2458349 -236.5483031 42.96853375
161.563326 95.9198527 -329.0135797
345.2022821 -17.78053557 -237.6570848 R
449.5167937 -338.0388372 98.41670234
425.4805173 -369.8008477 -211.6913769
-179.7254372 -517.9374835 215.5959995
522.9352906 -76.015503 74.40644638
32.90900821 393.732779 259.7492559
-187.066609 -258.3247173 -451.6205726
395.9327319 -284.8839121 -105.9091897
97.7905618 386.688599 141.770149
496.302656 -475.1492385 272.3905909
504.9537276 -503.4320382 -497.5276682 R
251.6762226 -140.5428878 71.20422865
134.6097579 535.7968536 357.8620929
360.4475926 133.6077423 391.4341137
539.6793727 326.5356051 -339.6024123 R
-116.5800553 21.19838211 462.3133668 R
88.97875929 528.8128842 354.0860967
-238.9366159 -480.6288529 -19.31953058
158.4501627 429.3539941 384.9736854
121.1566759 207.5788784 354.4831022
441.5052113 -495.9165544 -247.8071769 R
424.1538425 335.3873192 -16.7955825 R
65.70337849 -406.1464176 -129.9978449
-381.6740046 403.1698787 -345.256314
229.0046891 -189.4886335 -363.5732183
-197.5152281 -429.6811155 510.0201484 R
-260.7259792 518.9419404 -159.6478842 R
107.6847259 53.1021286 -354.4598849
106.3872563 -214.9217433 186.3492423 R
-145.6308738 -336.8330332 -191.1747222
254.5591703 326.3604324 -549.718813 R
15.13171367 448.3034061 395.7498339
-464.8213457 -217.8565112 432.1503981 R
259.6480187 -250.7023617 -454.433695 R
108.773469 -224.8672657 -463.6091661 R
-83.01942061 293.8709368 -319.196935
-64.2787863 -231.1733968 -400.8638863 R
243.9280708 -29.39108283 270.2066245
29.33891843 159.4906985 49.73561124
363.0722785 467.1704653 307.0712696
236.7652658 133.4026918 -153.3718783
22.23604543 123.1072785 -119.4695108
478.2446482 16.18056446 214.9011422
-127.5887349 -160.4963202 -144.2228011
466.4364493 197.5405273 224.4822333 R
-454.7187638 521.3117719 205.6967484 R
159.0219252 -451.2579971 66.89454984 R
478.606332 21.18821973 -130.408989 R
483.955448 490.3045111 257.1763184
-191.2787829 236.6309087 395.1117918
169.9031751 -313.5407099 -402.5210576 R
337.4492592 307.6723899 404.7102228
88.55273154 58.67751262 106.4884019
-23.6673758 312.2235805 224.7757098
208.6487988 229.3274285 158.9423113 R
347.1364547 61.30989025 -26.57085645
-68.6399481 18.69323963 370.2854421
422.1536478 507.8372944 488.1802279 R
155.0927342 -403.7285204 75.47574007 R
-437.7594893 -408.5321878 -3.448028648 R
461.8167046 204.9507235 -484.0805892
389.0456064 516.8578181 236.6386281 R
-60.25008576 -160.6427385 94.81957327
-267.789102 304.75282 301.884941 R
382.1964549 -213.603463 -425.6137669
482.7293751 511.3563134 252.1929284
-225.9918506 266.3863743 -225.0990476
-297.3897414 -406.5829382 27.1587438 R
317.3691364 155.0991 472.5754014 R
-55.07466774 515.7003892 -76.1494152
327.3668752 385.2587357 466.3525638
-270.0865101 -495.5184662 137.8962234 R
-355.9571404 -380.2746308 317.1319384
527.9602882 462.5611013 113.3273462 R
-46.58485849 361.3587827 465.1867929
23.09744947 30.30291213 159.8870053
28.44858403 -520.7557033 416.0053408 R
-263.2873847 444.9912226 287.1860537
-148.0090549 -314.8641146 165.5831435
-152.7936597 357.3235448 258.2895503
391.627137 -318.155627 -146.5582714
-100.3006794 524.1265605 -478.5431139 R
452.8308534 162.2991547 294.7641192
-105.3117739 481.8804396 161.5564402
-494.8050029 107.0030637 -42.81774189 R
257.0078539 -297.5483356 172.5836624
264.3651841 148.7204351 70.73911064
458.2441722 202.1271132 424.3457285
222.027671 -253.0312747 -151.414708
472.2396203 -520.5654914 -204.2749381 R
443.3232665 -291.561458 -291.988414
-67.38665946 -468.4845353 -193.5350965
144.5794028 -272.0425753 25.29030975
531.2008652 312.3764478 -494.0202142
-27.64303216 518.1455533 352.8190763 R
-336.8940569 349.2323914 -23.6287949 R
-417.517521 54.90113848 -340.4715376
-42.8432384 -50.89259499 -102.2906698
-385.0807311 -417.7696317 -291.0172844
-324.6230771 469.4138398 329.6982889
-484.1626076 -272.374499 306.1128242
515.3319012 484.2944353 -189.0871231 R
355.2116844 -0.120372735 -490.0754055
232.3629329 465.7754001 59.93501681
88.69703029 -496.0279869 372.7324585
-315.0398478 411.3522072 218.3047541
196.1849962 -189.8548894 475.5400049
-245.460851 143.4932335 192.9426939
-16.58698837 494.2729061 240.7229257
443.3293772 -119.5556299 417.2870404
137.1399834 47.71582221 -469.634113 R
-429.4505298 207.541827 140.3649643
171.1326538 -114.0798782 -422.1569287
-23.33570074 -510.8029174 341.547499 R
482.4941726 -67.48753597 77.28693206
251.9796067 -230.8229562 67.94641676 R
326.6320608 382.3188783 335.6982768
108.8804294 42.62356692 -227.3247498
-299.5079527 17.80236571 104.1311445
453.0067922 174.6017172 -53.32424874
259.8128629 -481.7853315 326.0110376 R
-286.7137826 253.6487785 144.6810048 R
-517.9300411 -102.9967014 478.3025449 R
49.68067042 -516.46467 -317.5331754 R
-107.9282107 -80.8504579 -313.6901602
353.1512586 -263.4450071 -173.1002931
6.269430495 -7.562112201 114.9170842
-400.4499828 342.8340927 -232.1030561 R
-456.9913957 -36.7387779 -116.9284651
358.6710184 542.4104921 204.360045
-276.0572343 528.6720405 262.8683549
-199.545176 -337.976215 -440.9454451
223.2411862 230.0597691 388.4053456
151.0679586 136.9077383 -228.1178662
63.78459491 144.5638984 -238.1678252
119.8230779 -421.002402 303.1416347
288.8887215 -198.3101466 -507.2220035
373.1800791 -328.7488247 -26.1352655
14.49521117 415.0316176 244.1503123
-499.8841069 50.64254402 312.8906118
-70.12218403 -196.6769726 108.945773
325.3574393 -456.3398961 -416.6100119
-124.4033882 -525.4504594 -429.0760871 R
-514.843703 -311.3343803 -208.6409159 R
-210.3753386 -285.9417804 -533.0693339
337.1432967 -254.6151256 -103.5578774
37.26079247 -386.5499137 160.0254942
-48.91783924 54.69138526 -109.6718104
-177.7870672 -41.09878809 204.4483503
119.975828 -489.4216815 203.0134782
-208.6145856 -266.9613126 -217.7748606 R
-66.97749014 -148.4798657 -266.8672001 R
47.65864105 -408.3905254 -520.3384343
366.1707609 -432.5751829 450.7912533 R
-40.92911877 16.5517039 -136.1400194
34.62864442 25.45572912 -311.3202458
71.84854163 -131.4249235 -518.0330667
-347.5341312 1.057155369 392.3160088 R
-460.7348768 -33.89816584 314.6394094
-294.2820385 -336.1824672 6.768429662
133.6439939 -432.4604453 -257.4689026
58.03186431 41.37065261 113.5410592
432.3004355 -149.4094643 -111.6490091
-95.92417071 -402.0338985 209.7294641
260.7320451 -126.4061934 333.6928784
281.3229306 -280.4325037 -257.292355
180.8558314 382.5910382 65.57311409
-128.4556597 198.6444696 478.4245018
207.6165547 -380.0046746 221.5638722
-11.29796115 -89.47522921 -27.41018853
-232.9784241 -474.6970323 16.15657292
446.7863338 -429.1061396 395.407236
177.2342966 -464.1176735 429.8440299 R
326.1898622 178.1016051 -516.1376998
-549.4913104 -285.444287 71.73015665 R
13.65172367 209.9350688 178.4941876
167.3545481 -457.9779058 368.7103445
251.9399218 -127.8731228 -302.7371831
18.4568221 379.0776273 149.2719772
-379.6703845 156.6674302 -75.1521134 R
-148.7948704 -173.9004182 -476.2342372
45.75957042 -489.118167 -143.3022287
323.9955372 -120.8140564 110.1612551
-92.16661412 -26.79865276 -318.5583467
-65.30559467 38.25377393 246.332804
-468.3054327 253.6770106 222.091114
-94.54441194 -268.6544456 -246.0691428
335.0485004 -107.0980825 -349.7198219
-409.8836704 8.561714231 -471.8129675 R
-416.4958606 -282.0376736 230.6065699 R
-312.4845987 -412.0485865 21.40997277 R
-109.0235329 132.6133698 -400.9337375 R
157.8327311 231.1557162 170.5535889 R
-15.57469441 176.8769863 342.5940505 R
-141.6587952 382.2579504 -246.7531455
-435.8574396 -212.64607 -522.8890835 R
-180.3932473 -147.6235263 389.7862343 R
33.09135632 404.1211837 -413.9603453
220.1911451 -455.0200822 -471.6800565
-241.8393673 -488.521766 -46.33082729
308.0937563 57.06488762 109.3765846
-17.67437393 291.3389541 -277.4937789
257.3398493 -372.3575511 484.9336397 R
-521.8834168 -101.380983 -256.8222227 R
529.7202247 -307.460368 -500.2855355 R
100.3777992 12.21126929 172.848518
193.2483965 342.5998292 51.25449115
-146.5994218 -182.8627008 460.6701722
-528.1163886 -327.0701944 -160.0896251
407.7654077 -79.39785797 -545.3062612 R
-287.4884327 -269.5211911 -315.0893099
249.6987708 -501.0964763 -231.3874858 R
-80.02027207 -252.3123271 138.2704358
-385.0153718 -258.9461924 306.8518296
-161.4216344 267.3665653 -117.1032019
115.1306687 -474.9511091 -163.4911283
-117.6714462 491.3039564 349.8902583 R
234.0288746 -17.11852854 314.7492373
-378.629884 -501.8547327 456.0403882 R
92.31862955 66.3176713 456.5568476 R
-435.4287681 431.3449849 196.6761724 R
390.0722269 495.4653135 335.1346667 R
35.54281231 72.77695906 -533.3664552 R
242.012149 -25.86420307 -7.3592485
501.9065339 157.6729135 493.923701
-72.25761177 -60.45330815 158.5153106
-99.37673186 -290.3483251 -481.4144934
240.0032009 -283.0550266 -53.42354524
388.0642289 365.6044559 -256.9684352 R
-9.076800991 373.3165581 -380.2658447
267.5101631 22.32472238 -530.5931125 R
-477.5212721 375.7693699 423.5726196
290.4318738 -498.0570443 423.9761427 R
166.4874153 -299.8355199 -334.2765464 R
10.58231729 111.5578573 84.32048033
-489.349301 -416.7904915 284.7643521
191.2757884 -122.4148127 11.81168929 R
-276.1260728 312.5605451 4.729323039
11.74758063 476.4754902 -183.2265689
-511.4477 -402.1061237 7.5765712 R
518.8183916 -272.1984158 -230.2759914
-143.8609512 448.085683 507.2853019
455.0807693 -68.99481975 384.1212908
497.3279061 -387.4007308 97.35895091
153.656473 467.7324564 -253.5638944
-373.9530625 -535.5277453 -412.2360104
-254.1201719 -420.8354378 147.0171266 R
257.4012455 -376.6638728 -459.3433542
450.3209378 -171.6386376 -41.7399633
7.626604207 465.3184401 298.1705538
-95.86457142 -430.8614605 27.50195947
-240.8476038 80.88900821 -263.2959411 R
-438.7616423 0.8601151756 43.51641334 R
70.93518221 106.6748256 -92.89789913
-133.8116816 -244.4701969 -460.4936478
-160.2715777 340.0333523 -293.1416018 R
-407.245559 484.90931 -365.3491957
-242.771556 -56.17895118 27.72526215
267.5115529 -117.4450328 372.7354684
427.6324679 428.204069 377.7480829
513.9985393 -181.0745752 -44.14461931
180.1280086 476.4372643 340.1553973 R
-95.23800053 265.2510228 -494.9427876 R
-76.75560664 288.3385272 -401.5286781
105.8801698 -238.2232413 -76.60989625
19.74016873 -392.5399831 -295.0214438 R
44.30987792 -264.8512448 -346.4509448
-157.7559271 -206.4932917 -22.92421412
433.2517821 -83.86648109 -207.673758
416.7082013 -476.7172209 -304.9327414 R
-366.3498143 -120.1042381 98.9676979 R
-521.1889215 -386.324245 305.1322214
-448.3334928 412.2278278 491.9744071 R
-523.8887631 439.80304 -9.368623308 R
-441.1249973 -413.6668084 253.8373926
436.7418913 23.56272876 459.6594451
-279.9289174 274.3537892 -51.67442333
453.5983263 120.3730806 398.0007343
385.3765506 73.78985193 489.4878479 R
6.171685073 317.1216797 116.0023465
361.8630608 -524.1636386 474.9644995 R
323.3178886 474.3108062 490.3458305
36.18541658 -439.6845311 409.9902259 R
-62.55680713 331.9987499 371.6475781
64.39287127 490.408819 -464.5612604
-171.2194896 -91.95980313 -58.37472925 R
-26.49497814 182.1538546 464.7788028
139.4384429 -506.2527649 110.6796633 R
-11.45642967 255.4790278 478.6925891 R
-341.068626 278.116037 360.9725708
-57.87994597 -21.34537069 109.6084442
-23.26710261 157.173854 429.4918346
-32.31019831 103.9186867 -252.3813787 R
-89.49490108 323.4435539 -357.8248845
519.4326994 -413.9862594 -266.5307889 R
-87.78009408 -427.969995 -57.04671679
476.9567734 87.25028904 364.7665517
320.1354351 -540.5183267 -351.298887 R
21.74350521 -302.4267639 321.6422738
-126.7734652 475.5977102 -411.1691804
143.7978218 -60.08408202 -410.9923172
-434.3242762 393.6243 -64.39354501 R
247.3915845 -254.6139048 193.3279624 R
-152.2686021 -348.3892228 392.9753259
-492.5832817 161.1051855 428.937958
-496.8958154 -222.5916578 -367.1521831 R
132.2036726 -471.4609657 250.2112743
-392.8381329 -236.8543664 237.705075 R
479.551624 423.6438034 -183.8944198 R
-109.9022803 257.3789149 -324.8532643
-329.0639407 154.0582957 94.69545587
-20.20390639 -531.9659578 332.8986166 R
-364.0268885 284.9009667 493.6798638
427.4662987 427.1617531 -431.7755093
371.3171208 -309.0525704 -134.0261066
272.227562 -138.8656533 307.9750068
-55.78263932 -105.5929762 -242.3916919
-146.3631979 436.0944948 -65.17433728 R
-11.60355222 -483.8338968 212.7383403
-320.7743504 124.8862675 -52.86891517
184.5778801 -285.2943898 305.916492
402.8213995 426.4392506 -400.1669752 R
104.8323918 317.2972109 71.16565143 R
-305.3871639 506.0104812 -181.3438226 R
159.2295886 -500.3542715 55.92743978
-177.5445416 513.5691113 -8.349930915 R
180.4176413 -78.33423303 89.01393544
-331.7770941 -362.02296 544.7459185 R
25.89407364 -305.438331 180.3687245
-104.6999394 -381.1768096 -284.3945727
-177.3723895 184.6176026 -166.1917617
-345.8686549 523.5999779 -425.8064137 R
388.6030379 338.4735316 238.9200756
261.6693427 325.7106392 24.19894776 R
82.12590781 478.3515581 -216.4292167
-203.4623737 99.65006936 -475.5782798
-430.3350347 242.7999094 -123.4030306
-396.3620985 -411.636033 -494.4595648
-429.9497223 -148.0676197 47.98061926 R
455.4626958 243.07111 469.3299844
-314.5037596 -290.6113456 -189.2865463 R
-295.7714701 190.835088 336.4577719
-433.7286166 348.4914006 388.9519115
271.0570928 530.2849075 412.6600389 R
301.1307433 130.5157786 316.4294666 R
3.116683718 112.473565 -3.569276304
-266.448872 71.03148319 250.4827419
516.1900663 -86.85519235 166.1334656 R
233.6739941 -216.7555887 -237.1372042
-463.7217238 356.4213959 -449.8082804
441.162145 359.1457223 343.3873646
-241.5091982 -130.1800798 -292.1627508
494.4093774 -49.1612663 68.35704013
-361.0014298 118.1025949 -311.7026643
-536.4205153 84.16041155 -11.40342398 R
99.70854342 320.187174 -151.9913221 R
-12.32857189 105.5410692 -148.0954749
432.8386891 -101.4088182 -189.4608976
-84.80008679 536.966794 239.266761
474.6457723 -417.2470188 -455.5366966 R
-242.3421404 171.1958504 468.6866508
319.8095294 -58.81140607 365.6920399
-311.6139758 -342.3003141 -264.7277938 R
-6.493348429 475.721013 -152.580323
-532.3021772 -409.3410755 -435.8507475 R
282.8018585 112.4913477 198.3799062
523.3284448 -315.3571169 -149.687455
-77.18969071 165.240666 344.7398435 R
362.2893118 235.8976676 456.5983379
-193.8348056 247.4122007 -250.4062518
-315.4335129 -38.28293318 418.3059058 R
-470.9429763 -520.0979334 263.5277347 R
386.4713615 -458.18229 503.687124
-197.2212999 -364.4219959 -91.32146353
-306.1271024 330.1097853 -210.6960055
-224.7271935 -201.7552718 -391.0224872
128.6462331 -291.2180545 -10.35402982
338.4622128 -352.7578819 210.2436632
-177.0800802 -526.2985522 -138.8842326 R
-154.8495954 259.6455791 444.9206749
-364.007728 -97.12569896 -345.7435335
172.1438875 53.26096163 -2.188301789
190.39873 135.5603716 123.4317122
203.8390334 -82.63751765 235.8667881
534.1052969 392.3855877 469.7330751 R
-15.01597751 155.3979861 228.2091961
368.5041101 -349.9842856 431.5967517
250.3771215 -266.7581888 1.220328818
-446.7346693 445.5472748 -434.6180709
424.6514326 -16.80141876 -87.88717974
-291.0603361 142.0502082 432.6234678
56.13409899 -249.3805668 -386.1257954
-492.2664824 -161.685086 345.4552083
-74.96156799 49.12052724 -32.23404533
-337.9969194 -373.6771197 -11.28829658
-217.932444 233.4476893 73.34474999
311.3768525 384.9802924 169.1690884
-401.8436115 -428.7764904 34.03329642
490.6086853 -388.2735415 -398.6772129 R
543.341263 -327.5804921 -23.35750754
-349.333135 119.7600507 118.6346658
-364.7008712 111.4977753 68.0235935
-36.94507158 -140.242231 -89.88900272 R
-217.2468613 248.0139512 162.9844225
-18.92984456 -422.035375 25.23119232
106.2491739 -445.0233842 374.6862837
207.070675 239.6423572 171.9083496 R
49.5567757 353.5591671 213.181379
-449.4719182 -146.8027047 390.3872934 R
-220.9760244 123.9840611 -450.0061215 R
205.1255202 -281.7302107 -75.61546541
-163.1416132 -382.4763425 -346.1080697 R
-129.4055732 196.5368782 314.611262 R
237.6306138 204.5134088 -9.028586646
-426.2981039 -420.9298663 512.9321665 R
-77.71748594 -86.66174821 -343.9444946
29.67532359 113.7364786 269.6456546
-472.9765622 17.15703024 -262.8581581
26.23228045 1.846473208 239.4570349
503.2101647 -237.2597338 -164.2235553
21.42664794 161.427416 -161.4855642
263.087216 331.8093713 -23.44379468
-452.2509305 323.1438403 170.3659209
-352.9081064 -512.4062464 453.8642833 R
-505.3944757 301.286399 -273.0501201 R
-451.8868204 -82.86527778 257.9046684
-345.4599318 202.7043501 -8.891136667
450.692604 -276.3392915 -357.8133794
380.2758302 -4.324716791 -218.413131
-362.4377616 300.7604922 44.02266173
-64.4113405 -198.4220824 -217.4318578
50.88673168 -308.7488747 -124.3253031
-10.13683419 -96.94776027 42.45150559
77.49980864 -429.7342257 -419.0803126
-72.52426527 -511.3120465 40.74265257 R
-488.8979204 307.0321637 76.53866337
-430.5304027 -438.8152157 109.4459346 R
-291.1640422 266.4299599 313.759936 R
-108.1464147 -22.47390325 -334.5780485
-426.616698 -104.1459903 46.79980595 R
-380.3510934 195.3090575 -500.3480069
-343.5734991 223.3161017 -432.748148
446.7475044 -247.8281911 201.1513909
-490.8665212 -293.2166571 476.2761286 R
287.3911469 -113.5267448 363.9452021
-436.8629669 283.6866909 276.8755278
150.4272195 -131.9812931 159.9370633
-389.0544052 271.7874869 -135.4988443
-283.5717999 -536.1272483 -29.76247503
-77.73158655 234.7795185 -250.1872275
-151.6216309 -343.7896868 59.72953809
434.8967043 -65.67549323 -78.15254959
422.2498501 -409.4173285 -369.0572161 R
-327.3868561 13.91378243 -189.2151106
467.6769555 -411.1900712 57.95257991
-272.5993014 142.7266556 -457.3236112
-220.2462913 74.51996 207.3826465
154.0917841 505.8182529 -19.03773118 R
341.5278244 126.6992092 -15.28596236
-335.739275 260.2725523 205.5568741
352.1824266 -307.4498541 -140.563477
-81.07173322 -337.4860739 -509.5336136
7.922978941 -357.8969478 122.1632324 R
-212.282082 450.5011459 386.4316718
-164.3261611 -506.2258659 -378.5094293 R
-398.3116216 128.4524813 -17.54635346 R
-87.02708264 -183.765674 -337.0245464
438.9223272 -67.33677937 -520.4650923
102.5095406 462.5595489 107.5723059
331.0995847 -187.5583447 114.0087203
379.6975203 145.2454223 246.8065954
-360.3392053 192.2309987 478.737488
-411.0872162 -81.93957199 176.9489892
48.50729398 353.4017221 -412.7872342
514.0238764 409.2271614 226.7811907
269.2735964 212.2867841 -340.2759919 R
75.54765993 -22.92287208 202.2635047
-173.7406043 -67.03030725 86.36300845 R
-474.5592548 -204.9030735 344.3226209
324.5304855 -59.82278527 103.8610808
222.2426374 -381.2632256 -444.7692212
305.9287998 91.85861865 -205.0093381
219.7264483 263.6947045 406.6835672
220.2899513 -50.27200644 480.2438232 R
-33.16530223 -266.8471395 127.7808129
-285.827865 3.31586799 -283.4347035
-432.9896427 -362.5855875 402.1943303
279.8842114 -414.8365308 2.837232914
290.1975252 43.33991941 300.1173956
-341.2928078 -471.7790377 -370.4458906
-319.8664405 -308.1502864 -277.6707395 R
-157.4916052 -400.0076457 -280.363043
422.5356229 -287.1418681 477.5619159
-205.6008598 -73.93974358 480.3587488
-418.2840763 -42.81559642 -49.32105326
-302.0514166 499.7461008 226.6076127
-230.0547062 259.1188099 205.9427835
-265.4982819 113.187742 351.9181146
304.3558116 385.0887003 385.144593
27.53001192 448.7622194 -180.7878925
-200.1995419 -441.7349533 0.3592959217
291.2693279 293.9142946 -298.1533787
116.4554948 -164.8944184 545.1367695 R
-137.3524463 334.6039745 -489.2196458
-431.3985874 -188.0382133 -174.5194917
179.7847095 -460.8674177 -391.775661
41.52651332 345.2882894 497.8030936
-312.7499552 -10.39135397 -145.526537
287.6165456 -183.7514161 -514.6558428
274.1740142 -166.9019371 -404.3037891
-188.5873336 -129.5265887 -25.77108778 R
-235.6832859 294.6110849 -33.62675506
-272.6311567 169.1583799 411.5566111
-276.3339565 501.4189778 -262.5009643 R
-90.06024359 -211.4140208 -134.6528402
-149.958614 -267.0266861 -390.7923376
-376.4069013 517.5410143 120.5461353
497.877068 369.8272452 79.17807005 R
-30.27104403 434.4144351 -494.6103342
-260.672567 310.7218832 -388.4189387
-161.523118 46.26545939 41.76804109
-3.237012603 399.1910134 -182.4313645
-110.5422664 -369.0334369 -306.7464136
296.5393423 422.8976364 441.8290782
-319.9721862 449.2950563 -258.5041592 R
209.3194573 96.41473143 -434.6760764
-461.5098594 -288.2911067 -218.0807956
461.4948032 -94.81740598 531.1780331
-220.9473122 -398.9515255 130.782203 R
482.373289 193.9330292 342.4397432
-333.4838514 412.3704501 501.2997188 R
-506.4581652 -181.1274748 410.4812152
-394.9443338 -508.5644525 0.07983003722 R
-475.8290802 -68.83730189 63.44397384 R
-33.18550601 434.9183124 -172.410685
-12.65659502 444.0978472 262.6484763
