4.363519438972382535e-05
3.626488614704630273e-05
3.717001189374303480e-05
4.688465890869012245e-05
3.413512729911190953e-05
3.487935662684332055e-05
3.636863856144534687e-05
3.367192697563868781e-05
3.728852444403297990e-05
3.641710493316603864e-05
3.496118588003021914e-05
3.890877649869452058e-05
3.336200816355847608e-05
3.377067216979766302e-05
3.777384354148564401e-05
3.342858691299020561e-05
3.375869244453158871e-05
4.465180476663176937e-05
3.415865636139274122e-05
3.865463472095070446e-05
3.396822089169439164e-05
3.478528998886543322e-05
3.573192338803426224e-05
4.376573933212460707e-05
4.322943706090359104e-05
3.907497370090375213e-05
4.129069932440682035e-05
3.381382594374857163e-05
4.066804202866208297e-05
3.349224406499680688e-05
3.759519301551934747e-05
3.741956218942356301e-05
3.937520059048020180e-05
3.326483413620388732e-05
5.365615435142296908e-05
3.524294312781827999e-05
3.488182536650155809e-05
4.535898783623005338e-05
3.924484773016661480e-05
3.876841957544262561e-05
5.001284750949796669e-05
3.989011015426344300e-05
3.721900017515796747e-05
3.558277454605154942e-05
4.172046063870806567e-05
3.869681514685347623e-05
6.273082752236182336e-05
3.342560925048320612e-05
3.376097117978235494e-05
4.026616169917311835e-05
3.343407777553128717e-05
4.311588478264401106e-05
3.352876559353542131e-05
3.726693287805250821e-05
3.394585099130307464e-05
3.876665024104537598e-05
3.683092087013766289e-05
3.478396849700914176e-05
4.751110693456193332e-05
3.419192441511642014e-05
3.611411549733248261e-05
3.388999870716624251e-05
4.303838216988079430e-05
3.319304440079320125e-05
4.109789620695263339e-05
3.629253796935070489e-05
3.727503374618469124e-05
3.534189246794341201e-05
3.849059849488972788e-05
3.353664699829279016e-05
3.742087638164880105e-05
3.350216049202957698e-05
3.669988448449267498e-05
3.561807452129386344e-05
3.322692070773201618e-05
3.683271428580800737e-05
3.431093679102660928e-05
3.855533445954964787e-05
3.661495773537235123e-05
3.413294389767725459e-05
3.346112019434483039e-05
3.685757594633165226e-05
3.578885909537203385e-05
3.480804462549560307e-05
4.452972959781348664e-05
3.524814112935250644e-05
3.740151100021883371e-05
3.530403624067425902e-05
3.469487741328051674e-05
3.815840253482580768e-05
3.525278755758283608e-05
3.474077563973159056e-05
3.675390982972309565e-05
3.669122816041526890e-05
3.339631412469158705e-05
3.737758969925403897e-05
3.420058723433300343e-05
3.473944948583991327e-05
4.024734979745344315e-05
4.756105361685725885e-05
3.528264935469868619e-05
3.846106666764696503e-05
3.325917814526798831e-05
3.612215304288821490e-05
3.779283339033564387e-05
3.381743859598916287e-05
4.161799072894117868e-05
3.712507041865114276e-05
3.613240312169461408e-05
4.232811602095571296e-05
3.355425427602955771e-05
3.970352195878649093e-05
3.405768228076587717e-05
3.437020717268014563e-05
4.120180754231792832e-05
4.002847027139211692e-05
3.552543815112602706e-05
4.238003005173480683e-05
3.430092326003794770e-05
3.546249051093949020e-05
3.537859877687789224e-05
3.422288184435257784e-05
3.448937080709709216e-05
3.388236917621518385e-05
3.436158107361278859e-05
3.375807345573298286e-05
3.498747861995945673e-05
3.426251741587066552e-05
3.503098464867269822e-05
3.502813801090394480e-05
3.703672041393022774e-05
3.513936904366945401e-05
3.403910464011671163e-05
3.770075636696337997e-05
3.581042997728264474e-05
3.540836731500214871e-05
5.672541957931801583e-05
3.609629386106677496e-05
3.758307122316632392e-05
3.496340882628670471e-05
3.476153389953654817e-05
3.334420750138081501e-05
3.378095528441753368e-05
3.719199558965869838e-05
3.700086774893391098e-05
4.189043637318527421e-05
3.399082645499781278e-05
3.673186639230440061e-05
3.739429230636540688e-05
3.661657788342428954e-05
3.534697617619444711e-05
3.378861987514442816e-05
3.470218227803348814e-05
3.646584972508980812e-05
4.453905473535880484e-05
3.557359342813542076e-05
3.511803323128664424e-05
4.036461161463086395e-05
3.539399807807325085e-05
3.519777176861710121e-05
3.777725126179542163e-05
3.415124529115153181e-05
3.363190932574624924e-05
3.698815884479042868e-05
3.583533207191424898e-05
3.868225309930164877e-05
3.924001208692635289e-05
3.700611405265354288e-05
3.539753015041305795e-05
4.602747001573297695e-05
4.607035835441805708e-05
3.356197628091078171e-05
3.618481259112570563e-05
3.379094918780388353e-05
3.452952022393160803e-05
3.500933931826913717e-05
4.349925154027379023e-05
3.511833611623531320e-05
3.546450527475691471e-05
3.637734721160694663e-05
3.837688137698801514e-05
3.426286856682111872e-05
3.319513683023967392e-05
3.358066046927912177e-05
3.338314885082255935e-05
3.419086491021619062e-05
4.395488848159469247e-05
4.490254976538939286e-05
3.320671231418388794e-05
4.789359286585535743e-05
3.877418760198667811e-05
4.279264069931062856e-05
3.974217510796946564e-05
4.337814968104923623e-05
3.971297446351554420e-05
4.104865970104231262e-05
3.838716062601605885e-05
3.585808945599065095e-05
3.672153425105468752e-05
3.761821365675281035e-05
3.694897226366672470e-05
3.395800996209502809e-05
5.628690748819302676e-05
3.435651515370783987e-05
3.516944594189060731e-05
3.535022373709125084e-05
3.579798499563678838e-05
4.439127085813601194e-05
4.309393225983890847e-05
3.582329324079975132e-05
3.362508475506895443e-05
3.835800319680664422e-05
3.831631747007743858e-05
3.350572268594922926e-05
3.470090423194323120e-05
3.843824679158715295e-05
3.789660672273011897e-05
3.379776620416316736e-05
3.481678353847246683e-05
6.361589787505397657e-05
3.416587245552791651e-05
3.987294235860033332e-05
3.581205651887527531e-05
3.659536534465598125e-05
3.410446994782499622e-05
3.569299847601928891e-05
3.323955216034249130e-05
3.478738854515360209e-05
3.678851748852331996e-05
3.695632297077845442e-05
3.845412628477784311e-05
3.373816476667193965e-05
5.861165913773018076e-05
3.826805079490533721e-05
3.330552029635485577e-05
5.520839463672155291e-05
3.412830289392661769e-05
3.591037144577662987e-05
3.349543544856472215e-05
3.675900874148022127e-05
3.768076517592521717e-05
3.835923085709794738e-05
3.809322476904609739e-05
3.510661932972812603e-05
4.234399679735757066e-05
3.710547257683149280e-05
3.354309163387466270e-05
3.653023317912271629e-05
4.413953739376849460e-05
3.463421426809067067e-05
3.528798073765991643e-05
4.244117338919581225e-05
5.602562383997309432e-05
3.692806110801484390e-05
3.662766610457489976e-05
3.960751251354885513e-05
3.778627247550046900e-05
4.022208476024256190e-05
3.443399458376133744e-05
3.483163618820334036e-05
3.400409968943886161e-05
3.476929325128988126e-05
3.771435116963221725e-05
3.556945126896169024e-05
3.362460120349706279e-05
3.363574647379195804e-05
3.438482044422193438e-05
3.634980368961513038e-05
3.819094707886092473e-05
3.435292219841271896e-05
4.610179589213082380e-05
3.652105787645854734e-05
3.441202091656302560e-05
5.530845859328293608e-05
4.777695837143879949e-05
4.760582796475401114e-05
3.565189837532306143e-05
3.818804083620110047e-05
3.404245947176704742e-05
4.020944455576816814e-05
3.337220559268975540e-05
3.422383024209900909e-05
4.626047224568625543e-05
5.009913213093783972e-05
4.023613785294231709e-05
3.542247405000262218e-05
4.073420511073660240e-05
3.383512247291785172e-05
3.893643436888273514e-05
3.401339075078109144e-05
4.842055213715629506e-05
4.110477409476211125e-05
3.348160007554732402e-05
3.908550823266565164e-05
4.078325357940200939e-05
3.717340130979375045e-05
3.516064413357917318e-05
3.389712276239044029e-05
3.360051320860219220e-05
4.029525950123332009e-05
3.608329828902141957e-05
3.820679043539729739e-05
3.394380023537384589e-05
3.382320543787230516e-05
3.352265758416600867e-05
3.351011653879178951e-05
3.684661065108111222e-05
4.148303776722859663e-05
4.089991757321045598e-05
3.351565685252268429e-05
3.798195567099152176e-05
3.389701148068858291e-05
3.335735691725870720e-05
3.768018287476626582e-05
3.837838420124169386e-05
3.320647679154432945e-05
4.375144499021589432e-05
3.349336545721890947e-05
3.747220010227427845e-05
3.608863856803846428e-05
4.242203019787009163e-05
5.069290235308083489e-05
3.404977095413427840e-05
4.012214309290648110e-05
3.326307608034180459e-05
3.615061871330452567e-05
3.437344711869380582e-05
3.389484128666776894e-05
4.013302316383067291e-05
3.361224993520642469e-05
3.699456948301584394e-05
3.877178454436791912e-05
4.805372643854869432e-05
3.512971433732575016e-05
3.364969218218251835e-05
3.775453782340009140e-05
6.370724448124575939e-05
3.649428869201008964e-05
4.213862607516935055e-05
3.645644759621211983e-05
4.241518329215522305e-05
3.657899372493549669e-05
4.207884370029743722e-05
3.679173793841185433e-05
3.598118135594949741e-05
5.457731012551340726e-05
4.069319293593778636e-05
3.473164576106499277e-05
3.352816353139027406e-05
4.863296915697680304e-05
3.824397433317941095e-05
3.857232989272210363e-05
3.625418378945281583e-05
3.602862289123125801e-05
3.448618725855013900e-05
3.828834477314577302e-05
5.558679156113050456e-05
3.505551053640223915e-05
3.720643058259813681e-05
3.933039055322408374e-05
4.397464625779292226e-05
3.563859758559145054e-05
3.613242646126683911e-05
3.795780460033246206e-05
3.490107020071782801e-05
3.526976018216506346e-05
5.883107775673022635e-05
4.372683747686093904e-05
3.338010198495037389e-05
3.330905303919550847e-05
4.359811558635354287e-05
3.352549689873522698e-05
3.543087648943139942e-05
3.348208932769345140e-05
3.631849821047196224e-05
3.615432404639460279e-05
3.425973486996677052e-05
3.781638972187915628e-05
3.521622012708672760e-05
3.385551688680909788e-05
3.722450645522324672e-05
3.466734181886654516e-05
3.520897930796778675e-05
3.334013177955753794e-05
3.867238178844412615e-05
3.791456936402834655e-05
3.964412679135500498e-05
3.706138188606656188e-05
4.149412927873096933e-05
4.097668718867047136e-05
3.803359808313022824e-05
3.937190183577048987e-05
3.629751744648450638e-05
4.545856417399577360e-05
3.670261218784137664e-05
3.523294104115890120e-05
3.696119197144300168e-05
4.334550023860184962e-05
3.433773457151312753e-05
3.433405563625116735e-05
5.121187670651881874e-05
3.477240603373633540e-05
3.537016213403392943e-05
3.712766976413310984e-05
3.783320275249561461e-05
3.662755369429849330e-05
3.418485934300070629e-05
3.351904295433143232e-05
3.559447893621743179e-05
4.282725130120054030e-05
3.770798093269135372e-05
3.382505249502029584e-05
3.985586114365951768e-05
3.517713627693666741e-05
4.596642244075809463e-05
4.138732844089982509e-05
3.808121087971402412e-05
4.016411431988132390e-05
4.224822239112642160e-05
3.373531802953875407e-05
3.332471899023241747e-05
4.420253932299204246e-05
3.577507428269004089e-05
3.538646139692949591e-05
3.540760234752478579e-05
4.786884241255002587e-05
3.339686478323752265e-05
3.485961514739374997e-05
4.529444968885816233e-05
3.472313420512627307e-05
3.490489513418001196e-05
3.864522899489736501e-05
3.540543057928063550e-05
3.358885078170646915e-05
3.992161752750864040e-05
3.424416275739301839e-05
3.646275436074959762e-05
3.696568655480401820e-05
3.326940388603808792e-05
3.487675878817305091e-05
3.787413069659849909e-05
3.746404693104498680e-05
6.361195665193739327e-05
3.399253815039789025e-05
3.679857604717947565e-05
4.582375209212884154e-05
3.471089041125752093e-05
3.427096930226924298e-05
4.580516360666800081e-05
3.810885750439417389e-05
3.530915981657476582e-05
3.374647571389463265e-05
3.651121853541486524e-05
3.557705233295572648e-05
3.521606984027514056e-05
3.416276868725457122e-05
4.528688827701184805e-05
3.841663194137679040e-05
3.355328152889688355e-05
3.587790419329982538e-05
3.722633421705405553e-05
4.681107238567099396e-05
3.344819812904903101e-05
4.076103682021180147e-05
4.158007902693257242e-05
3.847941358041427547e-05
3.430921460535841312e-05
3.731879750253271224e-05
4.229663818513111390e-05
3.463759648392767413e-05
3.872352139208576463e-05
3.512499776836096598e-05
3.485265841293223215e-05
3.543331488123914295e-05
4.009701096580198248e-05
4.214047618596576694e-05
4.288528981608953004e-05
3.356640707710139442e-05
3.613914653339566122e-05
3.352736073561273324e-05
4.506216502303117267e-05
3.352690197143343230e-05
3.660352108436654178e-05
3.481802407851396062e-05
4.280465478767664708e-05
3.655292897080122217e-05
3.457149196316476386e-05
4.296491572678422688e-05
3.599908934380504445e-05
4.573182246128638592e-05
5.128445130168674156e-05
3.372440411513268516e-05
3.369412146554763484e-05
3.416595412317003429e-05
4.437254991132305609e-05
3.958179796736623518e-05
4.133097380991478510e-05
4.471005081897776656e-05
3.832312817769569689e-05
3.764451135671582866e-05
3.542240010392229090e-05
3.782666107793219621e-05
3.833765186098377287e-05
3.761008454134588235e-05
3.897211567850275923e-05
4.739285605432839966e-05
3.325914883272672957e-05
4.822032330361653338e-05
4.377297120855368402e-05
3.951241020247200323e-05
3.375145958172201950e-05
3.967158977368727136e-05
3.409111223077099831e-05
3.982862138470099662e-05
3.729806689325613307e-05
3.698146051212105521e-05
3.321686486017735217e-05
3.460578349832918156e-05
3.468500913181826446e-05
3.656784227635782864e-05
3.455928446606645123e-05
3.411469748456551844e-05
3.580121704780014127e-05
3.519418428613555497e-05
3.401711073213677415e-05
3.775598566003574133e-05
3.381222931737495858e-05
5.200276825193470562e-05
3.530998039361996906e-05
3.405924746520819696e-05
3.598649260392766420e-05
3.328734396244434395e-05
3.472904344764282138e-05
4.728949629185600083e-05
3.385046333950827042e-05
3.512860471306135639e-05
3.508257130410928615e-05
5.048653714698113441e-05
3.835210099870669354e-05
3.709737799717041672e-05
3.581133895203985663e-05
3.915255789460758023e-05
3.483401099652816337e-05
3.637148096181494532e-05
4.070409577902619162e-05
3.557327672161990205e-05
3.678587391928191922e-05
3.952087628419221596e-05
3.389731750295127562e-05
3.999542894884426436e-05
4.411742144424972894e-05
3.443220932981945427e-05
3.520020466350316741e-05
4.202212449844590705e-05
3.749907522812645033e-05
3.320630014654990769e-05
4.945219939296517214e-05
3.675869707343380196e-05
3.324988250922087220e-05
3.570448321371557775e-05
3.479148102375116490e-05
3.372905852209804451e-05
5.220041703281454664e-05
3.775068997257204003e-05
3.492046534545824359e-05
3.393833912900227082e-05
3.386210292828137862e-05
3.405444144560886412e-05
4.329624277975599559e-05
3.487233352096416351e-05
3.744063754684552429e-05
4.109206389863384671e-05
3.510308197971383551e-05
3.443466065808970016e-05
3.484347998891002598e-05
4.572362766361735202e-05
4.530205775501318881e-05
3.368399172575994025e-05
3.420281306589816663e-05
3.875776174582189193e-05
3.552497354220003563e-05
4.247418308181486580e-05
3.588611182132160632e-05
3.980472884832689359e-05
4.326518645521442732e-05
3.335305292596171302e-05
4.669444374666892371e-05
3.405424916602464849e-05
3.468414724865095749e-05
3.351244205491442948e-05
3.537516046145183042e-05
3.788177707048128373e-05
4.557949257794290359e-05
3.845314294915212815e-05
3.732797723793546764e-05
4.044009432005028396e-05
3.443551318153258584e-05
3.584478335694072710e-05
3.952634739032698165e-05
3.392405120478634450e-05
3.389166877711412328e-05
3.412084635444333507e-05
3.929417061530730317e-05
3.880021050305024053e-05
3.416285037530238355e-05
3.881631871239160430e-05
3.398113157790931305e-05
3.456405813896669366e-05
4.087025941411655109e-05
4.158518592903383607e-05
3.950026799696394021e-05
3.682257057628836604e-05
3.419119092134036760e-05
3.514329941900534222e-05
3.618820617867524067e-05
3.540414708946504693e-05
5.716141494554166224e-05
3.600385124435427566e-05
3.355614232852466647e-05
3.357195045342995003e-05
3.368198175925312901e-05
3.872157275838107848e-05
3.426816164364755485e-05
3.407052741804379953e-05
3.446558077358297594e-05
3.634684181081452437e-05
3.622077263717491091e-05
4.512017117768610215e-05
3.474462329834574848e-05
3.338166904005995681e-05
3.430660396441746599e-05
3.957832834151119917e-05
3.325299162444711909e-05
3.509888642262120592e-05
3.453221696435544513e-05
3.497791231157416680e-05
3.427048340661887455e-05
3.675791787152285413e-05
3.560313483426240535e-05
4.279429685037971023e-05
3.763460347500689702e-05
3.384822906613323400e-05
3.473078705691313376e-05
3.424294536571074419e-05
3.423309364170012969e-05
3.412073706780329471e-05
4.543954939084676346e-05
4.174214930547454696e-05
3.576132287116931996e-05
3.633611379575170391e-05
3.549870820265003192e-05
3.401697297499795491e-05
3.790440432036415089e-05
3.505469884004529425e-05
3.333121864275079217e-05
4.126132164560925264e-05
3.821735597955610496e-05
3.510679617150127120e-05
3.696013936399890272e-05
3.628981690569345152e-05
5.116252896508456617e-05
3.693102843222998208e-05
4.262424628389998899e-05
3.550684074583652483e-05
6.590694524440790839e-05
3.339489389004162307e-05
3.610932334068535170e-05
3.415110901683998093e-05
3.452039460080968448e-05
4.633354063514351747e-05
3.766014079516524207e-05
3.365437505578150294e-05
4.206706501852621659e-05
3.441538346703372915e-05
3.404735259577802221e-05
3.686005073955875695e-05
3.603955742472625558e-05
3.343869973711138729e-05
3.413316225510490713e-05
4.033047684490649192e-05
3.386709592514123603e-05
3.572917957048593883e-05
4.055717584153870211e-05
3.358939280371667718e-05
3.858575946799676251e-05
4.216348451603600542e-05
4.093498237385387247e-05
4.014256715625138231e-05
4.345827088566207614e-05
3.361017119105016456e-05
3.576473208067176433e-05
3.979793094716423151e-05
3.403706929911651393e-05
4.389281663572073568e-05
3.374675734230006378e-05
4.274718165977501406e-05
3.388133854895112397e-05
3.700235440934210654e-05
3.759414665256736131e-05
3.350437262211160906e-05
3.704709593311748106e-05
5.873367979559651814e-05
4.036638424615069152e-05
3.425149164528896176e-05
3.485546733199707258e-05
3.354077195734433476e-05
3.373599454176446228e-05
3.921888342918975634e-05
3.410690453818847296e-05
3.645068464331202590e-05
4.467139092963995730e-05
3.441426271726466340e-05
4.242821382502769232e-05
5.249354609401991239e-05
3.411406876169913307e-05
3.350043647581516139e-05
3.401711073213677415e-05
4.419922746696323544e-05
3.495454027479237715e-05
3.732693148844796089e-05
3.625138541255248817e-05
3.611495686630626916e-05
3.589581157601265968e-05
4.091569452480426234e-05
3.604536195257025617e-05
3.774911742201547091e-05
4.131721124172895419e-05
3.590355669291495614e-05
3.472972010071893466e-05
4.431628298084996204e-05
3.795144417323466769e-05
4.298741171177253734e-05
3.549368404250606308e-05
4.093599247423561441e-05
5.077568445852233140e-05
5.772692967146998396e-05
3.538072561987750812e-05
3.508482377858134453e-05
3.683532648639179093e-05
3.596764563226149654e-05
3.626638794275386383e-05
3.444728272848857423e-05
4.045190434653299214e-05
3.511419606665009432e-05
5.927172357070767243e-05
3.461232589953344084e-05
3.473661469010261819e-05
3.484755437965579545e-05
3.453290427615801655e-05
3.362770129068462385e-05
3.497663626004157965e-05
3.493645174906580703e-05
3.697545982607803634e-05
3.325428196582227666e-05
3.935903126930345150e-05
4.252815839337417832e-05
3.509425960120949315e-05
4.103818771184541210e-05
3.695735394245122673e-05
3.520780134809552294e-05
3.792000673237981356e-05
3.379313777803677531e-05
4.031537432026090001e-05
3.360549984587173213e-05
3.788257631224371011e-05
4.069881361428773404e-05
4.739816824293979856e-05
3.853513169687613143e-05
4.209881754675980542e-05
3.561851152093481845e-05
3.835863684141695699e-05
3.504256796865505926e-05
3.793557109601646715e-05
3.491795283090449342e-05
3.587999822376043945e-05
4.371951550117245572e-05
3.349822363080471444e-05
4.400038181944895452e-05
3.741303173940277514e-05
3.551636302649754511e-05
4.844786971826235954e-05
3.425054535245233709e-05
3.327449887916880385e-05
3.344363751714511782e-05
3.760548495827488257e-05
3.367844228406250150e-05
3.597882010908247152e-05
3.648754251143649535e-05
3.487521526568439505e-05
3.460683471580147723e-05
3.870916077225305946e-05
3.374999560451249320e-05
3.713765093169926231e-05
6.857728355299394182e-05
3.942975011191602019e-05
3.747099644356012251e-05
4.046110616953628816e-05
3.569572581474636150e-05
3.791677727591103467e-05
3.590015986073772362e-05
3.444730934388743747e-05
3.786721865825961843e-05
4.733531316320922495e-05
3.720027066382462154e-05
3.628162726991104213e-05
3.637397901903973222e-05
3.438144966661742642e-05
3.956736900410612285e-05
3.584724052299488324e-05
4.351439072789191933e-05
3.527634350540813124e-05
3.342219705101114139e-05
3.795356464130552080e-05
3.385060296812943565e-05
3.930822899914773256e-05
4.330326670455361270e-05
4.585044434241138605e-05
3.626197448663524278e-05
3.780413227679216645e-05
4.674670957234524683e-05
3.550123179887615924e-05
4.616187700250573323e-05
4.711242422086760732e-05
3.389804079809920586e-05
3.388022426032332514e-05
3.662541771876740861e-05
3.452259064661389283e-05
3.352139545427162357e-05
3.561212500395831963e-05
3.788429759855925852e-05
3.324013934858747202e-05
3.952873578690471658e-05
3.744804323874338740e-05
4.219135074201581074e-05
4.301065588168300001e-05
3.345812165224849329e-05
5.676009478115198075e-05
3.393237627909530453e-05
3.651786202367345366e-05
4.355695765659357317e-05
4.094731415529928798e-05
5.068729057010797756e-05
3.377098135068284175e-05
4.102909068165055295e-05
3.599880640411027937e-05
4.666328409682123996e-05
3.641995978063292469e-05
3.432131868633149372e-05
3.484216455771427999e-05
3.494709818591830826e-05
3.385945219114346608e-05
3.670377464607055333e-05
4.275452986663588973e-05
3.323928791632557169e-05
3.369737365571525507e-05
3.798344082496021292e-05
4.053776361479439789e-05
3.896035836762961821e-05
3.725955644833520082e-05
3.559007582360909297e-05
3.416167946195229898e-05
3.889323089712366121e-05
3.748410426167010054e-05
4.258008870258428826e-05
3.416772345694181446e-05
3.645093525858759443e-05
3.812445248734613147e-05
3.993493518944574763e-05
4.489395755830085207e-05
3.984238145592881744e-05
3.476950079396297859e-05
3.439792039304551314e-05
4.111819323793601669e-05
3.585808945599065095e-05
3.787497139042098521e-05
3.436037508849844498e-05
3.371746153557912597e-05
3.598587896986986547e-05
3.553758541172079684e-05
4.295567908678839367e-05
3.781369196179897496e-05
3.837122456110676592e-05
3.442559900980665791e-05
3.683534862150809484e-05
3.439102457944879723e-05
3.770663180575981060e-05
3.434141242315408825e-05
3.563129936935531956e-05
4.634966971949319362e-05
3.902129572838761076e-05
3.956647807754575913e-05
3.549508120040071734e-05
4.524968274046975035e-05
3.721430946682868183e-05
3.533680674793328400e-05
3.651151336817375987e-05
3.484930751174926422e-05
4.392257301222088773e-05
3.404100215660015635e-05
3.449822743167139005e-05
3.654804461658947882e-05
3.912169877571678773e-05
3.570318083412389333e-05
3.881944234327554965e-05
3.918392921090995231e-05
3.626077266156346919e-05
3.386600823796545573e-05
3.686232626220924596e-05
3.331439399101535651e-05
4.053245565064060861e-05
3.870334673290325199e-05
4.757869255716963683e-05
3.639415244284889610e-05
3.637778249364127423e-05
3.547516354274111202e-05
3.436125948896337587e-05
3.397084835596635643e-05
3.475005482134008530e-05
3.389381170202254728e-05
3.354251891525255599e-05
3.574839817393654130e-05
3.543420145477008159e-05
4.025255366350549143e-05
4.248617728785418973e-05
3.461229963163048795e-05
3.641840681994406101e-05
3.322997696745345940e-05
3.320995028473811315e-05
5.650480836557044491e-05
3.567483378469128469e-05
3.871095665104795690e-05
4.159965668813349029e-05
5.904869194727507971e-05
3.394923122361226804e-05
3.343326875157907955e-05
3.369813708830337077e-05
3.605726846296693520e-05
3.605933397536926631e-05
3.385010029768057766e-05
3.513596678126721946e-05
3.398919736342523388e-05
4.016200291590928719e-05
3.951237369994181094e-05
3.395560127669504873e-05
3.462524306449481595e-05
3.928655219620402810e-05
3.554261694686686396e-05
3.443239586079619471e-05
3.323294432613886087e-05
3.855437773217875765e-05
3.722252789366736802e-05
3.653118432937332507e-05
3.321854141617394413e-05
3.464286463879829447e-05
3.327587474499252106e-05
3.885756007826629430e-05
3.541490469908091933e-05
3.678833978596133793e-05
4.320244663404659814e-05
3.427617799323526493e-05
3.766297302356466111e-05
3.445385501462766521e-05
3.504439595169011468e-05
3.360416077744276994e-05
3.343633120128722416e-05
4.606784558812321474e-05
3.719656474613779488e-05
3.875962840997228530e-05
3.349876969485367342e-05
3.418064556189701102e-05
5.154131726158713917e-05
3.917638247711355124e-05
3.684829139949638067e-05
3.415140881835149845e-05
3.414230252597340158e-05
3.819247010798045326e-05
3.685923322448142860e-05
4.422361462339044469e-05
3.480072308150038867e-05
3.770193996174312851e-05
3.326955032383259551e-05
3.822959236321599700e-05
3.393856094689840739e-05
3.749108572971202974e-05
3.792493121926078525e-05
3.359118986251391205e-05
3.342748844280203001e-05
3.360045620669841187e-05
3.655844432400217004e-05
4.630265216293048223e-05
3.336131059029342143e-05
5.072442536693883350e-05
3.584029723779674943e-05
3.560889412097154548e-05
3.369994651632405577e-05
3.584893402801171290e-05
3.920544533684994508e-05
3.333564690243140817e-05
3.635636796983106035e-05
4.337687888956192386e-05
3.548421860489011813e-05
3.434294230516602938e-05
3.669080302827246832e-05
3.363071530077841540e-05
4.008908580517509408e-05
3.388877384534763561e-05
3.516657973241837698e-05
3.828585691683630067e-05
4.190721198240645180e-05
4.214131707158178100e-05
4.107010680221297958e-05
3.349905708715275973e-05
4.269299168597128039e-05
3.573007017127430719e-05
4.056366354897162599e-05
4.018395706845301763e-05
3.692711582259945713e-05
3.480307782093770798e-05
3.824936373941267354e-05
3.490376574355974162e-05
3.473567828751762253e-05
3.466611254925126015e-05
3.482042727901187701e-05
3.659243526766674264e-05
3.434278127377988040e-05
3.395917260759643349e-05
3.797434429386332266e-05
4.993075512002500567e-05
3.794263258568135737e-05
3.842532524864846773e-05
3.779227645320195115e-05
3.587240576364296625e-05
3.694269355087538743e-05
3.968095497433364669e-05
3.400864959757127394e-05
4.325916984435002391e-05
3.481859261874685853e-05
4.891799828387389290e-05
3.896874119070340732e-05
3.486224225376861251e-05
5.627621362948646394e-05
3.441938532566771896e-05
3.327025320057390233e-05
4.126835162377037546e-05
3.348643417531515056e-05
3.605313646173685730e-05
4.209309805617329357e-05
3.649378909252919075e-05
3.618139487534920021e-05
3.765659968576054922e-05
3.392094173628194055e-05
3.352457921281974874e-05
3.854980797025365640e-05
3.526317347793460431e-05
4.299466204639139101e-05
3.960852781267872665e-05
6.036278557366261445e-05
3.426683858521966357e-05
3.465755665114712326e-05
3.333139347314853003e-05
3.700012435712641477e-05
3.493102272733568739e-05
3.535723666088599101e-05
3.725251936630545753e-05
3.825253652413355087e-05
3.341180997260238545e-05
3.459708130191805936e-05
3.388796648348970476e-05
3.653433169821254320e-05
4.139499026376833513e-05
3.343693782148562672e-05
4.443482037853264586e-05
3.555064868819041998e-05
3.367232365872858084e-05
3.528905172963681667e-05
4.484053053296234014e-05
3.373365477837472602e-05
3.912168001881066422e-05
3.541024252687467641e-05
3.420113015681300079e-05
3.946189328115246465e-05
3.535109126716190611e-05
4.881594717882738123e-05
3.761729441040867272e-05
3.390396465707956196e-05
3.485098307309257608e-05
4.006228017384522123e-05
3.341615105743624668e-05
5.015860724264263387e-05
3.769136704801688770e-05
3.816472881105503371e-05
4.096923783852420508e-05
6.572407611082897987e-05
3.585115194829562686e-05
3.626160470597223696e-05
3.470166064220242086e-05
3.336116525748100003e-05
3.415593221722930080e-05
4.461262676290322752e-05
3.422136425760628596e-05
3.393029553709457505e-05
3.386187973031429168e-05
4.216485842290952223e-05
4.299619561845390979e-05
4.187502692802872373e-05
3.361051292670149066e-05
3.700683525948278549e-05
5.604364048238437846e-05
3.521777298754052445e-05
3.357212185793450601e-05
3.620451108372897523e-05
3.357395002292577069e-05
3.744577964036519793e-05
3.548944261935793913e-05
3.423766862591695300e-05
3.443324853844673426e-05
3.594626231658706937e-05
3.536669680674191804e-05
3.429235692833197945e-05
3.475327624857299156e-05
3.729244065596552815e-05
3.935868076252318099e-05
3.388933061581186825e-05
3.371847776839500090e-05
3.598099247188121943e-05
4.722009403074235847e-05
3.370316889835247659e-05
3.428745153603950763e-05
3.802106567669028323e-05
3.424189019663655831e-05
3.489066774025163467e-05
3.386918736128602891e-05
3.369245261549004528e-05
3.653537310932131329e-05
3.423352684836078447e-05
3.394075118457704236e-05
4.867179443813241408e-05
3.441009905339605069e-05
4.284914331098553134e-05
3.572173946543895367e-05
3.445763185371025539e-05
3.453686880217657985e-05
3.383777845424074690e-05
3.528676019596486664e-05
4.009942973635667840e-05
3.742339842732521425e-05
3.402688757019472511e-05
3.463374225877872471e-05
3.326506852434764176e-05
3.667089615599026240e-05
3.660523270454661053e-05
3.805854794957144581e-05
3.495494933545339940e-05
3.542178387007694656e-05
3.893692844730457380e-05
3.451314227492685880e-05
3.573721683712134488e-05
3.703181323597892267e-05
3.783809668835187712e-05
3.455891515613815693e-05
4.105306330386438991e-05
3.742013451454244654e-05
3.376220883401422225e-05
3.404971599668973838e-05
3.797198269325009642e-05
3.376434630658810564e-05
3.555901689607153347e-05
3.453581171760751131e-05
3.389845806445644178e-05
4.397146380327582440e-05
3.998642390670739091e-05
3.768498611944819072e-05
3.508449479025740913e-05
3.628331175107647641e-05
3.325243438901136678e-05
4.363468038530969335e-05
3.622580246031376018e-05
3.448775260424288667e-05
4.890226590134738181e-05
3.573247689502266091e-05
3.401267418142433629e-05
3.889098146656358131e-05
3.436570734214849086e-05
3.349129511400103477e-05
3.841144492110131972e-05
3.794140830891111764e-05
3.535292528087289303e-05
3.992034009237929775e-05
4.047474438052279659e-05
4.600646499330337614e-05
3.494589579017518975e-05
3.802739413645870670e-05
3.383587738908642355e-05
3.775269678202931899e-05
3.417411817778187968e-05
4.295267636514090153e-05
3.803049645768837489e-05
3.616859962193451263e-05
4.762953660371586922e-05
4.029818166549483467e-05
4.346113639074064366e-05
3.382938919049561084e-05
3.419578133700387941e-05
3.784481787198843566e-05
4.245717782544909875e-05
3.375708863649511847e-05
3.402162831613508766e-05
3.784364652573879884e-05
3.503784446503568299e-05
3.354237573139510554e-05
4.011951806697134802e-05
3.398187760776734710e-05
3.420783329646152979e-05
3.547081780104692456e-05
3.792442046211359698e-05
3.561618068578354079e-05
3.626976058361031547e-05
3.405457878634115008e-05
3.323226865506200597e-05
3.554090742163261440e-05
3.590001731698889899e-05
3.530542925980465114e-05
3.453951112440403423e-05
4.795060017320989067e-05
3.711113372599866259e-05
4.018484569984070992e-05
3.536993939107346000e-05
3.826238949254765783e-05
3.877051556470374565e-05
3.754195717156943361e-05
3.550057032136096102e-05
3.327654798402719845e-05
3.493332778413949083e-05
3.792084463230665099e-05
5.100926482011698579e-05
5.532806465862460807e-05
3.808009982573742642e-05
3.728910231692437771e-05
3.598311726045297945e-05
5.244652533743947623e-05
3.702707884088553086e-05
3.533564046990311867e-05
3.638034807566716683e-05
3.383008851434713733e-05
3.586435626330620357e-05
3.731920324989144490e-05
3.712112712257771557e-05
3.468895214912706362e-05
3.388376177880818627e-05
4.135788168059002502e-05
3.451803937778066930e-05
3.614621290173389024e-05
4.211241001135747266e-05
3.589343485197094328e-05
4.367476439794567265e-05
3.674515475902537969e-05
3.679187118170587027e-05
3.346475205375540834e-05
3.675108121019393220e-05
3.895449503053821519e-05
3.440206139945363011e-05
3.483093914906673194e-05
3.784989255399893424e-05
3.817067087536852519e-05
4.794170171247863108e-05
3.540086373513702918e-05
3.414352981100672710e-05
3.623187277625117899e-05
4.135305147833308646e-05
3.697865760520815915e-05
4.041809212032478754e-05
3.652602012343261279e-05
4.054322269923733472e-05
3.319263176625446044e-05
3.413515458919956611e-05
3.898301092497565527e-05
3.519107264787149912e-05
3.353369565060757224e-05
3.518796025280239713e-05
3.721478291482959203e-05
4.028764876464780039e-05
3.720416939978349189e-05
3.983435187416810031e-05
4.404581386507481670e-05
4.066276383922669008e-05
3.902533759418357865e-05
3.600038607249770933e-05
4.248363565278121115e-05
4.027168797673287554e-05
3.536986514256273896e-05
3.664806410000541980e-05
3.394296875076169230e-05
3.489313427990678017e-05
4.445490804310501414e-05
3.487858504714643057e-05
5.483977741910613579e-05
3.468130000379334842e-05
4.557612823510776609e-05
3.789754839917415508e-05
3.479192127485288639e-05
5.370197007691175688e-05
3.456782832264639760e-05
3.820933250282991587e-05
3.561324226462254700e-05
3.350273510988836524e-05
4.049993669050873293e-05
3.949166181534753179e-05
3.891062330848098601e-05
4.686457984606551475e-05
3.870056441599107542e-05
3.798211843538252364e-05
4.260835455746807081e-05
4.552498752498509126e-05
3.435769470475249474e-05
3.482933839548307733e-05
3.769315400686368522e-05
4.016132231569088506e-05
5.671495160175629626e-05
3.427971218621482253e-05
3.746759606117883428e-05
4.065282628790690798e-05
3.391335912110164295e-05
3.391441485602826779e-05
4.298851177931532644e-05
3.371732038547062466e-05
3.800998389681595733e-05
4.114344419440877623e-05
4.068837832240335356e-05
3.438578335665094619e-05
3.510143930536729938e-05
3.464406997644156800e-05
3.489621678036627402e-05
3.337763491419829952e-05
3.327798215099294661e-05
3.351602994375183967e-05
3.799734876239018578e-05
3.675678238170003345e-05
4.106575746899801424e-05
4.814946688505942487e-05
4.239543637559825025e-05
3.902650838698144728e-05
3.819495469172364596e-05
3.623421211315773922e-05
3.569565341492817199e-05
4.420012589212179744e-05
3.528431876422039899e-05
3.322042358773908679e-05
3.355331014021362953e-05
3.796012787160521365e-05
3.852881480142828115e-05
3.360945921108532522e-05
3.603993350440994010e-05
3.407488844168147650e-05
3.335613566952150586e-05
4.039318855638777272e-05
3.656011656096160934e-05
3.518971734307000673e-05
3.477001963574141827e-05
3.333305423616546602e-05
3.728428595679377753e-05
3.958294221551778746e-05
4.627052467673526141e-05
3.475937912094366087e-05
3.419469500116517792e-05
3.548480733197188552e-05
4.046714067151891851e-05
3.757569658505572192e-05
4.287203999445917963e-05
3.527988313840538785e-05
4.355288066210506823e-05
3.883868628808003859e-05
3.318437611147668614e-05
3.330785610951900161e-05
3.745362658285891012e-05
4.401361393921142677e-05
3.817024939382255113e-05
3.788927582334614000e-05
4.160665727715796744e-05
3.640935948741362229e-05
4.292691919154234125e-05
5.196491439495084255e-05
3.658558087565884191e-05
4.106833439669184226e-05
5.133685405167680304e-05
3.777409140419760717e-05
3.399852721845952479e-05
3.939781068884261035e-05
3.709857187321087134e-05
4.058822982448446071e-05
3.443625909193584017e-05
3.869209815243956029e-05
3.502846845685294360e-05
4.453310565502174124e-05
3.356786460036712314e-05
3.334784538139211828e-05
3.335424540082635461e-05
4.756751966450540426e-05
3.698634230647492819e-05
3.518991813802438727e-05
3.372519407834498144e-05
3.404856183400143809e-05
3.319487161277843382e-05
3.447665831376825089e-05
3.934439492008360212e-05
3.450755459703013162e-05
3.797379464702490306e-05
3.421624103550166307e-05
3.380505594629932300e-05
3.421531917374926249e-05
3.546875490274728048e-05
3.475802895199043776e-05
3.345734306374227178e-05
3.669283906456605079e-05
4.039865001455772474e-05
3.363773563228631780e-05
3.479028967924552008e-05
3.995468525115195479e-05
3.612754758925037346e-05
6.630414478907629809e-05
4.033125312579625385e-05
4.538618876881094172e-05
3.640851383996412293e-05
3.389250372722774258e-05
3.888768292566012344e-05
4.015495105762332975e-05
3.465928399755008755e-05
3.520845299886574652e-05
3.742373749025847541e-05
4.299929123959409302e-05
4.269890581287516366e-05
3.674914314885139818e-05
3.343534899012622053e-05
3.794787534236656473e-05
3.966480116576871458e-05
3.372067931726340011e-05
3.382281360220939668e-05
3.401961764406265883e-05
3.424878776069617412e-05
3.750937666703770538e-05
3.563665826136422224e-05
4.211472274701103999e-05
3.675620346740947065e-05
3.407604015395834134e-05
3.990755955397028626e-05
4.813239739252033828e-05
5.245255582545465769e-05
3.591625728907540699e-05
3.327347419659523715e-05
3.388649082340490986e-05
3.467641378303722399e-05
3.719529329627325337e-05
3.487138137208859134e-05
3.655478274644869465e-05
4.463547142364370185e-05
3.860349642461849027e-05
4.014240988826962316e-05
3.575060925612669080e-05
3.398223679126557176e-05
3.358642565184801040e-05
3.464042740817830117e-05
3.432699011508404005e-05
3.337034687112893445e-05
3.454627293741863533e-05
3.758449541062270640e-05
3.429583265903400364e-05
3.513818465510783580e-05
4.559679644415298732e-05
4.280800828573165967e-05
4.322815421056961385e-05
3.767787422306157581e-05
3.532051890293203716e-05
3.587630964926122204e-05
3.378098336856933195e-05
4.411575006085871273e-05
4.432023631602805507e-05
4.155318383226500305e-05
3.549444391906776767e-05
3.704190917253196466e-05
3.857942636449513291e-05
3.746241993734587789e-05
3.693709292211400926e-05
3.318812134046294739e-05
3.375956460304858572e-05
4.000504582536773887e-05
3.491700409917102628e-05
3.416696131328604531e-05
3.338140787825673425e-05
3.362243920964812715e-05
3.721764477050789244e-05
3.424689469213764082e-05
3.668207363731862652e-05
3.425270820187431109e-05
3.336119432418277041e-05
3.403041084585342949e-05
3.989738032624228213e-05
3.598469882349029914e-05
3.946176507162103326e-05
4.029131624943963798e-05
3.839652396663736076e-05
3.652867042727340292e-05
4.101964232420235283e-05
3.913585318745756348e-05
4.635202303963901653e-05
4.051776372086939455e-05
3.462059756190071549e-05
3.385258552364255855e-05
3.459513497226266533e-05
3.348102445961529576e-05
4.449324431452327910e-05
3.332917876841691153e-05
3.572698891420108701e-05
3.362730315833716710e-05
3.707115120120817484e-05
3.574695596117087950e-05
3.925163346582222435e-05
3.631120133100123286e-05
3.606590389659513327e-05
3.335017305198508599e-05
3.940663882034721531e-05
3.634443048913863606e-05
4.191357566736549854e-05
3.547904155607850118e-05
4.188207273613965819e-05
3.381503027909684388e-05
4.891130103503827324e-05
3.983285252583131612e-05
3.343436669961071163e-05
3.689824158063055234e-05
3.691787930105082068e-05
4.234215594984262781e-05
4.787874681631384597e-05
3.408281115409317747e-05
4.140418893560318415e-05
3.354907493530620387e-05
3.845607308533533593e-05
3.522258065168349620e-05
3.455044442819694809e-05
3.353297919634129004e-05
3.436715389295071511e-05
3.415715815603926161e-05
3.538680743961925831e-05
3.397444292801419564e-05
3.585670701701337257e-05
3.413624614351029119e-05
3.434581368292127725e-05
3.337766394147530084e-05
3.929092725948254034e-05
4.059788904430452886e-05
3.947046240692136043e-05
3.718214078624504544e-05
4.607622001053765818e-05
3.700895494671275864e-05
3.380853107059946915e-05
3.338761620458561170e-05
3.598162994468360191e-05
3.560826242557691714e-05
3.905455963700617277e-05
4.795938696638666102e-05
3.491602965224431938e-05
3.471477324014686576e-05
3.890106298622080487e-05
3.838741751027358365e-05
3.477414367062456048e-05
4.761337017706700480e-05
4.234888453747312855e-05
4.423414861456111114e-05
4.250200077196135970e-05
3.422540171354674358e-05
3.972288844240341027e-05
3.697640171674999307e-05
3.319095160855067915e-05
4.309751169921188324e-05
3.832729635645249486e-05
3.365664489507576762e-05
5.403638500491975930e-05
3.700368789142800119e-05
4.374441027214964105e-05
3.515251594228254790e-05
3.628245799982953167e-05
3.792913913821049725e-05
3.416867607077284655e-05
3.495691775578737046e-05
3.586492798934063861e-05
3.467089817925358622e-05
3.660005212634948307e-05
3.859676252545277451e-05
3.985445313848175614e-05
3.696849216685402006e-05
4.348744945321706096e-05
3.519819818567918241e-05
3.538720290558455822e-05
3.399739586568048647e-05
3.763506252481062735e-05
3.494272296588727571e-05
3.610808410829270524e-05
3.426575843336749890e-05
3.434999880821646573e-05
3.397704142872925222e-05
3.542025548290762588e-05
3.919477530825039158e-05
3.435469199210199005e-05
4.101577236695491137e-05
3.636120875940356906e-05
3.968358840576570001e-05
3.342745953435126931e-05
4.592761117665715822e-05
4.261357453357301312e-05
3.453866564177247579e-05
3.414494785597218152e-05
3.586650010671602040e-05
4.049843591767306319e-05
3.320052832187307386e-05
3.422664791189373334e-05
3.589635816133283659e-05
3.447134656650055701e-05
3.361498308809594902e-05
5.560356126529251210e-05
3.904931956534332232e-05
3.356592119733420158e-05
3.903287052361550176e-05
3.336517580415286849e-05
3.392421776133869451e-05
4.103468444910800700e-05
3.568609309209564052e-05
3.727205541837795371e-05
3.433864742407928848e-05
3.548922192913752771e-05
3.530848839634695977e-05
4.747181666258561291e-05
4.565750642241245521e-05
3.664968022673779875e-05
4.191017685893407696e-05
3.581255879213521905e-05
4.209151830279669865e-05
3.356737877861603578e-05
4.035424690122217125e-05
3.532084188100680300e-05
3.580219847517927844e-05
3.566220981211195077e-05
3.525123893530260593e-05
3.345070862219498689e-05
3.502666360913830271e-05
4.194259761391971457e-05
3.605456872325965253e-05
3.658289677991819757e-05
3.363901420623648250e-05
7.094765173767889077e-05
3.488933149770058440e-05
3.695434854893696488e-05
3.645114030392499307e-05
4.123878408124960785e-05
3.327198093233281191e-05
4.059465306244309699e-05
3.617718544754282961e-05
3.430972590404036818e-05
3.430410046567509481e-05
3.696963177951175384e-05
3.784777661850226012e-05
3.849620720895031409e-05
3.942014636563824281e-05
4.739949603430274879e-05
3.923230887114417613e-05
3.886203102048015187e-05
3.393107238848826754e-05
3.451224205894332152e-05
4.630300616855308188e-05
3.319133482300176349e-05
4.161623428320252783e-05
3.470163455984482688e-05
3.388022426032332514e-05
4.000665095981699784e-05
4.941839278854627684e-05
3.341982529724887559e-05
3.722510856873209920e-05
3.367427855194300289e-05
3.770349716763301857e-05
4.382390069667475895e-05
3.370503410076472977e-05
3.636166751007205075e-05
4.176637692786423902e-05
3.614208548467546411e-05
3.540594887543761836e-05
3.392091396963949388e-05
3.340628007866663077e-05
4.012065563620000297e-05
3.611965351936811502e-05
5.324403086252876030e-05
3.514715303639121132e-05
3.570236075031292094e-05
3.480786357830993008e-05
3.498663707343042050e-05
3.706610424320609513e-05
3.851983325823081500e-05
3.579887089716982183e-05
4.838775681060994514e-05
3.708332573469947800e-05
4.087706026441084760e-05
3.758535404017152194e-05
3.752324708765368197e-05
3.669366681466321493e-05
3.627518733877884257e-05
5.828838655286878339e-05
3.393551060128550896e-05
3.652003800699896543e-05
5.722458750882282740e-05
3.489467562373954618e-05
4.237750098052043922e-05
3.373478243090013274e-05
5.174783339333375193e-05
3.694809429849288233e-05
4.049297727224653043e-05
4.696054016910812366e-05
3.382586399303227209e-05
4.365614326232322516e-05
3.626523273046658430e-05
3.332565189004181534e-05
3.955727466913571013e-05
4.360399055245095870e-05
3.736041945722022725e-05
4.025054172135144784e-05
3.330995795628653001e-05
3.407771268831766206e-05
3.371362167348400011e-05
3.354203208327921474e-05
3.914044331693685200e-05
3.688918357819550399e-05
3.725163947397374612e-05
3.360028519939147764e-05
3.454009236069982211e-05
3.833578764448508674e-05
3.499028337311214796e-05
3.663748709990826856e-05
3.690095118119650596e-05
3.488462783228591583e-05
3.388855113011829981e-05
3.504424362978549306e-05
3.501140115223961446e-05
4.197009576016370749e-05
3.488336808482273103e-05
3.977167539227759597e-05
3.829829175559380355e-05
3.661993006384384826e-05
4.486442189054446839e-05
4.737181255570397341e-05
3.852265161722524703e-05
3.973595873414706946e-05
4.415350241656874566e-05
3.659881299362145046e-05
3.538853751349764043e-05
4.573154163341352119e-05
3.844564765958891170e-05
3.815374133707423969e-05
3.362363404297955027e-05
3.592534191161446465e-05
3.809110542801624359e-05
3.396764000836831885e-05
3.641461500375178301e-05
3.565698250279434451e-05
3.352480864077495259e-05
3.393617619554689673e-05
3.442381255819660973e-05
3.616133568651496360e-05
3.358773813484816113e-05
3.320459244502882212e-05
4.120377564028386515e-05
3.551440529029187265e-05
3.707639194623273484e-05
3.437740888639338494e-05
3.686568360956366425e-05
3.607265809800376809e-05
3.477881076675622688e-05
4.183057723193900958e-05
3.433709016481322423e-05
3.504739124587670491e-05
3.902478993213590199e-05
3.424616443163992519e-05
3.428998533126294165e-05
3.657005525067169712e-05
4.397728422285542498e-05
3.335090035743203997e-05
3.421328541362816239e-05
3.372093331669898629e-05
4.483430401683071706e-05
3.581334803954912987e-05
3.637757630919993449e-05
4.157214563435493199e-05
3.367184197044740667e-05
3.836368516859286755e-05
3.865546832699869078e-05
3.579132683342573071e-05
3.997133237548886070e-05
3.410969415528974181e-05
4.321296585935519501e-05
3.731129967082667576e-05
3.361065531373615541e-05
3.572147452876827501e-05
4.043079366928439795e-05
5.097677483537737251e-05
3.639856771566766169e-05
4.503867575693739120e-05
3.721514874966756043e-05
3.326178667695646549e-05
3.564804763781472858e-05
3.578397015487425477e-05
3.322442222890169587e-05
3.351448010536559047e-05
3.447939298588599311e-05
4.660322710897155622e-05
3.903479559339863552e-05
6.126938091490671226e-05
4.520761700256258346e-05
3.366282807152797056e-05
3.388738180912185811e-05
4.090350245077424909e-05
3.449788282968521572e-05
3.878625437027311332e-05
3.566114516073307328e-05
3.513770582856917506e-05
3.389531431023789105e-05
3.735780052484952217e-05
4.631774979148413975e-05
3.993739877054147029e-05
3.408330444271298159e-05
3.365255888117921917e-05
3.411130747096926408e-05
3.447607413172576875e-05
3.812114958869915779e-05
4.662535375002372132e-05
3.387230991156455439e-05
4.205324768116299925e-05
4.344459639574570203e-05
4.077091876648544230e-05
3.695665201288417760e-05
3.893909458765463827e-05
4.842295194279277277e-05
3.481673184666614102e-05
3.429823007919707752e-05
3.371531587854150218e-05
3.333078155572311496e-05
3.609779162240296798e-05
3.631928060172100626e-05
3.485379236344671953e-05
3.393670309887830781e-05
3.763566761239030533e-05
3.617022880013362539e-05
3.698146051212105521e-05
3.756594841445294689e-05
4.087135707242758377e-05
5.250490739374806163e-05
3.634991847775901171e-05
3.378561637456068079e-05
3.656908429708191692e-05
4.398916327049647620e-05
3.441562361464082441e-05
3.624039430137943507e-05
3.529776578328144311e-05
3.952838940284584320e-05
3.376237759537926644e-05
3.470656316794447794e-05
3.766176523308406332e-05
3.479425176077566474e-05
3.702474375663878617e-05
3.428731674527394952e-05
3.376395258960000984e-05
3.351206885382760129e-05
4.031573696310703831e-05
3.343306648717885038e-05
3.445247166194489454e-05
4.200223529215963233e-05
4.320257513383079601e-05
4.154334417834293564e-05
3.982694286817042205e-05
4.181604411877863853e-05
3.906755722206511076e-05
5.370871939517410907e-05
3.405669364129538970e-05
3.424183608299161716e-05
3.364165616898672515e-05
3.327250798782293803e-05
3.584826619315162734e-05
3.800856251307940982e-05
3.530085162922122895e-05
3.617041497907905483e-05
4.761741319890127759e-05
3.426276052142892588e-05
3.425903238148875809e-05
4.718282257200882195e-05
3.536590460081351779e-05
4.749185816652901206e-05
