1.586691824524154623e-10
1.095951639381859059e-10
1.151341486817498897e-10
1.831809367486846670e-10
9.710057631054792860e-11
1.013807932252099145e-10
1.102231559010874560e-10
9.448322218772868375e-11
1.158695046011037445e-10
1.105171276427688496e-10
1.018570431781686972e-10
1.261577407187802424e-10
9.275196572544519705e-11
9.503819156666219660e-11
1.189052713247197242e-10
9.312253524994499777e-11
9.497077629703950286e-11
1.661486390764499828e-10
9.723448370130973388e-11
1.245150654508439761e-10
9.615333587891194993e-11
1.008346999674551488e-10
1.063975290840291594e-10
1.596199949406232348e-10
1.557320190502187526e-10
1.272377974771933153e-10
1.420768208915474797e-10
9.528123541284366104e-11
1.378241368704187957e-10
9.347753437577615303e-11
1.177832114895129026e-10
1.166853028706781138e-10
1.292005351283793704e-10
9.221243250909627511e-11
2.399152416486438326e-10
1.035054200258861445e-10
1.013951450749259703e-10
1.714531481272721493e-10
1.283465061136636512e-10
1.252491963647969204e-10
2.084404096673581026e-10
1.326017406766059618e-10
1.154378311698673929e-10
1.055111536995944970e-10
1.450497363254990950e-10
1.247869585424790606e-10
3.279297268033589827e-10
9.310594614716570735e-11
9.498359791684123298e-11
1.351136481653296989e-10
9.315312972502294049e-11
1.549149600491861029e-10
9.368151018552037711e-11
1.157353571781059131e-10
9.602673329364598769e-11
1.252377642426286177e-10
1.130430610118618420e-10
1.008270387000770334e-10
1.881087735122815803e-10
9.742397460075287487e-11
1.086857781795558442e-10
9.571100103097746256e-11
1.543585283167260872e-10
9.181484971608573761e-11
1.407530893864543084e-10
1.097623593547302170e-10
1.157856783982672841e-10
1.040874469346396185e-10
1.234605143745672907e-10
9.372555765734174027e-11
1.166934990975534391e-10
9.353289646947561431e-11
1.122401267645921854e-10
1.057206027170369221e-10
9.200235497649254937e-11
1.130540701383304320e-10
9.810336528981861184e-11
1.238761512739780363e-10
1.117212608302586357e-10
9.708815492683191876e-11
9.330388038836594489e-11
1.132067420533004643e-10
1.067368696123661178e-10
1.009666642208744406e-10
1.652414015045322138e-10
1.035359544228959872e-10
1.165727520916242147e-10
1.038645812402367909e-10
1.003112098935468839e-10
1.213386403341500593e-10
1.035632525483389382e-10
1.005767910041806667e-10
1.125708239809513386e-10
1.121871853266375321e-10
9.294281642625622637e-11
1.164236843104818076e-10
9.747334726443514068e-11
1.005691125482685830e-10
1.349874304765479728e-10
1.885044850954642353e-10
1.037387787905516471e-10
1.232711374344320346e-10
9.218107757488930426e-11
1.087341617044865281e-10
1.190248546391390563e-10
9.530159609945811625e-11
1.443380960261861621e-10
1.148559044658171771e-10
1.087958796123872248e-10
1.493057838236239699e-10
9.382399833503733177e-11
1.313641379943200837e-10
9.666047686146615906e-11
9.844259509107947768e-11
1.414657453961838637e-10
1.335232026889768735e-10
1.051713963191233869e-10
1.496722455988287793e-10
9.804611137425102847e-11
1.047990194365394615e-10
1.043037709512754851e-10
9.760047014437644423e-11
9.912639155578676548e-11
9.566791174944473142e-11
9.839318782320539599e-11
9.496729362022197881e-11
1.020103050151766641e-10
9.782667497273672122e-11
1.022641571212951864e-10
1.022475377092444730e-10
1.143098882516363336e-10
1.028979380655995845e-10
9.655505372506792651e-11
1.184455858867608225e-10
1.068655745964886309e-10
1.044793729928427073e-10
2.681477688708063283e-10
1.085785358753739151e-10
1.177072702137993703e-10
1.018699963961719154e-10
1.006970199207190525e-10
9.265301449126171874e-11
9.509607832731808025e-11
1.152703779950993344e-10
1.140886845145081440e-10
1.462340549613236358e-10
9.628135692448159348e-11
1.124358340551751188e-10
1.165277580911582458e-10
1.117311479910730687e-10
1.041173937333714929e-10
9.513923608891708741e-11
1.003534545714884593e-10
1.108131830144026995e-10
1.653106163932739644e-10
1.054567124491899679e-10
1.027730215028127504e-10
1.357751558999994124e-10
1.043945916625544113e-10
1.032402614563049300e-10
1.189267260747353097e-10
9.719229624469996465e-11
9.425877707460145918e-11
1.140103245606206992e-10
1.070142520586971623e-10
1.246930587365359952e-10
1.283148790485105237e-10
1.141210397731668442e-10
1.044154283957834571e-10
1.765439996707665296e-10
1.768731599087081543e-10
9.386718765670149892e-11
1.091117218545741106e-10
9.515235391772865914e-11
9.935731390790848994e-11
1.021378199584754467e-10
1.576820737136676443e-10
1.027747942977397962e-10
1.048109278652717594e-10
1.102759491794839760e-10
1.227320853519507787e-10
9.782868020227154827e-11
9.182642576486120534e-11
9.397172979608378748e-11
9.286955226634796780e-11
9.741793694238773900e-11
1.610026851191188214e-10
1.680199146194392623e-10
9.189047855974765024e-11
1.911496864666926069e-10
1.252864686828381299e-10
1.526008415016913577e-10
1.316200401927089950e-10
1.568053224792926679e-10
1.314266950616531482e-10
1.404160386043312719e-10
1.227978417439631340e-10
1.071502149528189888e-10
1.123725898126152130e-10
1.179274998937586327e-10
1.137688792784344137e-10
9.609553671547876748e-11
2.640179962153666989e-10
9.836417779224636897e-11
1.030741606549638029e-10
1.041365265218674726e-10
1.067913108123197253e-10
1.642154107000329512e-10
1.547572498012987247e-10
1.069423615513607598e-10
9.422052706546422325e-11
1.226113674371857345e-10
1.223450153723134711e-10
9.355278772564440152e-11
1.003460628762079655e-10
1.231249013675800026e-10
1.196794000914394755e-10
9.519075003260615726e-11
1.010173679970706140e-10
3.372485385374414434e-10
9.727557005395009045e-11
1.324876276943553939e-10
1.068752826759264375e-10
1.116017303924039987e-10
9.692623920184153217e-11
1.061658450174262713e-10
9.207231898501077587e-11
1.008468668159570057e-10
1.127829182502821849e-10
1.138141506267072620e-10
1.232266523604701924e-10
9.485531348525866733e-11
2.862772155731224988e-10
1.220369759701212655e-10
9.243814018424210459e-11
2.539972365303320986e-10
9.706175486829999665e-11
1.074628981144708000e-10
9.349534965741384782e-11
1.126020603046849388e-10
1.183200053536015474e-10
1.226192159956779542e-10
1.209244811087555900e-10
1.027062267302033720e-10
1.494178387312190200e-10
1.147346745958328366e-10
9.376158302987602912e-11
1.112048280100898422e-10
1.623582301113239521e-10
9.996073316400128689e-11
1.037701320451214416e-10
1.501044332209818925e-10
2.615725438881800991e-10
1.136401414331065393e-10
1.117988270223520802e-10
1.307295872925774254e-10
1.189835322993970234e-10
1.348180085383447491e-10
9.880833191620876161e-11
1.011035732956130442e-10
9.635656630744133207e-11
1.007419794328493371e-10
1.185310236788615768e-10
1.054321552979200203e-10
9.421781717451802157e-11
9.428028673743401707e-11
9.852632308178189787e-11
1.101090190227964683e-10
1.215457032316963308e-10
9.834360529751645821e-11
1.771146320399742088e-10
1.111489723679695764e-10
9.868226529683092995e-11
2.549187993304077525e-10
1.902198126021829993e-10
1.888595713508129061e-10
1.059214881470302687e-10
1.215272052422802465e-10
9.657408724057515070e-11
1.347332859569495206e-10
9.280867551006278315e-11
9.760587970333423170e-11
1.783359410328257103e-10
2.091602533560973654e-10
1.349122324434147929e-10
1.045626389852591022e-10
1.382729555002966553e-10
9.540129272977921417e-11
1.263371601135260563e-10
9.640922919711006429e-11
1.953791557722559088e-10
1.408002044484521782e-10
9.341812863490753672e-11
1.273064128171478626e-10
1.386061477101505620e-10
1.151551470782479800e-10
1.030225746573496370e-10
9.575124429738067110e-11
9.408287399012087011e-11
1.353089948559778426e-10
1.085003679512080077e-10
1.216465696145305375e-10
9.601513120158045996e-11
9.533410217437622414e-11
9.364738095877024354e-11
9.357732587028392335e-11
1.131393930393636657e-10
1.434035351997761595e-10
1.394002714579508000e-10
9.360827118800423728e-11
1.202190797160970718e-10
9.575061561016113721e-11
9.272610504211560981e-11
1.183163484563190673e-10
1.227416978248431793e-10
9.188917507561435127e-11
1.595157448943239818e-10
9.348379413756873335e-11
1.170138150420737182e-10
1.085324861412094365e-10
1.499690538424168298e-10
2.141475290815823878e-10
9.661557516908385625e-11
1.341488638639719451e-10
9.220268586055059825e-11
1.089056027795602733e-10
9.846115556846996558e-11
9.573835548736649093e-11
1.342216290223807735e-10
9.414861214223203196e-11
1.140498476028072561e-10
1.252709397295739239e-10
1.924300520525728135e-10
1.028414024518425357e-10
9.435848199630294248e-11
1.187837605215456754e-10
3.382177499494348656e-10
1.109860922613146165e-10
1.479719839585785322e-10
1.107560476112800361e-10
1.499206478089269623e-10
1.115018984940725369e-10
1.475524239295051097e-10
1.128026650440645134e-10
1.078871176474773159e-10
2.482235650447057063e-10
1.379946626101214109e-10
1.005239347726753314e-10
9.367814581563739938e-11
1.970971407519547655e-10
1.218834643997404655e-10
1.239853861127485840e-10
1.095304868532852741e-10
1.081718056198794200e-10
9.910809263598216107e-11
1.221664454556065960e-10
2.574909496717140902e-10
1.024074015806507052e-10
1.153598730581411558e-10
1.289066350890948484e-10
1.611474594581684337e-10
1.058424698223103961e-10
1.087960201649046767e-10
1.200662441730850182e-10
1.015070584296195042e-10
1.036629986089530149e-10
2.884246425015365128e-10
1.593363596439841864e-10
9.285260071047399355e-11
9.245775119732828800e-11
1.583996402234203099e-10
9.366324519225878059e-11
1.046122507341118927e-10
9.342085881230364311e-11
1.099194426886712687e-10
1.089279289376422582e-10
9.781078611336808613e-11
1.191732776330872947e-10
1.033485133366190160e-10
9.551633530608466084e-11
1.154719900695797721e-10
1.001520490655111000e-10
1.033060186590753124e-10
9.263036558985521011e-11
1.246294260992654008e-10
1.197928808383097485e-10
1.309713990874193173e-10
1.144621689420718985e-10
1.434802303833365587e-10
1.399240744131792293e-10
1.205462152624239597e-10
1.291788878471289751e-10
1.097924810648205939e-10
1.722067547301076777e-10
1.122568117842568627e-10
1.034466778674816177e-10
1.138441426624885563e-10
1.565693659112194200e-10
9.825666795864065359e-11
9.823561470276589161e-11
2.185546929836404085e-10
1.007600184479185928e-10
1.042540307823206323e-10
1.148719885095436552e-10
1.192792692092868137e-10
1.117981408023932699e-10
9.738371735839521705e-11
9.362718671452629841e-11
1.055805775617355388e-10
1.528477878346819416e-10
1.184909855016845658e-10
9.534451469090656029e-11
1.323741389585557139e-10
1.031192430538478141e-10
1.760759993335191180e-10
1.427425796229096128e-10
1.208482185054374885e-10
1.344296732583746788e-10
1.487426912675063367e-10
9.483930687951022201e-11
9.254474131482975023e-11
1.628220402167214768e-10
1.066546616609991975e-10
1.043501375163651081e-10
1.044748586667035560e-10
1.909521728264623715e-10
9.294588144582088826e-11
1.012660640187003232e-10
1.709655977180419533e-10
1.004746707522675150e-10
1.015293086940086167e-10
1.244544770056713184e-10
1.044620428753550264e-10
9.401757473631193754e-11
1.328112955010570912e-10
9.772189024623525897e-11
1.107943712976969863e-10
1.138718318723348840e-10
9.223776957769386112e-11
1.013656919640338404e-10
1.195374813352520580e-10
1.169629010376284365e-10
3.372067524239968623e-10
9.629105415885465879e-11
1.128445999250042522e-10
1.749846879834068519e-10
1.004038260951941118e-10
9.787494474309006929e-11
1.748427510861352273e-10
1.210237516908516701e-10
1.038947305793681767e-10
9.490205192570669437e-11
1.110890899117351684e-10
1.054772210584892163e-10
1.033476312495946991e-10
9.725789703157178084e-11
1.709085208178794121e-10
1.229864674766009601e-10
9.381855844645107726e-11
1.072686674419667576e-10
1.154833299366507941e-10
1.826063748247107714e-10
9.323182984000992537e-11
1.384551768882218499e-10
1.440752476571631610e-10
1.233887724577142288e-10
9.809351723637824843e-11
1.160577205862534799e-10
1.490838001469909385e-10
9.998025751528321852e-11
1.249592590836103236e-10
1.028137890189468964e-10
1.012256498707113263e-10
1.046266502894202696e-10
1.339808573659703805e-10
1.479849777649956424e-10
1.532623402174993641e-10
9.389197367214021805e-11
1.088364926801869729e-10
9.367365982465887203e-11
1.692165597135744857e-10
9.367109631684225118e-11
1.116514796478055057e-10
1.010245667276648295e-10
1.526865392910141243e-10
1.113430513620366078e-10
9.959900471326380991e-11
1.538319986174725462e-10
1.079945361319381525e-10
1.742832988025514863e-10
2.191745787762565796e-10
9.477795274339819119e-11
9.460781844458983426e-11
9.727603509554661586e-11
1.640769321360713174e-10
1.305598941941164806e-10
1.423541163396551738e-10
1.665823870196311896e-10
1.223885127770078407e-10
1.180924362738255920e-10
1.045622024268628361e-10
1.192380240253958826e-10
1.224812958511660371e-10
1.178765382672653801e-10
1.265688167048833779e-10
1.871735670821910010e-10
9.218091508978898542e-11
1.937666316254419827e-10
1.596727507020724923e-10
1.301025466673677977e-10
9.493008532471792372e-11
1.311529195976440340e-10
9.685032776091865855e-11
1.321932567838217987e-10
1.159288161644840979e-10
1.139690351341307488e-10
9.194667592827375733e-11
9.979668762776935261e-11
1.002541548728596941e-10
1.114339240623819036e-10
9.952867856720849010e-11
9.698438203861840710e-11
1.068105951753079464e-10
1.032192172972058911e-10
9.643031854687122951e-11
1.187928710967353806e-10
9.527223761756255356e-11
2.253573254887023494e-10
1.038995596164855438e-10
9.666936149135757539e-11
1.079189708277117018e-10
9.233727233950665670e-11
1.005088715656885661e-10
1.863580382947885150e-10
9.548782235828278191e-11
1.028349057572097047e-10
1.025655674423260254e-10
2.124075360911255177e-10
1.225736375845832430e-10
1.146846211887453067e-10
1.068709997948239210e-10
1.277435658075498583e-10
1.011173601755204203e-10
1.102403856129722487e-10
1.380686177656781484e-10
1.054548347260787017e-10
1.127667100004421307e-10
1.301583051892022268e-10
9.575234449132390782e-11
1.333028614001708113e-10
1.621955729074621576e-10
9.879808661104214829e-11
1.032545340293758450e-10
1.471549122802406447e-10
1.171817202470572264e-10
9.188819745189670931e-11
2.037933354001320979e-10
1.126001508780392311e-10
9.212955723974933622e-11
1.062341767965414530e-10
1.008705959855031214e-10
9.480411573225955849e-11
2.270736281999795707e-10
1.187595494504375871e-10
1.016199083286125093e-10
9.598423856959722070e-11
9.555350122712685889e-11
9.664208184770023107e-11
1.562137199036311044e-10
1.013399704331134146e-10
1.168167783261882361e-10
1.407131429541172572e-10
1.026855303728758442e-10
9.881215455314921612e-11
1.011723414781311241e-10
1.742208438934261691e-10
1.710230364032125395e-10
9.455094154842201877e-11
9.748603513506452835e-11
1.251803412954912332e-10
1.051686454311677103e-10
1.503380190389606930e-10
1.073177518043665171e-10
1.320347032240689229e-10
1.559896965837058167e-10
9.270217829016693665e-11
1.816975897342357047e-10
9.664099052180754577e-11
1.002491725305084761e-10
9.359031437366643115e-11
1.042834981394554172e-10
1.195857528348034706e-10
1.731241786385626891e-10
1.232203502223273276e-10
1.161148237229856976e-10
1.362834357178802677e-10
9.881704733962536280e-11
1.070707078255012414e-10
1.301943448350673841e-10
9.590343751208047859e-11
9.572043437480104004e-11
9.701934632862740800e-11
1.286693203620733185e-10
1.254546945900841784e-10
9.725836214710818468e-11
1.255588831984968889e-10
9.622644194293212577e-11
9.955617625282247378e-11
1.391981753814318841e-10
1.441106407293594886e-10
1.300225976526644772e-10
1.129918086538114780e-10
9.741979471829565745e-11
1.029209578378217693e-10
1.091321888691924035e-10
1.044544692610396931e-10
2.722856132146994503e-10
1.080231087021325817e-10
9.383455733101708025e-11
9.392298810396295764e-11
9.453965793588838468e-11
1.249466830735499761e-10
9.785890853626313138e-11
9.673340321197285614e-11
9.898968817169769850e-11
1.100910758016979161e-10
1.093286975361599030e-10
1.696524872586413069e-10
1.005990706786625047e-10
9.286131899167479731e-11
9.807858963094867726e-11
1.305370061923723927e-10
9.214678766462919163e-11
1.026609856756719278e-10
9.937283403944317315e-11
1.019545291396809797e-10
9.787216941027831267e-11
1.125953771874682634e-10
1.056319341688890907e-10
1.526126535765348866e-10
1.180302815600834297e-10
9.547521757611889001e-11
1.005189641327203945e-10
9.771494227658757462e-11
9.765872502345082499e-11
9.701872483751380921e-11
1.720627207369335192e-10
1.452005857200440973e-10
1.065726844580014897e-10
1.100260971481514430e-10
1.050131903380743911e-10
9.642953753181176820e-11
1.197286555734700389e-10
1.024026592305227321e-10
9.258084468423816858e-11
1.418747219952018830e-10
1.217138581723427218e-10
1.027072614522780368e-10
1.138376584838517738e-10
1.097459009207295125e-10
2.181336975085930939e-10
1.136584050885149318e-10
1.514021976058801595e-10
1.050613116458497341e-10
3.619771192874484918e-10
9.293491149392827855e-11
1.086569360101803232e-10
9.719152059000742049e-11
9.930480361630086338e-11
1.788997489823746176e-10
1.181905170593057632e-10
9.438474669960068320e-11
1.474698299394093314e-10
9.870155159858154977e-11
9.660185156510271419e-11
1.132219450435705135e-10
1.082374749475117733e-10
9.317888667572443523e-11
9.708939712777652000e-11
1.355456135447948845e-10
9.558168220022652103e-11
1.063811893983358227e-10
1.370737093534575459e-10
9.402060907686446414e-11
1.240717361435084804e-10
1.481466188778339992e-10
1.396393984956439316e-10
1.342854748245126905e-10
1.573851090309653247e-10
9.413696729097486635e-11
1.065930050668526724e-10
1.319896089729377023e-10
9.654350720607166610e-11
1.605482793514169032e-10
9.490363592667360062e-11
1.522767949878171106e-10
9.566209182238678520e-11
1.140978526528799312e-10
1.177766552112284735e-10
9.354524873344182965e-11
1.143739430898008047e-10
2.874704285276385620e-10
1.357870814256568992e-10
9.776372332727496971e-11
1.012419669109929319e-10
9.374861529121466795e-11
9.484311064349679945e-11
1.281767347860312515e-10
9.694007809809177831e-11
1.107210342471819193e-10
1.662944306323932654e-10
9.869512319774272251e-11
1.500127773651892556e-10
2.296310317937494298e-10
9.698080728982806457e-11
9.352327033917724621e-11
9.643031854687122951e-11
1.627976423896964626e-10
1.018183238185068597e-10
1.161083178619406593e-10
1.095135786941186227e-10
1.086908424545968640e-10
1.073757740583836986e-10
1.395078382039247822e-10
1.082723431909832791e-10
1.187496555117593435e-10
1.422593287328044567e-10
1.074221152667798632e-10
1.005127881895233933e-10
1.636610781032309987e-10
1.200260095695122891e-10
1.539931304731198973e-10
1.049834672424374742e-10
1.396462899875562256e-10
2.148475110192855393e-10
2.776998674412367912e-10
1.043163121157547229e-10
1.025787382978422426e-10
1.130701064465897075e-10
1.078059610273282915e-10
1.096042412011935640e-10
9.888460728136893841e-11
1.363630471050878839e-10
1.027505637839287496e-10
2.927614345868652765e-10
9.983442534795945173e-11
1.005527000107210870e-10
1.011960038535889836e-10
9.937678981219105104e-11
9.423519117462603311e-11
1.019470903389379486e-10
1.017129717345669439e-10
1.139320524458259061e-10
9.215393908853439995e-11
1.290944452048338989e-10
1.507203546943268839e-10
1.026339214130903987e-10
1.403444042227216494e-10
1.138205008689679341e-10
1.032991063139130737e-10
1.198272425486442002e-10
9.516468007378136789e-11
1.354441172152293368e-10
9.411080165757374421e-11
1.195907990044140166e-10
1.380327858008777287e-10
1.872155293988355738e-10
1.237463645746322972e-10
1.476925365696142762e-10
1.057231969139138548e-10
1.226154183609758713e-10
1.023317974864841313e-10
1.199256295317433342e-10
1.016052858251059376e-10
1.072811893780876997e-10
1.592830029714382288e-10
9.351091553495027817e-11
1.613361333547745004e-10
1.166445786611299371e-10
1.051176702191634876e-10
1.955996733531435794e-10
9.775832141169952688e-11
9.226602297165051061e-11
9.320640753151637403e-11
1.178477082455865446e-10
9.451978955674408433e-11
1.078729580368097696e-10
1.109450632103237783e-10
1.013567199856521576e-10
9.980275075390018268e-11
1.248665939743445951e-10
9.492185027538438982e-11
1.149337597270619179e-10
3.919036516256444470e-10
1.295587661573451214e-10
1.170062978727746203e-10
1.364250927052072976e-10
1.061820701201291605e-10
1.198068332492536345e-10
1.074017898355436581e-10
9.888476008612288530e-11
1.194938540760371117e-10
1.867193226882573723e-10
1.153216781218175655e-10
1.096963731127293887e-10
1.102555291397952165e-10
9.850700676484562055e-11
1.304647241589248356e-10
1.070853877594538637e-10
1.577918500349705083e-10
1.037017009259625474e-10
9.308693797638482234e-11
1.200394224151463839e-10
9.548861010882778160e-11
1.287614055874532342e-10
1.562644089404751178e-10
1.751886038663803587e-10
1.095775661391154439e-10
1.190960347667666034e-10
1.821045713200995411e-10
1.050281216031279830e-10
1.775765740328723082e-10
1.849650429972494146e-10
9.575643082913318021e-11
9.565579966081677531e-11
1.117851019228501300e-10
9.931743874613942108e-11
9.364032943347186547e-11
1.056852872747961193e-10
1.196016670446835651e-10
9.207557199279277205e-11
1.302100794092434551e-10
1.168629952008995278e-10
1.483425064529831681e-10
1.541597099477127128e-10
9.328715870805495532e-11
2.684756966304463894e-10
9.595051332884248050e-11
1.111295205650043111e-10
1.581007133581904729e-10
1.397235447110644495e-10
2.141001187782130902e-10
9.503993178234736629e-11
1.402821901802586983e-10
1.079928385433842665e-10
1.814551735583875082e-10
1.105344558685766448e-10
9.816274303072727855e-11
1.011647025889034205e-10
1.017749726346845579e-10
9.553854189036084053e-11
1.122639227724609712e-10
1.523291520097550256e-10
9.207085509869892661e-11
9.462608260774103497e-11
1.202284814086045042e-10
1.369425232407457055e-10
1.264924603445106107e-10
1.156895455605564347e-10
1.055544580941870253e-10
9.725169530509780406e-11
1.260569508014145431e-10
1.170881726916462269e-10
1.510886628266621853e-10
9.728611051917099115e-11
1.107225567688120170e-10
1.211228231216593968e-10
1.328999207154360148e-10
1.679556187705431922e-10
1.322846133399783676e-10
1.007431821217826811e-10
9.860141061385803544e-11
1.408921512626872804e-10
1.071502149528189888e-10
1.195427881521006675e-10
9.838628135185870984e-11
9.473893436693815254e-11
1.079152904361768565e-10
1.052433314079459039e-10
1.537658638172624834e-10
1.191562749818183702e-10
1.226959061932402758e-10
9.876015559866675550e-11
1.130702423390031988e-10
9.856188096868760807e-11
1.184825068445947806e-10
9.827771726809682583e-11
1.057991245623850646e-10
1.790243235921753310e-10
1.268884600268567744e-10
1.304588489550757780e-10
1.049917324519200421e-10
1.706278156760971547e-10
1.154087357577412352e-10
1.040574925950652802e-10
1.110908840361942643e-10
1.012061861707053154e-10
1.607660350011562400e-10
9.656581898547136662e-11
9.917730799394369098e-11
1.113132971080179342e-10
1.275422762581600466e-10
1.062264268061793073e-10
1.255790919869078895e-10
1.279483590338001743e-10
1.095703028344657304e-10
9.557554283116200696e-11
1.132359247884634553e-10
9.248740391571667652e-11
1.369066634225956551e-10
1.248290873606110617e-10
1.886443321208057999e-10
1.103778610027770236e-10
1.102785882628894679e-10
1.048739356986856771e-10
9.839134613898964342e-11
9.616821150200518344e-11
1.006305258405117704e-10
9.573253930768005284e-11
9.375838126500629275e-11
1.064956643335257743e-10
1.046318860614358492e-10
1.350223397027824476e-10
1.504229383779147679e-10
9.983427381581399799e-11
1.105250296085790183e-10
9.201928077145728732e-11
9.190839982623143155e-11
2.660661140358199815e-10
1.060578137971125498e-10
1.248781804032761611e-10
1.442109530475474399e-10
2.905623350570157372e-10
9.604585838952417834e-11
9.314862161794284186e-11
9.463037026850726727e-11
1.083438840842058398e-10
1.083562972289350196e-10
9.548577418025289310e-11
1.028780134711927936e-10
9.627212811748939450e-11
1.344155398514588317e-10
1.301023062836544445e-10
9.608190483849118930e-11
9.990895477294551826e-11
1.286194319554219695e-10
1.052731349526423031e-10
9.879915705954791353e-11
9.203571571535375644e-11
1.238700035262934220e-10
1.154597152329037697e-10
1.112106190422209383e-10
9.195595781817196679e-11
1.000106725318417840e-10
9.227365333703592040e-11
1.258258312696728712e-10
1.045179562370819714e-10
1.127818286839454934e-10
1.555376162639703491e-10
9.790469815199546214e-11
1.182082947478132875e-10
9.892234378074865897e-11
1.023424739682362117e-10
9.410330179635192966e-11
9.316568701684779308e-11
1.768538664275969403e-10
1.152987024094684190e-10
1.251923995399275446e-10
9.351396425573722894e-11
9.735971091900248242e-11
2.213756154216316886e-10
1.278990786660908233e-10
1.131497149218499162e-10
9.719322702318137248e-11
9.714140181459082127e-11
1.215553977457483683e-10
1.132169228247262947e-10
1.629773408631794400e-10
1.009241939162728202e-10
1.184530230732402862e-10
9.223858156250245997e-11
1.217918110214719208e-10
9.598549326219481099e-11
1.171317924327180962e-10
1.198583673321384592e-10
9.403066969828811687e-11
9.311641529947194139e-11
9.408255477485482207e-11
1.113766542825971976e-10
1.786612997767775642e-10
9.274808702516866686e-11
2.144139440671789966e-10
1.070439088411351173e-10
1.056661117098801520e-10
9.464053293359182051e-11
1.070955059120613443e-10
1.280889120050607549e-10
9.260544620029872085e-11
1.101487909964798253e-10
1.567961351833102442e-10
1.049274808333024978e-10
9.828647384799687465e-11
1.121845855716240131e-10
9.425208430350095355e-11
1.339279000578909324e-10
9.570408272842648606e-11
1.030573608397115896e-10
1.221505699880384956e-10
1.463512013448625632e-10
1.479908837106324896e-10
1.405628060620983952e-10
9.351556881069329180e-11
1.518909615915344181e-10
1.063864928703488404e-10
1.371175667095141101e-10
1.345625338066062593e-10
1.136343235813062748e-10
1.009378521508538492e-10
1.219178188724914191e-10
1.015227385901078889e-10
1.005472788411602591e-10
1.001449466064463043e-10
1.010385129910795376e-10
1.115838599015317311e-10
9.828555213489050911e-11
9.610211701604399228e-11
1.201709020457391595e-10
2.077566922379919259e-10
1.199702806276673957e-10
1.230421350387017846e-10
1.190213466262702110e-10
1.072357912726204184e-10
1.137302172328241557e-10
1.312148489729245233e-10
9.638235395419873428e-11
1.559463146351935628e-10
1.010278659958544372e-10
1.994142130084240930e-10
1.265468991656687074e-10
1.012813279133707984e-10
2.639176850392998481e-10
9.872450718306585526e-11
9.224247900252483875e-11
1.419230704785959113e-10
9.344510614814286810e-11
1.083190540607183048e-10
1.476524086638849970e-10
1.109830535275002101e-10
1.090911112604954566e-10
1.181682916578018044e-10
9.588585735635283032e-11
9.365811761638550625e-11
1.238406412119526863e-10
1.036242836445758755e-10
1.540450803736173498e-10
1.307362896239786826e-10
3.036388235176643067e-10
9.785135221879159383e-11
1.000955194189560203e-10
9.258181590515404270e-11
1.140841002035682797e-10
1.016813623981368688e-10
1.041778486911583550e-10
1.156458499280802562e-10
1.219380458775142913e-10
9.302908713710769116e-11
9.974650288429402322e-11
9.569952269884346144e-11
1.112297827195848135e-10
1.427954349114562822e-10
9.316906757315799355e-11
1.645377718393716721e-10
1.053207185125946027e-10
9.448544838151437217e-11
1.037764309980819270e-10
1.675560982064606593e-10
9.482995539221366218e-11
1.275421539578508011e-10
1.044904396510069819e-10
9.747644200027198424e-11
1.297700851110888299e-10
1.041416378149342391e-10
1.985830582471720831e-10
1.179217365632803080e-10
9.578990162237499739e-11
1.012159184300820998e-10
1.337488577273060074e-10
9.305326262444979884e-11
2.096571567101401807e-10
1.183865958290277812e-10
1.213788771017811782e-10
1.398732040891303061e-10
3.599711817185033767e-10
1.071087580016484411e-10
1.095753313210156488e-10
1.003504376105483898e-10
9.274727894474644425e-11
9.721897546899687769e-11
1.658572055571757729e-10
9.759181430431441858e-11
9.593874626954833813e-11
9.555224157252249197e-11
1.481562738186670072e-10
1.540560698050296024e-10
1.461264900185942383e-10
9.413888159966399478e-11
1.141254879935415199e-10
2.617408032098960955e-10
1.033576278501615891e-10
9.392394717033365954e-11
1.092305519009878402e-10
9.393417667849311306e-11
1.168488677395657335e-10
1.049583781193916430e-10
9.768482941150817122e-11
9.880405040920367302e-11
1.076778145444072931e-10
1.042336035850007446e-10
9.799714530834319006e-11
1.006491841674689740e-10
1.158938441732258980e-10
1.290921459471843643e-10
9.570722746565030773e-11
9.474464525147898467e-11
1.078859849384644097e-10
1.858114400226791535e-10
9.465863281590613885e-11
9.796911106968815325e-11
1.204667862659330008e-10
9.770892035320956078e-11
1.014465579467196807e-10
9.559348770949144185e-11
9.459844693725349424e-11
1.112361240197765769e-10
9.766119670645322171e-11
9.599788258111399681e-11
1.974119644856514535e-10
9.867124307204397444e-11
1.530040902071146878e-10
1.063368892030582342e-10
9.894403274715230754e-11
9.939960888822983153e-11
9.541627089318994584e-11
1.037629537606275385e-10
1.339970220984172021e-10
1.167092291541939279e-10
9.648575647622267777e-11
9.995800857062627735e-11
9.221373199412867832e-11
1.120628854069517845e-10
1.116619217795007421e-10
1.207044226691524230e-10
1.018207069203428476e-10
1.045585643782036071e-10
1.263403664092096786e-10
9.926308247411195514e-11
1.064290556052857863e-10
1.142795992953686447e-10
1.193101300830887774e-10
9.952655139742963706e-11
1.404461672192580841e-10
1.166888722572042454e-10
9.499056211263232538e-11
9.661526328793575244e-11
1.201559558047070714e-10
9.500259012593415497e-11
1.053703068845917317e-10
9.939352424950301549e-11
9.575878826230933684e-11
1.611241357502330126e-10
1.332428414039083659e-10
1.183465149019168989e-10
1.025768145572999279e-10
1.097065593021503620e-10
9.214369939962548197e-11
1.586654443606775658e-10
1.093590636578061988e-10
9.911708997428850237e-11
1.992859675238402171e-10
1.064008254211106902e-10
9.640516708097746802e-11
1.260423699527160005e-10
9.841682009384989027e-11
9.347223736775913038e-11
1.229532584105667086e-10
1.199625387052924699e-10
1.041524438262484755e-10
1.328027960909354880e-10
1.365170777223884838e-10
1.763829017650040601e-10
1.017679693814820097e-10
1.205068920674645099e-10
9.540554989077416046e-11
1.187721761929872435e-10
9.732252943575015090e-11
1.537443672440444898e-10
1.205265550681873200e-10
1.090139665509834505e-10
1.890477297570591518e-10
1.353286204621020107e-10
1.574058646978800748e-10
9.536896441683511516e-11
9.744595510401524265e-11
1.193525199803312873e-10
1.502176624084838944e-10
9.496175276768231655e-11
9.645593277343707225e-11
1.193451318637551729e-10
1.023042120630026378e-10
9.375758080884028004e-11
1.341313108271700401e-10
9.623066714577331944e-11
9.751465490320850748e-11
1.048482429562556055e-10
1.198551389489317095e-10
1.057093605535317092e-10
1.096246277327010324e-10
9.664286135959305995e-11
9.203197333018472808e-11
1.052630083627550282e-10
1.074009369466752235e-10
1.038727779349225218e-10
9.941481905940250763e-11
1.916050047475863563e-10
1.147696872024129459e-10
1.345684853266671995e-10
1.042527177106841657e-10
1.220008708066184439e-10
1.252627397627446129e-10
1.174498790226627909e-10
1.050242077618245634e-10
9.227738714443871210e-11
1.016947825061776736e-10
1.198325381356283520e-10
2.168287581240686742e-10
2.550995615724121134e-10
1.208411668948439679e-10
1.158730959668379157e-10
1.078987273149590919e-10
2.292198349975567407e-10
1.142503806240960811e-10
1.040506239515212484e-10
1.102941438422249811e-10
9.537290740738016429e-11
1.071876708484459069e-10
1.160602442672256823e-10
1.148315065708812550e-10
1.002769501003689181e-10
9.567577602358521077e-11
1.425395314254736609e-10
9.929125354050141581e-11
1.088790589281227960e-10
1.477879230803900752e-10
1.073615554560568582e-10
1.589570871013385865e-10
1.125171998553937995e-10
1.128034820876032424e-10
9.332413583494390592e-11
1.125534975098558000e-10
1.264543902570188727e-10
9.862515237764812525e-11
1.010995268338324658e-10
1.193845305291053260e-10
1.214166762563089177e-10
1.915338969240230510e-10
1.044350960994783460e-10
9.714838566292541976e-11
1.093957170728709359e-10
1.425062388808055366e-10
1.139517598569349250e-10
1.361351808872550609e-10
1.111791788381170143e-10
1.369794089033294597e-10
9.181256696418039711e-11
9.710073156904602431e-11
1.266395950647309353e-10
1.032009661756474652e-10
9.370906199896476418e-11
1.031827122294001133e-10
1.154116722831577154e-10
1.352578869153022968e-10
1.153458517273155337e-10
1.322312991029199820e-10
1.616694765864013938e-10
1.377883635870601508e-10
1.269147478616665071e-10
1.080023164474072538e-10
1.504049415231885786e-10
1.351507377079442580e-10
1.042522800169228872e-10
1.119233835231755114e-10
9.601042730126540310e-11
1.014609016563004664e-10
1.646865707600769032e-10
1.013763079075855510e-10
2.506167656147585857e-10
1.002327141627597041e-10
1.730986220752489513e-10
1.196853478889789512e-10
1.008731488329634106e-10
2.403251325117938023e-10
9.957789624532953700e-11
1.216627575259845625e-10
1.056919187165581379e-10
9.353610498694554030e-11
1.366870726612679418e-10
1.299659460781481894e-10
1.261697171878753099e-10
1.830240703456874784e-10
1.248111405096895573e-10
1.202201100699520778e-10
1.512893231745758272e-10
1.727103740958373396e-10
9.837093211874813619e-11
1.010902344222559822e-10
1.183978215820953224e-10
1.344109841787342177e-10
2.680488112657965888e-10
9.792488896414375710e-11
1.169850628836386433e-10
1.377210237662279153e-10
9.584299390640066053e-11
9.584896125223258337e-11
1.540010120833610398e-10
9.473814116470607768e-11
1.203965729863506910e-10
1.410652500148691096e-10
1.379620108755852491e-10
9.853184142087777162e-11
1.026759201090320318e-10
1.000176320443816752e-10
1.014788287985263816e-10
9.283887603879244109e-11
9.228534133681709274e-11
9.361035526587248793e-11
1.203165427475595787e-10
1.125884209213044877e-10
1.405330363752138559e-10
1.931975967762861774e-10
1.497810854564499441e-10
1.269223630732610993e-10
1.215712136585685259e-10
1.094098439551089216e-10
1.061816393932227654e-10
1.628042607399512888e-10
1.037485958879263143e-10
9.196637861240095296e-11
9.381871844711356035e-11
1.200809423357182582e-10
1.237057975002299037e-10
9.413297903846735873e-11
1.082397339168575248e-10
9.675816852608648137e-11
9.271931556696041256e-11
1.359674734793246743e-10
1.113868435792582810e-10
1.031930172237634947e-10
1.007461887891536570e-10
9.259104205926237996e-11
1.158431649423308117e-10
1.305674428697516999e-10
1.784134544883638902e-10
1.006845364061245129e-10
9.743976385189256925e-11
1.049309626155971493e-10
1.364657895107083805e-10
1.176610811543473604e-10
1.531676511072089604e-10
1.037225128549617263e-10
1.580711178306304421e-10
1.257036293819913710e-10
9.176690149232870917e-11
9.245110655103518612e-11
1.168978453506862918e-10
1.614331843324955172e-10
1.214139948988842365e-10
1.196331018681335280e-10
1.442594941482401555e-10
1.104701215236430222e-10
1.535600326064338466e-10
2.250293606728807607e-10
1.115420606674478327e-10
1.405506741765418591e-10
2.196227153269304291e-10
1.189068317843896215e-10
9.632498775202775109e-11
1.293489572561567524e-10
1.146920029193160725e-10
1.372837000237641558e-10
9.882132835391115591e-11
1.247565382865014198e-10
1.022494668693951396e-10
1.652664582734441185e-10
9.390012781904836322e-11
9.267323263176964211e-11
9.270880718821216439e-11
1.885557439194256984e-10
1.139991264343114327e-10
1.031941948800714832e-10
9.478239296850295238e-11
9.660871358031828128e-11
9.182495844907028499e-11
9.905333070702712868e-11
1.289984509689583524e-10
9.923094368891795252e-11
1.201674233245347513e-10
9.756259588329565578e-11
9.523181729436893171e-11
9.755733884679448503e-11
1.048360478625965921e-10
1.006767147189504511e-10
9.328281707374526241e-11
1.121970365515120291e-10
1.360042435832270803e-10
9.429143820563205440e-11
1.008636879971514460e-10
1.330314061265516308e-10
1.087666412344625312e-10
3.663533013508994180e-10
1.355508315580874967e-10
1.716588442465116970e-10
1.104649900029049135e-10
9.572515074167887558e-11
1.260209902772231565e-10
1.343683412033437315e-10
1.001054972685693072e-10
1.033029302144448738e-10
1.167113439783148177e-10
1.540782539256194407e-10
1.519330464680653708e-10
1.125416268478976497e-10
9.316021350762787361e-11
1.200034369166493646e-10
1.311080376266639391e-10
9.475701780147630576e-11
9.533189333081675539e-11
9.644453205401827780e-11
9.774828858976767172e-11
1.172461114958093899e-10
1.058309510031048976e-10
1.478041560048007667e-10
1.125848744448003314e-10
9.676470938118176549e-11
1.327177757961404241e-10
1.930606398959582416e-10
2.292725510518697880e-10
1.074981281379218551e-10
9.226034042595743418e-11
9.569118836039209356e-11
1.002044727377011610e-10
1.152908202829825121e-10
1.013344365664706048e-10
1.113543451366719405e-10
1.660271091009094423e-10
1.241858280171277135e-10
1.342844226364872350e-10
1.065088385153542823e-10
9.623270144480361961e-11
9.400399900559283948e-11
9.999660091843921573e-11
9.819518753008977876e-11
9.279833752495538512e-11
9.945374782221860271e-11
1.177161912725932738e-10
9.801701148137195546e-11
1.028910017380379775e-10
1.732556538307935267e-10
1.527104644492725432e-10
1.557227763710656290e-10
1.183018504974040099e-10
1.039615879643649505e-10
1.072591328374728101e-10
9.509623644562982739e-11
1.621832836193463050e-10
1.636902789257143392e-10
1.438889238831674652e-10
1.049879624269872367e-10
1.143419195955089644e-10
1.240310115511251671e-10
1.169527422968374983e-10
1.136957361280737310e-10
9.178761650910767639e-11
9.497568351561758100e-11
1.333669742908143940e-10
1.015997646051271787e-10
9.728177044863211958e-11
9.285986599454505721e-11
9.420570153387364749e-11
1.154294235219761233e-10
9.773748300453044659e-11
1.121312105278055106e-10
9.777066826356230959e-11
9.274744056132372815e-11
9.650573852813156309e-11
1.326500797414020630e-10
1.079082124514420077e-10
1.297692418806508108e-10
1.352825137593632215e-10
1.228577543933797623e-10
1.111953135986965414e-10
1.402175880337910891e-10
1.276345837258526860e-10
1.790425033222688560e-10
1.368074314116833324e-10
9.988214796192382397e-11
9.549979555296113828e-11
9.973528031242261346e-11
9.341491657211313563e-11
1.649707324693215057e-10
9.256951311475771962e-11
1.063681447396206155e-10
9.423295980855939665e-11
1.145225209485698616e-10
1.064870717074908555e-10
1.283908941446046074e-10
1.098752785083754859e-10
1.083957853232029996e-10
9.268617021644602874e-11
1.294069319264413437e-10
1.100764689649858389e-10
1.463956521019977580e-10
1.048968658114954335e-10
1.461756680562744022e-10
9.528802273135302790e-11
1.993596140783446738e-10
1.322213450287188621e-10
9.315473971700315186e-11
1.134566859785477831e-10
1.135774843405797187e-10
1.494048475400661272e-10
1.910311997250569320e-10
9.680316801379818470e-11
1.428589051179271005e-10
9.379503575123258366e-11
1.232391297620543956e-10
1.033858489803623889e-10
9.947776751549379958e-11
9.370505781518814971e-11
9.842510555847979348e-11
9.722595444138994715e-11
1.043521783973910700e-10
9.618856435574114997e-11
1.071419531753280014e-10
9.710694173086009562e-11
9.830290979516186452e-11
9.283903751583836602e-11
1.286480804091623499e-10
1.373490495711384697e-10
1.298264502180160246e-10
1.152092994540122815e-10
1.769181708716225825e-10
1.141385621873178962e-10
9.525139776264079453e-11
9.289440965205897492e-11
1.078898077896793069e-10
1.056623627473960763e-10
1.271048857033726403e-10
1.916752331826348734e-10
1.015940938897003828e-10
1.004262900929014170e-10
1.261077251214932024e-10
1.227994852590049179e-10
1.007700890021031691e-10
1.889194183015344675e-10
1.494523351306858728e-10
1.630549919712565671e-10
1.505350058016503388e-10
9.761484353780402212e-11
1.314923221839688836e-10
1.139378569932059844e-10
9.180327239009607386e-11
1.547829595553087725e-10
1.224151371662780692e-10
9.439747879943580818e-11
2.433275753666597269e-10
1.141060764638512646e-10
1.594644525048459271e-10
1.029749480893690530e-10
1.097013965424494952e-10
1.198849663138109352e-10
9.729153536911707796e-11
1.018321749154068567e-10
1.071910883067157938e-10
1.001725983796808016e-10
1.116303179709582664e-10
1.241425064538496354e-10
1.323647862472865286e-10
1.138891177575622435e-10
1.575965216621757407e-10
1.032427629598624396e-10
1.043545107900843532e-10
9.631857713731572582e-11
1.180331609372004358e-10
1.017494906892288459e-10
1.086494781642950172e-10
9.784518341782465173e-11
9.832686817703938513e-11
9.620327868746532875e-11
1.045495415395373080e-10
1.280192009553528862e-10
9.835373848934971161e-11
1.401911319048218492e-10
1.101781252037439015e-10
1.312322657298518316e-10
9.311625424339096101e-11
1.757787890328502937e-10
1.513263945440318632e-10
9.940995202617953660e-11
9.715645534058827551e-11
1.072004858254216947e-10
1.366769426481559730e-10
9.185625673762466633e-11
9.762195227372830488e-11
1.073790441038905495e-10
9.902281117564915188e-11
9.416392400108140091e-11
2.576463354485948265e-10
1.270707798763587207e-10
9.388925548547077768e-11
1.269637484427776704e-10
9.276957970350234051e-11
9.590437922656064757e-11
1.403204439864888683e-10
1.061247700148096785e-10
1.157671762592197823e-10
9.826189224293560326e-11
1.049570727612979983e-10
1.038907794029139959e-10
1.877977814371784137e-10
1.737173243927195332e-10
1.119332550601779646e-10
1.463719103622611240e-10
1.068782806033451245e-10
1.476413260862224602e-10
9.389740983892351782e-11
1.357054369137332677e-10
1.039634892652570218e-10
1.068164513046774503e-10
1.059827673902578352e-10
1.035541538728161995e-10
9.324582561058250468e-11
1.022389302989777924e-10
1.465984578835986448e-10
1.083276604850211089e-10
1.115256947341790910e-10
9.429860639728166170e-11
4.194641072575808801e-10
1.014387876963701720e-10
1.138019897230266327e-10
1.107238024547020785e-10
1.417197760416604890e-10
9.225205959679318028e-11
1.373271547716767200e-10
1.090657289088253880e-10
9.809644096753155482e-11
9.806427572992752845e-11
1.138961394927237832e-10
1.193711829136705344e-10
1.234964974562031882e-10
1.294956616240285063e-10
1.872260186921568431e-10
1.282645049467381645e-10
1.258547879197301429e-10
9.594313945273590790e-11
9.925790432792469683e-11
1.786640316870887488e-10
9.180539227771745729e-11
1.443259129928668017e-10
1.003502867604180687e-10
9.565579966081677531e-11
1.333776767517188496e-10
2.035147954835868845e-10
9.307372690821966558e-11
1.154757256628243411e-10
9.449641966615405173e-11
1.184628082224759282e-10
1.600445226893342046e-10
9.466911031114277036e-11
1.101809053427524457e-10
1.453691868067025090e-10
1.088541952651324042e-10
1.044651013141751890e-10
9.588570037797364471e-11
9.299829572452657443e-11
1.341389173898789187e-10
1.087191141966001193e-10
2.362439018741596113e-10
1.029435305469586697e-10
1.062215469287903772e-10
1.009656139071862408e-10
1.020053978089946629e-10
1.144913403140184093e-10
1.236481295201587311e-10
1.067965964593526989e-10
1.951145840968940713e-10
1.145977539621520598e-10
1.392445046550230184e-10
1.177215698604198083e-10
1.173328393334258688e-10
1.122020986921263755e-10
1.096574347052917408e-10
2.831280005780545607e-10
9.596823998083010004e-11
1.111427646693874026e-10
2.728877846295768199e-10
1.014698655738335755e-10
1.496543824461675524e-10
9.483629547168069901e-11
2.231531884086856728e-10
1.137634726908601790e-10
1.366401006975561750e-10
1.837743610812014574e-10
9.534908957292642072e-11
1.588215703783741408e-10
1.095972587495754148e-10
9.254992282468729617e-11
1.303981649374538017e-10
1.584423326748526918e-10
1.163167451682866453e-10
1.350088424051878036e-10
9.246277492079802734e-11
9.677420850562720815e-11
9.471735719523416963e-11
9.375565968964435124e-11
1.276645252538622177e-10
1.134009887554840664e-10
1.156403869582432616e-10
9.408159712337049626e-11
9.941816502380619158e-11
1.224693845269212860e-10
1.020266608775573657e-10
1.118587884163287397e-10
1.134733498397539755e-10
1.014114382497581047e-10
9.570282480822019001e-11
1.023415842986467510e-10
1.021498508869204444e-10
1.467907448431093009e-10
1.014041140784357634e-10
1.318155136257249407e-10
1.222299292830486996e-10
1.117516064900678698e-10
1.677346959643971596e-10
1.870073854010627254e-10
1.236662239685089134e-10
1.315788680434865573e-10
1.624609813041618250e-10
1.116227593785061849e-10
1.043623822786858150e-10
1.742811583473862090e-10
1.231723186637711924e-10
1.213089981680306220e-10
9.421239718801777619e-11
1.075525159555335599e-10
1.209110260606873821e-10
9.615004731150867725e-11
1.105020154892887057e-10
1.059517001003818366e-10
9.365939953338156697e-11
9.597200456460032064e-11
9.874990592015454854e-11
1.089701832194017300e-10
9.401134608459446412e-11
9.187874662003876428e-11
1.414792605845708378e-10
1.051060819269259466e-10
1.145549033125559599e-10
9.848385347852323470e-11
1.132565523333709170e-10
1.084363885212897372e-10
1.007971398624865679e-10
1.458164326297678610e-10
9.825298008220942075e-11
1.023599694284629207e-10
1.269111857706112912e-10
9.773331485657662918e-11
9.798359116818563764e-11
1.114474117530983801e-10
1.611667939681506982e-10
9.269021288761339237e-11
9.754574156619845257e-11
9.475844531243831013e-11
1.675095680561335697e-10
1.068829914834897932e-10
1.102773381776386982e-10
1.440202743870013098e-10
9.448274514023196257e-11
1.226476949762426798e-10
1.245204359649665679e-10
1.067515897080917164e-10
1.331422843226503205e-10
9.695593628061726199e-11
1.556133681968164584e-10
1.160110902605192328e-10
9.413967921823171313e-11
1.063353118757867201e-10
1.362207563940206017e-10
2.165526310513969882e-10
1.104046443126703492e-10
1.690401928282116670e-10
1.154139413716569270e-10
9.219553774527987465e-11
1.058986083656590172e-10
1.067077100037442931e-10
9.198851937036142269e-11
9.360169806107882554e-11
9.906904505626368604e-11
1.809883980808651050e-10
1.269762722515344610e-10
3.128280864746612454e-10
1.703107195875321067e-10
9.443216614777097008e-11
9.569622048976692504e-11
1.394247093950412392e-10
9.917532664422416183e-11
1.253644606729608620e-10
1.059764395145729918e-10
1.028881975745886751e-10
9.574102768248479214e-11
1.163004383378706026e-10
1.787778288122107520e-10
1.329163183797706122e-10
9.680597014455486533e-11
9.437455993760286005e-11
9.696510811491696715e-11
9.904997396135421968e-11
1.211018371636648392e-10
1.811603010262375846e-10
9.561111489542286123e-11
1.473729700444367623e-10
1.572860796657700409e-10
1.385223180886128967e-10
1.138161773334513401e-10
1.263544239421928995e-10
1.953985229045015320e-10
1.010170680402213644e-10
9.803071554712826559e-11
9.472687706581940015e-11
9.257841659294434536e-11
1.085875466678688208e-10
1.099241786188789841e-10
1.012322368428547357e-10
9.597498476845137122e-11
1.180369563858603825e-10
1.090237876211680084e-10
1.139690351341307488e-10
1.176000400231116689e-10
1.392056524118230355e-10
2.297304417021716570e-10
1.101097144449771686e-10
9.512232281741524103e-11
1.114414938605902639e-10
1.612538737698663458e-10
9.870292906538526376e-11
1.094471815932879163e-10
1.038276891076161933e-10
1.302077973985846264e-10
9.499151174108066172e-11
1.003787939108766868e-10
1.182007133726616237e-10
1.008866629660200339e-10
1.142359708537302260e-10
9.796834079922861270e-11
9.500037453939642952e-11
9.358822990530684114e-11
1.354465539065362642e-10
9.314749456134346293e-11
9.891440030142633851e-11
1.470156474614949990e-10
1.555385415161912477e-10
1.438207871266883163e-10
1.321821148520425550e-10
1.457151288119701252e-10
1.271895022749443011e-10
2.403855449224626130e-10
9.665486514808748989e-11
9.770861152787221997e-11
9.431341914936021430e-11
9.225498231664509866e-11
1.070915157545881508e-10
1.203875686925554450e-10
1.038458438123575940e-10
1.090249099798988836e-10
1.889515033129081303e-10
9.782806321239904288e-11
9.780677497632460668e-11
1.855182288218054452e-10
1.042289340194868923e-10
1.879563826758090501e-10
