Format: x y z  (R = removed from domain due to fracture isolation)
363.3823752 190.8491436 -219.1814452
310.8074139 487.6271798 464.0256082 R
-55.33664976 -357.186824 -365.5225745
-259.9612791 -470.7654256 -301.2758088 R
-61.44497615 4.12771061 -456.4423522 R
-357.6511247 -163.3430678 69.43289938
-536.218319 41.79989097 524.5957684
-257.7715249 -155.0099286 -518.9806132
-485.8380649 -226.158566 -253.3245352
1.190102823 268.2779803 -166.2729178
-313.9478014 276.8137894 -410.520421
-30.31432837 -287.1393901 -491.6432438
-317.8042143 66.34161543 426.5076826
434.2098868 51.48306094 529.8387794 R
-322.560236 -426.3373401 -406.849104
-276.0465024 -348.7885013 311.0927977
-308.4471763 509.4560231 -126.512578 R
145.1410719 -245.2448807 157.9523023
190.4755634 -110.428226 474.5592655
-516.1923982 -64.34016331 135.2001223
-79.87297143 -94.78795986 -291.9307056
-79.11421184 -227.6562482 176.0474934
441.1380275 282.3794787 -85.97305843
-452.4257808 194.7806548 71.35217599
161.285128 -381.5495317 -152.1544781
100.3739998 317.7438733 -273.9467187 R
-333.2830008 -377.2027983 -113.5190614 R
449.222803 372.2443214 218.2532486
323.8184242 243.6789289 -48.5651963
-471.4834748 -58.60626225 397.8313031 R
136.9255779 325.9891753 509.2242577 R
-0.06803167424 152.9828469 235.4705709
-239.8968651 288.805955 443.3671621
462.733274 -504.0724438 177.427299
-240.8686144 -18.4811964 -367.6908559
-327.181241 -169.8567144 -362.7714524
429.8331461 203.3186779 -15.23637418
-90.38868799 458.9671985 -423.5646156
438.8157402 494.4605413 259.9931333
479.7091475 72.38521663 412.6204645 R
-440.4034541 -341.0558882 -118.246286
-90.92708193 16.07250453 66.52428057
218.9515536 -12.44152199 473.7910192
451.8717205 -198.6036464 -183.88333
-358.0860248 -56.5833017 -86.30116367 R
483.3304285 -181.4843351 -294.1823194
202.4026274 4.23578185 -226.6098887
-478.552878 -353.3696323 83.53997572 R
-32.33476542 -140.5327427 -268.5483739 R
-450.5248591 461.616678 183.6727839
308.8182688 281.9394404 -40.5051617
-37.22679621 394.0855279 -30.54591436
-340.2530702 128.6618384 370.035646
517.5499765 69.23335353 -83.31770962 R
420.9307591 -270.7536483 -108.8382708
-250.2923504 132.0225106 -242.509922
-198.7949345 187.1392951 131.6496975
-200.2708615 474.317065 473.8894581 R
359.2591262 -161.6459246 -242.507866
-78.22067614 -360.0243353 464.7055693 R
417.7668074 468.0318172 175.4736799
230.2513993 52.95355946 -315.2362974
-452.3136637 -223.3387994 22.95639529 R
-151.4811448 -87.27319636 234.4211886
482.468782 -263.6279731 511.8344604
-118.11451 24.97804674 322.4086185
32.62086592 67.17933437 445.3369545
-180.2400696 511.9117349 382.4442005
444.9022647 -442.4713153 342.5141166
-210.1112698 -222.88645 70.07874682
198.6804974 227.7894995 255.5321911
30.92505149 -450.6271106 -493.3632313
-68.60578064 166.1345556 40.33576846
-494.0163256 377.3127763 -160.0520047 R
119.3185214 -132.4153003 12.96139968
-152.1855867 -90.48138474 -270.7267654
14.32259241 -264.8896809 387.3984627 R
145.4319608 53.39649394 -260.3429205
-485.7462438 159.5251015 99.09521693
-454.060038 -236.3534705 215.7702109
242.797412 -364.947763 295.0595644
481.9474299 -353.8617478 171.0589617
341.6212906 474.4860552 -127.379703
-27.05046122 -316.8235404 297.145348 R
-465.8126078 193.3365307 187.9194287
266.8767886 415.2476415 97.1274391
244.0547336 493.9495449 -462.2921109
201.9646716 -398.281467 -324.2047519
450.4900051 -445.4549935 -398.4852648 R
-42.83409976 -392.9520984 -95.15217794
-107.4659557 -468.9705402 -150.5174183
-246.5823495 -51.7900551 366.2884528
147.8346597 -59.98864001 345.5991277 R
527.9012022 414.6261304 -490.6246508 R
438.592328 -230.1680374 -407.221009 R
338.2008091 53.96562184 339.073346
-461.9256563 510.3441666 -50.22363185 R
293.957732 259.3997485 -529.9035431 R
-232.9997746 466.9911711 223.455859 R
65.2213586 -364.9146783 495.983018 R
497.2803673 168.0812538 300.4231222 R
105.534245 -401.4513331 -123.4823036
114.5419032 -194.2914934 -29.55078856
175.5662982 447.2331365 -356.8687068
-496.5031829 110.5494006 -276.3745992 R
313.3810137 54.89036048 346.9969338
-359.8477019 127.5756673 -454.9495504
-41.47848891 -39.33369622 58.06129714
-319.0392503 136.3957202 -396.0036586
-126.8805145 344.3700845 -484.5358909 R
251.7910469 298.8421579 51.40409703
-233.3194939 -400.3456371 -335.78233 R
-432.5959229 -354.6494971 36.270978 R
106.5707716 83.01558839 211.2089714
249.400286 -13.93328268 -436.4242721 R
-462.7415808 388.4472689 -107.8632119
375.9776189 -408.9343309 393.1329525
184.269359 -512.0843333 -113.9853281
-470.9915858 -349.6815842 465.8306719 R
276.9479122 366.2978783 -19.27860012
-14.29560446 120.26798 369.9277113
392.9537661 203.2593667 252.0359618 R
-17.91675113 285.9446297 -182.9399842
370.46666 63.82935748 353.2599627
-387.3579543 29.68668571 -226.5714123
-244.8640408 262.0653196 -29.90540367
247.5109059 140.5562547 108.8167625
-57.63280851 -302.4336631 128.2276021
-151.9888034 -26.55980908 -401.1227516
-358.6343158 -163.6073504 510.3660284 R
-172.3380523 -494.9445178 441.6791791 R
518.1507494 -358.5346274 195.0492203
249.4235761 114.5236541 235.929004
525.7118453 -250.2385504 393.6337108
232.5723322 -544.9261256 -386.0577186 R
-359.3372214 -235.8813116 266.5146218
-68.18090911 -79.54295307 383.940009
-438.0095097 -257.6634902 496.682143 R
-468.8743603 -375.5694071 -523.0154645
-368.5760079 172.1021275 -318.2289242
-176.3594573 -26.94994304 275.7222954
19.5650679 -287.4448116 159.2407708
-188.4529576 -460.5865633 -473.193784 R
-288.2581266 -457.2214016 427.7919406
365.4196759 -148.9959246 184.5392028
-442.2964438 184.8802624 53.45982313
112.1812043 143.6242584 239.1625199
325.3050985 530.5053043 224.1195706 R
45.05855236 -82.90736682 -383.825707
-23.41750281 -43.64656389 -392.6597466
-67.52785417 -266.7438375 179.5791971
198.1330547 461.416669 417.3624785
-129.7394326 232.2068706 -252.2821264 R
-68.47863898 -113.045079 378.5506572
-171.6630318 -534.1232687 539.5611757 R
235.2106764 -88.59458594 255.5782964
-488.9288402 -107.2395315 -272.7640031 R
-221.6716342 -39.68970851 -304.6119783
-319.5916618 333.1912278 32.75185397
-429.7477692 510.4784044 -443.1759443 R
177.1430064 198.0372662 -166.0538891 R
-315.7515662 311.552913 111.4802581
-317.8948925 -57.14654165 -92.72824091 R
410.7818477 129.686358 -382.300921
401.8906921 147.8434654 328.3768146 R
-298.1813834 69.27195933 222.2483987
-44.72712873 359.5404862 151.0586186
113.2455237 58.36765153 189.8251697
320.6581796 47.56010171 -357.4395013
98.26905376 -158.1841409 85.54049226
236.5907329 297.3881769 31.45360082
-394.6306412 270.2583269 383.0526119
524.8725842 457.3074555 -105.5845463 R
430.9226937 78.1268037 117.4290529
-35.52423724 267.7325462 428.0995335
283.8627955 325.9474364 203.0377395
-229.569261 350.6989299 -358.3250039 R
51.53707948 -492.4725265 67.07648014
189.313731 -132.3643049 113.4035203 R
231.502052 439.688862 -341.5045885
270.8343216 349.5159199 107.4379979
24.82008949 -468.7023777 -307.7164846
478.4499436 -30.62111879 314.9203179
218.935392 -384.0394867 143.0304845
244.6158214 -324.6589087 303.4709984
-9.338970231 -18.95260561 -376.1289792
-313.151231 335.2912317 95.18263894
336.4529316 119.2840829 -328.9363092
-311.5298711 -67.35491679 447.429538
-308.3763984 -427.770218 -440.5580647
294.3847505 -241.3942254 -182.8393497
429.1299337 288.02473 237.7248878 R
16.55534356 -313.3237288 -417.4586308
212.3893064 -465.5976384 473.5496651 R
463.4846947 -324.5249291 425.5632815
-414.6214135 451.3917018 -257.8921132
335.4434958 -232.9760741 353.6174529
-512.3970762 70.34878761 -362.0767964 R
-288.4118593 142.316375 235.7132358
-121.8201559 -451.8920569 384.471558 R
-515.642275 -73.81334652 -252.0215577 R
-79.84792406 -462.395408 -184.9932381
339.2400536 269.2139925 -75.87036998
-263.8885097 -398.674534 141.4015531
-251.3931508 346.9901906 15.84822505
337.6617433 -529.5321932 80.45622534 R
343.3237976 420.1280959 -455.6804864
156.0849833 -343.5830018 -328.6205075
-276.727694 98.35243737 -364.4542815
-282.3891985 -17.56945635 321.061588
-435.0941286 444.2741109 245.1592842
-98.11476335 -376.1450115 -471.0000109 R
155.2309345 333.1555031 154.827108
-455.6556825 -27.19411333 204.856391
282.139244 387.4889829 222.3726804
-31.85042363 136.3391184 -335.7099075
-498.5085598 -230.1036937 -21.44826263 R
-164.7230629 57.51038572 -127.6320796
-435.719343 430.2893765 -5.742421259
98.31864554 144.7389671 -500.8368278 R
-183.2740799 364.2482828 -81.29778076
475.5145377 431.9345891 -372.9387926
317.6627514 429.3274902 -79.52391357
-328.9231354 258.9983196 15.74517939
-132.9676836 -410.8644323 -251.7082454
-222.3188674 -216.7091278 -189.6206864
274.2958505 -358.8287433 204.8941094
-115.8557086 -483.3378178 433.2956493 R
306.9169134 230.5092939 17.4515478
-258.2881695 -139.5826422 -272.6409564
428.1448766 -214.5295112 435.5831499
-151.9829593 355.9295092 33.07770397
-224.013743 196.6345204 -44.5851756
130.5181126 30.74069121 112.9809628
-270.530431 199.0519048 -68.13306487
461.293291 -85.16779532 -367.3291389
253.7862895 407.7564069 -365.76175
229.5830538 -364.3125711 -304.4808313
-54.19272316 274.6896482 -35.63809837
-88.84963801 266.2007713 202.2406363
112.4504418 228.9093989 311.6664584
27.13679685 344.1439799 -242.7875664
-231.8146978 489.2595772 397.9119583
-20.9286559 217.1887749 24.16217123
-383.3291297 305.0707377 -283.459924
-253.7023898 -457.7793182 197.4372273
-135.7328349 228.7575005 -524.2723328 R
-461.8722843 192.6415419 -222.7000531 R
195.6454314 143.0778713 313.0806226
-409.4187526 -11.42284452 -100.1720379
452.3363712 -242.4062519 -432.0915508 R
-229.5191282 151.7332413 -401.9059932
-455.1279948 4.250418293 305.6464384
-511.2308765 194.4969653 -372.179771 R
349.0250283 121.2087209 119.9565535
40.74689455 -341.3066668 -468.3724364
212.4526952 -365.046767 -123.3813225
-468.4619688 144.1193148 -148.4426169
-272.4223196 127.2710995 -243.2322276
161.9914746 190.0809943 209.9430557
142.2945628 445.483579 -361.8522587
377.0043996 -465.3348115 516.9850279
212.2182424 -498.2950392 -379.6191075 R
-65.84908295 -391.5155356 87.75253691
-486.3615699 -15.37235411 68.51189079 R
-347.9864139 279.5728907 36.02490301
-315.148473 -377.6567641 -450.6126562
37.74634869 262.1884615 359.953787
223.0495777 206.73452 -351.3378807
189.5918997 496.3716167 437.2900873
-254.7553056 138.4259336 -139.5874344 R
-513.2866015 -271.2940222 291.283319
144.0132857 -30.4867737 23.75856747
457.3311846 174.4853099 114.8849908
-39.54045181 525.9584159 -182.9254898
-309.9840301 -144.3410063 461.5247773
368.795895 -521.8273931 471.0837247
-285.7631469 -344.1984655 230.6772595
-195.8445293 -160.5702559 246.4516314
109.1511332 41.22767492 0.8463917662
215.6133422 475.090426 356.504368
-80.49380085 323.8716372 89.11237038
221.0343415 -237.4546788 -7.81802329
-490.4807516 -184.3147471 -290.2937036
485.4862699 -444.0585577 -345.6614603
69.97028297 -12.30441059 -372.3763279
-456.7442189 -53.17214301 185.409291
-279.3879126 -498.220408 -73.62309729
-518.7533984 -178.4696332 101.8916744 R
231.8110296 -73.48136924 -69.8963725
170.6601637 -466.0188159 486.3726251 R
46.55523833 339.9810761 -393.7888544 R
-387.3332436 -180.7677405 483.8503819 R
473.5842003 -444.5604456 343.9590197
481.0190138 -93.22514358 318.979875
469.0878596 -417.002749 287.9389058
405.0734616 -189.779188 -382.5851194
-117.5874407 -481.5014506 139.0152115
384.34576 -493.3848628 427.8546382
183.3120885 233.0147002 -499.1998087
192.3262765 -215.6983597 418.3223671
-92.04498084 191.4395667 146.4294667
-331.2649086 510.1190658 42.2054552 R
-344.4979791 534.1030552 452.1777032 R
165.8589039 -184.6857588 -76.24659529 R
-34.62568438 303.2534299 -64.09676894 R
-472.3460602 355.9753736 -69.47028126 R
-184.3863416 278.1746689 82.51913032
54.88417349 146.4904347 -436.9419478
-104.5695039 -392.1694749 -9.362175426
218.7520958 -225.0590403 545.0545861
396.0523235 -38.61066012 3.295736365 R
383.1913559 194.8508829 -477.466458
406.1240275 -431.2370969 -118.0769341
139.0278899 -465.1081146 -428.1120013
-274.8838645 255.7679426 -109.4807272
-350.9538533 -273.6334339 -474.116427
-399.5553175 -11.4234289 -346.5595517 R
-139.2088141 -151.6226767 341.2795097
134.8660967 -119.558559 -132.4005589
509.2967277 190.9814097 433.8925342
-457.4606882 -485.2228558 -461.26291 R
-343.3957074 -507.7767684 409.0978974
-63.5913644 -94.08588469 185.0851668
-77.76595611 324.6394475 77.66214
512.178936 61.6665565 -376.614915
429.8271022 -73.26968881 -135.6123812 R
34.97730773 -144.7721335 142.3230476 R
-182.5728046 -306.6338259 401.0285839 R
14.05451662 -379.6420502 -193.5875778
-159.0449391 362.2357338 250.0647075 R
399.9334883 -377.7250937 -197.7722411 R
236.8975691 187.6521436 -336.5412654
512.4092091 -193.7203901 277.1607963
349.4144358 -195.6296569 -146.5661475
445.8039811 -224.1187787 289.0626402
13.328983 -297.6307419 198.8465056
369.3423368 -446.6533492 412.1121292
-75.37147386 48.99357049 -520.9945672 R
434.6800051 92.56742732 189.4634451
256.0031865 -246.2919106 -51.67039717
55.70605359 40.28912018 -358.5788945
353.3252331 -114.0797912 -438.136961
147.018483 101.8249555 384.8193478 R
278.6733309 215.9550008 -66.39206466 R
476.9929604 -409.909308 -41.25935843
-387.0186013 -414.8499611 121.8502402
-328.4524751 -201.6722434 325.8915312
-465.3982719 357.1958826 -466.9070389
374.9435563 108.3931511 -142.0277384
-63.86780503 417.8450206 -23.6364587 R
366.1025341 -211.79771 -177.7184445
-491.9830519 138.5229999 -382.5356971 R
-98.72694132 62.71935337 457.7354001 R
-290.6134261 380.7404963 299.4233974
-159.7374208 -167.3162462 -330.6417349
11.86299686 449.6631805 -511.6451534 R
-439.8648449 244.6700456 -313.5028924
-225.5316277 286.7562618 338.5252894
-273.7654209 -100.6367995 -65.62403351
-405.943544 498.6404504 -86.82562535 R
-115.8044218 186.6918616 -3.890980699 R
-106.5062681 -218.8698399 -345.6252473
300.8844323 114.3975319 61.1790391 R
22.19908137 397.0763019 347.7540764
-275.5671657 -329.9160192 260.6806382
-410.8247237 -101.9711568 -190.4163836 R
110.6725465 523.8568452 14.9536381
228.2172031 -408.5761852 94.94228093
371.8012297 148.9078715 -497.1577172
343.8807165 -391.7954171 213.7830805
-311.6972293 14.59707605 36.13188152
460.9375216 489.1959786 184.4500836
200.2648274 63.84376932 429.785987 R
520.080488 -441.4818662 -93.97944363 R
385.809853 473.641045 -122.0055618
-241.3077262 -242.4775359 -48.23053566
-132.9195076 -245.9734644 -65.85895166
-3.484534929 420.5579393 448.2889113 R
143.1412108 64.82995584 90.19302673
163.5785381 -289.5682549 -93.75424264
-398.2838579 -505.2025456 253.8024395 R
337.4043562 -294.0936615 -112.916767
303.9976722 245.6857673 -502.3523438
-380.0114901 469.2226118 -164.849054
-46.8937181 31.96628977 -492.497768 R
-135.853148 -87.43457324 250.474517
124.8529386 -402.8023317 -252.0485562
428.2360613 -177.8113473 -463.0080664
413.7771258 -142.8501209 -48.18299776
344.2640797 360.1008403 465.5632053
-15.68958244 -108.6130901 464.8669796
451.6934957 176.6212877 -185.2462639
387.9455176 -213.604784 -212.9729918
-172.2480082 377.0552537 -288.3666332
380.1035279 -260.512333 -397.195446
257.3935985 -452.1580567 23.20553033
-416.9595611 89.0787633 -226.3111203
183.2144475 105.5585569 410.8955128 R
469.3025715 -174.2478688 447.2808652
329.9186956 531.8683898 -27.81977778 R
397.4522652 -464.5978019 -168.5005489
137.1392015 -11.60228273 -477.258711
528.5964545 26.652606 327.8513815
-255.4052455 -163.7636553 -1.740747385
165.3987856 349.6729582 -401.1775164 R
-262.3106474 -356.4733214 215.181221
118.1893326 -478.4962208 -374.7446844
78.3994321 73.75919093 -155.1785296
355.8894857 59.68711279 -413.1068299 R
54.41677928 448.3999034 -129.7908533 R
15.83351289 120.184609 281.7593522
318.4594106 475.50597 -349.3217124
-478.1797522 -379.6812827 -142.8171719
-388.1367753 -100.5429874 408.3069972
-81.60790294 252.5318582 78.93959184
-421.4818844 394.4823211 -156.8883348
229.5284447 -123.5327711 448.743602
267.537203 415.9352906 378.0935088 R
-418.7355765 -151.9113662 -98.99679278
193.0631944 -32.4767168 216.3351857
-207.5007736 371.0177474 168.70836 R
338.9953894 21.67454557 -167.7872571
-141.8726281 385.5001741 320.2129379 R
-472.0408345 -223.9757416 306.7336262
82.25691768 522.8381982 -151.5154869 R
-29.70670544 -68.49808142 481.7942611
-149.1534108 402.2182436 -239.9018274 R
217.8034195 260.5725284 19.5923833
-238.3556166 311.109069 254.5287767 R
-68.33104252 -494.8162592 459.2445433 R
194.0438645 176.4761702 249.8938949
260.8723169 199.9767538 -377.0645695
-215.6906739 -121.3787367 -513.7515374
180.1006815 492.5345211 -536.8411988
-55.39158143 -5.814557525 222.3237321
-234.0087428 -71.63043551 -230.6050846
88.53531996 -32.24263241 -143.8758867
512.4131789 -150.2477232 -129.0745218 R
-306.7111459 390.8561048 -350.5532139 R
-161.4115608 -132.949511 -293.6859646
488.2845263 -182.7801261 276.2777416
-460.2941933 -334.0198417 -39.38898043 R
-314.9390491 -106.2807349 -209.2472081
-20.0064884 -248.1016427 -342.374135
-289.0897452 -38.38861931 -91.9044018 R
-158.2774098 -479.3432345 -293.5069995 R
-11.86994347 -489.8541999 195.4289922
-5.28353419 -78.85431905 -304.8787524 R
-107.7322779 -445.7378294 -154.8489193
-465.6611478 400.1815192 -73.9206577
355.2858661 159.2669332 -24.37259063 R
-202.3396846 -219.4907954 -4.852860161
433.534613 -246.3209618 217.8414918
334.9594514 -50.58782511 351.3095865
301.5251547 -131.6419512 477.9419784
349.8366289 -303.497295 345.2078662
-470.0945134 -15.0052181 444.1749911
480.7157905 512.0671401 -259.0668431 R
-76.82427036 152.2815711 -431.6993974 R
211.2592047 508.8663056 525.1788981
-260.3349478 298.8842616 443.6294935
463.3253919 -8.051037697 -450.1923696 R
358.718102 178.9530972 120.8251471
89.90770398 232.8642822 -110.9597004 R
71.04306765 -262.5399194 -101.2109407
452.1867512 504.8775143 -259.9793913
351.1792255 239.7989224 275.2558459 R
48.65100497 449.8282299 188.3815038 R
363.2780743 -429.6644103 -88.92290855
8.552352572 108.9168201 82.9262608
344.0657985 -309.6545565 380.5345004
-425.7129861 -360.8517422 188.0862607 R
297.122325 244.315571 127.5808408
-330.1790558 416.198949 245.2292939 R
300.6715504 -46.89975767 259.244431
-65.80282457 -6.979400067 422.0278478 R
147.9637457 296.4934681 321.3392357
-476.8185307 -100.4047485 352.1729661
252.9845389 382.6819342 -13.79053684
463.0821185 178.7621057 -181.0939606
-455.8688849 -470.9109192 221.8331125 R
336.6002676 -458.8643236 300.8149594
430.0470471 250.7255944 258.4096432 R
17.07021146 272.732206 302.1399921
-365.7073543 22.04992359 5.084475795
260.1809155 -310.2341155 -64.73820467
69.1664295 58.73436731 66.43727139
538.9032677 -328.2111927 -478.6019873
-293.2293021 -422.0684101 67.05439375 R
-99.3591587 87.6885637 81.85960688
-387.0561744 196.788888 529.2303048
9.183915818 -240.6668005 34.54623762
297.6842527 520.6727074 405.2285969 R
269.1167287 3.284592477 305.3226046
-252.4392029 275.3711177 -79.64210435
-421.4645244 -173.7836185 205.4309566
250.9846342 -205.7117916 217.4158932
326.6004008 -504.9755633 -233.6686113
390.0777818 467.7517218 -437.9525882 R
-127.4987029 -371.5996082 -421.6929565
-214.7677782 150.4977205 -156.6069097 R
-310.5210432 -421.7815499 445.1490397
469.7183037 -218.4572875 -150.0604218
130.05559 -9.887290925 -149.0488822
432.586469 -374.1444146 -292.2845984
-349.5410016 -391.5630199 197.4812573
-502.7856288 -136.3698677 -37.85945461 R
374.992606 381.8344729 -102.8235071
331.482419 -403.5984073 -83.90687007
145.9799508 -146.1239832 272.1165017 R
-520.2039739 -239.9581724 127.8596157 R
170.3652791 448.6128576 -278.9300464
-144.8518383 -257.2185416 -322.6934689
16.00509762 -307.2453829 131.1255738
236.1359867 -264.8340525 154.5934216 R
463.913679 -382.2320269 -291.6550304
-113.4441393 413.840266 497.3468915
468.0979524 168.5738217 -384.1584811
366.6404548 128.6744499 -256.0573478
323.3460994 475.5432794 445.5114279 R
-43.5969537 48.32055155 -491.7138552 R
-97.36927073 -200.6163131 -254.4139935 R
477.4242477 -148.3802458 471.8972484 R
259.8682699 -293.7890106 491.8245384
-42.48251253 126.7043878 183.561527
430.2322699 -272.8830866 142.4244248
243.5055488 -501.5744768 381.7385726 R
443.878287 254.4744503 -4.673299383 R
-447.7721242 -520.444901 -459.3374202 R
134.1725393 30.37674484 -318.8596853
-146.6750292 39.55993795 -392.8264205
-79.56702119 -286.0656068 -288.6323429
-244.4935368 121.7708389 193.6519145
-216.9376255 -53.39347137 -6.008216291
259.191782 -56.07008086 -469.4102996
106.0652649 -34.39668688 164.4472495
14.0087336 68.5122638 212.7431667
-419.7548025 -402.0115641 82.04664577
-275.4139653 -327.3546581 478.0516557
-22.95388469 102.8955931 -13.00846575
-267.8082056 -84.82797641 -363.2524
-64.13785891 -4.153726191 -460.8443123 R
-485.3374621 -60.95024471 -393.3076169 R
176.4768563 142.8106204 -398.5313849
486.5327426 348.2113975 -500.1512999 R
-486.9308201 51.61854433 388.8956646
244.9763833 227.5557023 506.1206184 R
-343.196772 -460.2846457 -329.5163912 R
-462.5224998 46.71185598 383.0315161
-282.3826447 142.9465039 -92.92517463
433.770607 -489.7818792 -223.5589116 R
-338.3098571 292.3036677 68.80486342
-528.8947818 518.9404393 -447.5926653 R
223.9341034 -414.9153639 110.7455045
-185.0052329 -426.7923367 -61.71053416
-14.79310806 -450.3197165 214.1933738
171.3256928 -240.5477668 -8.592310493
-424.2181637 510.0059594 -29.76595463 R
273.3961827 318.4225286 467.1404257
7.126758637 -73.3513306 62.27602807
-256.8848569 102.0660999 20.7902205
476.7648373 -253.2921818 213.7821522
-216.1503524 474.1255611 238.5339515 R
-299.8187395 401.3154886 -510.0618872 R
-479.9111709 -375.987613 -87.22143998
-498.1997614 24.14881921 -369.8484651 R
-183.8694093 -327.7926539 -77.41065269 R
295.6621441 -211.0428068 517.0335623 R
525.2788472 -94.67989015 479.4192409 R
-523.835859 376.1292207 -376.7490204 R
278.4325234 417.5448785 -300.9779028
-301.5233938 -62.68373755 -147.7833395 R
-321.2764076 -436.557651 327.3592015
249.4636931 -214.6568351 -166.8457065
501.2298381 -377.7925557 -261.0911987
-70.85914902 -60.80296509 -209.5320157 R
-270.8953305 -256.4828623 -217.058039
103.7974868 -31.62988081 -147.7792274
370.030012 16.98065048 119.7949733
301.8359516 -147.8725676 107.7133968
-448.8275782 -510.0248632 -238.1307675 R
543.5031792 -76.68190672 -148.7014271 R
195.0048085 318.4704438 -469.9901321
139.9247918 -384.3684307 91.7220375
28.52802556 219.674691 346.2381878
-455.8990716 -138.9675404 355.8923124
394.244917 -73.34801203 -39.26744551 R
-332.1909477 220.1547425 -56.75963894
-310.2529182 161.2448692 -293.0263295
269.7018287 -45.41963998 136.5300181
219.4416598 -72.01110709 -217.1597959
510.072765 -21.48297557 510.7559527 R
385.1386223 -129.2708293 66.09439037
257.0838194 -242.6508454 -463.8669861
-65.29014976 462.660617 251.1533026
406.4471805 -134.8529403 328.3506134
-284.1951076 505.2582469 275.1484643 R
496.8426741 -392.9247698 222.6925669
73.24540301 -142.542071 -423.3474801
476.4429153 277.3699631 475.6359424
-292.4371604 330.0350849 517.5439562
-105.9206895 -436.8381825 -392.3536622 R
-214.6450098 362.0541012 14.77062478
-154.9652336 -299.5905528 378.3563148 R
-360.6409931 -234.7229739 -384.928288
209.4261518 -343.0725982 195.5360039
273.4436002 -425.3851511 -129.1116669
503.1667027 -475.9257742 -452.577056 R
-9.209500691 282.432542 301.1325779
30.04268021 -156.7484527 44.81387804
243.768049 -145.1014343 13.82118471
-144.0953921 -18.87345696 355.471587
139.0505006 -460.2893551 323.842212 R
-96.25288135 274.7778339 -216.6156309
219.4351482 -331.7411995 -301.3273296
37.48673953 463.3697244 506.8920813
-139.5666448 -351.4230616 288.3593277
-143.9949353 -320.4167005 -273.6965728
-374.8377365 -250.2301686 -396.589393
142.3537253 75.67369308 -224.419923
-274.1618487 11.48524707 195.487485
257.2553287 323.1883566 -148.6755215
-402.8130715 266.0122544 190.0108916
336.9600665 408.9815145 -529.1575634 R
-335.0254562 -85.21255771 -10.9260194
-423.2385798 250.7741655 401.3259103
-280.9779145 289.3579317 423.8213916
508.7462914 -359.4563401 -45.09983761
296.4585484 -519.3475396 193.1659736
96.42151891 223.4087371 -371.7616801
-229.4875429 -196.9396464 173.3735987
208.3676495 -120.1809682 -332.8712921
121.3736542 220.0649576 -102.5385437 R
-305.8784054 -473.956755 431.1192367
235.4442838 -13.45936615 -42.28186903
79.83071856 -294.9552673 106.1918767
2.748416576 -21.39766742 2.955459807
315.5308544 -408.5811509 20.98601609
-11.90868094 -356.4971068 492.2190346 R
121.3138741 -283.4378849 223.8974685
-404.2010924 -320.3747674 172.0044638
-250.317165 245.1927682 -459.3067946 R
-173.5421051 -493.1437388 -46.81329449
413.5363607 -285.4114874 -531.6804289
201.5998546 -52.79547277 0.9285865099
-143.0851944 -385.0712124 -77.13230891
513.0180262 40.29208184 343.59953
-103.913008 100.5541509 209.5869833
-85.38296228 215.9146841 87.69556039
439.7896531 -40.16745714 103.1249881
-463.6356689 350.5667989 466.3554847 R
-115.1368129 -285.6935334 39.33718481 R
-358.8805761 -65.80589751 -238.313883
-478.6829336 258.0766713 79.13285547
-208.0190175 -265.7124408 -217.3596562
-231.1574608 -349.5245267 67.4024596 R
-93.65114992 -55.77647953 -20.75321698
-239.4349588 -283.2651151 86.75498058
455.8471862 384.3384237 -230.5656155
-336.0549676 -282.1164071 -394.8533815
-205.9155287 -56.85406123 84.99133836
141.1792407 -285.0387903 -297.1851175
-3.602141288 323.9639391 -426.2838534 R
150.4691932 294.1011829 -436.7487756 R
291.6363421 279.7710528 180.8244418
345.0124536 -3.205812068 -163.6865063
-359.5631309 -48.58530762 -161.6710759 R
-140.3769783 -425.7876222 238.3294068
252.1455942 -32.69491725 -474.4702356
50.3512831 27.68381264 344.4371553 R
-389.8622112 -12.04025128 -429.9987804 R
-189.2147715 -17.7378305 -246.0917751
134.8784133 -175.6354627 -453.92412
-126.5389073 -78.41763252 130.1564581
420.6552751 -33.14818376 138.6505537
108.5210986 522.2690861 -524.0254815 R
35.04305039 -106.5758449 364.732842
498.4385726 -239.9722939 -251.9592703
-203.703812 -156.1198222 -225.9640142
-148.1372516 -420.707935 365.5778276 R
419.1726361 226.6709176 -329.4471862
355.6542674 -42.96510767 -145.1594499 R
280.7803336 42.87023168 412.3282926 R
32.19027731 -2.72757786 -371.2836416
216.6622592 -446.4278759 -191.9055154
305.0842506 -95.25295427 -283.8826204
-171.2310525 475.2103529 -247.6391543 R
437.5917229 -394.2394833 -468.560578 R
336.7834155 61.35198037 -59.59087041
-391.7080272 -191.5549274 51.97761006
-298.8515846 -153.255029 -443.3421779
-348.3001393 -501.9333539 138.9988914
274.0020389 143.8491467 291.9430238
-350.09246 -69.1486038 5.284188439
-253.758434 510.2605087 -72.62830567
-411.7654077 388.9179742 56.25241526
293.4525855 537.6522569 -165.1915847 R
-136.1959678 232.646398 -129.5304586
158.3695898 289.4847199 60.96973154
5.950640108 -456.583812 -295.7418093
280.5944576 -366.9928414 -198.3315759
-482.3752726 -44.50209199 451.4265085
-373.3190447 -239.3731397 -71.84927997
-103.3423711 231.6677491 321.6562946
213.2228038 490.7761378 -21.61691985
-376.8249385 75.58316261 -330.7689857
37.86562953 496.9684593 -122.1942797 R
-275.2597995 -453.338727 -181.7256551 R
229.4081093 -0.5220103481 -478.1236399
-362.2629943 -283.1584305 -270.8656838
283.1066309 -470.5868779 -499.863419
319.2687056 -335.8108219 -186.2290244
499.2621026 314.2936582 -230.6649923
-453.0587232 -168.935514 -292.1854151
-51.70264343 2.341817555 -21.06287259
-442.0703422 -508.4213639 -460.4225061 R
-399.9548962 94.35811903 -46.62879734
310.0357283 302.6427581 -224.5908888 R
509.6109931 156.7656124 -264.0902516 R
57.54699285 -222.6988834 372.731398 R
-153.7506546 68.51657047 -246.3175351
31.45242035 -291.8442898 -429.3360743
340.3886382 -157.7650252 101.6500428
53.09577645 -87.30092418 -40.1879422
-175.0845601 386.485989 397.0010289 R
-512.4889222 -210.4380028 31.78999898 R
474.626279 -478.8336864 -20.78869696
355.6053487 48.07264365 19.73895449
-373.4672215 428.677043 222.2933799 R
-340.4457854 144.8741921 14.67647134
220.9437371 -322.9802434 -361.449029
-96.03474305 304.5246832 327.4012604
8.823790672 -439.8670359 172.831977
-147.6736221 176.3779515 363.3157256 R
-357.8905665 -215.4666269 -87.41447779 R
525.8574496 -334.0594699 -318.4561786
-42.56826333 -89.15336406 -339.8638125
462.2157097 114.2761417 202.0446588
54.39384937 -387.7475286 65.72021576
469.5738118 -151.0614454 -263.2805127
-302.5057506 163.2034753 -123.2733621
491.1563817 40.27021137 -176.8656633
268.3048919 -359.8880132 223.6292403
466.4340762 -106.1484096 -151.7800735 R
193.8146588 -347.5428499 87.17333933
-49.3210738 168.1791432 135.8543554
-479.28646 -322.7992563 487.8095246 R
437.2780853 -361.4593616 -27.40106848
-297.176641 291.0717738 -250.2357944
114.6723973 219.4136421 -421.5309597 R
-351.0245438 179.6393054 -528.6920263 R
320.132096 -83.49874582 325.0638158
-22.80818273 -121.5511788 -199.4162596
24.0824416 425.0122452 -322.418809
90.2850902 325.2311121 -121.9401552
-16.05001421 176.0958984 -453.096197
-93.10085369 221.3592761 -176.2852352 R
-86.02682364 -364.0081511 93.72572308
-83.83731815 -291.576968 -472.2260378
-76.65007415 253.368872 272.7812489
-63.97751744 445.6466011 -454.8536695 R
136.8693618 14.97138615 155.2070817
219.717574 394.8851779 99.0518532
-362.2349205 315.1948716 -163.2379788 R
512.944466 -294.7972467 239.0343181
-409.788924 -228.337656 -413.0113419
510.6778341 -508.8207125 -186.2423921 R
70.57730585 -61.24973033 -275.9940651
-216.8561436 -455.6302721 -25.64659078
-269.6489328 -337.9174018 400.8699501
-58.18498997 294.7820701 160.6377048
-151.7889379 -282.2209562 315.2693041
195.6077595 -325.1558017 465.1196104
236.6623198 282.4621373 -496.2250595
-41.65099433 112.8684237 -179.9969099
235.7326427 -54.5169305 -297.5816354
-118.3333906 38.73876282 -342.9014295
404.1961302 -57.93341089 375.891271
241.0728355 156.607739 -274.2356417
-314.9359503 195.7353872 137.8545084
-67.00433714 418.1571952 24.3767624
397.8840959 -297.7570799 -226.373081
38.19887588 -90.79183232 419.5488869
-300.6896351 61.53356489 495.5667772 R
466.1878414 513.5128264 245.5606175
128.7607267 -498.8670466 -115.6603766
393.880682 -30.43940203 373.1119001
387.2352666 362.4721783 81.0584056
-206.8131739 420.5945008 128.5826545 R
-34.9909068 -369.826805 -261.3167988
-85.10219126 111.9724768 -253.5198967 R
86.9493563 -338.0000346 -224.1730988
368.6074567 -326.6203518 344.6023477
-23.3269836 14.04199311 -492.2489085 R
17.00507084 508.2192853 57.38808259 R
-14.45630794 -195.6986998 228.8762141
-85.54489346 451.5382267 350.4553369
210.7836239 -387.789894 -42.03544954
13.69130964 -334.3951786 -136.1083519
-38.98399117 350.9099472 179.6796458
215.0592898 245.5017045 317.2309769
247.1458051 353.7785058 358.5064499
-448.6989094 -304.4650501 -141.9068724
299.5632432 23.69195688 58.52935487 R
114.9860765 502.9967477 -170.8090181 R
-271.9544644 189.2947362 -359.9672068
-400.3791348 414.6129662 -212.7585105
-15.70021623 -7.815150911 -120.6790193
-537.8025241 131.9058061 455.53804 R
-134.3843011 -417.6463069 -19.9690794
488.0346417 295.9998247 -435.33839 R
-320.0012805 82.1582381 232.8575966
-346.6241572 -296.9284499 -70.773569
-30.44652814 179.9202431 154.0794259
243.9752976 336.8978339 252.1401151
444.7826293 -364.5704596 -164.836442 R
-239.806025 212.8108051 261.5913224 R
146.3443533 -79.99854379 50.46185894
196.1218996 270.4141023 420.6454058
-349.2006906 215.7149499 30.32512532
245.5065814 136.804606 -505.5229203
-377.6472874 -321.2461709 -176.1859062 R
-144.2112671 -434.2831727 486.1115723 R
-333.4337703 -475.4249699 14.05666529 R
-146.2662975 74.79536484 360.8229443
314.7968589 -79.86994107 -370.6669352
-332.5616854 539.451092 473.9388963 R
-393.4707032 -99.33896875 -81.54485624
408.7027541 246.8443376 385.5065763 R
218.8827927 338.7313614 499.0884662
498.4680343 384.7096741 148.3420064
175.0520316 203.8761017 467.4779755 R
-368.1885656 123.8864368 -494.9592024
-48.35410908 55.64430556 -110.3810421
-411.2881795 301.438429 178.3356898
-21.55053818 271.7149189 226.537041
-448.5777812 59.94973197 312.5031573
-268.7889227 -148.6316168 242.9206143
56.25447989 64.57728583 1.147619729
-75.67080532 436.9685583 128.3740415
-451.0271765 243.1888735 -538.226329 R
-147.8986085 176.3096691 -228.1908557 R
66.61197189 -17.82735415 141.5668245
512.4791882 52.57118465 -272.9502643
230.1545479 -205.9477583 -128.7127861
-56.15237187 -62.82811018 17.80054192
-507.4004819 -521.6925808 -87.59182712 R
-375.7249362 -286.3155769 322.7853288 R
74.37177576 233.2737914 440.736347
221.6697994 60.76958836 -347.8056495
-88.77859951 -3.254362665 88.50407704
-397.7145439 508.0960626 -485.6287204 R
-321.264744 492.7438677 -90.79113787
-219.6743698 429.32849 154.012466 R
-12.2215224 277.1538016 -166.7357579
-414.642141 -305.5799226 -30.8331469
464.1514861 199.7472395 -487.2589068 R
-217.9937631 222.6975008 -379.6299026
445.0936085 514.1050965 -225.3595666 R
-114.6730837 -476.0947257 54.46957109
-316.6686496 81.28639986 -63.99996028
-462.9839944 -278.5138987 374.5449372
-232.9614309 -209.727671 240.8837036
231.2043612 148.0812059 442.0741447 R
463.3071785 -191.3048618 201.660412
493.1471013 412.6612196 -459.5801371 R
356.043419 358.931152 139.3340727
264.9354433 -258.1313117 -38.14396881
-498.0275001 227.4305086 -308.9205033
-178.757582 -149.3413735 1.57106403
308.8448431 413.685327 -319.3331447
498.9770546 80.32676564 259.430272
254.5939788 -56.72637231 273.6834333
-394.5674566 341.6260731 26.67873099
349.3419567 92.17189288 102.5896739
238.1011022 11.80254052 50.61061431
90.73184009 -306.5858478 -529.7336896 R
-497.5137315 33.89668038 -366.3715987 R
-474.8216426 -276.4785259 -249.5839138 R
19.18857618 -450.6536226 -513.9332011
218.5194046 71.19481501 -298.2799253
83.18054153 -316.7628049 -219.378997
-352.5896551 149.0078653 9.779152703
489.901824 -17.61327534 -243.8989509 R
-414.2411023 503.1312527 -383.8232749 R
20.15167549 84.63075207 97.59101929
53.54145412 -225.837146 107.0007963
143.935884 193.7853588 -358.2811583
418.5418334 488.8780135 245.0916427
-379.0611406 -123.7026095 -10.31285749
264.6337024 228.1569805 103.0855818
-481.7337634 -46.49256186 262.1507447
30.87792192 -37.10802741 342.8808624
488.2359868 33.47866126 -105.6863253
-66.16321558 167.127603 -236.6523848 R
318.3327956 -480.3774893 -11.43915394
-196.2707102 -60.99198244 -454.9683999
-35.93085561 295.4157574 -282.1839357 R
-50.20233253 27.50973208 -102.5189345
22.70048512 405.0107655 -352.925688
-308.5492955 -433.1465498 137.1708378
417.0521821 210.3947799 146.3783957
131.4903913 5.771587763 28.9352602
417.8733921 -93.68451238 -239.7970648
341.7981591 303.2272744 489.2842628
-234.2602308 4.904787122 -131.4289665
-384.7705261 -287.6426037 -53.76714126
1.172293539 -287.7834322 292.8373353 R
192.5687113 -283.0197589 329.8251643
-286.5108692 110.9121024 65.85129818
-430.865684 121.1542427 -376.6299249
-174.5667559 323.1434486 217.1966409
-170.6664193 -307.7533409 -141.6800428 R
-65.57426863 396.333262 545.3431972 R
280.4914953 332.9061128 312.6938658
528.4790699 -398.0712879 215.7747317 R
398.8801262 331.2786206 -150.7399341
-301.8719447 -166.4599469 -294.0610575
-44.87317713 -253.2943823 -386.7502419
356.98203 163.0624141 -258.9626881
-134.1967399 167.1393564 240.2302501
-264.4854183 -169.1066685 -411.5997493
439.0403447 253.4341702 -391.9830344
405.1367663 377.0112767 147.399521
-327.0424725 459.0135437 194.223849 R
-11.54126216 -205.8098371 434.061176 R
248.6570426 138.8245642 -214.9108789
-482.6036603 -35.71309791 147.2258629
-502.5377058 -281.6981668 -379.7643541
230.8605064 488.1475799 -53.68583769
-26.58840622 179.7010521 227.8209838
-6.470443814 163.9372542 214.6878383
-2.8613588 353.753719 -8.391017592
107.711363 -315.6943997 502.7920715 R
-128.9137282 -94.33728533 269.3841304
238.1079833 -263.096903 233.1107992
129.0087935 326.4168371 374.4217683
-227.9693234 -99.52089816 -282.0848759
382.8854707 441.4795567 319.0393812
-32.03552427 -472.3473858 -183.2674266
435.804851 -449.9107285 123.0292355
-232.6764249 35.4040691 351.6006567
-126.5934118 -78.9599729 -431.8208675
45.73104852 407.3780078 -341.4383542
63.81949239 184.0513312 389.7442288
-464.6145113 -5.905988136 27.84113438 R
-314.8684838 -426.3389727 -221.5912104 R
46.1764865 -226.8475662 96.58823991
416.7597674 -142.5094142 45.64329663
308.4833663 -299.5345266 317.6073971
-100.0686438 -531.860085 285.1202076 R
-285.0195735 18.45089362 -242.7622455
97.85700234 -125.4219213 -282.9727708 R
-398.7394819 -211.6027946 142.7692973
175.5433415 466.7750236 -516.2248903
401.3724299 -208.4328109 228.7304266
546.209988 510.0677606 396.1780751
139.1391684 -78.33737242 -238.8242287
-400.0948381 -353.463713 413.8006925 R
429.2877087 518.1841431 422.500262
500.274106 -39.69531546 33.21777331
-159.5642492 -71.895846 525.5100825 R
-99.161552 78.30179508 -176.8123992
-249.9718156 -155.8042313 -127.5402724
130.5048209 4.583630483 -276.4776463
-334.7864347 95.52923818 353.2594009
40.55922059 119.0246969 -149.5210191 R
-17.70933559 -213.4189735 11.37253726
-30.96222915 -62.20574096 518.3900232 R
-42.45321557 -183.9459401 -421.9635356 R
-316.2383631 167.9207079 224.3968646
154.4844244 -391.1540092 -39.82938609
527.6180688 407.8370594 -334.5193715
-454.3935116 -522.6469793 -358.8646368 R
292.3769102 -115.3895209 -244.9895117
-296.802033 -358.3223177 306.8438937
190.443408 137.5577816 522.0017282 R
-380.0336975 118.1502168 -261.0191031
-355.5351365 -541.9088231 301.2732805 R
-349.1282657 273.8978263 9.582341758
152.5566108 -470.5774651 -174.1872361 R
-325.2179355 -205.2639647 -280.2147214
108.0618091 -447.8491001 -130.1173105
180.1196093 -4.843634426 -16.53127012
257.1695447 -131.0899183 -284.4593545
-421.7915341 500.1093945 -111.1517905 R
472.6949742 373.3117279 523.4598121 R
56.69940131 440.4590624 296.7345658 R
210.2272398 -190.3278293 -363.9555817
517.0059672 74.44226211 -140.3265689
153.8961945 -275.5412599 295.3383061 R
214.8677334 275.3837145 -455.7633861
-296.5234333 6.890151444 361.9494104
-466.3264371 80.74826956 -472.9762427
5.967042404 381.8616387 -177.4522831
-208.3051369 115.3510265 206.4556514
-458.6360758 -487.2533293 -87.83277619
55.06062962 89.09390475 -387.7771682
206.7566904 -509.8481089 -440.5612918 R
398.9769299 -95.75257629 199.1702694 R
-16.18310569 -489.0910802 -342.83662
-180.2962642 213.4616749 547.5787659 R
-354.0728819 -79.79811593 -262.5907127
-87.07637386 -325.8063043 406.09183 R
35.90163855 378.7614472 350.7177636
269.3482893 483.1531661 442.8168374 R
101.6780681 57.64925304 63.84906526
476.1990992 -211.0562841 88.57448583
-299.9030906 390.7023274 -205.2806723 R
-58.64410009 -347.7846461 186.5786483
-198.5268044 -186.7399701 -203.880142
-77.26400101 455.7229224 335.3189214
-174.8939517 288.8503531 -411.4114108
168.0347745 89.5283243 -323.7559336 R
102.8961917 86.4763335 514.0195533
-6.284270862 266.8573807 -508.8932088 R
316.7446627 70.20177868 -354.6710407
18.10620195 -236.3606734 -239.1584313
-357.1635033 -485.2078732 -375.898535 R
262.9707772 321.9615391 406.7687532 R
-137.9789535 393.5193938 -439.9812419
-58.11348918 510.7426612 -176.4351877
478.5242151 331.2612662 -548.03032
39.913428 194.3921893 -524.9027044 R
-19.34790859 -269.7331739 -196.6803199
390.0429654 63.18731144 -95.50585701 R
214.9861114 488.6000898 -234.713349
-116.221708 -476.1452127 515.985516 R
276.2638934 50.55642177 168.7234873
-385.1423051 342.0648862 535.1113383 R
-428.5460242 -186.5978623 -194.0903174
-405.0838262 530.5056729 -84.00154162 R
314.605307 234.6040027 142.4315109
-404.4520251 324.3982897 232.2468876
-55.81378606 -304.3579307 -129.360875
298.2708829 -125.9627095 -381.4218723
476.9470553 -251.6256927 -436.0301514 R
-459.9989914 -345.2238529 -235.9774509
297.0201233 105.9475735 -440.9639561 R
-399.3846778 -211.315074 275.2345729
196.3976421 258.9472344 -176.5512943 R
-381.1726304 419.3316242 276.3658826 R
475.6777855 -148.4411128 51.64601949
-293.2650453 44.23491794 -533.6122137 R
116.182864 142.4189051 -3.14405367
-221.4462217 -76.10819372 -152.9782705
131.7527619 340.3992015 -429.940477 R
-249.2930618 157.3761205 238.3205938 R
-397.3341475 405.7845415 -269.0899304 R
49.16659156 -144.7185042 -442.8857196
-369.7457727 287.2780092 -194.1403887
126.8617619 -472.4993228 37.5900457 R
-257.7374909 -363.9099171 -254.4592274 R
226.3240263 -295.2955844 -87.87264041
359.7483136 393.6244249 -466.4052378
-277.7103332 -200.4561792 -520.3823953
-446.0693416 -236.5471786 221.8386069
0.2888070907 418.8054439 -204.9716224
132.5683616 -469.4480152 -91.68070101
-503.9170819 297.0436039 445.6330205 R
-185.0790082 -238.4860912 319.5018106
282.7323338 492.9683176 32.84664641
-343.8751233 433.3390738 -29.78181756
-271.9989743 369.6762973 135.6701569
-255.545364 528.6964099 -458.8724092 R
491.2864906 -35.17930672 203.0018319
-495.937663 -169.8824733 441.6166467
367.2636924 -381.9731913 359.262959
-211.9713497 -214.8307475 -288.0308647
42.4635351 -293.9488152 32.97699926
57.31622746 -486.7802998 -40.43577962
-424.4478954 -450.5126963 -358.0957643 R
360.7696442 -503.2846139 415.0291407
403.8801257 200.3410251 153.3813057
405.7446131 333.0141605 -427.3905109
411.672421 -404.9908257 -283.2255691
-537.3633225 -54.92738041 460.2140863
75.31792622 54.07353491 -10.49815589
295.5199404 358.5520597 -27.65233529
256.6666332 61.47833974 -332.735934
167.0784997 204.551521 292.9063301
-497.5518798 -178.3072613 -187.9096327
-71.98904012 275.247387 204.3637304
-395.5378249 -471.4190915 -95.43791161
402.8565701 349.9400864 -49.79983942 R
137.3792055 17.63668236 -101.5623734
-474.3967969 -378.6564896 -32.41055918 R
305.0755912 203.4649668 191.4285131
15.73462936 91.52892744 334.0288976
-489.0140967 243.5006165 -46.56261766 R
-413.8359895 -95.93604277 -66.46090189
233.8420899 -535.8397811 -375.6477961 R
372.4415433 -17.98979194 397.4275413
-128.4963298 -309.8254684 -424.1193573
-186.2556679 -7.029811175 102.7328368 R
-436.7001176 335.7947972 -401.4675728
-439.9912941 -268.9052252 -345.4281673
111.8349922 107.3571455 51.66025653
-421.9601405 417.824344 -206.4191815
467.2294756 -223.0982476 15.91869579
342.9917095 182.4170288 39.16513066
-180.0566137 -132.747678 -208.4794447
-27.71217429 248.6515177 303.8668616
255.5037926 95.18649469 -227.1450257
339.1159694 35.50804359 -65.96768507
261.1015382 528.0842725 -493.7844413
403.7135475 491.3931825 463.8829566
13.37724016 140.504056 -200.6445278
-425.0814416 371.795596 244.9012414 R
-508.3825368 290.0436071 517.6063477 R
-536.4891035 -329.2233448 -81.50613889
-32.06139436 14.75749585 417.6883818 R
-359.561523 -232.7964773 -302.1852031
-439.2469316 82.65143419 -426.4350517
-169.1397873 364.1586297 -235.1405356 R
-382.5667228 -92.58241679 222.5978728
-188.7775509 253.5680413 107.4417599
285.7638188 452.0571738 -480.5291107
89.15900194 -243.7113651 -59.56788451
-188.4197385 358.9250247 528.2832269
62.19694005 212.0237784 4.155133501
530.131382 299.1827279 -78.71294184
301.8624601 195.2657102 -538.5654976
-308.2740402 -171.681391 499.6003013
-366.8584469 172.5189945 -411.0304048
-221.3423432 -322.8798728 49.33889195 R
293.818061 81.45328771 -197.0609459 R
-170.5395432 -155.9774462 -284.5970063
-127.5367454 267.0492512 109.7075198
-178.4390761 -317.8242452 206.0676815
142.4913853 152.0837943 436.9115744 R
171.096757 429.6631815 239.0215862 R
320.8567597 173.076322 -488.5555901
430.722577 -10.00802406 -260.1020742
-438.7880189 -367.0334638 -162.2964292
93.41578164 -333.6354147 -59.85570328
292.0859207 156.4115987 524.3538178 R
371.9486746 132.1472615 365.6346951 R
456.6412597 441.4962875 -268.0803395
-183.3654752 -445.7738167 -467.4329317 R
-431.3811744 -23.13296848 144.1170852
-166.7465455 -466.8621479 -426.7345179 R
524.8662702 -0.6636633111 -132.6669292
-433.6360504 -258.0205411 -25.59420609
-277.8058578 -283.1980477 7.641606093
-5.171160082 495.6635169 -51.35848266
218.3724933 -18.53545449 -318.5453685
227.1918185 -112.637337 -80.35486752
169.2648898 323.676317 376.259042
-467.0142001 -136.045774 -210.1587091
-328.6718402 -114.3409184 262.4619949
-429.286151 -381.0425695 -351.2666368 R
-66.75172459 -471.0877015 -305.7531365
291.9460986 -389.4468914 -141.7525483
-79.99531933 -429.4175211 170.4599493
-368.4439922 409.5458424 363.3293881
301.3441391 -447.4223989 237.7987918
-169.4427329 311.9781051 -153.0898714
11.4221652 -358.0038731 324.9995321 R
490.1251624 512.8487161 -490.7243773 R
472.3828435 324.2763695 -229.812102
375.4877316 356.3431457 206.0091581
-349.463471 463.4322909 173.4882379 R
143.9346476 411.0419948 -104.2498714
522.6439282 319.3147747 321.4859665 R
-113.9923577 369.4365388 -37.50748892
-470.708543 400.366089 192.5982166
-159.6679215 319.3456976 -427.2812093
-508.0185973 -356.7180797 -18.25328539 R
166.4707497 -164.6836958 67.97297942
-217.4880859 -500.8863176 161.5929399
-501.1063126 443.1071636 116.3479326
-336.3055416 497.6935425 332.8833028 R
-341.915746 -76.23886334 380.6668794
-458.0879616 -230.5619357 -164.1058083
14.39061285 368.5825622 91.13399242 R
-351.8436433 43.44091886 -53.86313779
363.540573 -189.8940011 375.5880301
354.3746672 -458.8142912 191.1061032
-182.7636547 480.0915601 211.0378571 R
417.6614111 50.69825538 -477.4577968
-192.8801522 401.4705147 184.8595315 R
-104.1630279 -239.4057059 450.1506054 R
475.1941877 -156.3101872 -515.1485754
177.0202901 -187.2104401 59.60571255 R
144.0608074 -171.742719 -382.2621651
0.4279601479 459.020298 -0.1237286839
514.7350163 -253.1810332 -292.6747396
143.8036691 -514.6872152 459.7787985 R
232.8742797 379.1972659 545.5634715
317.206812 -520.8035222 175.6395536
-383.1846991 383.721389 -426.9936057
94.08642041 -481.278144 -312.3134338
207.0755025 284.3533571 296.5669539
297.6329211 -537.9630643 -470.3910616
271.7938237 296.1138195 336.3990688
0.6905260402 15.29929417 329.7295551
-423.7698575 67.03099869 -418.3101491
32.16652157 178.0929218 -272.4899638
-47.26599188 421.8966631 -103.1055757
87.66949143 -162.7925633 213.2328607
-96.33767547 293.5391174 -88.25478584
-59.49849285 518.9288154 -287.5815699 R
-161.1590183 274.9618787 -14.5578226
93.35017724 -389.3112498 303.8837006 R
93.97058449 -504.1813658 88.95733675
-131.7822286 -95.5067853 419.3925122 R
-93.2409411 65.33782639 61.49620414
131.4671763 437.1350476 483.535375
118.2129521 430.587014 85.56406529
419.4776582 -140.1808288 -351.6784767
-538.1686143 -99.46498035 109.9771709 R
-441.7046246 -10.36005124 -171.9485163 R
-505.6570447 -435.3205291 372.0493413 R
-275.4699008 -42.46006016 -402.0909294 R
-66.11462653 -180.8125304 262.7562363
-205.0647846 -153.5782056 512.121196 R
-530.6866683 -508.8522671 -454.988844 R
-277.9207547 -168.0067155 -432.5601742
-430.8750216 126.2510528 -469.0354887
501.2841786 377.6648746 -208.5131239
449.787599 -542.6857721 -111.0936652 R
-169.2376345 -418.4170322 -297.6674141
-310.8981035 -22.85512902 76.94323125
364.8736671 -431.3169821 392.5019103
50.89069586 -87.55845684 -514.2460344 R
-482.1581228 -356.8810783 232.9238359
-180.1501113 -20.24484589 -121.9771357 R
398.9347881 282.9557925 -254.4985599
359.9201824 -365.6391723 -373.6040088
-484.4612017 -468.6586418 -245.9775664 R
5.329180482 187.2881797 -107.3193013
307.3805435 -219.9279627 -269.3408637
-354.2154974 251.5997525 -75.22349003
-240.882136 -414.5729759 21.02770016 R
307.3232651 -164.2868133 -286.366421
430.9173617 -150.8770526 -517.5615917
-53.74247643 62.67237741 503.7767396 R
-391.5920603 79.17327915 359.3697811
473.7757661 376.5080531 -364.4515818
112.1547157 -56.67102544 280.4167041
-494.6575339 486.2316617 247.9069158 R
92.21807513 402.3605888 -390.251844
336.606771 535.2567331 -272.3965944
-293.8938137 129.9908056 380.1414231
41.4000302 252.4989722 78.26001231
-203.8847465 -351.2982474 60.36635101 R
140.3252109 -207.5351489 -246.9219198
-471.31903 485.6448658 103.2485543
392.6338741 -370.9045025 1.635932634
50.39960427 -398.6617943 476.7657807 R
111.7702676 -398.5357411 437.3163738 R
-150.0030031 432.5026017 111.6666353
63.7921394 -383.1431188 153.5624312
410.0608363 280.5878598 -104.6407536
-490.8506193 541.8716363 -316.6923637 R
511.2177899 -204.6924365 -371.5491043
-487.922026 -213.6876661 364.9163438
519.2810266 289.1386916 44.0829034 R
210.1216901 19.42145232 328.8892696
-91.09719929 102.2189776 -373.40764
388.3802349 -335.1113889 41.73743603 R
-395.544664 125.3219188 491.5560717
29.38780626 141.382168 -206.0292323
-485.748193 -141.9607808 507.3124137
-34.40693702 497.5768413 522.8628897 R
-3.389208687 -183.5990254 -338.1219272 R
-274.8067831 -182.4584987 -96.04391446
200.5767552 323.417847 -381.5823199
341.2432759 285.6311314 -163.3319692 R
-349.7142312 -287.4356112 52.68413942
156.3214744 237.267475 403.9154704 R
83.36578062 150.2811344 187.6649032 R
10.4803778 -496.2567059 169.9862689
-107.9570821 -34.82502992 -13.59197763
512.3634122 -329.555952 -117.7206059
-14.4921492 -294.4714625 -280.5024356
447.4836188 192.693744 288.7469633 R
246.2869823 366.7341368 -400.7943205
64.34044068 -31.5757708 403.6697461
-297.9602559 305.7726991 -400.1601111
-2.522966089 62.2980044 -365.4410935
-380.9686384 -224.9489763 200.0143758
-414.726591 304.6114226 -31.41297013 R
-61.55346088 -405.4059981 -443.8684374
100.1382442 361.2453137 -343.3977691
-69.55084929 240.0304246 288.9527924
-248.8335347 70.17037332 -28.51482749
132.2724244 -477.6229116 -395.6184034
493.5497537 438.2315643 99.76238188
366.6466867 -521.4064438 -195.2586914
40.21104056 82.24015407 -362.1971562
389.4620006 29.14170467 202.9716845
-291.6534715 -446.0664674 518.9223675 R
-132.8937737 -113.7223973 -408.0976073
-450.6780451 209.2983635 61.80412948
-487.342389 223.1934902 478.0143148 R
-342.3842999 -140.5525754 47.99718659
-283.9469047 -364.090166 -141.0089254 R
-330.7313807 -214.8972887 -154.9843799
-477.2805513 153.5753282 -163.9846757
209.0880544 -320.3515266 -355.3130624
-137.2652956 52.48322365 55.13724738 R
-163.3612272 454.1766074 153.0793269 R
-414.956815 108.5561247 -370.3292852
152.3404774 -154.1283683 539.03361
-252.929596 520.8956003 -466.0632091 R
2.032046724 218.8017175 -80.6104932
-306.5924454 427.0212603 -229.5474695 R
-347.127342 -224.5314307 -517.4752113 R
70.28703706 219.371955 503.4930422 R
536.9824742 456.3724754 -226.3017681 R
-267.4125755 -178.3888641 -192.0721803
188.5298637 464.238176 253.8838168 R
136.6031851 356.985216 -172.7200566
-447.6895475 20.90002267 272.3210628
350.3977717 427.7785746 -454.7230147
18.43510871 -132.3004969 -31.06193366
-470.3254178 -216.5761726 389.2503624
250.8091762 -252.268065 -301.713604
148.7895232 -140.8740225 460.8539594
-8.645092553 17.65683537 -204.6133444
-210.0149894 -257.257361 -233.9433729
-97.4273979 299.6988428 315.5172418
-318.0110208 -538.1466999 223.7675732
350.334676 488.7900973 -277.6704072
-117.473058 -439.8473484 196.1322161
342.6136712 -353.6361321 -82.01573473
99.14938632 96.55013558 -47.98612378
453.1229584 -394.8671816 150.8918728
-314.6682275 -443.7501537 -3.557009269 R
281.9909181 215.2009522 473.708258 R
362.8687052 355.2042978 -450.1281162
-481.3073651 369.7963953 443.2790057 R
335.8688839 125.6220562 -497.0499349
265.6696217 -123.3023704 148.6868697
131.4397583 -175.963229 134.0912521
94.33723529 -61.54010866 -139.8157427
-126.3652542 27.38757323 256.682509 R
-407.4449162 -209.8681448 -460.7120967 R
-150.1741747 328.0977292 -373.1865085
493.5065102 21.17119782 153.3304222 R
326.2039281 234.2983159 -283.3242094 R
446.5433667 312.6262045 -284.7258862
360.8396017 255.8858265 296.8775602 R
361.7343551 126.9396636 -352.5846902
192.6837303 -268.3775216 -329.4612936
-427.5671256 413.7541701 -202.2973858
-111.7002431 421.4476941 365.6253743
-169.6246643 -11.86154271 369.2829999
442.4340051 -21.70985719 -26.26574182 R
-82.36081906 197.8522224 78.50005234
-462.2185068 329.1593744 55.34117398
406.2433691 180.6937663 69.1320244 R
-101.4227898 26.92384268 1.601835178
491.0445721 -22.17304598 22.41150125
466.4209962 -75.21120782 -342.9049288
-22.56800245 524.0275527 453.1610438
53.68939398 503.9785471 -315.8363951
415.0769472 24.22941302 455.7911343
236.6912512 297.4057525 -443.8415494
-225.4789076 -103.6602507 262.3101491
-117.5552646 98.98359025 311.458971 R
-528.4006163 -16.80731302 104.5487688 R
-82.67561623 -430.29908 -388.3706365 R
-279.7768937 36.34204967 -217.9442571
-249.8730197 363.8436096 -316.1242869 R
-250.2388586 -494.8297282 -121.6444837
66.11420841 -36.84893696 -300.3012084
-463.1112409 265.5789762 109.2510698
-236.7723578 43.14963808 254.018374
73.99203442 -226.9809571 521.0268055 R
-142.8400381 187.880588 -274.6941357 R
350.5891185 -53.53539355 51.64341885
219.7335428 69.2870968 -157.8738238
352.2465122 -9.335464197 -211.5794978
460.6535617 24.88152946 -55.87516189
251.3444047 -155.8391397 37.35102884
-92.28999655 297.5151017 -458.8395832 R
-183.7992993 48.13256276 -144.1152517
513.1442235 -367.0697887 -51.07971216
342.546725 -474.7806866 -55.92120496
-77.17107592 299.7047827 228.6200715
257.026848 34.2305579 -348.5843677
56.44732925 -479.2514196 -170.2404854
-222.2577988 373.709579 -110.1836945
-187.3482835 -38.2111737 282.6777361
134.4377929 -2.60830597 -439.6796032
33.51761994 0.05536095761 -254.3466764
-420.0270415 192.4089734 -432.5513827
-216.7406084 -106.8385289 -112.941045
73.13336622 424.525522 417.4370271
-36.86112138 313.4382503 481.7004783
-252.595801 341.2974048 409.2069401
-410.7340112 149.2755333 180.3264626
302.4820638 -485.1255458 -266.0837314
-267.5198607 -55.09283485 455.0093441
-537.2708805 -233.122305 336.7010563
-306.6890218 412.1294353 -390.1675218
-524.3802743 -219.2446067 11.20193712 R
-9.371559916 -70.46322512 89.53513626
224.8342994 -57.25595025 -112.8193387
326.1173593 372.5678956 -66.8463082
139.1553342 162.4491386 -239.1004801
413.5395174 327.5281611 -420.5321017
482.3370144 -155.2159584 -89.68350965 R
-291.6700076 -197.5967517 -4.02900346
-94.05693099 -143.1063086 313.7692743
489.9785331 156.8206125 -251.2389715 R
414.0569303 -38.62752862 97.00708707
-423.2481544 -325.7735685 95.87999503
437.2071139 343.695046 -398.947274
216.7404732 381.096782 172.3760879
-185.8779065 -411.3450311 315.5834219
-13.64962338 -415.2652973 -450.1719785
-65.05734403 -335.1131529 247.9984488 R
165.750182 -98.63047608 287.3373096
520.1200448 139.4422218 -351.231803
-94.25961996 206.6159605 205.2767402
-182.4095829 251.5163444 -431.7977919
-532.9108565 352.0331454 103.4226376
-480.3536162 127.3946937 500.2694921 R
492.1976873 511.90499 -225.807967 R
-15.97075093 -341.8097986 -95.92537069
411.0897246 370.2490362 74.07064158
496.3177835 -52.58934672 -330.7957439
-401.1922476 261.4476044 -497.6792432
-57.06637449 100.3636928 -422.6365529
16.4684069 232.0420485 46.72822215
52.85720641 400.1730282 -14.02637187 R
289.0226069 186.4032726 513.6386312 R
-548.7454662 -449.2753156 470.2377115 R
36.74952843 128.5721273 353.5117791
128.4453031 -207.899364 184.7822904
225.1780008 254.8957394 -2.109831776
-223.250336 -74.63157963 -434.2725404
-366.0442899 112.4043983 103.9596814
-298.4303197 12.06772715 -318.1772657
-253.2685129 124.0200645 -484.4743896 R
-371.4066394 -178.9091655 306.3389232
388.842463 400.9273235 528.4136752 R
-506.8359773 -253.9888914 -315.1223348
-137.1013881 -92.80519465 -407.8352113
267.6522335 331.0586887 -487.8284787
-210.2259483 310.5679676 -315.3832243
519.2758573 -214.2830189 482.1920532 R
91.70089156 295.7842049 -334.8733376
78.91035031 176.6939043 385.005333
-195.9152561 -12.64207933 -365.542569
-452.4338293 -138.7131759 -325.8144407
431.0669372 -347.5882699 71.98170273
-161.4472481 -349.9952096 156.9955891
-500.9811369 -463.734628 134.4392992 R
-68.87453248 89.83076877 -393.3454083
471.1279458 -461.6406311 265.7539723
-409.4911505 -34.4382855 390.9972326
380.5220625 -446.632288 254.1799625 R
204.143406 -233.485083 -21.8000388
189.3756164 -431.4772207 38.5348248
-467.0407236 -200.7722673 215.8963969
533.7099665 -152.3752211 78.16572225
511.1225591 -262.4265235 -251.3153489
-79.79823251 -517.4623218 -131.4254028 R
455.8980508 -211.6321479 238.4508202
196.6584551 -55.52649741 366.2861188
5.012191224 -508.76362 390.4361665 R
-523.8592435 -113.5853483 -352.2921455 R
256.1189126 -331.4938514 -399.9592999
-162.7054091 282.4865361 397.252377
-281.1325804 -527.5484905 -295.2088507 R
358.5334376 -273.1556931 314.8477001
299.5087336 -331.9665505 310.3519938
90.32870343 -95.70251446 82.0009464
-84.01360319 -233.2157373 -393.2673202
-149.1474378 89.37448372 344.2746959
232.6838252 -83.19030488 -376.1985361
-231.0955003 50.60857432 -313.140469
11.72128651 -253.3750424 -314.5853751
-78.11194043 424.3455384 62.4661197
246.2235662 -201.7903637 248.7540965
-167.9650481 206.7649904 -3.224605515
6.69916632 306.5681974 -107.5037243
-529.3456581 -147.0672918 -155.540504 R
-504.0950955 -420.4462103 360.2330776 R
-30.67797143 426.0182292 360.4407184 R
137.7093195 327.0289947 -144.256834
-241.109349 221.9955172 458.4446512 R
-188.9318074 375.7182969 -183.5374411
-432.1774012 233.8353887 -384.2651877
519.3457132 -480.2915777 -419.6253499 R
-25.31493296 -131.4072222 143.7162728
-51.85327574 -61.02489982 -400.0023392
163.0949401 383.3544562 -263.0358418 R
91.51304738 49.08275285 195.8403482
-180.913846 -290.8863576 222.6454538
137.305205 -246.5307281 -374.235094
81.70979044 -199.0983312 155.1551268
-501.8641894 135.7871765 15.57546231 R
504.1500567 541.3986919 -480.5147 R
6.025628996 -344.9214844 172.9434167
-416.7901326 -411.2097773 287.7669861 R
401.5319338 -504.1952114 333.604332
-154.5024945 -456.2081746 -55.42516781
179.1449563 228.7641597 500.9076642 R
-58.28913422 419.6652079 -76.78103003
70.44278365 19.27505672 35.09287525
60.41128465 -413.2027388 -6.422903302
-269.4524092 -258.7459178 -261.2241459
-241.3545216 67.4692691 -8.606027112
-525.3981809 -371.8784901 -215.8395037 R
380.6476459 405.7082955 -416.0650922 R
-467.1020514 -62.84873384 -506.0383295 R
284.1743768 -106.036865 -515.6496568
-198.1765362 -499.9948552 410.2287814 R
-273.1088819 90.71225851 -9.712097667
300.992678 -154.3740527 -206.6955936
-178.0710115 121.6610468 -323.2938158
290.3785341 506.5467764 245.1190963
-208.0019718 232.243332 498.567672 R
-224.1880642 402.465553 76.26923678
-239.5114115 -36.51334607 230.7249544
-271.0429694 -109.6479487 -21.63861993
344.2268857 -173.2874074 -252.9183218
-221.6314918 54.13073569 -160.291905
-272.3437222 282.822615 413.1331862
-295.4162721 -423.9842391 365.2902171
234.1161236 211.1336011 -489.3199979
-296.4939571 -50.92494854 -185.5705319 R
155.0050034 228.6782552 295.3964954
-317.0398295 523.4707014 120.6287556 R
338.9988645 -469.8811435 -337.6639747
482.8337876 -122.5594816 138.4391897
113.3041488 -429.034457 38.74700043
349.5571198 488.10913 -12.27251578
203.1182694 202.4724157 -122.828714 R
-85.61479461 -129.2686077 192.1985654
515.5549692 -465.9322475 -96.22480418 R
-361.8314848 166.652439 256.4941049
-442.8650258 313.7355153 350.0820771
-446.5423003 127.971742 -483.5223407
333.116114 190.9608457 437.5594657 R
-348.3915461 11.05966425 195.911514
413.9833686 -501.166215 430.1256706
148.212965 -166.1424078 506.7653396
322.3022345 344.9542686 -100.2247045 R
240.2385433 47.2329965 117.1948378
-269.7581991 -34.72882846 -242.6364898
286.5974782 496.3284673 214.3777293
-219.7151706 297.682442 330.6427815
242.0306445 240.6332682 -503.0085045
-33.44323728 56.76931993 -435.9526622 R
-529.8537255 259.5832374 86.31923529
-287.2947302 -22.86524048 308.5739264
-124.5714073 309.9686369 -359.0451293
-482.0523414 493.2555288 -71.68079585 R
335.2104837 224.5929722 -53.93429173
253.8061377 -430.8524511 390.0962942 R
419.4201423 -75.70032051 -256.0780607
-170.8007752 271.8259932 -439.5330957
-492.4347261 247.2037773 -411.2187296 R
-401.390538 -261.778561 433.0870954 R
159.1762333 -150.0968586 478.9213154
-403.6663146 -282.5502218 490.4210102 R
132.8379096 483.9301017 421.8672182
-332.2829393 -309.9079848 -46.48121659
-309.5327674 435.111587 -197.5395095 R
-49.9997171 -335.0824627 -340.2599236
-419.2738445 -393.1515348 385.7272193 R
-14.01893653 -79.02709341 -90.00287119
-482.7876612 110.8442346 180.8388686
94.36320982 -27.17384058 -226.6012194
-148.4007725 23.06606023 491.7956763
180.5206092 -325.224703 360.5341846
-320.6948101 -403.7749417 -141.8243618 R
-515.1590105 415.5440485 110.6564224
-462.3235534 -308.7188146 187.4322565
502.9439632 170.7241523 -237.6122091 R
-65.7316934 -331.4599534 -442.7074325
473.8663352 -23.84591472 -178.3209454 R
465.1708196 381.1121633 -281.5515128
365.172712 -192.9252184 305.3953842
-206.0575426 195.8030491 -342.1627223
-229.677612 407.3548291 -263.6991094 R
-166.0195984 197.7351229 -388.987309
239.3008643 -207.5458261 -216.7607644 R
289.1781064 -85.62622022 -463.3660912
-326.7636938 -207.7721112 93.87531038
484.890772 -247.9945398 403.4916618
-37.38242028 -483.9645423 418.7063319 R
-395.4648548 342.7098071 -143.2612209
-337.5166276 504.5344382 171.9553778 R
33.58500809 -385.259783 -206.6248759
161.1069927 282.6756097 25.4034046
-52.72487001 -319.821141 -153.0025057
318.1773633 211.4942416 -380.376859 R
290.7446708 -218.049271 -357.5351569
-86.30377827 -149.2173562 -8.527463525
218.729469 -51.14318638 338.0306137
-441.7887932 472.638117 -272.3408258
315.8014639 440.6735136 -35.03179864
342.9323901 513.0650617 13.88323558
-482.7187362 216.4079863 161.3747977
398.8680456 -37.1390372 -241.4786804
272.5581652 -121.8978066 86.6146794 R
223.536188 -55.62456415 491.6325185
166.3742358 33.41835856 443.1163754 R
371.2419946 412.5985534 483.5334007
-397.8534371 -396.8145984 -79.763515
494.8285008 -435.4732439 49.52163931 R
-512.695753 -342.0126969 376.6321979
-501.9565187 411.1113242 321.8839419
-345.4804905 -43.01578776 47.13268426
-98.15794411 11.46858898 -207.7932558
448.8414264 198.0188141 102.7492107
509.7142716 -22.98864919 264.9707027
-473.7881052 431.6781662 339.7547176
502.7511813 198.243753 319.0459579 R
278.2291831 -301.3402892 74.44121318
1.467796877 -396.4744286 23.42431672 R
491.3309827 -435.0329894 348.0085185
-150.1075733 303.5072943 -53.06502563
530.9659813 99.33556716 -177.1284902
368.8229353 -136.1835127 37.37429072
-95.82687624 21.8013942 -307.924455 R
-124.2429189 -211.4956498 97.03783536 R
-226.5392275 323.7918181 500.5847383
413.490043 113.5392946 535.0638348 R
408.7660808 135.4157955 -352.7791421
-297.654311 -187.315459 -357.647161
-59.26549234 -326.1109883 -63.44410405
-405.9578041 -265.3193961 -439.4398438
248.6870532 -229.2943373 -344.5303314
122.6405438 260.7034078 -8.945349506
-17.78689398 344.1755367 421.5520253
130.001342 -323.3386771 -225.8063214
-157.9765993 -293.0196076 -443.1697258
240.5869538 -82.36932061 26.08390537
-63.76267114 70.45172854 -128.5422271
482.9523018 442.2336641 490.6593916 R
505.7483473 141.2618034 9.647889876 R
23.14084921 214.3083264 263.2643662
-22.31790085 -186.4996361 240.598664
493.459473 21.98718408 -131.1156787
-247.7787043 449.3239778 512.7341381
-286.4500153 -176.6225822 109.9976135
-179.1031938 -290.8557227 -127.8395057
520.1655895 -230.7436056 150.4177468
-534.355573 -265.5604542 -412.4492029
-264.9891674 282.9258637 -410.9082922
116.5516863 162.1084552 -110.5850724 R
-407.1056693 234.1849148 -366.8125467
302.8171505 -408.3221261 112.2963966
373.2699554 220.7810726 -478.9303317
-404.9479177 -34.88229817 492.8577364 R
-257.7724931 -267.9224907 382.0297688
413.866891 368.3767891 51.52506902
-357.6529701 173.7415535 363.065939
495.6598268 469.5158065 37.61108582
-474.4013189 -50.34096997 490.9983194
459.6956594 193.676028 -321.6413046
-420.4961925 -116.9715978 450.2112175
-18.24487023 -429.2760932 -491.3154285
-446.9229715 -291.398859 -160.1349295
473.3579122 222.5615684 157.0230265
-381.8992414 -123.4728002 280.6058893
474.1500431 -350.8976202 -3.820216144
233.8645924 510.9205305 444.3612385
-403.1052327 -345.1600493 401.5617347 R
-91.10915192 -103.6176516 391.3542574
-416.0584201 110.4554554 358.5523253
-227.181722 -203.6384253 -234.6244842
-397.8600717 -180.4122688 -336.5608297
-387.5938742 222.4770391 -121.0398882
-417.8342084 -71.83877653 -426.5105751 R
-89.93602513 -499.6344689 411.8168097 R
-17.16271349 -399.4204182 137.3434638
-283.2031086 -446.7681274 135.1186337
-141.6294088 223.5357911 276.9912498
-129.1327452 351.5106228 -178.0709834 R
19.9382892 86.14664243 -169.6638534
276.298865 -299.4712565 345.3556168
9.337440908 -58.72238552 471.6599363
-265.1935601 -164.9769813 -360.6749158
72.90584091 -257.6971173 -328.005212
-519.3538406 -480.8940674 -161.7307417 R
76.14444025 -421.3009882 200.8504254
-33.98044415 204.5644858 -31.90524403
-444.4352123 396.7666657 -495.3795365
-437.7090476 21.50570124 -125.9138316 R
-514.4946521 -278.1157343 -406.5524635
41.7911847 -24.65377957 265.0513189 R
353.5119092 -206.8823817 -464.501202
-142.3455223 -126.0118578 -66.23235139
-420.6585536 116.7102621 -39.17529531
-153.0712386 -51.38152946 176.286495
217.4494624 -54.70001054 -153.4226787
100.4441995 471.5268501 -318.605751
429.9785419 -347.8972065 300.5514112
365.8823271 187.7632399 -246.7238488
-356.1957256 -145.2433219 -502.2817881 R
-508.1118197 -211.8028388 379.7476452
-519.8881646 485.4727121 197.9663109
333.2073 -277.4133603 -248.1162327
244.5533731 416.255116 -6.547794468
-100.0662496 -231.6391224 -33.36382698
-363.7872773 41.59448338 376.3948975
-126.2454015 487.5103858 247.2099676 R
277.4102811 -113.5134802 427.8116071
281.3984789 -95.73260457 -243.6894977
-109.2518413 -80.52403162 191.897202
33.92513998 480.4701527 -118.5080541 R
526.0828875 -422.9021894 496.8699959 R
354.8512636 -111.2324781 380.637253
159.315989 445.839901 -294.1410077
-144.1829256 -40.61452976 -50.68962375 R
35.78817051 -129.167179 -55.87759765
68.81719895 -502.8923026 -300.4117579 R
-166.6469433 356.571571 503.6863193
278.9820419 220.0838245 329.626583
192.659306 -278.8296323 379.7893427
-141.5053585 -177.2986094 212.4172083
66.26768101 -483.5354242 538.6077732 R
106.5781639 -123.9798113 379.9153202 R
-377.3391241 240.6952627 -109.5220502
473.3710821 -18.64756689 387.2702718 R
-174.9787532 -455.0491611 85.83307609
445.9623905 -110.2939872 235.1326328
-212.3097231 516.9159974 508.8155831 R
98.1183145 -307.5703818 136.2500881 R
211.4071726 210.2794342 288.9739264
448.336406 -141.7437517 -91.97161149 R
-59.07118665 428.3675099 191.1575392
-262.2989622 374.7283617 371.4456646
-456.6153601 -343.2661557 -203.5851159
469.1634084 -436.0557257 198.3975881
-393.5851646 -171.8057901 107.6853638
268.868844 -508.5887552 440.3899333 R
-241.7264767 -342.2162303 465.4152236
457.3707264 -351.3529761 -252.434766
-69.98256986 125.4126074 252.5624592
139.2254917 90.31112634 -17.66883185
462.1325005 -387.6156392 294.152666
164.2423589 360.5673781 85.47111088
-66.01422368 -425.1834904 -318.9010485 R
-343.9335214 446.9061435 -53.23568901
259.1345986 -46.35728753 223.1310669
217.635295 -369.6933298 275.3544177
-7.520363607 502.1618774 163.0456322 R
-407.8345371 -253.3933253 173.3806063
153.2278842 427.8587417 -374.3661442
-195.3940116 -29.8041577 70.4936755
-264.2546411 -223.5398176 510.4368564
466.841272 -265.3689119 325.2180112
296.7194597 452.4734498 -424.3373071
18.87087793 -197.5834503 -78.10960059
-176.4867184 308.7392158 479.1281166
452.3279389 279.7727469 428.7240698 R
524.2575089 -268.5419453 -350.1381235 R
-498.0324912 145.7896162 -458.7168755
240.9897778 -331.3279094 360.2718718
-459.2276029 -198.9973751 -295.282386
-370.291587 241.2729781 460.5822899
459.9822441 -75.46116427 166.2062023
-106.0922494 18.17616456 -420.2818524
290.3776612 -120.157255 423.2210097
156.162469 401.2233765 -184.6069367
333.5484711 -337.7085303 -167.4610662
-344.1656429 -415.404135 -492.7655961
259.309655 384.8068807 -369.8836489
-349.8911844 174.0672299 -367.5659617
-304.0492114 261.2029519 234.2254828
497.4352542 -511.7423056 420.0565744 R
-60.17985467 419.2197693 -316.017446 R
20.78817191 524.307684 -174.3945481
-421.4528803 196.2167413 227.6997973
133.6766486 -457.5631545 86.50583848
-40.8517621 -274.0737088 247.8044031
134.2861741 56.85854586 418.7088543 R
-419.4101261 -261.8542286 358.1026633
-192.0098428 29.61603687 -168.4986092
-271.0944584 -50.02354649 207.1014925
211.6209476 415.3579928 -319.8697969
412.2566427 -171.477607 402.7831731
-391.0359913 -349.1284947 -467.3716368
-191.189977 230.2510955 453.6423534
-321.5893397 91.90264878 272.200184
453.1662533 -28.18517742 110.0367635
369.9088447 23.73143419 -174.9803583
429.9902884 140.5023128 316.5666874 R
-187.7615144 317.4780731 -138.7264707
40.66995556 414.679533 -117.2396996
-412.9668769 -381.6115842 382.7962461 R
-28.24202313 -344.4553364 -327.7473638
-294.1431928 358.2246336 -424.4909204
-238.4996913 15.92806056 169.3778748
388.4820217 531.2772342 -452.897328 R
-293.5589608 171.672791 -219.0173021 R
-75.9901358 -47.92792642 351.2180863 R
495.3692725 71.7766361 -281.5922472
396.5380518 -445.8876547 -500.3748532
-300.3419682 -195.6227439 521.5490127
-521.6877604 -518.9575265 211.1417174 R
337.4850287 41.18460375 51.43685742
461.3301058 -254.1145115 488.8931009
-165.7815081 265.8241126 -77.01590911
-9.499987455 -224.1660998 199.0986232
-534.3387848 66.24556328 155.1893421
-376.2372857 294.6820241 -434.3206864
47.43207889 285.7036994 230.8072519
197.2574207 -345.3762693 217.7009116
-201.4950835 -397.0566058 291.971364
-126.5225408 516.4930662 373.7628994
-45.57457196 485.8800634 -356.4946983 R
258.3665965 -67.66513558 -456.2738671
106.724387 -358.8036539 -77.15609406
529.6031538 382.531724 -495.9046432 R
-66.87779555 332.0874544 -492.0721539 R
-523.508769 -428.9905187 234.9638452
-51.26589175 509.8061177 291.9025634 R
-337.3767284 -493.8701051 195.1991534 R
-95.34526566 -296.2390201 -291.4583923
269.0779307 470.0693026 -118.111587
-389.1796185 -167.1875364 364.0626218
-119.6161171 94.7451912 119.1618608
121.575102 -368.6021813 378.9049423 R
-55.5537386 -325.4818255 75.92345417
-510.5508558 214.0595689 55.76464912
54.48736326 483.6906292 273.151958 R
-359.5871115 202.9149798 123.8548367
-143.6207277 90.01332823 389.7835636
189.1530267 -321.4010994 -407.1230782
34.29028928 -295.5005947 6.231800773
-331.3518093 -487.2636362 378.196807
145.2345534 361.7954237 -359.6024058
512.1940157 -412.8113817 -231.1615447
-213.2945885 335.7823774 525.6240086
-75.73513018 -83.484492 -22.66941596
-297.663678 397.4888329 104.8061901
-139.7692614 -186.8273519 291.1369327
-273.2737324 365.2861251 275.2088377
386.6259713 -213.3282872 367.8777017
-1.783784986 -56.86270475 314.4667718
458.4153629 429.7939564 63.99146483
90.35265994 -269.862048 126.986259
-147.6635997 -404.7277992 -72.18533627
57.1756114 -435.1880313 -40.31870195
-85.16460973 -337.8050896 -177.6833164
-202.864745 -238.7305937 397.1167797
339.1979572 -423.5657187 -50.34872578
152.6764079 508.0750692 -392.520148
-320.6530997 46.71557637 -437.7668204 R
518.4229912 464.9043969 133.8132471
150.8209803 63.94445192 260.4500843
-338.4372463 -307.259405 286.8964653 R
-485.3168336 -258.2131128 -316.2374592
279.7319428 77.83285055 -467.5417974 R
-417.384727 224.024358 -304.4129902
-473.1149606 46.36191104 -188.6851027 R
122.3914139 -518.8566894 -122.5010984
-311.0531595 -467.3915391 -303.8048957 R
-330.6778017 -370.6263858 -325.9809785 R
-63.58830197 -184.4450704 333.9436275
370.9714507 421.1415815 -97.99714781
54.96870947 -340.4175313 186.4098774
31.14473531 -100.1991959 480.1550565
323.7877822 -97.91719361 -297.2672026
-78.67257821 -505.5411134 148.0218668
25.0928753 -532.6463467 -393.4997394 R
-180.914434 372.143148 -391.0774223
-12.14832114 -249.9617567 -249.7000444
88.75394393 -244.0133429 -531.5506962 R
-151.118038 207.5330905 -501.4226156 R
333.9444074 -345.3371856 -62.06338453
-175.9980288 37.78750543 191.470191
-437.8152203 192.4441684 -28.09673893
381.8735702 -500.631581 166.9489789
266.7594723 24.13621963 116.8989717
308.6704571 40.83570103 -402.6060178 R
-321.2500026 -179.8156045 413.3640909 R
-218.7831867 -47.48350723 -505.4628735 R
-418.0073023 -376.741454 127.5318582
-33.3615221 -359.8501191 -212.8037077
-2.572507079 10.71664655 -21.61345298
341.7741805 177.8389466 -160.3050348
351.1288288 -359.0171233 358.1741242
-89.95972965 257.9106842 59.92556282
97.49989036 -312.4543806 402.2303877 R
-203.7686228 -198.6290843 505.893607 R
-525.1192622 319.1980649 -114.8237466 R
283.9417887 482.1754193 -292.2859875
58.3488028 -70.70440077 -454.6707173
-357.4527423 81.86596902 -176.9051087
-411.8594466 -478.0409521 -308.8339096 R
-492.8540891 345.6555109 -299.4112626 R
127.6529739 410.6853207 -160.275434
-201.2273137 325.1464888 -259.1732226
-399.3101283 326.359259 16.52307566
94.18955707 -473.8278199 396.6532258 R
420.5148765 -161.3666904 462.2815044
-132.7365208 -515.4492259 -243.2616596 R
178.0142302 -421.7783097 -440.8153939
-245.8465043 -61.89165519 -126.5181154
452.3566976 -432.488571 -303.5351031
-354.6010108 -286.124341 -96.51599641
-50.13555948 -254.1185876 -163.4061668
20.24729796 -196.5046898 117.1215942
-272.8004561 369.626821 75.49069681
-261.9497449 -382.3612948 -363.6783712 R
-128.9961185 494.2102952 140.1113856 R
434.3903278 -471.7887317 272.7188644
446.3966304 -280.2930986 -173.757777
-180.4077375 -41.9710357 -426.4730431
55.53257381 467.4145835 -449.4252888
10.5486392 -324.4067145 82.40450766
-69.24982101 78.27498426 373.8263389
74.28882164 20.42917258 77.60157998
-94.09618756 -134.7918423 -487.6432933
-284.380918 479.9016106 413.3666448
-503.9417975 340.3241149 -293.9250475 R
-388.3092314 315.7503063 -405.1644581
383.837307 285.7589354 134.4405682
-103.3971675 -113.686763 202.9775992
-41.03132743 -307.7594049 -209.8677635
357.8575802 -137.4752301 -83.21473245
-454.8293943 -48.68508048 -98.46735958
-113.8883428 436.8451695 -228.4371532 R
-251.9999329 -84.68009499 -360.2568023
450.1720495 -424.8760285 484.926714 R
48.10437325 -420.0821896 -135.3562719
256.295953 -143.3031099 -253.9040736
157.4307207 103.85659 335.8415591 R
-366.8736491 -150.6527752 362.4359429
86.64683037 230.3563191 13.87920599
217.7747225 -328.3868951 531.2081919
277.2288858 335.4896481 -289.4666026 R
29.81842045 488.8344632 -118.7446453 R
-348.3880397 135.0943449 86.05407319
223.4666839 -89.19128987 -357.2165918
-116.7128296 -186.1365049 47.65077285
-346.8678497 -166.8687091 67.27793115
256.6802689 -248.5741207 -424.6477519
-355.2315047 -38.07272471 126.774637
413.4390575 128.0447284 -281.4681905
-94.09852889 59.86151525 -382.4087039
-450.3580662 293.805032 -347.1659767
-342.108767 -55.96753032 -388.4101917
22.27089446 84.24055934 -400.898857
401.512632 187.9001043 -16.74565668
371.8530222 -350.6767657 -123.7621354
77.19797639 122.9330374 502.3574183
-65.17447075 -61.06653984 -101.2620715
142.7531284 -65.19175736 -520.5972176 R
-115.8525318 31.45503621 -345.9546165
0.4260963485 -91.17988079 250.8078505
-504.7856028 276.1877851 281.4822391 R
298.2575392 272.875921 -323.1434695 R
-36.27961703 498.0497837 -127.7879723 R
134.1203734 -241.83095 -54.80781803
422.016682 150.6248861 113.2443087
342.0738238 -8.791564157 367.1041418
-401.9535359 274.4690866 -315.9486751
-354.0842865 102.1685118 -353.1188002
348.3107862 73.76252952 -356.1450738
383.4408327 215.2396666 73.00953047 R
-449.8481571 111.1422126 144.1426115
-238.7222044 341.7238521 425.792128
-235.4705475 -415.6669769 519.6037861 R
434.319129 124.995349 -352.682134
-59.9306805 -22.93455881 27.84785137
260.4690649 97.25544439 -19.45963997 R
290.691405 473.2131141 -100.6459812
319.6299189 -81.59413217 28.22525544
28.21362421 -328.1484508 28.23431925
-237.5604016 -19.33794462 -1.845773238
-308.7257818 29.49948858 436.75619 R
-263.536935 -184.2540714 -180.4290198
-341.3335596 -519.9856125 -431.3669524 R
-387.3981809 225.8747215 -358.4471151
490.3671122 502.3810395 304.8378262
43.72453138 -286.6529756 157.7934094
309.4787922 246.5584196 -543.688008
-30.71209151 195.9702481 41.20282514
-480.0167771 -290.270109 112.8726893 R
377.2587196 -344.8419937 -363.2223138
-425.538189 -286.9574165 1.538771632
490.8762139 -179.2793641 -314.4599566
-109.410523 -334.93248 447.8117736 R
452.950333 -77.60851728 -333.7270255
-142.4126682 64.95590883 -65.59815772
149.6399565 409.4236707 132.1709646 R
-71.26746765 71.75587742 63.62316779
280.8037921 482.7281273 135.075684
-7.221334954 -321.8870933 -401.0270269
-86.25095308 199.0810495 -247.3457573 R
454.7422066 -74.65854052 -479.3358516 R
-471.3553583 135.3325739 173.5183804
-265.1207229 -521.7177672 -210.7358533 R
-203.3299699 159.6895692 -345.1812897
-178.2558181 147.933542 25.79360716
-200.3227876 -464.9904497 -132.8190542
66.93039288 391.8977723 264.1011155
475.6235101 -497.7918576 205.8316959
-335.3988433 -279.8941324 -125.6874654
-271.6611279 -32.09508951 94.50923373
151.0710157 -424.6584621 226.8616944
-18.94571497 -20.84602698 199.3321176
-382.7342284 483.7859599 240.2700052 R
-296.0927005 222.5042872 463.3384746
348.2760243 543.714159 -181.026288 R
-134.8888511 -194.31601 -363.8028513
-363.1578256 -48.68203916 -4.027927735
326.2306756 -112.741226 -438.3513195
-523.2087705 61.57512172 -469.8320835
-520.6805233 -12.59279248 -276.4133008
208.4259581 472.3062226 510.6624534
-378.8531373 517.9186962 497.1700179 R
-472.3047524 -347.5233942 -438.1499729
456.2745787 156.7833507 -380.3625398
159.1036385 -120.7185325 25.85953699
414.4410147 -297.3887925 174.5104455
397.9839628 6.396278997 311.4676508 R
-260.857577 -365.7865007 -413.7399413
-47.17746405 76.14935312 -130.7728134
-394.8226049 -36.62881109 -253.5534007
320.835232 -9.956093115 -45.44540658
511.720812 180.7638418 -188.8176556
-291.2588157 -113.4383219 365.289617
141.0727112 251.2979183 -486.3477054
470.4631941 -241.7410896 -423.4010133 R
-177.6397005 277.5970145 339.2195748 R
377.4615491 12.5824221 -479.0832161 R
-366.7460416 421.5411368 80.11133568
-182.7431331 195.0216259 -400.6961411
-450.9208547 -28.02951976 110.3538867
404.2086497 -102.6087553 -204.1474067
268.1601122 450.6572857 -366.8284038
69.07946252 155.0767285 89.78659872 R
284.3211868 171.4478054 -319.9634908 R
514.7901176 14.64464384 468.917035 R
-17.08971121 -91.07541951 -448.4234415 R
-206.3774766 -517.9904285 -281.8531072 R
340.3247164 84.01142275 35.46704834
-421.6524203 -109.5182307 329.0055286
388.2731365 -194.206585 -97.56164181
38.89744445 487.530699 -264.7324999
-145.527597 520.0392207 119.9711953 R
-491.9320724 378.7576581 444.2620399 R
530.2219848 -282.5870827 303.9349543
-2.522992841 -495.1645498 -17.11065532
100.5593577 -118.0403508 -459.4898936
-12.63717132 291.4718118 -12.51405953
51.24988872 88.14689841 109.3762681
-419.0812325 -100.618892 477.0253628
-174.9312091 -64.82625321 45.60521644
379.4608418 416.1040129 512.5399583 R
-398.8848499 -464.799673 539.5781689
-464.9870581 -160.7472162 -495.9433833 R
327.5121967 412.1147389 -396.971889 R
390.4484053 344.5768153 373.6975808 R
-435.629094 368.8416107 -119.1874504
-401.9334079 99.5173433 301.784801
-241.2447173 -405.6466175 -284.7406561 R
-272.6052774 27.37145112 -256.3533238
123.7940567 -238.0257385 -211.9428701
-406.166168 -245.7584074 -156.5318347
-226.3978454 -494.5422536 -32.83172874
-28.71747675 120.5454379 56.25902444
-525.9499887 -374.9003058 350.6442984 R
-445.9236615 210.8286489 113.9075943
-528.885349 -49.41663476 149.4011018 R
366.4326859 262.6419554 -218.598129
-78.35189707 -442.1997756 543.2963896 R
520.6473623 -132.3114249 -357.3878396
-325.8791179 397.7634708 6.944626716
-383.4518973 195.6644413 -413.2356807
66.3490234 -168.5552538 -315.085631 R
302.9304038 -471.5468931 10.20466082
-150.2216444 515.9596054 -448.3427144
43.1542269 11.29867168 -250.1418607
-336.2309293 -207.9621115 -359.0531121
-61.2269681 104.9264005 -0.0327958082
-295.6775053 -72.58736144 -392.8893565 R
-28.09926329 -335.6087784 135.0913867
-331.8227185 -188.6226066 308.3998431
-353.6854378 217.031795 91.31294307
-233.2239203 -176.2190356 -314.5177353
278.896273 -290.8274241 532.7847175
454.7781155 224.7372709 -338.4450185
441.265608 93.91223604 -429.0648483
-480.3544149 140.2786303 369.5763075
-470.0420525 68.14056474 33.3784258
-491.8501863 -308.3703945 366.99758
70.36318308 -124.0473641 -340.5990372 R
457.80307 -338.8257406 -474.9994973
-458.7654856 -280.6426036 -3.571411856
472.0247562 93.1107491 211.0231866
27.13900774 -316.9921997 -391.1432803
525.9741396 -366.6295174 391.8336536
-142.0534702 235.1522563 369.8918819
-240.3314666 362.1838561 -374.1896582 R
254.2379872 479.37721 -313.3491787
336.6036476 -48.87839211 -0.6072098104
252.6883391 -118.8401611 -21.54779502
519.6506313 -414.2156716 -455.9232226 R
-339.0334097 222.835395 -55.12557938
-527.0273153 -452.5822534 -442.5099206 R
28.58808248 -493.3851563 237.5174276
-426.5384621 18.26360857 -392.9005451
-27.7742497 -448.4449405 353.9076176 R
317.8337129 -223.7884788 -110.2009834
411.724397 492.3528938 366.6087654
-1.286618204 -362.7453846 -312.9879967
-67.49916851 -408.0450855 -134.7940165
-179.0789966 293.0057843 4.101659415
397.0634671 423.7413198 -224.188387
-377.869876 109.5607641 182.4354361
521.7274722 293.7353113 399.1055068 R
86.05522867 4.965211453 -134.6238039
375.3611852 -282.7189552 -69.03307568
387.4830903 -171.8362001 129.3316489
-392.312401 -521.8415593 88.77078083 R
134.732414 191.5246437 131.0256847 R
-478.4225884 121.7573896 -190.2010407
-26.05072203 235.943285 59.91533225
-137.8296837 -116.1821875 70.17659376
338.4112137 -404.7735563 -185.0488536
142.7338487 -100.767332 -1.908286054
-441.6129977 6.816681572 -213.9041384 R
415.2536164 -46.00298765 160.0083772
-369.6650628 188.8573617 232.0586992
-345.3446968 365.8989854 -141.6069943 R
-494.8067865 -530.7247721 370.1975356 R
104.393412 -392.8891701 -444.2592723 R
94.89059733 -157.6963078 -1.708766834
268.6546969 270.1618205 -319.1486642 R
-277.6502394 128.020919 536.4821986 R
-462.1539194 -59.0468496 307.5550234
112.8040153 55.6100689 -324.0238062
-267.1565294 425.6085744 -166.4206654 R
-139.3886113 295.7588642 -236.1499862
184.6557121 -254.7281933 -145.2586905 R
367.5096982 186.0965724 424.7927989 R
121.9600887 -12.18294654 -288.3868767
103.19 86.17798741 36.6162789
-382.9308927 -75.43174677 420.969636
115.2642379 -192.4831392 32.01085451
38.38783697 -137.6011758 155.6375849 R
82.21840921 295.9863044 -348.4676973
98.17902003 46.55518783 284.5644878
35.98675296 161.5412909 473.3530579
403.6621536 468.9979416 -363.1634099 R
-172.2397543 132.6299373 -513.3663951 R
419.0424166 -436.6517595 -25.20661726
-315.4150221 -96.33723278 -257.908906
447.4766725 356.6388666 463.5954484
424.6880118 115.0651179 -401.9474384
-170.0084211 -58.14897998 147.481616
339.691925 454.1155569 182.400402
-414.1761323 256.9762974 -130.1656128
-148.3691778 -463.5459942 63.62415341
-246.1238066 500.4291859 -125.6732192 R
-170.7661893 258.0971754 -107.8392219
-86.29845139 -514.5533108 204.4036743
-302.9956821 77.80726578 181.2295633
-66.41223223 -257.792567 101.1820935
-151.6330653 425.9263489 475.2845427
-477.5688919 -80.96033954 161.457017
-14.59362544 140.9014452 -369.7543783
-360.6541675 -435.7761487 -360.5875901 R
-296.2382146 -426.5289799 104.871182
-108.3716088 266.5804118 356.6174738
-29.33994225 106.9290274 184.0269421
390.1414549 19.37348626 -211.3638802
460.4646066 452.6521303 383.1075305
-397.3097602 289.4362955 -382.5368298
516.0938032 -109.5213808 -203.4826459 R
120.1916943 -9.120194084 -122.5329981
56.70481343 424.1210207 -279.4926641
337.7524241 -436.3465016 -346.8737577
99.61239698 -85.78260089 -184.0576138
150.1533006 -438.1119104 310.7206058 R
334.3873259 -161.3065012 -279.1645247
-147.9279582 -114.0205778 70.0453041
-38.76695899 -432.6849305 129.1634152
0.8850508412 -457.1965937 -52.06805608
225.3517282 16.58754283 -94.84737999
-384.6236298 146.8320601 409.3292577
123.5885452 409.0782449 183.6663077 R
486.0837938 -76.86525274 42.38261855
172.1638239 -388.4450987 -421.0533893
507.0200388 93.53282132 -174.2614462
344.1287887 -279.3889834 -77.24640777
470.5021386 330.2046422 -370.3128139
-232.4098946 65.76507628 -409.7834127
-308.0669091 -450.333255 298.0134847
51.89920097 287.1298967 483.0701481
-359.87324 -504.1754584 -285.6289135 R
138.4811805 -496.5771228 417.1753597 R
151.3188108 -411.9189726 -99.94088967
399.558067 392.6131445 462.3930662
-475.19756 -371.8129995 -400.917463 R
166.8551249 30.9641446 14.27826629
63.22662834 495.5568876 315.2011009 R
-457.2377564 -261.5735878 376.4965339
355.9055831 503.9840755 -314.0504888 R
-332.4261164 -252.7796596 -183.5705977
-117.4482546 523.6311331 -279.5666371 R
-359.9203682 480.4639657 324.7954691 R
236.4031418 348.1707196 498.1755653
-370.7535069 200.60671 159.2433257
502.2611605 287.1959517 -292.7252991 R
-167.6166763 -466.0886916 -346.5951209 R
226.5154544 -281.5176904 490.7224535 R
114.3305789 351.2756251 -164.4114629
248.2284906 503.6213102 340.0305068
532.1000507 -177.6714026 338.4804476 R
-294.7584447 450.6024789 -367.7651978
-256.2048666 -176.1327693 15.54202446
156.828578 216.5141899 -387.0023223
-499.0308559 -122.5935281 276.6166634 R
-499.3365649 482.8715829 184.3544477
375.9878912 -318.9420711 296.25272
28.4724368 -311.8625734 -117.1362857
252.7549221 175.4185679 416.7150857 R
451.6034833 -336.3095909 457.4165344
229.8952202 396.7110329 -406.1857954
427.1814367 359.8138539 75.34316497
83.75665763 -280.4108911 -5.668898736
381.1891356 -121.446726 329.1775849
508.2449128 -2.921083169 433.1636078 R
-475.6789133 355.8129873 363.5960224
303.652817 -414.6777125 176.0575712
97.12436322 -180.3761666 -513.1220743
-1.096602211 55.22146582 108.5279956
442.50273 368.9630143 -529.8773961 R
261.4074679 -174.9827193 370.7580914 R
224.2024814 -14.50984638 -138.6293109
-403.7742039 -94.25225981 -150.004265 R
171.9738607 -333.9084866 205.0486381
248.85799 -470.4204312 -142.5260387
261.8876363 -146.1374196 543.3147105
-19.77116733 -255.2631894 87.61708319
270.3441239 13.92649485 113.4976517
139.2482634 -171.5425128 49.48015332
237.7337468 335.5098456 -240.4600911
411.4555128 -216.3011899 -159.7905326
476.5874919 313.0507215 -64.95177681 R
525.8881586 104.9815033 -172.7498585
-481.9512269 -166.3241758 160.3394701 R
99.35207612 325.2626059 -333.9798137
409.2270308 -190.4091187 -489.0305079
481.8611752 124.6095708 -401.4920546
-397.8926983 413.3688513 529.2132007 R
-187.7424671 58.24257007 -351.4582622
315.2669396 34.53786683 498.5449765
191.0330935 398.3016452 402.3655488
202.2522788 -145.8138708 -136.7046539
-345.7691486 -326.8107051 46.099133
506.7393321 373.4712119 316.0409009
-120.0212559 -324.2562748 81.61234348
-508.1137806 -508.0738238 -329.2551302 R
-198.9709291 26.47081845 -395.4202302
444.9637018 474.6583187 -488.5714076 R
150.1755951 481.3475507 -268.4213436
465.0510463 -66.05389223 255.1825329
-347.2274821 234.698278 438.9221182
158.2708761 -393.2412485 512.8183893
-115.2062713 -371.9318277 -9.952698026
107.2192215 27.0223269 -68.48982708
-97.97782884 -340.5157027 -189.5874854
203.494358 238.0132634 -383.2139014
-490.9971086 43.61767017 231.4586149
-66.25539624 283.2721309 171.2290039
419.1007829 392.9293251 -238.6815279
381.2151088 -289.2173322 200.8331242
-268.9349066 -196.1848769 -357.7165431
-245.9292472 -512.7381004 -103.7331463
463.1120812 115.8874488 -457.0194017
446.3934411 316.3210773 -248.5738144
144.9578184 449.0193564 -509.7292546 R
204.3804526 -19.63444337 37.02114588
-152.0535312 195.8912495 430.6618641
-0.2878203029 448.7991541 -324.2243922
-208.3837207 -56.8020039 246.7874286
-141.6844622 -250.1652479 -4.262379934
-320.0103615 412.3049192 329.3725151
274.8488186 -228.5681441 -88.99757459
-365.40053 -210.7423042 193.4758125
-470.964451 -160.811748 332.1266975
-172.3993097 465.4715875 195.5747195 R
-199.4642628 246.9161621 244.1435099
-207.697952 -132.1876831 -343.0898467
-184.5695472 -219.8476169 141.947602
-100.3334803 -123.2439209 365.7764914
473.9880088 -4.093872452 -0.7794787994 R
-444.7180871 385.3788674 -130.2145483
-266.1783332 -339.6630357 -427.2035163
-163.7633946 516.6385387 -69.3565876 R
-63.84231167 -136.249097 -251.3490752 R
209.1821546 126.6765756 277.6751621
-51.63632087 31.54040208 320.127264
275.0610931 -318.783276 -304.3590095
-332.6208817 -93.55479284 349.9809387
-408.34956 26.72201713 -492.5841329
279.7590593 -29.44404261 -131.8680338 R
426.1957179 -37.3206089 270.0777445
-21.40915652 -271.9209584 116.8135565
-395.2975329 193.9762259 -90.25385052
-149.2486893 -312.0910874 -242.4157099
-35.96635584 -374.7281992 296.9949779
-394.9926933 39.96429791 120.7591642
444.1113826 518.7073778 -319.7003855 R
203.2303426 225.2075219 51.47640991
-166.0357151 213.2508764 -124.0493707
416.1035391 446.5598915 73.97774428
-101.6110095 344.4333604 113.4723353
-407.3216665 -214.6120501 506.2960693 R
83.72532014 -520.4097807 87.71668089
-434.3437547 -213.3682692 41.97336149
-366.6668941 373.8046175 258.5030549 R
204.6809788 -203.8911064 -498.820676
-76.17307907 -258.4479355 359.8539383 R
281.3591305 326.4894567 361.1377852
-55.79851727 425.4852864 452.0784757 R
-437.6564511 361.4491772 -440.5421089
197.2255 -200.2494123 286.0488497
-487.5425578 358.0393038 -461.7374018
-412.5504269 298.2211364 -205.4290955
-360.9916896 6.779834317 -116.0559717 R
252.1362539 501.5133485 210.445941
515.9866393 411.3612513 -337.0362884 R
116.6987498 382.0310801 -248.1926472 R
-525.2404329 284.7678575 -47.68102288 R
-233.2491657 310.3094707 -173.0365863
-55.99890073 357.0250301 529.6378367
-219.4533077 343.3190386 -453.2850812
-513.3483244 -496.5221269 -436.127966 R
-77.33888547 -217.7020804 -507.1665077 R
204.7085743 -17.84087942 373.9654937
-48.2747661 403.3144292 -63.65499025
276.1125578 83.5842205 -341.6626673
482.7582398 -239.6284444 145.049645
217.4387123 195.5433175 -522.5592291
200.8449696 -343.9856515 -85.16123931
-328.6201944 -74.14636208 -319.0622732 R
336.8883081 317.1391556 225.9558019
-306.4917633 290.2361781 233.8810046
70.95079256 -285.120243 89.49944139
471.5036196 380.1721007 -220.820499
415.1721136 -490.66546 508.3316418
210.1445999 268.6473532 -115.603888
99.60841517 -68.08345815 29.38323357
524.4082562 -100.4125064 70.31787512 R
-283.5172242 -510.1419568 454.5845406 R
-34.56247002 -336.332961 394.1817132 R
-473.9154363 411.0224858 388.2488623
-115.0555403 469.5238449 -23.74254482 R
-159.720405 -42.9130597 -221.624546
494.0714606 250.1553779 -512.7919201 R
30.65979158 -300.0608968 522.3319719 R
-206.2758369 -374.8346581 282.2771919
268.2792851 441.1683453 -476.3161064
-79.97433567 116.7121899 -207.5073188
126.9365791 -241.8329079 -368.34845
-4.47026769 -102.0506497 378.351303
68.71388245 420.6045132 -212.4487804
79.69687145 114.9909018 -73.64805129 R
35.07905881 -268.8853057 533.7665354
-123.5403961 -1.547165427 246.6099237 R
328.4731819 -469.4738679 -192.2042639
195.3209931 21.83883737 -158.2463413
11.86859336 -524.8160944 -51.38327326
-310.2753931 -511.6720196 440.2822981
13.40984242 465.5383955 -420.7909747
-132.6921786 -74.02031618 -121.4995758 R
-72.4607748 -370.7347478 346.844155 R
171.013951 -451.0892108 -26.71852038
-339.1409122 -211.4229361 130.313518
472.7520055 -493.5997643 -335.0921221 R
-202.3842714 15.6746083 -422.0582253
273.4151596 -390.4779479 239.3528324
499.4030811 -268.9887573 -216.294841
439.1201874 215.0612429 44.52766123 R
-271.5489307 87.51782827 47.79604864
-42.86870603 -367.7331447 382.0187715 R
-203.2836079 238.0482173 -517.3930299 R
167.6093412 -357.0200333 -444.8902369
461.6344044 -273.1961847 -483.1032041 R
73.90254158 -60.56212533 309.4766332
534.2658709 317.7084766 428.8197103 R
-78.84001571 -425.2288539 -43.44075161
199.6756431 -192.4793723 -377.7998524
-48.18930444 -460.4699496 -305.2962417
-38.38178443 39.89803444 138.6587465 R
46.21934956 -443.645124 -143.3500031
260.1710223 -244.8480299 -377.7918914
-281.0011769 -377.8883899 5.038953048 R
282.1054901 417.5207552 -501.6158063
303.7965707 -54.90098581 -296.3900502
383.1253362 84.50728145 406.3017024 R
-460.8758138 197.7214106 156.3317136
82.13876172 198.9527695 -420.3358553
198.8996676 -22.25194445 456.2911071
159.274053 -172.6641309 -174.2267795
367.4547257 -76.54434008 -235.0880931
-276.8981783 377.7797242 -436.4451005
-32.54860027 115.9386946 -209.2183174
-209.63896 176.5024618 406.5064557
282.2012383 255.3270761 -314.8507572 R
-203.7496012 121.2990173 -420.7255186
89.62490855 -298.2218986 -188.0959659
264.4986068 -197.7172324 -134.6339893
148.8725319 -390.4130772 489.1304664
390.9661775 215.2263898 -167.1943695
-508.5310796 161.0886981 305.6693048 R
-413.0098121 253.5502655 -139.2679564
-435.7802952 -220.3220455 -314.2926578
252.0204041 -64.77766582 26.60601767
-48.68356975 -434.7683477 -358.8725788
472.3333392 485.5270986 -467.6570546 R
455.5161794 -51.22256896 -283.6372263
-155.7254164 -333.5757438 -548.1970177
-288.2905347 211.1433721 67.24071606
-498.4237768 -26.27495759 162.9719635
-6.986185395 449.9505097 -411.5040507
-412.5472588 408.1405217 -437.9641572
512.6851445 126.2269517 -386.5935358
104.032794 161.9985438 -267.2217179
-270.5330023 454.5317836 -525.2114113 R
183.2120158 -150.9185397 -373.6265443
-513.1628721 490.6226913 174.0348686
-328.9075375 148.7156028 -422.9900882 R
195.6637203 -146.5820619 -152.9668407
207.5420071 411.0256004 -105.0724796
-218.9339467 402.4584813 -445.4191356
221.2647906 -93.59543654 316.9714046
249.0691042 -448.6050212 -441.1133424 R
-88.67695062 482.6869153 72.58737045
528.431696 134.6605503 -440.1664097
-533.9751688 21.27522049 231.6558503
351.2000156 71.6590824 412.1001262 R
-273.687911 -181.8484249 -211.5372128
521.7482357 -183.0620953 -19.90656098
-35.4162378 333.2291888 101.9830948
-189.5110596 -253.0198202 -421.3806267
-169.0230112 445.7801262 -372.8477498
-454.5447347 95.0218044 -11.38211037
-497.4088319 128.43402 -248.5890483 R
62.20897911 2.379942335 -65.44283681
292.6483405 496.388142 -346.8295728
460.1116236 -226.5095496 -359.9211741 R
380.059854 92.66814237 478.4731952
152.1081191 369.4448513 -119.4710797
-307.9291682 -479.2064086 -99.18967737
-74.0135188 343.8135927 -238.892657
-404.6223355 95.40010914 384.4571168
108.5132658 309.6055342 299.6911442
426.1550856 350.316708 -148.2960732
40.660727 433.3875289 538.9259609
252.1105681 -471.8427994 -54.27315895
-26.48755096 -293.2939491 135.3590059
-482.1162214 -435.5444143 270.8437799
-465.9338759 476.2342164 138.9461892
365.4354915 127.4967028 -494.9196649
59.7325221 -169.7296014 482.1347202 R
119.0235212 71.54949908 57.85334499
-189.6710004 122.642651 -344.4752209
-75.37739231 520.0717209 -153.818366
-8.344434429 375.4071427 -172.760061
-433.0458017 -55.61077092 -317.6131294
-237.4856215 -337.0248976 -303.4197272 R
126.1719741 35.08187839 32.17515003
340.7105865 506.4601089 161.0762917
378.9838987 -171.352047 -84.1592032
194.4769937 480.3505146 -98.15127911
378.7914279 -129.5501578 237.4621367 R
357.5724536 -470.9171788 -116.2029517
-340.378376 506.3283371 377.7612759
-281.5630525 7.264991149 -92.50960294
-237.4976032 245.8375694 -374.2094669 R
400.7847079 428.9503405 160.3820252
491.7172585 -101.198158 150.1313946
-247.8314222 -106.9376027 -84.23730169
-189.780492 85.70199697 460.6278688 R
-94.64525918 472.42306 -67.8219983 R
-284.6921074 279.8525048 394.207518
487.9701344 508.3568057 347.576517
-362.8447743 -507.2710718 -72.57017611
-409.9226272 381.076182 103.240629
275.7812698 -428.6841981 98.02592229
-18.08443668 113.0907053 69.71535191
-525.6318526 -443.8221805 330.5213936 R
43.81354662 90.36684866 500.6319196
-470.4204085 -323.1910927 -347.2751535
-21.85320471 -118.7736262 -40.46205391
-244.3945727 0.4518692622 -359.927633
-206.3458852 -332.9820043 457.2298901 R
405.1197651 -453.2465707 430.1852854
199.1441605 -489.7258023 -206.4276545
-275.6026756 349.1317366 374.1862033
173.3015394 461.3790601 -410.6889476
-59.48524952 -400.6178738 152.8407299
-101.4747834 -478.7488492 365.2572962 R
-211.8639894 292.776312 -488.9878177
33.53513629 -21.58392444 414.2310666
-494.4677922 -493.5352212 -10.92824024 R
-70.62401986 281.6089512 501.0398128
193.0285363 29.0699853 497.3655809
-317.1270613 446.8327594 13.43670693
-466.4097904 -339.2630985 9.050951425 R
-25.61522937 -345.1681797 495.5406653 R
-74.50409236 181.6804649 -16.10054122 R
-1.711543048 388.0985797 -82.87823556
-298.6915578 401.1222572 169.5335225 R
30.97622051 87.71066039 324.5158239
455.546447 157.9011022 514.5982037
244.5136723 260.8519324 258.1541862
28.33389184 -531.0328948 312.0433548 R
59.64482787 287.4103024 -337.7521417
72.5750449 310.4209721 -277.0800997 R
-338.3554125 -20.47416401 41.47478393
-15.6900061 -341.544049 -46.6023014
473.0947229 -333.4631486 425.7450449
36.44973454 202.0507479 316.5306587
-111.8176788 -309.6034464 191.7905297
198.2832096 -498.5334987 -521.0459033 R
-370.1333444 389.7960669 -426.7669787
317.1779845 -63.52234716 524.4651835
190.3378825 -485.4197552 510.6182649 R
-3.791144764 -249.3273988 -409.8129137
23.72363517 70.67528606 232.5051677
187.3259579 -321.8557544 458.3868999
-443.2880639 172.0063848 226.0690287
53.50171454 282.8300725 266.2094655
-267.2588675 490.0444256 368.8439472
335.0955521 -526.3933577 -395.8274304
-119.9936263 -396.8853914 205.4878643
183.8736127 -307.810115 -91.38887782
-94.2535676 267.02304 203.7216319
-252.3502435 -231.7549006 424.2731671
-306.4035409 -430.4161291 233.2673619
93.99384675 43.74386033 -444.6736236 R
-319.8667684 257.1455835 -243.0163237
493.2710113 120.278207 81.45075813
284.8334392 -363.9724957 114.4635645
100.7112987 115.7610162 -194.6653538
-43.77017293 243.4941423 36.29346256
98.04738729 266.006632 151.9563029
259.2677636 -351.349242 -536.146115
127.3163929 142.2027874 -346.8215565
272.649372 -404.7223981 275.6439124
-3.014414526 -287.1614828 -186.0910646
12.55016902 -499.9019297 545.7775868 R
-134.3533473 191.8705893 -384.8671534
261.6317864 253.5209416 291.3865952
-199.1545398 -424.0258023 465.5094126 R
215.3588287 340.5175825 -238.6383111 R
-290.4597371 89.33925353 233.5072314
152.4681004 378.7132018 -363.7806864
150.7032806 19.153087 -530.7909419 R
29.09558075 324.9423116 108.4332957
