3.414680197813473408e-05
4.499052316493294619e-05
3.822681412987416889e-05
4.252738310503789503e-05
4.404307884638200413e-05
3.420281306589816663e-05
3.365888594834409443e-05
3.798337979438189642e-05
3.326418954538933151e-05
3.386003819269531480e-05
4.487953714923176632e-05
3.515744883582910813e-05
3.984914069747000917e-05
3.653657289483118779e-05
3.452896494076448404e-05
3.851098305692236698e-05
3.378401607911370148e-05
3.476475240269649692e-05
4.495073127850430556e-05
3.854277465706697952e-05
3.734644597950029623e-05
3.438139615488336752e-05
4.059238236895889034e-05
3.542966943788610889e-05
3.418692493324633426e-05
4.050275022743763433e-05
3.483127476529128825e-05
3.470593741962995824e-05
3.517826681868743889e-05
3.999971762606857606e-05
3.369833500750682404e-05
3.565165622427790809e-05
3.895168584099002523e-05
3.672675710983409599e-05
3.500017156915440184e-05
3.523684278370256659e-05
3.896961332634888846e-05
3.452854185139183843e-05
3.524609216892725621e-05
3.374532096985277712e-05
3.684857887482146705e-05
3.361523928984942597e-05
3.792609567482970129e-05
3.494776329213823116e-05
3.986247159225560173e-05
3.456416361402558349e-05
3.639273375239326317e-05
3.501743200867833575e-05
3.741496151680345121e-05
3.414022950240485482e-05
3.792364407501894777e-05
3.733482597231176504e-05
3.898157133783972827e-05
3.982244205524723099e-05
3.334257737705750114e-05
3.518851250717157164e-05
3.526656705108779797e-05
3.434237868622985258e-05
3.631016516947467836e-05
3.329485742802191069e-05
3.646867133944982174e-05
4.178246027360868334e-05
3.535624566701702127e-05
4.258297109342066243e-05
6.418727739793337315e-05
3.553978389619929482e-05
3.860658982129908399e-05
3.650929062138494785e-05
3.938645486486901548e-05
3.781531891862938919e-05
3.400694013145438111e-05
3.580296441587718930e-05
3.548387516835404512e-05
3.411406876169913307e-05
3.814379087068933563e-05
3.929570863528923105e-05
3.679633406541737609e-05
3.849542290857999185e-05
3.329073583169975899e-05
3.779355531228885076e-05
3.335421631746842672e-05
3.337792518384440099e-05
3.919277845423851621e-05
3.698535733372587431e-05
3.586047262732783042e-05
3.978529267835991359e-05
3.530067744799630458e-05
3.416189731465323862e-05
3.641641967818703718e-05
3.848610598065393056e-05
3.797259349075128300e-05
3.616403684903722355e-05
4.122337744495901051e-05
3.603250393154031230e-05
4.405584278334916218e-05
5.067909982050774928e-05
3.706022824783306301e-05
4.056002942567786177e-05
3.791900527299302785e-05
3.496133919914772568e-05
3.350847979840285655e-05
3.550265263598026530e-05
4.093902236420102881e-05
3.330630868366147955e-05
3.600411050604888772e-05
3.352030532782215925e-05
3.561635065669201637e-05
3.493796224344973664e-05
3.443732460115745873e-05
3.382678735668570000e-05
3.815944707126463030e-05
3.988564670349498348e-05
4.261226970439748509e-05
4.265188454951210979e-05
3.557091335895989562e-05
3.685220495705029958e-05
3.500615682028078381e-05
3.547035122197128343e-05
3.327177596010818698e-05
3.429135983451885153e-05
3.423723556335987224e-05
3.931676100917238701e-05
3.716065960663274465e-05
4.019815128287142669e-05
3.376665210973469564e-05
3.764488667228595506e-05
4.034621868802514341e-05
3.477606257420491907e-05
4.966422993348534870e-05
3.586516620112466355e-05
3.496149251641625415e-05
3.875489391408014995e-05
3.385367439715972855e-05
3.659574846087372736e-05
3.446092900768575335e-05
3.582300646632974935e-05
4.866428319380791570e-05
4.518401965598199449e-05
3.501788993171711141e-05
3.598923000536347327e-05
3.331929508764381801e-05
4.113419862935859645e-05
3.496718949730348840e-05
3.530488202031539964e-05
3.977613825737855467e-05
3.477811081212997107e-05
3.344352203641687315e-05
3.769093066220767881e-05
3.684464213817431404e-05
5.051674381693479831e-05
3.601859743131112100e-05
3.609793202876666153e-05
4.976176996941724501e-05
3.711724770195040597e-05
3.341027575172099098e-05
4.151596927609936988e-05
3.413796514693305203e-05
3.397997099748548166e-05
3.745493749092511810e-05
3.500065558766743580e-05
4.437721892206723399e-05
3.420794181961224142e-05
3.391385921733292165e-05
3.518873842254393886e-05
3.668122277578699073e-05
3.644690205552178025e-05
3.576898033743753085e-05
3.524236821933246543e-05
3.326146430463164692e-05
3.540088842513645023e-05
4.110316953734614647e-05
3.424913929889083944e-05
3.664943333117043323e-05
4.961462742129196671e-05
3.894186828353487340e-05
4.360390703738097024e-05
3.374196878013443649e-05
3.819745886266115903e-05
3.442594560521582348e-05
3.815689585338126965e-05
3.510363791392093853e-05
3.816173674143430791e-05
3.643798819754128307e-05
3.804065017148116940e-05
3.676098988985641820e-05
3.513004216241351829e-05
3.425411385262475057e-05
3.461616042521447614e-05
3.428799068453034074e-05
4.230293285533046033e-05
3.403973717793182014e-05
3.714009638315829740e-05
4.401170104769650676e-05
3.440694869474730821e-05
3.713594101674458451e-05
4.259663286336403277e-05
3.336921407305429174e-05
3.336703531793640184e-05
3.840410485640860392e-05
3.464160677219952462e-05
3.370975236072452100e-05
3.964387359957563393e-05
4.449324431452327910e-05
4.225370220924348118e-05
3.450371328064793657e-05
4.136974129514235242e-05
3.829286158386527279e-05
3.952355738643216964e-05
3.613672023710190695e-05
3.826266862481490511e-05
3.332830443144802407e-05
3.321192207780096533e-05
3.459021520220368549e-05
3.797953432417132418e-05
3.348375839295418110e-05
3.505221269837460171e-05
4.004680983563885195e-05
3.888579497513894529e-05
3.672751581682344739e-05
4.054776189358510379e-05
3.473416949287557554e-05
4.028467258336072598e-05
3.542772313701767845e-05
3.489238922993016464e-05
3.809992379089826507e-05
3.472404550215023317e-05
3.390073887091876422e-05
3.619680244931323227e-05
4.148835313486654301e-05
3.894164032902240917e-05
4.258937283612680100e-05
3.921541794877610252e-05
4.065793930899147562e-05
3.439324341495614751e-05
3.483470786664551356e-05
3.413861994277076791e-05
3.481851509203656698e-05
3.346025530611370817e-05
3.870183971285674442e-05
3.688775048711828637e-05
4.227740532882755812e-05
3.604947291706438222e-05
4.247116062834025986e-05
3.454143966867210250e-05
3.346336861607991517e-05
3.607122781091280102e-05
3.559978014496640534e-05
3.824044014428390741e-05
4.599913704020482471e-05
4.541592121491171076e-05
3.335299475345690880e-05
3.645432948970820237e-05
3.468527029690817137e-05
4.106884316424520419e-05
3.385855918276422030e-05
3.887243863218844221e-05
3.343950839978525232e-05
3.548542056078720107e-05
3.487645009870360462e-05
4.082750411922597168e-05
4.024361922159583403e-05
3.845607308533533593e-05
3.599383038169827025e-05
4.229064374900754771e-05
3.388200707375715334e-05
3.690385843668172642e-05
3.518447045812576510e-05
4.072134220687241606e-05
3.381054843401697395e-05
3.413185205291310430e-05
3.487534389973390636e-05
4.174659000916406001e-05
3.873297133407712359e-05
3.616366430788164535e-05
3.629242268142552269e-05
3.473664070029463814e-05
3.724620862955331914e-05
3.668876668122770520e-05
4.665022620454001902e-05
4.008257764037379304e-05
3.387375939800640472e-05
3.939740593574836289e-05
3.387219840554201290e-05
3.385618681468290694e-05
3.595953638888914875e-05
3.342216812997248176e-05
3.563294849526910921e-05
3.740923500465497795e-05
3.340978360209527796e-05
3.792619781536462286e-05
3.773601272688965040e-05
3.457583950350302327e-05
6.673255403779488747e-05
3.442346590372265090e-05
4.347643838023777238e-05
4.718495135058969718e-05
3.417982982633585332e-05
3.345419936639610844e-05
3.402080205209690719e-05
5.341397793039703981e-05
3.341033365036627398e-05
3.322010011037118210e-05
3.598875808044805380e-05
4.028152270972347601e-05
3.412478003255269682e-05
3.599635400387830701e-05
4.888153881841697599e-05
4.075113151541827616e-05
3.873655679533262171e-05
3.397731783281572685e-05
3.920606067182090358e-05
3.730285698184461512e-05
3.412721064077861685e-05
3.720322174413056074e-05
3.650917720595832757e-05
3.533248850818456035e-05
3.410739686915332836e-05
3.424172785499621062e-05
3.364608656760448052e-05
4.003336542860772392e-05
3.341415435103992012e-05
3.429254555873368320e-05
3.339863251824934647e-05
3.852768019654435183e-05
3.368900105181082841e-05
3.524546742070998545e-05
3.622964886300878231e-05
3.449981777972249605e-05
3.419521102252221737e-05
3.441266147203085829e-05
3.662235930480339465e-05
3.366169377769100580e-05
4.172630596651290177e-05
3.600250771515455786e-05
3.438832401959308812e-05
5.176025846193278376e-05
3.541579254054565465e-05
3.472854894746617500e-05
3.962351327931462337e-05
4.065157729455586932e-05
3.554842764195027929e-05
4.049531450253019722e-05
3.582307816053911581e-05
3.491231068060752938e-05
3.880613816097081042e-05
3.792053808945912842e-05
4.017074319157066587e-05
3.737348528265157024e-05
3.427199501976601476e-05
3.471323588697395311e-05
3.596776380563117980e-05
3.502129839684404051e-05
4.840196865802263494e-05
3.342104015577969969e-05
3.718058751438622125e-05
3.468782942865728886e-05
4.396270198125696053e-05
3.339628514197118860e-05
4.217889574810875197e-05
3.679444695793405670e-05
3.961970949807727465e-05
3.484079739625457457e-05
3.683466241589297138e-05
3.968034164048078402e-05
3.625353628398500006e-05
3.473195800264531501e-05
4.766847066868850410e-05
3.529771600549300490e-05
3.900664848723878750e-05
3.369898529095475626e-05
3.655060008133735047e-05
3.827361018462659885e-05
4.646506554451038096e-05
4.291082480630758437e-05
4.118017396156528176e-05
3.881490039412239748e-05
3.514423144608088876e-05
3.626000990806313451e-05
3.611516720012747746e-05
3.324010998985268197e-05
3.908723815917716706e-05
3.418581064430193484e-05
3.965092513628112837e-05
3.632273177463548458e-05
3.363455282339942716e-05
3.916757913066265539e-05
3.606585698025555233e-05
4.612148900672366492e-05
4.026208928234926320e-05
4.328123371840103837e-05
3.728775390853277433e-05
3.464611354630821327e-05
3.413376271822442785e-05
3.637647660456586377e-05
3.476726953166439031e-05
3.357429277338671848e-05
3.355845908465633030e-05
3.485482313951916743e-05
4.059524609649826888e-05
3.862905971099704394e-05
4.195348209748408830e-05
3.689489237505343903e-05
4.220212065419139060e-05
3.325697950749831257e-05
3.606233777635304514e-05
3.651001645717307523e-05
3.711380080077424554e-05
3.417966667279890804e-05
3.866083711624698679e-05
3.867476315042196874e-05
4.292421614564043250e-05
4.381503000127727335e-05
3.986220438191780151e-05
3.493734782672454998e-05
3.939538199872834236e-05
3.733412205613754131e-05
3.448907901545561103e-05
3.836896910699381371e-05
4.342931981850688984e-05
3.544417120624061937e-05
3.548338452887365985e-05
3.447713626064771893e-05
3.821317474556064738e-05
3.529398212105674465e-05
3.510869075107279214e-05
3.639101739129403678e-05
6.124467680424712534e-05
3.444549936792606524e-05
3.359583816907690226e-05
3.805555310200205897e-05
3.668646142984077584e-05
3.382997662520238486e-05
3.412841211395433366e-05
3.450983233958791627e-05
3.427960428675546283e-05
3.428413526012432126e-05
3.844200676472221429e-05
3.447081526796100373e-05
4.028745844556905963e-05
3.483372707548867953e-05
3.742021930140169528e-05
4.155802977153178141e-05
3.326837877184218623e-05
3.887503456664875428e-05
4.525974896357891521e-05
3.470695424488639917e-05
4.326155969576999375e-05
6.017336764267196974e-05
4.316841431828227581e-05
3.791980235882019319e-05
3.364472353890311963e-05
3.397480232770138482e-05
3.374185608557775384e-05
3.891606713878639724e-05
3.371254855583783713e-05
3.435268084348200139e-05
3.854312640655851974e-05
3.650865548251614888e-05
3.438530190970566752e-05
3.599713221910215020e-05
3.564247536364764413e-05
3.420878284193019133e-05
3.555186888085151020e-05
3.492336181161280603e-05
3.488599027545371552e-05
3.351117886664872438e-05
3.613429349273199941e-05
3.569212946896028864e-05
4.367921193689021072e-05
3.466846636480014517e-05
3.554859850520993670e-05
3.587202483419597702e-05
3.323599906297270735e-05
3.346973688922441821e-05
5.056163666223966450e-05
3.964915353608262363e-05
4.244211793182719089e-05
3.374777115104733634e-05
3.593197941580014249e-05
3.488200535997409084e-05
3.756921954384335647e-05
3.632590605748340344e-05
3.862997251908044974e-05
4.218311968829519654e-05
4.040716446425697946e-05
4.261413794857025307e-05
3.649803508873735786e-05
3.507072028243546981e-05
3.408922237534254440e-05
3.559158424080793252e-05
3.445725953987822184e-05
3.416061737532067775e-05
4.586934571248769401e-05
3.405781958556176712e-05
3.644715274232969453e-05
3.972785187144740703e-05
3.368769939005779464e-05
3.424670536945378832e-05
3.531261583185348567e-05
4.012039312809686424e-05
3.514720340278161808e-05
3.748499032579682061e-05
3.341667188340987705e-05
3.528374570782373163e-05
4.066866584349295604e-05
3.547575268315315166e-05
3.993929491164378278e-05
4.596028132013444469e-05
3.375787649820598068e-05
4.676865011345178425e-05
3.771254622378470979e-05
4.100372790546942059e-05
3.376915425980921246e-05
3.758139551847825081e-05
3.351152338552536086e-05
3.357771974888616972e-05
3.368192513570150378e-05
3.679287046411539567e-05
3.730443905018067277e-05
3.468782942865728886e-05
3.522413274117634768e-05
3.573560496960471485e-05
3.629970689962496258e-05
3.820945258899899257e-05
3.456727473014417499e-05
3.487822496055701901e-05
3.450352780802789973e-05
3.606649033667933045e-05
3.971542210364680995e-05
3.737131560834765519e-05
3.434589417932631716e-05
3.785087850991783925e-05
3.425932959298690745e-05
4.507225785902963189e-05
4.682297746947088334e-05
4.531502222488580669e-05
3.321139237397768054e-05
3.454188873921575233e-05
3.676928971273097800e-05
3.391138632151206032e-05
3.848137649282738559e-05
3.386935466083566316e-05
4.493870562002036286e-05
5.786584196494518815e-05
3.914368361893035876e-05
3.721198502726959668e-05
3.818497358948074892e-05
3.339309662036159043e-05
3.920747770589960338e-05
4.158283887145114698e-05
4.453985565872748114e-05
3.386352572022380091e-05
3.709203682165054290e-05
3.404831449942732468e-05
3.334630305353839566e-05
3.458337168086761301e-05
3.986932830584922262e-05
3.481176845029928624e-05
4.035683015581760090e-05
3.896126895955311732e-05
3.994584975390296931e-05
3.448650564977436570e-05
4.670424144175493408e-05
3.345278587992694144e-05
4.718730390388917618e-05
3.880723134044853002e-05
4.009983282577707494e-05
3.444752226504252347e-05
3.839063804249264307e-05
3.809368896236236282e-05
5.993795019390372856e-05
3.321648245516623947e-05
3.391294235874998996e-05
3.319201278799523483e-05
3.827637908784156624e-05
3.420661234577132917e-05
3.374329286364926450e-05
3.854191478781025625e-05
3.547489351106007546e-05
3.523431679112895521e-05
3.692377381509541403e-05
3.756804538238543451e-05
3.762021907074932956e-05
4.258822933145812003e-05
4.533401834986666669e-05
3.449936720157650789e-05
3.372098976030350341e-05
3.673614865179022676e-05
3.404251446143315445e-05
3.633457394402625859e-05
3.433668739373661516e-05
5.365694112018477645e-05
4.605898807279649955e-05
3.385269720741036293e-05
3.397637803369174037e-05
3.984345173065687300e-05
3.674664775942526471e-05
3.666112218440187857e-05
3.393759046416678190e-05
3.669514321438293241e-05
3.723450237131334129e-05
3.627040729289516711e-05
4.217888049711979013e-05
4.553345398920804251e-05
4.188793398187821347e-05
3.390201816297596705e-05
3.803163177385264303e-05
3.491723487827938760e-05
3.533928783840139019e-05
3.344236716881796923e-05
5.453507004115328916e-05
4.057030115433690726e-05
4.320007633841521671e-05
3.369856119696795348e-05
4.120566216920448766e-05
3.835029815167585775e-05
3.875910884787367981e-05
3.430673854689329913e-05
3.352807752008536382e-05
3.415497862560124920e-05
3.921232438929715192e-05
3.456622020078208832e-05
3.451838342668364998e-05
4.409265636740526239e-05
4.092911912629900871e-05
3.556852519313940072e-05
3.325255170386871926e-05
3.460754423795690213e-05
4.162026905752225865e-05
3.502765503601880923e-05
3.630330142453614333e-05
3.377025054695438253e-05
5.130502068993089942e-05
3.574560975154145132e-05
3.579764977392869637e-05
3.451036198791104770e-05
4.115394062084636669e-05
5.928081706503849973e-05
3.459860659307538753e-05
3.754414184583917702e-05
3.431551019273179078e-05
3.521496768309442018e-05
3.740333629813818919e-05
3.759186530368377417e-05
3.543811642503054079e-05
3.865038837870634258e-05
3.977952481425461520e-05
6.244049490484082816e-05
3.730279284004711025e-05
3.860392448240481007e-05
5.961449476568508898e-05
4.185880762807223912e-05
3.394898189383146109e-05
3.488496203000349089e-05
3.864212469354484403e-05
3.649231289326423157e-05
3.667573565452442961e-05
3.412166597356232220e-05
3.393051749962671022e-05
3.685777483052987257e-05
3.602803475451645221e-05
4.938244669610109087e-05
4.118294298026205810e-05
3.571313830667029036e-05
3.799551957035455222e-05
3.371074098743997299e-05
3.531000525877240015e-05
3.398284461647949284e-05
3.332416504698829161e-05
3.638733218408140538e-05
4.632163995537929018e-05
3.640839955913886854e-05
3.337052113837007494e-05
3.474446733497341816e-05
3.499741995628048193e-05
4.142976476191548985e-05
3.666139128870641271e-05
3.541433743498727021e-05
3.563285149367235180e-05
3.498173969825492114e-05
3.419412463685497994e-05
4.208625639478402188e-05
3.426351681949892694e-05
5.610671279966898125e-05
3.448785872230262681e-05
3.457992218759668051e-05
3.551719497452827495e-05
4.496199330582760343e-05
4.071013263320262657e-05
4.176104859930449421e-05
3.435410208873040353e-05
3.741222581726558275e-05
4.243151474708448269e-05
3.988280075888336385e-05
3.635366002542572797e-05
3.418227687242822221e-05
4.592519756231741519e-05
3.974959173143360240e-05
3.585286878876200957e-05
4.602459088644931281e-05
3.830600572119744379e-05
4.077880284917901916e-05
3.932752517406312346e-05
4.524480450253111726e-05
3.527312707642493679e-05
3.421550897439959730e-05
3.414181157798883110e-05
3.594545739400335110e-05
3.793250863301591582e-05
3.668408861921472572e-05
3.884821238564488313e-05
3.703000258097689833e-05
4.228859965707444256e-05
3.341884175138583584e-05
3.570243311273295920e-05
3.329985407783261437e-05
3.482277835634960139e-05
3.983276327401233407e-05
4.314391286732792939e-05
3.580672165969968611e-05
3.710783710037074651e-05
3.450649504099798575e-05
4.143506691048462519e-05
3.874622913257689670e-05
3.385440025933449755e-05
3.839997930964797869e-05
3.510366318308234920e-05
3.512290375976780170e-05
3.437390225044204700e-05
3.347947016064760622e-05
3.474633876838791030e-05
3.507059360948603017e-05
3.990304817707280541e-05
5.672386660215406317e-05
3.636017651220075438e-05
3.580133673802711588e-05
3.493727102254456360e-05
4.973600456587994766e-05
3.448385214253326200e-05
3.365380753017180494e-05
3.373500794896660708e-05
3.343023443217614228e-05
4.218516262105683547e-05
3.543119670861638929e-05
4.821694562293494358e-05
3.354755791649223018e-05
4.125715717903853755e-05
4.571489105495393947e-05
4.568927794983161710e-05
5.270148757719708455e-05
3.422393862581102819e-05
4.321071131312958098e-05
3.346939118618310406e-05
3.354392202811404267e-05
3.811113538549904385e-05
3.555923639713559365e-05
3.408415394931574619e-05
3.585751743005244412e-05
3.857603454290785223e-05
3.516632827988504153e-05
3.847876575888546668e-05
3.387504149384579769e-05
3.353065759532477728e-05
3.439174641251425144e-05
3.925986497250423063e-05
5.798300349724360222e-05
3.783112538791324559e-05
3.833066968360875228e-05
3.577850387030163140e-05
3.353297919634129004e-05
3.596090798451802506e-05
3.545440371857858352e-05
3.651328222725141705e-05
3.742297458677838745e-05
4.029636618820802015e-05
3.842983732770652083e-05
3.684309366637281412e-05
3.810327208749806466e-05
5.726074117613435968e-05
4.210634316414208790e-05
3.912916206151690696e-05
3.719785762343936380e-05
3.721712839017145947e-05
3.341120209693661383e-05
4.363387461515061503e-05
4.601390978906911520e-05
3.357549232423020781e-05
3.397137378176330309e-05
3.392863069081117214e-05
3.762717307303561643e-05
3.847803937786637145e-05
3.367223865629118677e-05
3.510002390869601980e-05
4.141179406294357302e-05
3.345419936639610844e-05
3.616671417811471035e-05
3.598271593793178445e-05
3.328640810709167881e-05
3.681944618366038641e-05
3.664290015948610683e-05
4.835029123244363410e-05
4.027645033586527005e-05
3.343211290967781078e-05
3.396600785662618377e-05
3.452756340260962358e-05
4.200350033829467134e-05
3.569075342210998420e-05
3.558275020156941043e-05
3.404017718517453149e-05
3.547192278943386167e-05
3.625483126311967406e-05
3.402206896772549949e-05
3.350583757809185651e-05
3.651450668396766035e-05
3.339727051566332194e-05
3.401691787171287444e-05
4.363101241101377504e-05
4.083897534908549111e-05
3.819651734735197485e-05
3.780205051582921253e-05
3.371322632527986804e-05
3.986728053625109274e-05
3.668578992248362362e-05
3.427863314958972952e-05
3.543058089542725772e-05
3.444967788793173010e-05
3.399204123099033127e-05
3.796672871906444301e-05
5.293881959207050820e-05
3.748811218801023556e-05
3.591962621518133268e-05
4.027355846972174673e-05
3.473911142434522853e-05
3.632859669990535600e-05
3.612640347663852619e-05
3.570578546267767165e-05
3.336485617151846211e-05
4.052397936054428639e-05
4.201162807439417124e-05
3.486319508918110546e-05
4.556180056613291671e-05
3.609722998192921545e-05
4.966413261606562808e-05
3.517897021646471887e-05
3.551543313880363374e-05
3.702129494759062625e-05
3.350991554742739560e-05
3.439554203416386215e-05
3.974768855428575628e-05
3.341464632365737022e-05
3.513364768326347770e-05
3.742617425655959810e-05
3.334927113264951680e-05
4.541959201730072190e-05
3.552778539339039961e-05
3.475395160499009664e-05
3.430399277703945064e-05
5.525300968512276100e-05
3.508659510836290035e-05
4.256827123481412569e-05
3.537261205204454380e-05
6.003319615176238715e-05
4.017152799035369381e-05
4.679709618558449384e-05
4.474584493459542688e-05
3.320921445857364816e-05
3.404188206552441649e-05
3.934219725236275605e-05
3.511725074525050700e-05
3.428329931155013751e-05
4.190030204731788431e-05
3.342852910124445858e-05
3.397037821920366560e-05
3.431384244041470459e-05
3.512868037232315746e-05
3.325829873812439949e-05
4.589112840424308768e-05
3.442994408904063959e-05
3.684404489168139761e-05
4.017900762267504302e-05
3.332037422947370988e-05
5.902812507512933545e-05
3.661297728665527563e-05
3.813793786921907195e-05
5.859307641300753319e-05
3.445829667232429489e-05
3.788241236899593880e-05
3.502719746397081542e-05
3.437363452789128052e-05
3.450577979009434231e-05
3.676771025068099760e-05
3.753584242646211089e-05
3.549873270595603914e-05
3.494840278452452916e-05
3.496519712160929989e-05
3.386405573793901030e-05
3.479940320075053454e-05
4.413696639795603615e-05
3.457778882127712837e-05
3.799151482682986504e-05
4.018456691934044515e-05
3.576485210697297922e-05
3.540599823588820718e-05
3.894409064774872548e-05
5.703163026859439828e-05
4.023467932165789409e-05
3.345613182701967075e-05
3.901507958539300228e-05
3.502531616171936091e-05
5.569437530129915171e-05
3.831033798281345288e-05
3.527709139657366015e-05
3.323461865252679069e-05
3.377185263675422936e-05
3.404773736620563202e-05
3.879566235883739146e-05
3.411231910426425413e-05
3.413155177876365999e-05
3.667179249193521596e-05
3.543828875488001437e-05
3.756745826381016054e-05
3.743737776586014563e-05
4.097287213315603782e-05
3.320238385215654040e-05
3.785808616695147223e-05
5.363521464664062815e-05
3.322827261026135831e-05
3.326263652644792496e-05
3.361088312954135701e-05
3.318994929784174752e-05
3.662541771876740861e-05
3.515913464360960938e-05
3.436233140560979675e-05
3.401614639994631850e-05
3.381278956076614754e-05
3.373275258171191661e-05
3.804607864066066904e-05
3.566453238450443121e-05
3.432736632726595788e-05
5.065256994200344551e-05
3.440144701414235437e-05
3.497364979906029514e-05
3.629754049525110314e-05
4.290066822611009190e-05
3.552644067135274592e-05
3.442565233280189460e-05
3.503898740875368434e-05
3.513452999841938488e-05
3.461826103989228403e-05
4.219497710111428241e-05
3.385049126535921282e-05
3.398806515637422691e-05
3.464383415858575193e-05
3.378699190053863173e-05
3.952009192162598557e-05
3.503896201111823290e-05
3.397787062243900016e-05
4.054461690762127004e-05
4.159575902894664651e-05
3.930965443971409654e-05
3.593032035585707278e-05
3.694524051538504639e-05
3.332302792625181187e-05
3.328684679829748398e-05
3.526741530407632541e-05
3.613802676000264606e-05
3.555318655958318092e-05
3.405205147299524400e-05
3.704332592303978853e-05
4.190685491647405442e-05
3.649946525218761002e-05
4.213689808400834238e-05
3.734184180834105920e-05
3.627514116304708625e-05
4.626035394603523543e-05
4.079400678605615583e-05
5.460694472927386068e-05
3.668111081628160335e-05
3.569056028105181081e-05
3.477925145905434419e-05
4.566439766080023248e-05
3.321871788221677900e-05
3.601756150046406924e-05
3.705254206136724527e-05
3.548902575688436936e-05
4.201639166268320090e-05
3.915719877226285495e-05
4.328604896886781831e-05
3.894008254163315222e-05
3.381477821866812834e-05
3.943830176245895810e-05
3.343454005076272102e-05
3.337328003623514765e-05
3.963104542530157553e-05
3.463447648784255057e-05
4.151413720615948868e-05
3.322612712927142819e-05
3.345212235004265853e-05
3.443524677419162837e-05
3.373517708479577607e-05
3.938892188701594732e-05
3.661905272902366498e-05
3.836336846452350545e-05
3.684521723926514799e-05
3.409209812793970488e-05
3.827512418557309535e-05
4.475131483096771168e-05
3.847758782471251453e-05
3.871655523256579582e-05
3.488673570129228384e-05
4.155230980895160958e-05
3.620471998990577677e-05
3.450861406360209994e-05
3.566562094714453114e-05
3.928161937411246934e-05
3.588589777485591445e-05
3.368481260313141532e-05
3.517379431378705058e-05
3.797682761055119348e-05
3.361472688097248647e-05
3.428071021194059213e-05
3.444456766068896696e-05
3.444579217588765143e-05
3.379361472674045138e-05
3.501180838859478683e-05
3.894281805450712427e-05
3.840765698231190286e-05
3.649830751270479595e-05
3.434192240464974729e-05
3.567265811406145662e-05
3.522826238591211275e-05
3.733301278081931383e-05
3.365270077952672243e-05
3.583779102031016249e-05
4.072324043971051649e-05
3.492776932430174583e-05
3.963620339806063307e-05
3.746001078461225469e-05
3.474368748923116858e-05
3.505195898318214424e-05
3.787324893818424284e-05
3.342893377769095214e-05
3.400252751384582115e-05
5.378108861126585933e-05
3.466150826162169284e-05
3.356652139894169851e-05
3.805356967052917670e-05
4.513500150380851233e-05
3.733883546536523898e-05
3.524988998279948021e-05
4.963374394121846728e-05
3.610092700681854654e-05
3.337191518621199330e-05
3.453361798321501902e-05
3.857706777082427159e-05
3.888304841523032118e-05
3.588777650732990251e-05
3.782023980617943101e-05
3.469294613509813012e-05
3.927926362879822938e-05
3.343162164359139254e-05
4.080779226203802850e-05
3.508178664095271972e-05
4.840645972294142037e-05
4.240908458476637616e-05
3.340934933586849883e-05
4.244943243167275179e-05
3.815289733211909483e-05
4.072518881504161211e-05
3.340228309091020022e-05
3.850298957390193238e-05
4.194255114855160137e-05
3.394083435049982634e-05
3.540624503530259481e-05
3.384381518433663322e-05
3.437770329197782979e-05
5.696152654994605924e-05
3.595960733701902715e-05
3.551748859045048636e-05
3.645047959092561908e-05
5.748495018517319898e-05
3.476527143937623520e-05
4.276205083309481510e-05
3.428607660185337678e-05
3.657917423828433318e-05
3.487557543773512806e-05
3.493565802749710526e-05
4.154154723293838766e-05
3.494512824404022959e-05
3.384864802328468950e-05
3.653788574350546361e-05
3.653591642184308286e-05
3.433271268909071525e-05
3.471409578555160954e-05
4.246526364518653441e-05
3.389083377042997880e-05
3.401424506768343495e-05
3.433120841674995713e-05
3.624629593208281251e-05
3.337598024464441863e-05
3.676504031309755062e-05
3.949158870466675333e-05
3.632436501543177983e-05
3.453097442061995378e-05
4.014148372022882378e-05
7.148217542279543485e-05
4.308236896630658239e-05
3.388420737839752464e-05
3.411316662540215953e-05
4.099004044590381360e-05
4.355377433974710237e-05
3.388440232315061390e-05
3.637198519485605589e-05
3.617453351423589874e-05
3.741676380892590675e-05
3.972664713780037020e-05
3.448305598085609473e-05
3.433862057642691844e-05
3.566068539788754829e-05
3.431421904913187795e-05
3.364301953945350679e-05
3.842770954182035513e-05
6.115739200682333463e-05
3.393587113596674052e-05
3.796397874951225261e-05
3.901619453486463086e-05
3.382589197476746680e-05
4.044428882116756516e-05
3.707726158234134970e-05
5.369812349167832924e-05
3.712257890950175157e-05
3.467502857390816187e-05
3.519405883148813845e-05
3.418839238093548120e-05
7.225245303701720116e-05
4.223259189703473348e-05
3.324181267860944823e-05
3.410003721912964269e-05
3.610305583353719185e-05
3.860853500470224291e-05
4.599961766008074014e-05
3.694927953792433764e-05
4.414749006652567262e-05
3.710597154748398145e-05
3.558686376899443491e-05
4.305581589512819937e-05
3.922316753653100151e-05
3.430835342336855097e-05
3.679546824914493224e-05
4.119949754385536869e-05
3.749608234968382944e-05
3.454386974115351199e-05
4.315415629168474742e-05
3.610899600764632067e-05
3.577579385153893020e-05
3.593619721959176867e-05
3.584013017162439752e-05
3.330987038661941584e-05
4.103787524763765851e-05
3.343644675032508460e-05
3.455297832859819789e-05
3.557137631967422956e-05
3.345310320751276011e-05
3.409237197435040153e-05
4.283508802559120966e-05
3.418306526244411136e-05
3.445537120653321191e-05
4.035348906027206157e-05
5.204970127233965964e-05
3.795733582275368873e-05
3.460764934894817665e-05
3.434637714686184271e-05
3.425308666191225756e-05
3.653784047502097316e-05
3.339483591775211757e-05
4.101201672506712493e-05
3.516466856914508447e-05
3.572212481822317515e-05
3.593446761080293519e-05
3.574356613118046834e-05
3.540054276083529246e-05
3.376701762412983405e-05
3.603734773860095618e-05
3.655871551185291681e-05
3.337310580860885720e-05
3.761810920005193265e-05
3.695941564855728304e-05
4.460656079864358607e-05
3.702827896027259123e-05
3.427358741387025344e-05
3.702347784075673052e-05
4.040381763815605986e-05
4.094560983278891026e-05
3.660025488253967739e-05
5.060854559099424519e-05
3.678976134036765174e-05
3.462243497122162005e-05
5.264668819203552775e-05
3.388846761086955901e-05
3.528419418892008081e-05
3.741436776829512448e-05
3.740121383551074370e-05
3.329874388938621193e-05
3.525223806786540289e-05
3.480072308150038867e-05
3.587259622419503366e-05
4.227496542869829785e-05
3.368529378153276531e-05
3.453211122073903343e-05
3.442431918977534018e-05
3.895595634804928446e-05
4.949085610995442134e-05
3.519265365540918923e-05
4.133174788244516328e-05
4.013178163654049165e-05
3.670954073047841601e-05
3.331453988561697949e-05
4.005514476397719508e-05
3.467474105860362182e-05
4.683681810849984627e-05
3.344233829572277711e-05
3.459886955562049805e-05
3.551494369733379774e-05
3.800431779736442381e-05
3.406668625172815492e-05
3.328854292138286992e-05
3.720302789729627190e-05
3.838138936434873680e-05
3.349681524738057527e-05
4.031344007356192009e-05
3.429992685090308601e-05
3.345492046969403179e-05
3.719354755175513830e-05
3.375435886732753313e-05
4.354371755738509209e-05
3.383822572100634289e-05
3.615793515860868520e-05
4.371304725376451325e-05
3.786186303275044379e-05
3.426870162712813267e-05
3.723243930278885360e-05
3.750775507512980699e-05
3.521003186127102372e-05
3.626222870482590351e-05
3.615644423894004449e-05
3.525028968722975327e-05
4.067801990989715539e-05
3.507201227465619819e-05
3.617409147336970077e-05
5.136934275394628064e-05
3.324284004718174333e-05
3.535213222597169777e-05
3.345728538853744302e-05
3.329073583169975899e-05
5.005375512371939612e-05
3.527646815696378990e-05
3.744021424276353842e-05
3.990866054328214512e-05
3.881068293032319624e-05
3.522210497370251685e-05
3.429763750136068828e-05
3.435809679897431170e-05
3.844861871435640915e-05
3.641443223819520141e-05
4.007438128871517645e-05
3.366027576256616296e-05
4.074791212302503998e-05
3.382121814240430727e-05
3.997534535362551479e-05
3.502432455275701319e-05
3.591305363078400420e-05
3.452237899627729959e-05
3.921064687763112423e-05
3.809849144103465650e-05
4.510953727266499492e-05
3.411179962720201027e-05
3.607458053331363487e-05
3.545069045236401894e-05
4.373056624399067094e-05
3.631179996504584393e-05
3.520943041283602253e-05
3.366631536670675404e-05
3.846018210782022544e-05
3.415966414332954085e-05
3.842634995341664901e-05
3.412751101997770392e-05
3.414652933047416844e-05
3.733634033490276631e-05
3.405592464491705499e-05
3.416976468286954009e-05
3.446244434391265363e-05
3.836225994365641278e-05
3.704114624514814614e-05
4.110760620944385379e-05
3.699176930696006005e-05
3.801006511432895114e-05
4.845495285833766388e-05
3.646730611714781982e-05
3.472053013686806554e-05
3.504627443882939181e-05
4.471348049839346452e-05
3.707760942107960405e-05
3.368951036006776709e-05
3.795627591910096958e-05
3.334345068520030964e-05
5.042308087956290239e-05
3.385049126535921282e-05
4.454590725830198813e-05
3.326243139583084262e-05
3.561088618922873578e-05
3.506012607680457469e-05
3.932129330333376728e-05
3.347889444400215436e-05
4.381162322074372024e-05
3.510520450734572000e-05
3.845577813297498256e-05
3.481629245779092880e-05
3.628483452155775388e-05
3.781064347380682321e-05
4.262710565746243106e-05
3.743432895263069991e-05
3.351812478239405969e-05
3.733269278070973281e-05
6.794531655561681684e-05
3.445483923026823185e-05
3.640846812775239708e-05
3.711022289680371831e-05
3.446871641854267035e-05
3.621794396661954759e-05
4.241269002342723792e-05
5.488995155166556943e-05
3.532710108274898509e-05
4.524853874747495399e-05
4.865748946042649283e-05
3.795833450364233973e-05
3.326486343497022871e-05
3.455617137112686947e-05
3.402864933342226360e-05
5.291676276755405417e-05
4.169478996868695238e-05
3.472391532088775512e-05
3.667813234841363118e-05
5.023440070229807079e-05
3.348430510596402593e-05
3.600130549319869347e-05
3.749416403283849746e-05
3.554703624275905533e-05
3.409998248418098641e-05
3.366353695180471472e-05
3.351404955972275157e-05
3.850216645623952386e-05
3.468991813094778076e-05
3.502320572174630575e-05
4.312628999438375827e-05
3.561812307753763990e-05
4.696144824483301534e-05
3.565211630739662608e-05
3.383274558248799860e-05
4.260921478818434751e-05
3.776167211206424588e-05
3.869930832884025957e-05
3.539607297927762112e-05
3.392671583981452161e-05
3.619717405331998052e-05
3.503139125928601453e-05
3.535696414518645005e-05
4.135029756867410352e-05
3.346302273208441141e-05
3.330843999243024667e-05
3.327242014683564643e-05
4.598819920528645635e-05
4.735218571996551926e-05
3.349474549053761620e-05
3.491346496080382274e-05
4.138430761490450519e-05
4.607095657655987004e-05
3.440689529200127001e-05
3.780639918262635634e-05
3.359615179477829340e-05
3.320229550003781486e-05
3.418972380395726143e-05
3.823414826345252718e-05
3.636760689408773860e-05
3.636719420460888229e-05
3.374996744939311009e-05
3.744110316613507504e-05
3.703972926534907943e-05
4.068962421181177930e-05
3.503913979350328528e-05
4.241374145095268630e-05
3.553000998979895285e-05
4.282284872446253369e-05
4.482998402163480606e-05
4.000564556665539746e-05
3.424824691332779792e-05
3.367362695554852693e-05
3.616263976528210277e-05
3.634355771191011579e-05
3.625846115157134702e-05
3.732272633535809635e-05
4.741951115871079171e-05
3.411286589872316764e-05
3.898774537785349922e-05
4.113084856045585714e-05
3.537189444761829082e-05
3.357249322610539441e-05
4.048171242078659675e-05
3.594375268841826400e-05
3.748539114540932001e-05
3.970687155402818252e-05
3.578718172473404420e-05
3.319021462348310830e-05
3.527806358990699800e-05
3.763779563896421692e-05
3.492190084488847854e-05
3.602751717236621750e-05
3.689015358372713744e-05
3.436297451146216815e-05
4.512740437738611257e-05
3.847639015663478518e-05
3.472584186652837035e-05
3.463654783197849657e-05
6.089762750168425698e-05
3.622288215168844829e-05
3.613324332017669142e-05
4.482132769114418149e-05
3.492589888074286463e-05
3.840519032406992890e-05
3.470671960017545022e-05
3.536189330922944043e-05
5.174348702731739662e-05
3.402314299022845905e-05
3.392416224273777460e-05
3.504708667184228181e-05
3.428831416243468833e-05
3.948720138250822023e-05
3.376001472513774393e-05
4.120405212920459257e-05
3.889999609541605174e-05
3.491731180371672791e-05
3.812118987269124906e-05
3.606599772877079846e-05
3.544439266869788560e-05
3.399030185572726092e-05
3.531557383989458450e-05
3.540844134170100237e-05
3.334313047951814981e-05
3.421840985259344293e-05
3.364196862147246432e-05
5.207739533961322200e-05
3.493143254578414460e-05
3.761673029683924445e-05
3.341863924676748973e-05
4.392888859392193786e-05
5.642377766997507243e-05
3.644152254147217462e-05
3.815191259477303308e-05
3.328184477574140697e-05
3.800096578483740686e-05
3.952616505367237691e-05
3.701773607286439126e-05
3.387741023293863035e-05
3.329424366217161296e-05
3.530659828420823054e-05
3.749616666511123143e-05
4.089553488240018595e-05
3.887073956402942117e-05
3.809237707154536817e-05
4.490774912943884962e-05
3.564186953730198417e-05
3.385063089366360806e-05
4.521051546192335769e-05
3.838516467188052799e-05
3.774857940283397781e-05
4.555890146710911697e-05
3.390007136148791707e-05
3.525730746556406787e-05
3.497781023216259283e-05
3.428084507415359619e-05
3.346679810032087197e-05
4.193544027891393057e-05
3.472164995203835840e-05
4.067884548028087176e-05
3.449496658772541945e-05
3.395549052123985370e-05
3.393745181754634550e-05
3.459863288957723559e-05
3.371573939322679205e-05
3.453023412335075505e-05
4.157382786135010002e-05
3.377561813013866876e-05
5.034975396447886474e-05
3.735673577384355100e-05
3.708384725484771170e-05
3.556798901367111063e-05
3.586464212945636557e-05
3.522618521588206475e-05
3.341233098468197502e-05
3.689940919918428927e-05
4.875226292512999500e-05
3.362710408730233019e-05
3.599642475262872525e-05
3.537887083454690129e-05
3.933593481811465656e-05
3.911787185468530817e-05
3.556506400703608338e-05
4.630878720709074372e-05
3.397997099748548166e-05
3.647779196865531852e-05
3.787917408998256344e-05
4.285581586232019611e-05
4.636801690976174518e-05
3.667687805766713566e-05
4.036846638452319517e-05
3.391774816259960924e-05
3.354329207903947608e-05
3.444706980326179408e-05
3.411893369925027530e-05
4.092068458717287383e-05
3.318487750872771549e-05
3.661752287875719733e-05
3.395889579716761356e-05
3.480879465053590102e-05
4.558254823891886735e-05
4.012894846045485464e-05
3.904419071650481836e-05
3.832316788051675835e-05
3.448467478983108529e-05
3.542991578412080033e-05
3.588271044544033773e-05
3.371517470372859378e-05
3.511338809556568128e-05
3.372516586624931727e-05
3.662773355028536111e-05
3.840453905359746801e-05
5.209199533967858397e-05
3.789703662648066362e-05
3.319973300730039763e-05
3.586197380167161836e-05
3.662348380334734440e-05
3.618657922536546806e-05
3.662235930480339465e-05
4.788574109769619071e-05
4.908984187054480410e-05
3.771783591019955756e-05
3.337661891576534511e-05
3.842091027649474649e-05
3.862606839224642805e-05
3.387395450815576189e-05
3.632438801738113087e-05
3.746565260443955831e-05
3.637239773486455099e-05
4.431545758312149108e-05
3.869650588418502350e-05
3.642868038264720609e-05
3.524439278253363363e-05
5.321016778156906804e-05
4.309834534682238037e-05
3.391477600775610820e-05
3.734446381939091482e-05
3.390271337472206198e-05
3.544877192231053980e-05
3.475974260332886299e-05
4.019331112436102865e-05
3.326310538336679724e-05
3.483604987886353458e-05
4.264194222432656319e-05
3.389314381734302630e-05
3.664348400961695999e-05
3.393104464463785795e-05
3.720162780990385456e-05
3.667289042136763082e-05
3.409500059216859864e-05
3.869202081148652141e-05
3.716895387646716682e-05
3.503756506319847229e-05
3.453205834859690348e-05
3.810490560118351340e-05
3.972646731819127710e-05
3.377997229865170316e-05
3.968384090133830695e-05
3.453567957577995438e-05
3.354028505563567221e-05
3.515578797198654038e-05
4.144985820872259554e-05
4.899746230289360406e-05
3.526080243438172276e-05
3.555562635081216632e-05
3.811901436957623350e-05
3.434119768787240808e-05
4.349604258078412533e-05
3.494474445358664949e-05
4.543813265288014329e-05
3.366685396601227647e-05
3.431039863354141392e-05
5.689982319301949956e-05
4.228305652941210044e-05
4.086786424181634310e-05
4.342502677637886921e-05
3.511412032153276945e-05
3.673420842305169645e-05
4.908059525234045807e-05
3.827741479496298471e-05
3.383951152240527671e-05
3.756047381113058174e-05
3.587442926483137915e-05
3.330189889540796275e-05
3.375295153266565372e-05
3.402278499308710109e-05
3.571588551427201560e-05
4.155439149038075151e-05
3.878321943553745367e-05
3.414677471363807736e-05
3.437682005442316177e-05
3.725983528178277685e-05
3.823722464979746919e-05
3.536246288980889887e-05
4.300642040931386238e-05
3.338961727800310081e-05
3.850326393570287686e-05
4.928998008171515494e-05
4.851141193110614552e-05
3.370514713421268776e-05
3.385085429565629349e-05
4.093223322897272234e-05
3.922946097761039949e-05
3.835200194722824840e-05
3.503156914734820523e-05
3.629599613889092835e-05
4.673371569799143933e-05
5.007365121245524394e-05
3.425089684104173080e-05
3.993982649555848704e-05
3.724167768227221490e-05
3.386224242495635241e-05
3.838332656069230075e-05
3.548034214759908383e-05
3.867816992658964300e-05
3.555489446178506741e-05
3.353418281546515991e-05
3.490240520777559643e-05
3.405076014642604339e-05
3.701118353610845262e-05
5.559935230674049693e-05
4.103604966807100504e-05
3.655984540168941539e-05
3.476835926709871281e-05
3.448815054233703181e-05
3.347967165504169945e-05
3.428604964084380036e-05
3.413234339494293805e-05
3.416987353883369296e-05
3.440991218984320763e-05
5.288543131824962283e-05
4.697869251636747597e-05
5.115221300044210732e-05
3.643869514174845000e-05
4.163268308570103061e-05
5.092561677447631120e-05
3.732471167150290797e-05
3.484188081935444609e-05
3.560374247483788230e-05
3.327244942723559624e-05
3.638625618467862115e-05
3.350908283359833200e-05
3.730324182626051222e-05
3.736163293763638117e-05
3.714515900797115522e-05
4.021900830244782936e-05
3.513117687660598557e-05
3.882907716826525767e-05
3.713741285524935052e-05
3.604639568783645295e-05
3.628432695092436935e-05
3.358993480167522203e-05
3.341354659265654620e-05
5.050160022084452637e-05
3.338062435913211274e-05
3.385239007461070130e-05
3.345500699921748710e-05
3.368435971207426629e-05
4.028060531147139130e-05
4.614044415523839464e-05
3.563944594869090688e-05
3.443553982195495043e-05
3.386182393019037079e-05
3.351743610804722168e-05
3.641721913888181872e-05
4.013900199919051624e-05
6.888938993107985383e-05
4.866253354216733843e-05
3.416410285811118195e-05
3.887495822243915432e-05
4.059980319180784484e-05
3.615569871570172678e-05
3.625749019651986578e-05
3.584304158979588625e-05
4.496956521628340679e-05
3.420066867421597123e-05
4.762058139406594181e-05
3.668829671084441649e-05
3.949127798012087430e-05
5.301240441290131964e-05
3.742719121257794966e-05
3.578828402122264133e-05
3.637675153929546888e-05
3.691873724573142455e-05
4.576938621354745257e-05
3.633751559425719757e-05
3.626825917193469230e-05
3.350799160519436862e-05
4.456303900567656418e-05
3.339303863949120749e-05
3.594834541549280746e-05
3.353332309964259357e-05
3.578118934969518614e-05
3.647028667097005830e-05
4.092524215188055010e-05
3.600448760480371156e-05
3.923517480438293650e-05
3.876157178727656754e-05
4.304731054747841496e-05
3.817498530748420697e-05
5.619350989696376535e-05
3.698767737660280374e-05
3.699137548544992137e-05
3.621151923666385400e-05
3.913053053087133643e-05
3.478194712472519666e-05
3.408061852265019046e-05
3.881892497978792060e-05
3.546263794335627648e-05
4.521212829626568763e-05
3.809140821087426081e-05
3.431408454732347150e-05
3.711280341987494653e-05
3.841004429260436057e-05
3.639511340482263482e-05
4.088560264436585999e-05
4.018275471643441749e-05
3.643552500049494720e-05
3.809330549943589812e-05
3.343046564507178025e-05
3.588204433795863112e-05
3.436426062388088016e-05
4.603682376710923821e-05
3.382219783523078452e-05
3.383850525447920919e-05
3.879825325361355908e-05
3.488722405998999647e-05
4.205476989073346863e-05
3.401000046008910790e-05
3.487763336753660473e-05
3.386818351626104065e-05
3.587928438749735647e-05
3.838842524132776566e-05
3.355988896151343876e-05
3.759797595119025075e-05
3.645735850569078486e-05
3.816836260525923878e-05
3.935652218946345064e-05
3.450962047399925827e-05
3.670471348073335609e-05
3.433279326999414245e-05
3.398809277241438497e-05
4.078037581624002501e-05
3.396799960602937460e-05
3.358051773221600625e-05
4.114830970566224543e-05
3.569471218054145599e-05
3.618323171730556970e-05
3.329561728549250231e-05
3.877603287222088508e-05
4.704049262792118656e-05
3.421895199780443727e-05
3.694174929478903424e-05
3.470317332671044302e-05
3.352784815363903630e-05
3.617046152340364236e-05
3.459929028426102335e-05
3.364520629560168884e-05
3.409792974917394024e-05
3.604374070353211977e-05
3.732560817974101729e-05
3.716208554659082856e-05
3.699078473156500375e-05
3.385758238068048941e-05
3.609346168894383191e-05
3.449491355886838423e-05
3.452941445760255673e-05
3.512691487277479592e-05
3.375255745004186779e-05
4.745649455313847339e-05
3.436377834723588923e-05
3.588102132096814792e-05
3.786555679050057085e-05
3.375683538449154224e-05
3.542161131931700452e-05
3.352916695178267709e-05
3.357694876325852747e-05
4.294173403151771196e-05
3.325357816032309898e-05
3.484541419849633185e-05
3.808670423653485180e-05
3.821905612162529930e-05
3.362736003518044267e-05
3.786276604282534858e-05
3.340581672719394830e-05
3.479127384146095403e-05
3.434334487454730213e-05
3.534283496570018573e-05
3.615872714092492070e-05
3.655600338436651106e-05
3.461095989587994716e-05
3.567401190756153649e-05
3.796786928645771466e-05
3.471735244608299264e-05
3.800001082033822560e-05
3.941729889469732830e-05
3.455498397073719354e-05
3.685552063678306043e-05
4.065930585672370806e-05
3.652450218991011750e-05
3.318862258213347221e-05
3.853884618792601977e-05
3.778313533384064477e-05
3.568918406780829423e-05
3.626911384261318725e-05
4.259452498519213131e-05
3.379184711813281795e-05
4.166019485810474015e-05
4.094969657048526976e-05
4.436749471470705661e-05
3.379212770790476864e-05
4.113761329322832499e-05
3.422250246501577396e-05
3.794614157714939660e-05
3.348606017657198170e-05
3.704960142554444792e-05
3.525768197208106595e-05
3.529988116086828589e-05
4.029845828990552255e-05
3.384744697462678835e-05
4.371437428832909195e-05
4.375934499404670962e-05
3.515377451436165607e-05
3.403338282961582470e-05
3.350241907342001450e-05
3.402025117874460879e-05
3.712790801243031957e-05
3.428270602371563436e-05
3.871244338808811766e-05
3.642562197703472693e-05
3.339973360017012960e-05
3.700493381264250732e-05
4.889027965273125753e-05
3.830757582487681227e-05
3.424835508468050530e-05
3.467191783283068046e-05
3.347926866291858164e-05
3.328746093927606166e-05
4.179722879486707826e-05
4.161556962894672753e-05
3.431195922630319586e-05
3.613177293757233486e-05
5.013851934016824166e-05
3.586690501534969469e-05
3.490448445830906398e-05
3.505809747366374547e-05
3.632921753956832651e-05
3.787800566319770641e-05
3.397256282078959312e-05
4.368894783785582265e-05
4.898735918606081483e-05
4.358074246710923693e-05
4.167438919457863180e-05
3.956505975410270565e-05
4.825964648820542374e-05
3.593584183921245593e-05
3.523889322335374503e-05
3.388320475665879952e-05
3.694673333908263035e-05
4.314336827435525583e-05
3.841761784905132115e-05
3.782754582589729296e-05
4.550099836431234490e-05
3.574613863623764167e-05
4.288836379793281188e-05
3.980215317727177278e-05
3.380281340915464026e-05
3.339848763161739150e-05
3.404647307560919615e-05
3.561829302295736266e-05
3.552700302668738107e-05
4.215916353979148483e-05
3.415236268410430100e-05
4.920811718489940536e-05
3.439765318426130688e-05
3.438203828057614800e-05
3.379762597443382928e-05
3.569823542549630701e-05
3.676403894902111443e-05
3.505337972321805669e-05
3.509539749971325490e-05
4.250712237586754168e-05
4.169258580274841158e-05
3.822577464804966614e-05
3.952869932581790839e-05
3.833467692891226643e-05
3.996814949051113016e-05
3.843027072585453841e-05
3.426375990555785187e-05
3.486520353465545765e-05
3.733751331659116292e-05
3.346336861607991517e-05
3.815092778752522500e-05
4.157766771596567424e-05
3.927885550744864772e-05
3.482091819934984096e-05
4.426303816576353820e-05
4.269365547828104775e-05
