9.716700711116218836e-11
1.686789312211973396e-10
1.217741098766622695e-10
1.507148594802218849e-10
1.616493995223851597e-10
9.748603513506452835e-11
9.441005027363630000e-11
1.202280950503549043e-10
9.220885884263242132e-11
9.554184886756543861e-11
1.678477378941061671e-10
1.030038507203284640e-10
1.323295011938967058e-10
1.112434299082760982e-10
9.935411832337858037e-11
1.235913180008801280e-10
9.511331186948442574e-11
1.007156674683993084e-10
1.683806868726921024e-10
1.237954565221203986e-10
1.162297522749778233e-10
9.850670012991907990e-11
1.373117921989803797e-10
1.046051230398234056e-10
9.739548636595165602e-11
1.367060646655166032e-10
1.011014751479348001e-10
1.003751743479392423e-10
1.031258713638971447e-10
1.333314508471017746e-10
9.463148185651333771e-11
1.059200492945077990e-10
1.264361524879319038e-10
1.124045573170624337e-10
1.020843341558536670e-10
1.034695907802809727e-10
1.265525635670957231e-10
9.935168353194314708e-11
1.035239177650429351e-10
9.489555727986547479e-11
1.131514804244949051e-10
9.416535937615304149e-11
1.198657277613613511e-10
1.017788465936103621e-10
1.324180534536154053e-10
9.955678386142750623e-11
1.103692558310486567e-10
1.021850453735341762e-10
1.166566121086569428e-10
9.712960587307290606e-11
1.198502316607266598e-10
1.161574358652337531e-10
1.266302419972573314e-10
1.321522409369602797e-10
9.264395551208889731e-11
1.031859510389475180e-10
1.036442292974059605e-10
9.828324781903454027e-11
1.098690078862110060e-10
9.237896092935882393e-11
1.108303324387340809e-10
1.454811655429739865e-10
1.041720089722049902e-10
1.511091189285916409e-10
3.433338816466040893e-10
1.052563532823788996e-10
1.242057314691695033e-10
1.110773584730622457e-10
1.292744022351969985e-10
1.191665287431374851e-10
9.637266475869354642e-11
1.068210217470473620e-10
1.049254497469444126e-10
9.698080728982806457e-11
1.212457318322402623e-10
1.286793930957953929e-10
1.128308500544829353e-10
1.234914654092021041e-10
9.235609101800150868e-11
1.190294019285864011e-10
9.270864551270643025e-11
9.284049079819285433e-11
1.280061569135852466e-10
1.139930547586158611e-10
1.071644580879440426e-10
1.319057927918965909e-10
1.038448190239562330e-10
9.725293567807601583e-11
1.105129685148206784e-10
1.234316961295105091e-10
1.201598213678205630e-10
1.089864634348768528e-10
1.416139039974629281e-10
1.081951116313723441e-10
1.617431069459315385e-10
2.140309298847490451e-10
1.144550431484569862e-10
1.370929989176545006e-10
1.198209134077727546e-10
1.018579365498219466e-10
9.356818486666436490e-11
1.050365286825897054e-10
1.396669626780460082e-10
9.244251651094533927e-11
1.080246644443149961e-10
9.363423910586856065e-11
1.057103695083704726e-10
1.017217671437266035e-10
9.882744380712371879e-11
9.535429523953597321e-11
1.213452833987205689e-10
1.325720677463350282e-10
1.513171274466926557e-10
1.515986046354091473e-10
1.054408230992192966e-10
1.131737508497035533e-10
1.021192512771742315e-10
1.048454846508333145e-10
9.225092296163608797e-11
9.799144660837107154e-11
9.768235825174950800e-11
1.288173080210315043e-10
1.150762185333355496e-10
1.346576138800514789e-10
9.501556622498754125e-11
1.180947910474377314e-10
1.356514468684957889e-10
1.007812106804180024e-10
2.055446445738418295e-10
1.071925122195245673e-10
1.018588299146191483e-10
1.251618168576338860e-10
9.550593918240900585e-11
1.116040671176284917e-10
9.896296900606311894e-11
1.069406493572252509e-10
1.973510382305946261e-10
1.701329693560139470e-10
1.021877179391545449e-10
1.079353896982462111e-10
9.251461876145712148e-11
1.410018580732938932e-10
1.018920284450276197e-10
1.038695578723658012e-10
1.318450978891744867e-10
1.007930826383992984e-10
9.320576385002507661e-11
1.183838545152789254e-10
1.131273045241775258e-10
2.126617838221516589e-10
1.081116134099043468e-10
1.085883913961214975e-10
2.063528125407663381e-10
1.148075064139952341e-10
9.302054381716963566e-11
1.436313087445022348e-10
9.711672203110131021e-11
9.621986908249620910e-11
1.169060285374256494e-10
1.020871576305429789e-10
1.641114632714235116e-10
9.751527362783133344e-11
9.584582058442309852e-11
1.031872759808516726e-10
1.121260086939095253e-10
1.106980557870664868e-10
1.066183295316660614e-10
1.035020431422512464e-10
9.219375064069043016e-11
1.044352417740799884e-10
1.407892121679850246e-10
9.775029522623574006e-11
1.119317469579921902e-10
2.051342711794680625e-10
1.263724254510149263e-10
1.584417257437134665e-10
9.487670476329724393e-11
1.215871552970576277e-10
9.876214423443987833e-11
1.213290584304820534e-10
1.026887828993056221e-10
1.213598459268780964e-10
1.106439153236798160e-10
1.205909221224175313e-10
1.126141981401771602e-10
1.028433218610792898e-10
9.777869298571489997e-11
9.985654688201541173e-11
9.797219209853660843e-11
1.491281773468831084e-10
9.655864226188947115e-11
1.149488966125240096e-10
1.614191524259841327e-10
9.865317654024778930e-11
1.149231762665943923e-10
1.512060942746853761e-10
9.279203732111037963e-11
9.277992049236794480e-11
1.229062724851689187e-10
1.000034099799749989e-10
9.469561701844770753e-11
1.309697261649275079e-10
1.649707324693215057e-10
1.487812791989522892e-10
9.920885251276340243e-11
1.426212912355838785e-10
1.221952706900887371e-10
1.301759657065497363e-10
1.088218791245475486e-10
1.220026508576995804e-10
9.256465635627317885e-11
9.191931400849358981e-11
9.970691564456356759e-11
1.202037522900756489e-10
9.343017300981079871e-11
1.023881345876744762e-10
1.336455815009850661e-10
1.260087542373784285e-10
1.124092015062513760e-10
1.370100828815726841e-10
1.005385441966506963e-10
1.352379037623812746e-10
1.045936305560981447e-10
1.014565688477455381e-10
1.209670160726879856e-10
1.004799446696166435e-10
9.577167466618520217e-11
1.091840422962173695e-10
1.434402871536158816e-10
1.263709459595787229e-10
1.511545565478846129e-10
1.281540837414325916e-10
1.377556690711361871e-10
9.857459938336870751e-11
1.011214060128779027e-10
9.712044763307883279e-11
1.010274161011981746e-10
9.329905709585921668e-11
1.248193664299712976e-10
1.133921779999912751e-10
1.489482501114980767e-10
1.082970414665132004e-10
1.503166237598566408e-10
9.942592119870955662e-11
9.331641992797018049e-11
1.084277896488974226e-10
1.056120288641620276e-10
1.218609385357133568e-10
1.763267173702952708e-10
1.718838249832556250e-10
9.270185491867700965e-11
1.107431782120174250e-10
1.002556646307983604e-10
1.405541565707808504e-10
9.553350249439561329e-11
1.259222071011047135e-10
9.318339350160902708e-11
1.049345893646615901e-10
1.013638976239468922e-10
1.389070910504511375e-10
1.349624073377331316e-10
1.232391297620543956e-10
1.079629854622054482e-10
1.490415457254559215e-10
9.566586694551082421e-11
1.134912306262204170e-10
1.031622467848937307e-10
1.381856425941007304e-10
9.526276545075063511e-11
9.708194371349571982e-11
1.013574676770589161e-10
1.452314814494363793e-10
1.250202556972033417e-10
1.089842180144294032e-10
1.097616620072708083e-10
1.005528505951138203e-10
1.156066714396843516e-10
1.121721333824636895e-10
1.813536337445626881e-10
1.338844191913827675e-10
9.561929797950226768e-11
1.293462995388450324e-10
9.561048540203358056e-11
9.552011546922572975e-11
1.077573547753202354e-10
9.308677687567902473e-11
1.058089182055417579e-10
1.166209053027919505e-10
9.301780336156954829e-11
1.198663733941806833e-10
1.186672213769981437e-10
9.962405644766667361e-11
3.711028140339345926e-10
9.874791706872966267e-11
1.575167245192176629e-10
1.855349694964597129e-10
9.735506391310649344e-11
9.326528793721481892e-11
9.645124768899675958e-11
2.377544198624118678e-10
9.302086621906641766e-11
9.196458761192361168e-11
1.079325590144179193e-10
1.352167559844973566e-10
9.704171768917560629e-11
1.079781251310438219e-10
1.991170697713671574e-10
1.383878933155763750e-10
1.250434026965024914e-10
9.620484392601480046e-11
1.280929327835418268e-10
1.159585949173294655e-10
9.705554217667276104e-11
1.153399756785790802e-10
1.110766683546722555e-10
1.040320620150828271e-10
9.694287676582751128e-11
9.770799387463528179e-11
9.433826177622789444e-11
1.335558622950370016e-10
9.304214258292666772e-11
9.799822340815209715e-11
9.295572117408856079e-11
1.236985117772663081e-10
9.457906598907591852e-11
1.035202478086940843e-10
1.093822880614094529e-10
9.918645223617137647e-11
9.744270473956874266e-11
9.868593913238308270e-11
1.117664334208433180e-10
9.442580233192011214e-11
1.450903841342541812e-10
1.080150468149802821e-10
9.854640240637690578e-11
2.232603630038403631e-10
1.045231967729141148e-10
1.005060093330461536e-10
1.308352337163351973e-10
1.377125613779375104e-10
1.053075589845812264e-10
1.366558747215693772e-10
1.069410774080078865e-10
1.015724530882718863e-10
1.254930299140295959e-10
1.198306007495100578e-10
1.344740507135934121e-10
1.163981168477144582e-10
9.788080355290553243e-11
1.004173954787246946e-10
1.078066694314726943e-10
1.022076117833992472e-10
1.952292141643504538e-10
9.308049375785325827e-11
1.151996739929110423e-10
1.002704592059685476e-10
1.610599304577345404e-10
9.294265510698711922e-11
1.482549372108188749e-10
1.128192772450185559e-10
1.308101150593362054e-10
1.011567636005716162e-10
1.130660296077331815e-10
1.312107927254394362e-10
1.095265744245180813e-10
1.005257422247931542e-10
1.893569246576346827e-10
1.038273962670364175e-10
1.267932188505840002e-10
9.463513413666541519e-11
1.113288638588215000e-10
1.220724363803960739e-10
1.799168596713037901e-10
1.534449071298018645e-10
1.413172272920649292e-10
1.255497077171369121e-10
1.029264169946417371e-10
1.095656932110697296e-10
1.086921084910969522e-10
9.207540934479201409e-11
1.273176822426863122e-10
9.738913745067228186e-11
1.310163220135808969e-10
1.099450702976761846e-10
9.427359530250385532e-11
1.278416045797267308e-10
1.083955033100206798e-10
1.772659790164443354e-10
1.350863194483219369e-10
1.561054326822379066e-10
1.158647159619417783e-10
1.000294319886401196e-10
9.709281310867065857e-11
1.102706708468773047e-10
1.007302525572832505e-10
9.393609460275729195e-11
9.384751467804607818e-11
1.012382246739300623e-10
1.373311671362715054e-10
1.243503545129812524e-10
1.466745550086598267e-10
1.134360902805646998e-10
1.484182489759106203e-10
9.216889049684688379e-11
1.083743504913149885e-10
1.110817751419207247e-10
1.147861841566292398e-10
9.735413448863669425e-11
1.245550272107483908e-10
1.246447753951030707e-10
1.535406943098049052e-10
1.599797378344022835e-10
1.324162781821488966e-10
1.017181894304612173e-10
1.293330102354774341e-10
1.161530558085479752e-10
9.912471427786172589e-11
1.226814825277871385e-10
1.571754849915129378e-10
1.046907727081080496e-10
1.049225481353258907e-10
9.905607706127248179e-11
1.216872270112294976e-10
1.038054311634560917e-10
1.027183471878720306e-10
1.103588455644554286e-10
3.125758697380571567e-10
9.887436889214957965e-11
9.405669519023369957e-11
1.206854268249415461e-10
1.121580376869329035e-10
9.537227653847830469e-11
9.706237611832540818e-11
9.924404400887233234e-11
9.792427250471196060e-11
9.795016087787498096e-11
1.231489903415790458e-10
9.901975876982445191e-11
1.352566090002878142e-10
1.011157118308027537e-10
1.166894010470829877e-10
1.439224865409601516e-10
9.223208550889664381e-11
1.259390260465112803e-10
1.707037396871818796e-10
1.003810560797198374e-10
1.559635456092225744e-10
3.017361811216801508e-10
1.552926662295731629e-10
1.198259509109987880e-10
9.433061850076846748e-11
9.619059943386528779e-11
9.487607100832004091e-11
1.262050234625442240e-10
9.471132751081031585e-11
9.834222342784459631e-11
1.237977160993290643e-10
1.110734937617547014e-10
9.852908228513401158e-11
1.079827939999601746e-10
1.058655041706857801e-10
9.752006862719480067e-11
1.053279484101048428e-10
1.016367666854013045e-10
1.014193597915875950e-10
9.358325908604367856e-11
1.088072638515745181e-10
1.061606755024186282e-10
1.589894629523143482e-10
1.001585466739399051e-10
1.053085713070511673e-10
1.072335138087644117e-10
9.205263614282688969e-11
9.335194061949248054e-11
2.130399251636948271e-10
1.310046146773211033e-10
1.501111145449272740e-10
9.490933813862191672e-11
1.075922620614571032e-10
1.013961914944384338e-10
1.176205214277917957e-10
1.099642875747591208e-10
1.243562314020759001e-10
1.482846322197531595e-10
1.360615783367926735e-10
1.513303960916479461e-10
1.110088804448919445e-10
1.024962850940692177e-10
9.683959017962955404e-11
1.055634057308773016e-10
9.894189458321072603e-11
9.724564828858840889e-11
1.753330730076427744e-10
9.666125624355621647e-11
1.106995785852259197e-10
1.315251845266389309e-10
9.457175751624169080e-11
9.773640238851457863e-11
1.039150697406724534e-10
1.341371620627535061e-10
1.029438255863753081e-10
1.170937083104234367e-10
9.305616331362302317e-11
1.037452259311974567e-10
1.378283651241408981e-10
1.048774190363540001e-10
1.329289398366045664e-10
1.760289549188249242e-10
9.496618547234397343e-11
1.822755527862061247e-10
1.185196785567581869e-10
1.401088085121476402e-10
9.502964828523255224e-11
1.176967740930247610e-10
9.358518330155108479e-11
9.395527196122835369e-11
9.453934007058339692e-11
1.128096097490979259e-10
1.159684310707203818e-10
1.002704592059685476e-10
1.033949606140009676e-10
1.064194552119697702e-10
1.098057267498900143e-10
1.216635222625801625e-10
9.957470685577200786e-11
1.013742146999352226e-10
9.920778593327953486e-11
1.083993104338152835e-10
1.314428960725698009e-10
1.163846025248940980e-10
9.830337058145678175e-11
1.193907503310466710e-10
9.780847201340904313e-11
1.692923690425715564e-10
1.826992682588815181e-10
1.711209366034912229e-10
9.191638195152523510e-11
9.942850647269665497e-11
1.126650554982286856e-10
9.583184352056960503e-11
1.234013613985606790e-10
9.559443209512252854e-11
1.682906052335708101e-10
2.790379721926676247e-10
1.276856639382430623e-10
1.153943191391447235e-10
1.215076840024451812e-10
9.292490849140038524e-11
1.281021923382178683e-10
1.440943740507556941e-10
1.653165618416898802e-10
9.556153118368823998e-11
1.146515996315566484e-10
9.660731002099274641e-11
9.266466061153534568e-11
9.966746640141967574e-11
1.324636116299658372e-10
1.009882685531043981e-10
1.357228116854590844e-10
1.264983732448864460e-10
1.329725760467824869e-10
9.910992266099326886e-11
1.817738473874782440e-10
9.325740692735328159e-11
1.855534708098328981e-10
1.255001003592575544e-10
1.339997160546057273e-10
9.888598251671669788e-11
1.228200907758069409e-10
1.209274282301006869e-10
2.993798227872403179e-10
9.194455889119722099e-11
9.584063828565827678e-11
9.180914274320327207e-11
1.220900996730129138e-10
9.750769401448961413e-11
9.488415110683360559e-11
1.237899329592355829e-10
1.048723391350876882e-10
1.034547566448026495e-10
1.136137560623604800e-10
1.176131694877476254e-10
1.179400735775976217e-10
1.511464397990724811e-10
1.712644349788373009e-10
9.918386144243440401e-11
9.475876253454114695e-11
1.124620514805357457e-10
9.657439923807378153e-11
1.100167719744926671e-10
9.825067509793259327e-11
2.399222775312479852e-10
1.767858651908341622e-10
9.550042568471744072e-11
9.619952202402755143e-11
1.322917204844320190e-10
1.125263434629394883e-10
1.120031566516369638e-10
9.598000387612533801e-11
1.122111279603394793e-10
1.155340139032782406e-10
1.096285370993752452e-10
1.482548299991926861e-10
1.727746193489438139e-10
1.462165844391822979e-10
9.577890296022936079e-11
1.205337512818265061e-10
1.016011076287442125e-10
1.040721054104486897e-10
9.319932682116948840e-11
2.478394886994579376e-10
1.371624446461325514e-10
1.555205496370751950e-10
9.463275222881618675e-11
1.414922162335508339e-10
1.225621140268693920e-10
1.251890432234433064e-10
9.807935914374121437e-11
9.367766518273780315e-11
9.721354707627317902e-11
1.281338653342890207e-10
9.956863158074632123e-11
9.929323286596237308e-11
1.620135287945069645e-10
1.395993993712312758e-10
1.054266653679160282e-10
9.214434956820520141e-11
9.980684318184532656e-11
1.443538997017120539e-10
1.022447181101944779e-10
1.098274745267273265e-10
9.503581850033939163e-11
2.193504289995198017e-10
1.064790513757912721e-10
1.067893107780714451e-10
9.924709037805464669e-11
1.411372357186790506e-10
2.928512726582133461e-10
9.975529818186664337e-11
1.174635489117076987e-10
9.812951998228995533e-11
1.033411624101153729e-10
1.165841305193018099e-10
1.177623614175253353e-10
1.046550079795016155e-10
1.244877101520698508e-10
1.318675495373248998e-10
3.249012836634544610e-10
1.159581961389558336e-10
1.241885821202677784e-10
2.961573321806578736e-10
1.460133146703298835e-10
9.604444763564135850e-11
1.014133813195654441e-10
1.244344834026223437e-10
1.109740750249915812e-10
1.120924654833795398e-10
9.702400740094673204e-11
9.594000148270619754e-11
1.132079637881701120e-10
1.081682740227204528e-10
2.032188368077721351e-10
1.413362327096263271e-10
1.062856873092800784e-10
1.203049589517663107e-10
9.470117149352210398e-11
1.038997059478778853e-10
9.623614401898243051e-11
9.254166467324301343e-11
1.103364952895572131e-10
1.788078606796492601e-10
1.104642965381586246e-10
9.279930675386700561e-11
1.005981675325862494e-10
1.020682836330216000e-10
1.430354506856378621e-10
1.120048009353032058e-10
1.045146079965950600e-10
1.058083421308423374e-10
1.019768426930387027e-10
9.743651330673105489e-11
1.476044147772915805e-10
9.783238207000715639e-11
2.623302684320448996e-10
9.911769993745877990e-11
9.964758487502010009e-11
1.051225949048880460e-10
1.684650701694405023e-10
1.381095749177457758e-10
1.453320983427893197e-10
9.835036086024254603e-11
1.166395533835061006e-10
1.500361203110040023e-10
1.325531496977323000e-10
1.101323831036863767e-10
9.736900434861176889e-11
1.757603142614904381e-10
1.316691702346378927e-10
1.071190166986820866e-10
1.765219138554194350e-10
1.222791728593676095e-10
1.385758968176842533e-10
1.288878530263807301e-10
1.705910278726883230e-10
1.036827911458018271e-10
9.755842119810161091e-11
9.713860815224101278e-11
1.076729922720091776e-10
1.199062675994855777e-10
1.121435298185332809e-10
1.257653004633476985e-10
1.142684242622629816e-10
1.490271384130263924e-10
9.306824866701408760e-11
1.062219775140975781e-10
9.240669013374545951e-11
1.010521577046208419e-10
1.322207525036254824e-10
1.551164347919653621e-10
1.068434430012672212e-10
1.147492978556376347e-10
9.922485000120155984e-11
1.430720641563614916e-10
1.251058559995125389e-10
9.551003474326896380e-11
1.228798675817827245e-10
1.026889307392742798e-10
1.028015307098259409e-10
9.846376299357873524e-11
9.340624351980778008e-11
1.006090048172980618e-10
1.024955446768101967e-10
1.326877711518161239e-10
2.681330868582474163e-10
1.101718696665329536e-10
1.068113093524675044e-10
1.017177422085610035e-10
2.061391791814359374e-10
9.909467154900798502e-11
9.438156343982071290e-11
9.483756344307001615e-11
9.313171451585460652e-11
1.482989954470842347e-10
1.046141416837224016e-10
1.937394871004220940e-10
9.378655351336670643e-11
1.418460848746575950e-10
1.741542720138589701e-10
1.739591766314141313e-10
2.314538994041215647e-10
9.760649792194000665e-11
1.555971310155520707e-10
9.335001219781260493e-11
9.376622541901621199e-11
1.210382200309864535e-10
1.053716077622810660e-10
9.681079587005468886e-11
1.071467963538762266e-10
1.240092034213016511e-10
1.030558870573868712e-10
1.233846178605980510e-10
9.562653635081454924e-11
9.369208323124260103e-11
9.856601844189056281e-11
1.284447498049387269e-10
2.801690578801136500e-10
1.192661706763345259e-10
1.224366865328269237e-10
1.066751115997657358e-10
9.370505781518814971e-11
1.077655752559143573e-10
1.047512285866632427e-10
1.111016482505761857e-10
1.167065855768884155e-10
1.353164273311795587e-10
1.230710330861654558e-10
1.131177959090933808e-10
1.209882786478257690e-10
2.732327066700207368e-10
1.477453445547079207e-10
1.275909436363711679e-10
1.153067176478055002e-10
1.154262204675422163e-10
9.302570213019512777e-11
1.586595844942237854e-10
1.764399911730492230e-10
9.394280706787012961e-11
9.617118638502292791e-11
9.592933171278780890e-11
1.179836794556813661e-10
1.233799595303862445e-10
9.448497134385254414e-11
1.026676398659193482e-10
1.429113906259707269e-10
9.326528793721481892e-11
1.090026012034536349e-10
1.078963205224908493e-10
9.233208038932155543e-11
1.129726347726219448e-10
1.118918443415055797e-10
1.948125551885096589e-10
1.351827043047851421e-10
9.314218113378714520e-11
9.614080747636597117e-11
9.934605287676894674e-11
1.470245033890933734e-10
1.061524899864879588e-10
1.055110093256073311e-10
9.656113856650638935e-11
1.048547755316297830e-10
1.095343991597733039e-10
9.645843140372253387e-11
9.355342931745603280e-11
1.111090998644599058e-10
9.294813982469955340e-11
9.642922512423823237e-11
1.586387703341698605e-10
1.389851589636010352e-10
1.215811614555466904e-10
1.190829186001086341e-10
9.471513577162862289e-11
1.324500047796787783e-10
1.121539318530500750e-10
9.791872421701266548e-11
1.046105052156179151e-10
9.889835888185435382e-11
9.628823892077889235e-11
1.201227074689193963e-10
2.335432183168156920e-10
1.171132129517368128e-10
1.075182956198618270e-10
1.351632926511746878e-10
1.005671552127561015e-10
1.099805781820311899e-10
1.087597523464066905e-10
1.062419262922303346e-10
9.276780227884279546e-11
1.368494086011516154e-10
1.470814077884353585e-10
1.012868643188584603e-10
1.729898059023391468e-10
1.085841676973574553e-10
2.055438390421794853e-10
1.031299954575759719e-10
1.051121659197359471e-10
1.142146899663749323e-10
9.357620333297636023e-11
9.858777598532775576e-11
1.316565621173748934e-10
9.304488241125908836e-11
1.028644332943071015e-10
1.167265432901970295e-10
9.268115708991420861e-11
1.719116115848373049e-10
1.051852945799003563e-10
1.006530960134994711e-10
9.806366003726456556e-11
2.544079232720224545e-10
1.025890963581829568e-10
1.510048096600586435e-10
1.042684736153705699e-10
3.003320533496648589e-10
1.344793050899808524e-10
1.824973509502372205e-10
1.668492199092382662e-10
9.190432707962809972e-11
9.657081121358941307e-11
1.289840403869849557e-10
1.027684416587331092e-10
9.794538430711119063e-11
1.463029426380392839e-10
9.312221315606230684e-11
9.616554969631223713e-11
9.811998191880044409e-11
1.028353487250701873e-10
9.217620291286059120e-11
1.754996388512272175e-10
9.878508749787203916e-11
1.131236369983528430e-10
1.345293877952482756e-10
9.252061156601464963e-11
2.903599624904260634e-10
1.117091754827612719e-10
1.212085254097011703e-10
2.860957169617116210e-10
9.894785079649296579e-11
1.195897639078880268e-10
1.022420468483336296e-10
9.846222922141996730e-11
9.922073657687359357e-11
1.126553764231693759e-10
1.174116222220160818e-10
1.050133353107427536e-10
1.017825714324468197e-10
1.018804174794162825e-10
9.556452258518667904e-11
1.009165385940338799e-10
1.623393169011916652e-10
9.963528998073646244e-11
1.202795999031027954e-10
1.345666182079125252e-10
1.065937205194707873e-10
1.044653925899765728e-10
1.263868496983391407e-10
2.710505709244710790e-10
1.349024516763871059e-10
9.327606306890989207e-11
1.268480362545458186e-10
1.022310643523666099e-10
2.584886200168300838e-10
1.223068330297832740e-10
1.037060981168509513e-10
9.204498974824014681e-11
9.504483587655363541e-11
9.660403497984294370e-11
1.254252848217426933e-10
9.697085955592932352e-11
9.708023556886871779e-11
1.120683637142963332e-10
1.046560258228546032e-10
1.176094933669265208e-10
1.167964378319766362e-10
1.398980209033295645e-10
9.186652445549544262e-11
1.194362240186935270e-10
2.397280208492677597e-10
9.200984172182042662e-11
9.220024905754896872e-11
9.414095539564065451e-11
9.179772786610882628e-11
1.117851019228501300e-10
1.030137290739557909e-10
9.839748496907977519e-11
9.642485132521506999e-11
9.527539482338801196e-11
9.482488306158266265e-11
1.206253416609446775e-10
1.059965725171137768e-10
9.819733991385939827e-11
2.138069034774625939e-10
9.862162972223699132e-11
1.019296816889425057e-10
1.097926205003661440e-10
1.533722778538976662e-10
1.051773322312622155e-10
9.876046154491238031e-11
1.023108865525666022e-10
1.028695998508193120e-10
9.986866645217700767e-11
1.483680077136299048e-10
9.548797990884669499e-11
9.626571442282831273e-11
1.000162704339660907e-10
9.513006847392192548e-11
1.301531387911473065e-10
1.023107382347155680e-10
9.620797433626692628e-11
1.369888300154807046e-10
1.441839307661830414e-10
1.287707443474778455e-10
1.075823267395431048e-10
1.137458997283040684e-10
9.253534918114651320e-11
9.233451414777729067e-11
1.036492151858497554e-10
1.088297481755556147e-10
1.053357562117105067e-10
9.662851745995978657e-11
1.143506662867126341e-10
1.463487074158671215e-10
1.110175803079708907e-10
1.479598483451755047e-10
1.162010958032640185e-10
1.096571555332494313e-10
1.783350289343714849e-10
1.386792491383996521e-10
2.484932010554975304e-10
1.121253242263609410e-10
1.061513410979494243e-10
1.007996943376778167e-10
1.737697678103081565e-10
9.195693481152572743e-11
1.081053947033093004e-10
1.144075727674490763e-10
1.049559124310668466e-10
1.471147640293328651e-10
1.277738513075419731e-10
1.561401696112685370e-10
1.263608356957669336e-10
9.528660216480936948e-11
1.296149704922311089e-10
9.315570570050470037e-11
9.281465169808096108e-11
1.308849801251930849e-10
9.996224679890986750e-11
1.436186323309862952e-10
9.199796033420890169e-11
9.325370747685195706e-11
9.881551836662291218e-11
9.483851441187750022e-11
1.292905972851203190e-10
1.117462518975846325e-10
1.226456699953997182e-10
1.131308361173867961e-10
9.685592956375583244e-11
1.220820942850868808e-10
1.668900149250325376e-10
1.233770637340387143e-10
1.249143040896931726e-10
1.014236939909851371e-10
1.438828708715913330e-10
1.092318124622902478e-10
9.923703704921971515e-11
1.060030431287828977e-10
1.285871350543873313e-10
1.073164715922840491e-10
9.455555000900675380e-11
1.030996505357165214e-10
1.201866196134602974e-10
9.416248860686452288e-11
9.793059105292066654e-11
9.886902011098169179e-11
9.887604988537024749e-11
9.516736635828075582e-11
1.021522272199730356e-10
1.263785898355371663e-10
1.229290095725777018e-10
1.110105376076636215e-10
9.828063620391535056e-11
1.060448780768929015e-10
1.034192058942225186e-10
1.161461536077348596e-10
9.437535581302986761e-11
1.070289387679519848e-10
1.381985259925394906e-10
1.016624224976361637e-10
1.309190516510360944e-10
1.169377006652722110e-10
1.005936516957798632e-10
1.023866523798902840e-10
1.195319154278061549e-10
9.312446779277058166e-11
9.634765644415350501e-11
2.410337910177358553e-10
1.001183462475390594e-10
9.389261323546757358e-11
1.206728470558181774e-10
1.697640300623997173e-10
1.161823861591347388e-10
1.035462286499556032e-10
2.052923781352034068e-10
1.086064108959700597e-10
9.280706026631054917e-11
9.938089758421931785e-11
1.240158464828973866e-10
1.259909545050954465e-10
1.073277085533383487e-10
1.191975449164099457e-10
1.003000426277350274e-10
1.285717126017192835e-10
9.313944381002070806e-11
1.387729924418042199e-10
1.025609794934440694e-10
1.952654452423958327e-10
1.498775379431557517e-10
9.301538525384139691e-11
1.501628594809291970e-10
1.213036312362683669e-10
1.382117503350658656e-10
9.297604297377546191e-11
1.235400171773334071e-10
1.465981330707389265e-10
9.599835303400574769e-11
1.044668489583241454e-10
9.545031885262789999e-11
9.848554030260528429e-11
2.703846255750174740e-10
1.077577799860493882e-10
1.051243329810650425e-10
1.107197885340404313e-10
2.753766248159869972e-10
1.007186748544590897e-10
1.523827492876820677e-10
9.796125406234646748e-11
1.115029989962303526e-10
1.013588135094294740e-10
1.017083501511852426e-10
1.438083455422042641e-10
1.017634989993681792e-10
9.547758108368453996e-11
1.112514245504549885e-10
1.112394323986586011e-10
9.822793004930421700e-11
1.004223705173709955e-10
1.502748847046000877e-10
9.571571780457642516e-11
9.641407229370222958e-11
9.821932261286025559e-11
1.094828307330102469e-10
9.282967144090788297e-11
1.126390157686406706e-10
1.299654648682135629e-10
1.099549578145270152e-10
9.936568286979246344e-11
1.342782262717829574e-10
4.258084502646083292e-10
1.546742096457480454e-10
9.567829247185411263e-11
9.697567810103764026e-11
1.400152846464025287e-10
1.580776049364677651e-10
9.567939339976122091e-11
1.102434422512356724e-10
1.090497395810480311e-10
1.166678511610789774e-10
1.315172077342752003e-10
9.909009581490460639e-11
9.826173859098417773e-11
1.059737069205925202e-10
9.812213574598375352e-11
9.432106364433753720e-11
1.230574050525425973e-10
3.116855497563548440e-10
9.597027914641172322e-11
1.201053068744515069e-10
1.268552863318667177e-10
9.534924732405318509e-11
1.363117081875016527e-10
1.145602772037804818e-10
2.402907055439613036e-10
1.148404887410153520e-10
1.001964672167789612e-10
1.032184814195206892e-10
9.740384779940061632e-11
4.350347474888647011e-10
1.486326515284569942e-10
9.208484251331332400e-11
9.690104486216890928e-11
1.086192200432919814e-10
1.242182479341098768e-10
1.763304020728009795e-10
1.137707715309728422e-10
1.624167399311652332e-10
1.147377603735575649e-10
1.055354060760807405e-10
1.544836068662645023e-10
1.282047392998982952e-10
9.808859288523037294e-11
1.128255403061527379e-10
1.414498831555120526e-10
1.171630159645226067e-10
9.943991139114844540e-11
1.551901004372628604e-10
1.086549660566848310e-10
1.066589521423175609e-10
1.076175225504496037e-10
1.070429108932484578e-10
9.246228876444875907e-11
1.403422670700559684e-10
9.316633094061041745e-11
9.949235928138140393e-11
1.054435677729900435e-10
9.325917618437504198e-11
9.685748556978938472e-11
1.529037305133456043e-10
9.737349589470943105e-11
9.893105041499983477e-11
1.357003399447914292e-10
2.257642835449830884e-10
1.200632785634416891e-10
9.980744945497943510e-11
9.830613525953945181e-11
9.777282882237260543e-11
1.112511488815067404e-10
9.293458883113224314e-11
1.401654596547654782e-10
1.030461596314850162e-10
1.063391834607263451e-10
1.076071635393204291e-10
1.064668766478392880e-10
1.044332023134773428e-10
9.501762326902456101e-11
1.082242026694039608e-10
1.113783066563829238e-10
9.281368260938351130e-11
1.179268449822526409e-10
1.138332004235684132e-10
1.658121055235905555e-10
1.142577868966471528e-10
9.788989951801712552e-11
1.142281592854170609e-10
1.360390399781142141e-10
1.397119137149150014e-10
1.116315547889057882e-10
2.134354072363119106e-10
1.127905449567675250e-10
9.989275027803914780e-11
2.309728147991177484e-10
9.570235308441293914e-11
1.037478632967851444e-10
1.166529096251034115e-10
1.165708996974666982e-10
9.240052871757795994e-11
1.035600240661215643e-10
1.009241939162728202e-10
1.072369299886776499e-10
1.489310584998030245e-10
9.455825142901416101e-11
9.937222544679088046e-11
9.875281263996123417e-11
1.264638779159267824e-10
2.041120698746843856e-10
1.032102392757988059e-10
1.423594485848341976e-10
1.342133247769140364e-10
1.122991983868878094e-10
9.248821398253038334e-11
1.337012185052641548e-10
1.001948056234343244e-10
1.828072942107249220e-10
9.319916589046385987e-11
9.975681454390357338e-11
1.051092688187324782e-10
1.203606809369225255e-10
9.671159268114033356e-11
9.234392415239580561e-11
1.153387737272503915e-10
1.227609207948118582e-10
9.350305264309565573e-11
1.354311208803890230e-10
9.804041516477521038e-11
9.326930863612940066e-11
1.152799982903892120e-10
9.494639521202774154e-11
1.580046115597772151e-10
9.541879332881460709e-11
1.089496895778458391e-10
1.592358750174874392e-10
1.194600560258962077e-10
9.786199260076119216e-11
1.155212113696546856e-10
1.172359742313271487e-10
1.033121953059767165e-10
1.095791025534249786e-10
1.089407050002983930e-10
1.035485769194680282e-10
1.378917753158324458e-10
1.025038370828029182e-10
1.090470744936432094e-10
2.199007812477011115e-10
9.209053453354251994e-11
1.041477710768822208e-10
9.328249546417008635e-11
9.235609101800150868e-11
2.087815334987721264e-10
1.037024338024400186e-10
1.168141368786694696e-10
1.327250988632437656e-10
1.255224257931733765e-10
1.033830565648766280e-10
9.802732818122858222e-11
9.837323463730740133e-11
1.231913567534964985e-10
1.105009062691758280e-10
1.338296696394437535e-10
9.441784703433325567e-11
1.383660285321475871e-10
9.532289971967484337e-11
1.331690196784690737e-10
1.022252758647381391e-10
1.074789517572973397e-10
9.931622096355066965e-11
1.281229023801902791e-10
1.209579208402159220e-10
1.695725294128293470e-10
9.696790615053160284e-11
1.084479467212109190e-10
1.047292877957777913e-10
1.593635353350046952e-10
1.098789013917919565e-10
1.033086658330285095e-10
9.445173253087961767e-11
1.232654673138912660e-10
9.724022119875615635e-11
1.230486975618703103e-10
9.705725070155830957e-11
9.716545544307771082e-11
1.161668591336405929e-10
9.665050028502241348e-11
9.729773487355654523e-11
9.897167251310644529e-11
1.226385823320554475e-10
1.143372095962043729e-10
1.408196073558922330e-10
1.140325830382793638e-10
1.203970874996272207e-10
1.956568713753104388e-10
1.108220346201472407e-10
1.004596010820969556e-10
1.023534460034788627e-10
1.666079448566843962e-10
1.145624266985109181e-10
9.458192569175945366e-11
1.200565734705770043e-10
9.264880863303208947e-11
2.118739237822451733e-10
9.548797990884669499e-11
1.653614877887701677e-10
9.219911186352943554e-11
1.056779345985168204e-10
1.024343700434526808e-10
1.288470089205667490e-10
9.340303109938653281e-11
1.599548607697008545e-10
1.026979486252138511e-10
1.232372393177163977e-10
1.010145183755357904e-10
1.097157680214024550e-10
1.191370633252775372e-10
1.514225113943721228e-10
1.167774153444804229e-10
9.362205741067824329e-11
1.161441625215713788e-10
3.847138368202480375e-10
9.892799553196922282e-11
1.104647126174635135e-10
1.147640536208712406e-10
9.900770096182608008e-11
1.093116220974327653e-10
1.499030229186103788e-10
2.510755651120161452e-10
1.040003392425637076e-10
1.706191882318118585e-10
1.972959400492929483e-10
1.200695965242003854e-10
9.221259494560160705e-11
9.951074831922402284e-11
9.649574795475163472e-11
2.333486484831329012e-10
1.448712925444098595e-10
1.004791912676819437e-10
1.121071160473122014e-10
2.102912511599204143e-10
9.343322403577405645e-11
1.080078331012182076e-10
1.171510280434500167e-10
1.052993154703354905e-10
9.690073378512084296e-11
9.443614334212678895e-11
9.359929315762938983e-11
1.235347351519979905e-10
1.002825349943216229e-10
1.022187449189802726e-10
1.549897407233070496e-10
1.057208909638849472e-10
1.837814684376775005e-10
1.059227830996780346e-10
9.538788947078009639e-11
1.512954320721356392e-10
1.188286567249208920e-10
1.248030387608870824e-10
1.044068318628622801e-10
9.591850397296013056e-11
1.091862841205284356e-10
1.022665311300983789e-10
1.041762427970000211e-10
1.424872590848246236e-10
9.331449086399983622e-11
9.245434789411055860e-11
9.225449520229621622e-11
1.762428721787591658e-10
1.868524577048422248e-10
9.349149795632416944e-11
1.015791696307730302e-10
1.427217430637535795e-10
1.768777533232720863e-10
9.865287030289492135e-11
1.191103182630075612e-10
9.405845128481539752e-11
9.186603553931927193e-11
9.741143448257347628e-11
1.218208411193058236e-10
1.102169026002414952e-10
1.102144011929781616e-10
9.492169190292454017e-11
1.168196838580974910e-10
1.143284620041964149e-10
1.379704598748716102e-10
1.023117764557221152e-10
1.499104553223551670e-10
1.051984674896011183e-10
1.528163644065168684e-10
1.674772889483359842e-10
1.333709731004045399e-10
9.774520138635559194e-11
9.449276269512036795e-11
1.089780428994635338e-10
1.100711822632450971e-10
1.095563337566673852e-10
1.160821584253360705e-10
1.873841698775914284e-10
9.697396831868915928e-11
1.266703574706947519e-10
1.409788919419294855e-10
1.042642430677874744e-10
9.392602511807437640e-11
1.365640867099389903e-10
1.076627797771812681e-10
1.170962124436942771e-10
1.313863040506743868e-10
1.067268646499282039e-10
9.179919556273932290e-11
1.037118142211268166e-10
1.180503050467028343e-10
1.016282632183518885e-10
1.081651661337618915e-10
1.134069526192480060e-10
9.840116810628322815e-11
1.697068854866772771e-10
1.233693832904651915e-10
1.004903411115945518e-10
9.997420380974451884e-11
3.090434196111575772e-10
1.093414326145924616e-10
1.088009394029244659e-10
1.674126179997440321e-10
1.016515343856563001e-10
1.229132203190028652e-10
1.003796987837669042e-10
1.042052915344438207e-10
2.231157041455136609e-10
9.646452157779431861e-11
9.590406532263293204e-11
1.023581903486354168e-10
9.797404067515160590e-11
1.299365894185632721e-10
9.497821618679310732e-11
1.414811593221841239e-10
1.261008080186153222e-10
1.016015552998313000e-10
1.211020931091481494e-10
1.083963493476417043e-10
1.046920809710703744e-10
9.627838502028800768e-11
1.039324796367538900e-10
1.044798098540567159e-10
9.264702918118102273e-11
9.757496440333865786e-11
9.431517106067815822e-11
2.260045921131974013e-10
1.016837483083889816e-10
1.179181998520952853e-10
9.306712075879903865e-11
1.608122710914337377e-10
2.653035572125647985e-10
1.106653804283853875e-10
1.212973695532667680e-10
9.230676597304546327e-11
1.203394500483652768e-10
1.301931436541792804e-10
1.141927319966871374e-10
9.563991034090124626e-11
9.237555508633788902e-11
1.038796568668713000e-10
1.171635428814832121e-10
1.393703977764675350e-10
1.259111995212168521e-10
1.209190992467329431e-10
1.680588276560513038e-10
1.058619053428379210e-10
9.548876765825442474e-11
1.703325590277342597e-10
1.227850722406154102e-10
1.187462705776718000e-10
1.729677919074797871e-10
9.576790319283111051e-11
1.035898108101099776e-10
1.019539340530981745e-10
9.793136158317673826e-11
9.333554792397005561e-11
1.465484292821964061e-10
1.004660812826571111e-10
1.378973724673806127e-10
9.915855999069109590e-11
9.608127804483412662e-11
9.597921965568998929e-11
9.975544981897796934e-11
9.472925690266540819e-11
9.936142238445139584e-11
1.440319302537641568e-10
9.506603167274599618e-11
2.112581436902962542e-10
1.162938089730635369e-10
1.146009772684063429e-10
1.054234868730524099e-10
1.071893795894980350e-10
1.034070104053023451e-10
9.303198848582827165e-11
1.134638666040705083e-10
1.980652616934170470e-10
9.423184410818876053e-11
1.079785495809718356e-10
1.043053751272961157e-10
1.289429806679137427e-10
1.275173248699650782e-10
1.054061481520478040e-10
1.787086477159675978e-10
9.621986908249620910e-11
1.108857755757078594e-10
1.195693191449338645e-10
1.530517461020912941e-10
1.791660826786625956e-10
1.120994486714154178e-10
1.358010898531982740e-10
9.586780336846077237e-11
9.376270362497937258e-11
9.888338483589921309e-11
9.700846973115299346e-11
1.395418689235739689e-10
9.176967460577189477e-11
1.117369151480255632e-10
9.610055031357401514e-11
1.009710154185980569e-10
1.731473919961137873e-10
1.341943753784868318e-10
1.270374023922334280e-10
1.223887663665226198e-10
9.909939961336762781e-11
1.046065777058243595e-10
1.072974090759427581e-10
9.472608377524504333e-11
1.027458352958178044e-10
9.478223439216900867e-11
1.117992387525583269e-10
1.229090516599411008e-10
2.261313315390912842e-10
1.196821154224014149e-10
9.185185597966929325e-11
1.071734304126484505e-10
1.117732971578371137e-10
1.091223763361376328e-10
1.117664334208433180e-10
1.910870167062991446e-10
2.008177145729244689e-10
1.185529288123949439e-10
9.283322418735208302e-11
1.230138622062049761e-10
1.243310966202082211e-10
9.562039950171716524e-11
1.099550970697718261e-10
1.169729270897123911e-10
1.102459430819316560e-10
1.636549817334533440e-10
1.247849639703971742e-10
1.105873962017554507e-10
1.035139352174590652e-10
2.359434962785608942e-10
1.547889476361638607e-10
9.585100263802244344e-11
1.162174148298164304e-10
9.578283118071316967e-11
1.047179525666660063e-10
1.006866421541396307e-10
1.346251882616403223e-10
9.220284831208043817e-11
1.011291975968890055e-10
1.515279363885670491e-10
9.572876648525813963e-11
1.118954100302544759e-10
9.594298255636728562e-11
1.153300926422176434e-10
1.120750743214698143e-10
9.687242211499808639e-11
1.247560395397088398e-10
1.151275943559119728e-10
1.023025804631555127e-10
9.937192114924175405e-11
1.209986525729255513e-10
1.315160171319432919e-10
9.509054404147304779e-11
1.312339357235609368e-10
9.939276364674539603e-11
9.374589346777479838e-11
1.029941189942727864e-10
1.431742287936006658e-10
2.000626093436232912e-10
1.036103490263749956e-10
1.053502137665473724e-10
1.210882713756632827e-10
9.827648821979443608e-11
1.576588100157821404e-10
1.017612637438729054e-10
1.720519915817277248e-10
9.445475466406638468e-11
9.810028786604337375e-11
2.697991566164066615e-10
1.489880724557882718e-10
1.391818606406275695e-10
1.571444125441018298e-10
1.027501204962567192e-10
1.124501723723501756e-10
2.007420691936720573e-10
1.220967069488042823e-10
9.542604500624996833e-11
1.175657660763855408e-10
1.072478895897825111e-10
9.241803916999784396e-11
9.493847809720638580e-11
9.646249155715274158e-11
1.063020398390488109e-10
1.438972876779856706e-10
1.253448424820874983e-10
9.716685194532940144e-11
9.848047975451587572e-11
1.156912771021320521e-10
1.218404457432566070e-10
1.042086484694259697e-10
1.541293497018873269e-10
9.290554516429359143e-11
1.235417778085331494e-10
2.024585113713230745e-10
1.961130906291223175e-10
9.466974527824380521e-11
9.549002804547934777e-11
1.396206430925848990e-10
1.282458840494880951e-10
1.225730044466832681e-10
1.022675697437865622e-10
1.097832779761987567e-10
1.820033485783909590e-10
2.089475454788850593e-10
9.776032786797352368e-11
1.329324783746096484e-10
1.155785463825210315e-10
9.555428850387616785e-11
1.227733131553955968e-10
1.049045565758913375e-10
1.246667357391786281e-10
1.053458766823895360e-10
9.371178475841990688e-11
1.015148241073134234e-10
9.662118887911966999e-11
1.141523088952921271e-10
2.576073314107541560e-10
1.403297810300325414e-10
1.113851913162858831e-10
1.007365671771707473e-10
9.911937731924183838e-11
9.340736784411689239e-11
9.796109999786710700e-11
9.708473880252539320e-11
9.729835480499058384e-11
9.867017140939335541e-11
2.330724038097748459e-10
1.839164625456167941e-10
2.180457412368832045e-10
1.106482086361068412e-10
1.444400250762013797e-10
2.161182036550685761e-10
1.160945084467354475e-10
1.011630549191749436e-10
1.056355398512145907e-10
9.225465757399585042e-11
1.103299699280885921e-10
9.357155269574619887e-11
1.159609875623726469e-10
1.163243013138896454e-10
1.149802364772883903e-10
1.347973857360306326e-10
1.028499657279479144e-10
1.256414361449248548e-10
1.149322861317699868e-10
1.082785535070062021e-10
1.097126985234647152e-10
9.402364333173268566e-11
9.303875799163583695e-11
2.125343020721669884e-10
9.285550688379033996e-11
9.549869281363342412e-11
9.326979110980758687e-11
9.455300743436765821e-11
1.352105970215447653e-10
1.774117155702227447e-10
1.058475089608050595e-10
9.881720023578711007e-11
9.555192665660110288e-11
9.361821027141897090e-11
1.105178208174450119e-10
1.342616234575850155e-10
3.954790037563638583e-10
1.973368475618800954e-10
9.726549367496672000e-11
1.259385313996991185e-10
1.373620016011275472e-10
1.089362124683829551e-10
1.095504662792278405e-10
1.070603025339864667e-10
1.685218163117971934e-10
9.747381148029145932e-11
1.889766476924049343e-10
1.121692596285797731e-10
1.299634197085983254e-10
2.341929184697499105e-10
1.167328868385726658e-10
1.067334394319749938e-10
1.102723377126362693e-10
1.135827633182797214e-10
1.745697261970722990e-10
1.100345866302404162e-10
1.096155519468853981e-10
9.356545845114801053e-11
1.654887037851209046e-10
9.292458579821272600e-11
1.076902948426318878e-10
9.370697984208529532e-11
1.066911259398950139e-10
1.108401508218946809e-10
1.395729537658383793e-10
1.080269273070386681e-10
1.282832451608738089e-10
1.252049539516829020e-10
1.544225787809205338e-10
1.214441252688862697e-10
2.631425462116803703e-10
1.140073564763045694e-10
1.140301550254621169e-10
1.092728437856063542e-10
1.275998683022878094e-10
1.008153204822649541e-10
9.679071324053392512e-11
1.255757447155335570e-10
1.047998908251310307e-10
1.703447120898323665e-10
1.209129482906215796e-10
9.812136652673862942e-11
1.147800148068567963e-10
1.229442918799857480e-10
1.103836899791583526e-10
1.393027086327480476e-10
1.345544813834276937e-10
1.106289568384743567e-10
1.209249936561127740e-10
9.313300277052704494e-11
1.072934254892690782e-10
9.840853401883415899e-11
1.766157618803228395e-10
9.532842220045750428e-11
9.542036982145142220e-11
1.254420379609612713e-10
1.014265335509954113e-10
1.473836392135451792e-10
9.639001094127178173e-11
1.013707757766918953e-10
9.558782122426134833e-11
1.072769206799093077e-10
1.228059327090842347e-10
9.385551225909263293e-11
1.178006496355233585e-10
1.107615824343720134e-10
1.214019919972126616e-10
1.290779865708107376e-10
9.924282543828907306e-11
1.122696659752274059e-10
9.822839114334625276e-11
9.626587085885391523e-11
1.385865876428145237e-10
9.615208310293430948e-11
9.397093093030614377e-11
1.410986159694248052e-10
1.061760398043078762e-10
1.091021881256856477e-10
9.238317753516559084e-11
1.252983937756295723e-10
1.844006622231256229e-10
9.757805631900369244e-11
1.137244034132538357e-10
1.003591865786422534e-10
9.367638348445637433e-11
1.090251905680019460e-10
9.975924068121327197e-11
9.433332555613296358e-11
9.688906776496676767e-11
1.082626036586215016e-10
1.161000854989624499e-10
1.150850501810112475e-10
1.140265129214152208e-10
9.552799038871381382e-11
1.085614980576046736e-10
9.915825511948349050e-11
9.935670523207437202e-11
1.028250123732639313e-10
9.493626120153140606e-11
1.876765729393384747e-10
9.840577185816317375e-11
1.072873075863142275e-10
1.194833659212186481e-10
9.496032793130502463e-11
1.045575457047305430e-10
9.368375304004296835e-11
9.395095735420735831e-11
1.536660434694672044e-10
9.215003837205977366e-11
1.011835742220641462e-10
1.208830866334401383e-10
1.217246875689953568e-10
9.423327857797089400e-11
1.194657543678106870e-10
9.299571593423925520e-11
1.008693946259604327e-10
9.828877809767454293e-11
1.040929986177266405e-10
1.089544623709883719e-10
1.113617819531513190e-10
9.982654540951749686e-11
1.060529271317368502e-10
1.201299248461282550e-10
1.004412134054620677e-10
1.203334018621518491e-10
1.294769543461589186e-10
9.950390976815869745e-11
1.131941167840284967e-10
1.377649293958839040e-10
1.111699383517290795e-10
9.179038907494165760e-11
1.237702221247183265e-10
1.189637763046097815e-10
1.061431549521584456e-10
1.096207182440363037e-10
1.511911298928463932e-10
9.515741097127176763e-11
1.446309863012713893e-10
1.397398041012344123e-10
1.640395489382965667e-10
9.515899125227876802e-11
1.410252689552663107e-10
9.759830624733422370e-11
1.199924717160888367e-10
9.344301884575000292e-11
1.143894138159754260e-10
1.035920115037008471e-10
1.038401341642853075e-10
1.353304783786045900e-10
9.547080555834767637e-11
1.592455432850106233e-10
1.595733561923334218e-10
1.029823218838819225e-10
9.652259556893243288e-11
9.353434031425477809e-11
9.644812418873949662e-11
1.148734627816239714e-10
9.794199435904235966e-11
1.248877727563272950e-10
1.105688280344862789e-10
9.296185038019446884e-11
1.141137605398377325e-10
1.991882870435223268e-10
1.222891971315572024e-10
9.774581883386341893e-11
1.001784905172135133e-10
9.340511918365685352e-11
9.233792131531912640e-11
1.455840279108721437e-10
1.443213029618094410e-10
9.810921216229108659e-11
1.087920846343570385e-10
2.094892601353687320e-10
1.072029062816764271e-10
1.015269196083615709e-10
1.024225165394090126e-10
1.099843372531065857e-10
1.195619427517697825e-10
9.617791871770794798e-11
1.590603469315739051e-10
1.999801133353447568e-10
1.582734261653748984e-10
1.447295595617676782e-10
1.304494961121431431e-10
1.940827899305465150e-10
1.076153940577410351e-10
1.034816329672438870e-10
9.567263038180546194e-11
1.137550920357733389e-10
1.551125188380536311e-10
1.229927800996455456e-10
1.192436019341966369e-10
1.725284043457628730e-10
1.064822022834268016e-10
1.532843124386528133e-10
1.320176164622504663e-10
9.521918286451039606e-11
9.295491467327499284e-11
9.659686074068183631e-11
1.057218998224377677e-10
1.051806620048545290e-10
1.481162558645736396e-10
9.719865640888332291e-11
2.017865664068993492e-10
9.859987871539350664e-11
9.851037969391696585e-11
9.518996012564369365e-11
1.061970010411799587e-10
1.126328799870951276e-10
1.023949525016762240e-10
1.026405771385732745e-10
1.505712877230815898e-10
1.448559759099615274e-10
1.217674872869563863e-10
1.302098391992430970e-10
1.224622879370065375e-10
1.331210811413204200e-10
1.230738090052060321e-10
9.783377023880947739e-11
1.012985347927459581e-10
1.161741583888852073e-10
9.331641992797018049e-11
1.212911075874137054e-10
1.440585377249378513e-10
1.285690408312523994e-10
1.010413620204844092e-10
1.632680456386533017e-10
1.518956848415131225e-10
