Fracture Radii List After Isolated Fracture and Cluster Removal
Format: xRadius yRadius Family# (-2 = userPolygon, -1 = userRectangle, 0 = userEllipse, > 0 is family in order of famProb)
33.3981 33.3981 3
93.9427 93.9427 3
50.9964 50.9964 2
76.0618 76.0618 3
86.7362 86.7362 3
33.604 33.604 2
31.6434 31.6434 3
49.7892 49.7892 1
30.2742 30.2742 3
32.3584 32.3584 1
93.0766 93.0766 1
37.2584 37.2584 3
59.5978 59.5978 3
43.0416 43.0416 3
34.8215 34.8215 3
52.4326 52.4326 1
32.0868 32.0868 3
35.7216 35.7216 3
93.6315 93.6315 3
52.5951 52.5951 3
46.7298 46.7298 1
34.2667 34.2667 3
63.8743 63.8743 2
38.3518 38.3518 3
33.5455 33.5455 1
63.347 63.347 1
35.9786 35.9786 1
35.4955 35.4955 3
37.3412 37.3412 2
60.4467 60.4467 3
31.7827 31.7827 1
39.2607 39.2607 1
54.7183 54.7183 2
43.8878 43.8878 3
36.6372 36.6372 2
37.5749 37.5749 1
54.8128 54.8128 2
34.8199 34.8199 3
37.6119 37.6119 3
31.9492 31.9492 3
44.4362 44.4362 3
31.4898 31.4898 3
49.5082 49.5082 3
36.4319 36.4319 2
59.6726 59.6726 3
34.9548 34.9548 1
42.4096 42.4096 1
36.705 36.705 3
47.0521 47.0521 1
33.374 33.374 2
49.4962 49.4962 3
46.6753 46.6753 3
54.8759 54.8759 3
59.4482 59.4482 2
30.5426 30.5426 1
37.382 37.382 1
37.6939 37.6939 2
34.1211 34.1211 3
42.0499 42.0499 1
30.379 30.379 1
42.7424 42.7424 3
71.1847 71.1847 1
38.0546 38.0546 2
76.4353 76.4353 2
356.117 356.117 3
38.8007 38.8007 2
52.9224 52.9224 3
42.9212 42.9212 1
57.044 57.044 3
48.9681 48.9681 2
32.888 32.888 3
39.8892 39.8892 3
38.5723 38.5723 3
33.2782 33.2782 3
50.5823 50.5823 3
56.5527 56.5527 2
44.2004 44.2004 1
52.3532 52.3532 3
30.3649 30.3649 3
48.8625 48.8625 3
30.5826 30.5826 1
30.6642 30.6642 2
55.9992 55.9992 1
45.0579 45.0579 1
40.13 40.13 2
59.2405 59.2405 3
37.8308 37.8308 3
33.4535 33.4535 3
42.5132 42.5132 3
52.3057 52.3057 2
49.7362 49.7362 3
41.4188 41.4188 1
67.678 67.678 3
40.8567 40.8567 2
86.8305 86.8305 3
146.814 146.814 3
45.4009 45.4009 1
63.6836 63.6836 1
49.4735 49.4735 3
36.485 36.485 1
31.1164 31.1164 1
38.6489 38.6489 3
65.9439 65.9439 1
30.4182 30.4182 2
40.7361 40.7361 3
31.1576 31.1576 3
39.1151 39.1151 3
36.3936 36.3936 3
34.4762 34.4762 3
32.2394 32.2394 3
50.6602 50.6602 2
59.8028 59.8028 1
76.6327 76.6327 1
76.9002 76.9002 2
38.9283 38.9283 3
44.4526 44.4526 2
36.6607 36.6607 3
38.5172 38.5172 2
30.3001 30.3001 3
33.9314 33.9314 1
33.731 33.731 1
56.6664 56.6664 3
45.864 45.864 2
61.5789 61.5789 3
32.025 32.025 3
48.1456 48.1456 1
62.4338 62.4338 2
35.7652 35.7652 3
136.089 136.089 2
40.1497 40.1497 3
36.4856 36.4856 1
53.6888 53.6888 1
32.3356 32.3356 1
43.3036 43.3036 3
34.5649 34.5649 1
39.973 39.973 3
126.095 126.095 1
95.4668 95.4668 3
36.7068 36.7068 2
40.673 40.673 2
30.4627 30.4627 2
67.1306 67.1306 2
36.5079 36.5079 3
37.8477 37.8477 1
59.1894 59.1894 3
35.7731 35.7731 3
30.8908 30.8908 3
48.3668 48.3668 2
44.4184 44.4184 1
145.058 145.058 3
40.7976 40.7976 2
41.1356 41.1356 3
137.094 137.094 3
45.6634 45.6634 1
30.7758 30.7758 2
69.497 69.497 1
33.3657 33.3657 3
32.7903 32.7903 2
47.2409 47.2409 3
36.6391 36.6391 3
89.2297 89.2297 3
33.6229 33.6229 3
32.5517 32.5517 2
37.3829 37.3829 3
43.6841 43.6841 3
42.6468 42.6468 3
39.7474 39.7474 3
37.597 37.597 3
30.2649 30.2649 3
38.2351 38.2351 3
66.9409 66.9409 3
33.775 33.775 3
43.5423 43.5423 3
135.58 135.58 2
54.6666 54.6666 3
83.5371 83.5371 2
31.9373 31.9373 3
50.8497 50.8497 3
34.4335 34.4335 3
50.6475 50.6475 3
37.045 37.045 3
50.6716 50.6716 2
42.6077 42.6077 3
50.0713 50.0713 1
44.0414 44.0414 3
37.1496 37.1496 3
33.7934 33.7934 3
35.1524 35.1524 1
33.9189 33.9189 1
74.5673 74.5673 2
33.0071 33.0071 3
45.7689 45.7689 3
86.5047 86.5047 3
34.3623 34.3623 1
45.7497 45.7497 3
76.5273 76.5273 3
30.6342 30.6342 2
30.6267 30.6267 3
51.889 51.889 3
35.2494 35.2494 2
31.8231 31.8231 3
58.4547 58.4547 2
90.1077 90.1077 2
74.2424 74.2424 3
34.7261 34.7261 3
68.5835 68.5835 3
51.3276 51.3276 3
57.7922 57.7922 3
41.3016 41.3016 3
51.176 51.176 2
30.4936 30.4936 3
30.0962 30.0962 1
35.0537 35.0537 3
49.7703 49.7703 3
31.0304 31.0304 3
36.8419 36.8419 1
60.714 60.714 1
54.372 54.372 3
43.8912 43.8912 1
63.6114 63.6114 3
35.6039 35.6039 3
62.0774 62.0774 3
38.3439 38.3439 2
36.2159 36.2159 3
50.3645 50.3645 3
35.565 35.565 2
32.5045 32.5045 3
41.5597 41.5597 3
69.3238 69.3238 2
54.6654 54.6654 2
76.4784 76.4784 2
56.1206 56.1206 3
64.262 64.262 1
34.311 34.311 3
35.9919 35.9919 2
33.3681 33.3681 2
35.9292 35.9292 3
30.9488 30.9488 3
53.4137 53.4137 3
44.6136 44.6136 2
74.3987 74.3987 2
40.9289 40.9289 2
75.6854 75.6854 2
34.8687 34.8687 1
30.9596 30.9596 3
41.0216 41.0216 3
39.0469 39.0469 3
51.0646 51.0646 3
102.087 102.087 3
97.3172 97.3172 3
30.5784 30.5784 3
42.6794 42.6794 2
35.4163 35.4163 1
66.7315 66.7315 2
32.3531 32.3531 3
54.302 54.302 2
30.8769 30.8769 1
38.5786 38.5786 1
36.1539 36.1539 3
65.2728 65.2728 2
61.8405 61.8405 3
52.1528 52.1528 3
40.6925 40.6925 1
74.4861 74.4861 3
32.4372 32.4372 1
44.6867 44.6867 3
37.3659 37.3659 3
64.6386 64.6386 3
32.1814 32.1814 1
33.3433 33.3433 1
36.1496 36.1496 3
70.9558 70.9558 3
53.575 53.575 3
41.4172 41.4172 2
41.9729 41.9729 3
35.6134 35.6134 2
46.2612 46.2612 2
43.7178 43.7178 3
107.612 107.612 2
60.9176 60.9176 3
32.4076 32.4076 3
57.1035 57.1035 3
32.402 32.402 2
32.3446 32.3446 2
40.5473 40.5473 1
30.8169 30.8169 2
39.1835 39.1835 3
47.0251 47.0251 3
30.7741 30.7741 1
49.5087 49.5087 2
48.5841 48.5841 3
34.9991 34.9991 1
412.027 412.027 1
34.4242 34.4242 3
82.625 82.625 2
112.311 112.311 1
33.5194 33.5194 2
30.9278 30.9278 3
32.9383 32.9383 1
178.799 178.799 1
30.776 30.776 3
30.124 30.124 3
40.671 40.671 3
62.0592 62.0592 3
33.3174 33.3174 3
40.7032 40.7032 3
128.219 128.219 1
64.8161 64.8161 3
53.5936 53.5936 3
32.7807 32.7807 1
56.0704 56.0704 3
46.5256 46.5256 2
33.3263 33.3263 1
46.0613 46.0613 2
42.9207 42.9207 2
37.9588 37.9588 3
33.2538 33.2538 3
33.7476 33.7476 3
31.5983 31.5983 2
60.6376 60.6376 2
30.7892 30.7892 3
33.9358 33.9358 3
30.7356 30.7356 3
52.5179 52.5179 2
31.7497 31.7497 1
37.6094 37.6094 1
41.7013 41.7013 3
34.7114 34.7114 1
33.576 33.576 3
34.3837 34.3837 3
43.4218 43.4218 3
31.6533 31.6533 3
70.8266 70.8266 1
40.7293 40.7293 2
34.2926 34.2926 3
158.908 158.908 1
38.2955 38.2955 3
35.5823 35.5823 1
58.3422 58.3422 3
64.2243 64.2243 2
38.8361 38.8361 2
63.3034 63.3034 3
39.9733 39.9733 2
36.2935 36.2935 3
53.9555 53.9555 3
49.481 49.481 3
61.4216 61.4216 3
46.8568 46.8568 1
33.8596 33.8596 1
35.5235 35.5235 3
40.5821 40.5821 2
36.7202 36.7202 3
123.565 123.565 2
30.813 30.813 2
45.9563 45.9563 3
35.4261 35.4261 3
86.1441 86.1441 3
30.7275 30.7275 2
73.7507 73.7507 1
44.1919 44.1919 2
58.3212 58.3212 3
36.0155 36.0155 1
44.3733 44.3733 3
58.6566 58.6566 3
41.8045 41.8045 3
35.5954 35.5954 3
116.688 116.688 1
37.8189 37.8189 3
55.0084 55.0084 3
31.785 31.785 3
43.1036 43.1036 3
51.2309 51.2309 1
106.019 106.019 3
78.6656 78.6656 3
67.4124 67.4124 1
54.0012 54.0012 1
37.2059 37.2059 3
41.8325 41.8325 3
41.2093 41.2093 2
30.1921 30.1921 3
55.4358 55.4358 2
33.5414 33.5414 3
58.4937 58.4937 3
42.1045 42.1045 3
31.5577 31.5577 2
55.8643 55.8643 3
40.9987 40.9987 3
103.109 103.109 2
61.947 61.947 3
81.2424 81.2424 3
46.455 46.455 3
35.2666 35.2666 3
33.3503 33.3503 3
42.3386 42.3386 1
35.7313 35.7313 2
31.3462 31.3462 2
31.2908 31.2908 2
36.0699 36.0699 3
63.8912 63.8912 2
53.038 53.038 3
72.2835 72.2835 3
44.646 44.646 3
73.9031 73.9031 3
30.2496 30.2496 3
40.9837 40.9837 1
42.9244 42.9244 3
45.6475 45.6475 3
33.5188 33.5188 3
53.2018 53.2018 1
53.2737 53.2737 3
78.7577 78.7577 3
85.064 85.064 2
59.6711 59.6711 3
36.3912 36.3912 2
57.0925 57.0925 1
46.672 46.672 2
34.6709 34.6709 3
51.7112 51.7112 3
82.2897 82.2897 2
38.4107 38.4107 3
38.5703 38.5703 3
34.6259 34.6259 2
50.9282 50.9282 1
37.8039 37.8039 2
37.065 37.065 2
42.4021 42.4021 2
298.652 298.652 3
34.5069 34.5069 2
31.4217 31.4217 2
50.1449 50.1449 3
43.7075 43.7075 2
32.2508 32.2508 3
33.3307 33.3307 3
34.7492 34.7492 1
33.8878 33.8878 2
33.9046 33.9046 1
52.0813 52.0813 3
34.6021 34.6021 3
62.0935 62.0935 3
35.9881 35.9881 3
47.0769 47.0769 3
69.7614 69.7614 2
30.2885 30.2885 1
54.3156 54.3156 3
96.0682 96.0682 3
35.4994 35.4994 1
81.104 81.104 3
279.528 279.528 3
80.4511 80.4511 3
49.4774 49.4774 2
31.5935 31.5935 3
32.7716 32.7716 3
31.9369 31.9369 1
54.5309 54.5309 3
31.833 31.833 3
34.1595 34.1595 1
52.5969 52.5969 1
42.9184 42.9184 1
34.2813 34.2813 1
40.7065 40.7065 1
39.2228 39.2228 3
33.626 33.626 1
38.8502 38.8502 3
36.3366 36.3366 2
36.191 36.191 1
31.1258 31.1258 3
41.2912 41.2912 3
39.4281 39.4281 2
84.0794 84.0794 2
35.352 35.352 2
38.8368 38.8368 1
40.1785 40.1785 3
30.1781 30.1781 3
30.9817 30.9817 3
145.542 145.542 3
58.4839 58.4839 3
75.4915 75.4915 3
31.9579 31.9579 2
40.4309 40.4309 1
36.1755 36.1755 3
47.7837 47.7837 3
42.1183 42.1183 1
53.0427 53.0427 3
73.7784 73.7784 1
62.7882 62.7882 3
76.6453 76.6453 3
42.8716 42.8716 3
36.9149 36.9149 2
33.1874 33.1874 2
39.0132 39.0132 2
34.5511 34.5511 2
33.4488 33.4488 3
101.011 101.011 3
33.0729 33.0729 3
42.6479 42.6479 2
58.9204 58.9204 3
31.7451 31.7451 3
33.766 33.766 1
37.8788 37.8788 2
61.1334 61.1334 3
37.2177 37.2177 2
47.3832 47.3832 3
30.7979 30.7979 1
37.7628 37.7628 1
64.3256 64.3256 2
38.5392 38.5392 3
60.105 60.105 3
101.764 101.764 3
31.9938 31.9938 3
108.64 108.64 2
48.4709 48.4709 3
66.3356 66.3356 1
32.0339 32.0339 2
47.8418 47.8418 3
31.127 31.127 1
31.3582 31.3582 1
31.7247 31.7247 2
44.1848 44.1848 3
46.533 46.533 3
35.4261 35.4261 3
37.5241 37.5241 2
39.6085 39.6085 2
42.0045 42.0045 2
50.9096 50.9096 3
34.9666 34.9666 3
36.1608 36.1608 3
34.7254 34.7254 1
41.0014 41.0014 2
58.8513 58.8513 3
46.8466 46.8466 3
34.1342 34.1342 2
49.141 49.141 1
33.8127 33.8127 2
94.5843 94.5843 3
109.114 109.114 3
96.5089 96.5089 1
30.0944 30.0944 3
34.8704 34.8704 2
44.0787 44.0787 3
32.5428 32.5428 1
52.2816 52.2816 3
32.3918 32.3918 3
93.5376 93.5376 1
241.403 241.403 3
55.7366 55.7366 3
46.102 46.102 3
50.7874 50.7874 2
30.7165 30.7165 3
56.078 56.078 2
69.9177 69.9177 1
90.4622 90.4622 1
32.3709 32.3709 1
45.5472 45.5472 3
33.0383 33.0383 1
30.5554 30.5554 3
35.0277 35.0277 1
59.7111 59.7111 1
35.9031 35.9031 3
62.4954 62.4954 2
54.7688 54.7688 3
60.142 60.142 3
34.6612 34.6612 3
108.08 108.08 2
30.9229 30.9229 3
112.332 112.332 3
53.9612 53.9612 3
61.016 61.016 3
34.5145 34.5145 1
51.8208 51.8208 2
50.3336 50.3336 2
275.449 275.449 1
30.1117 30.1117 3
32.5484 32.5484 3
30.0286 30.0286 1
51.2448 51.2448 1
33.618 33.618 3
31.942 31.942 3
52.5907 52.5907 2
38.5357 38.5357 1
37.5648 37.5648 3
44.7772 44.7772 2
47.7781 47.7781 3
48.0274 48.0274 3
76.4707 76.4707 3
96.6607 96.6607 2
34.7097 34.7097 3
31.8629 31.8629 3
43.9299 43.9299 1
33.0172 33.0172 1
42.156 42.156 2
34.0999 34.0999 3
181.868 181.868 1
102.586 102.586 3
32.3321 32.3321 2
32.7773 32.7773 2
59.5659 59.5659 1
43.977 43.977 2
43.5944 43.5944 3
32.6372 32.6372 2
43.7463 43.7463 3
46.2067 46.2067 2
41.8775 41.8775 2
73.7506 73.7506 1
98.265 98.265 3
71.8609 71.8609 3
32.5091 32.5091 1
50.0268 50.0268 1
36.3127 36.3127 1
37.9862 37.9862 1
30.8868 30.8868 3
193.283 193.283 2
63.7441 63.7441 2
80.6726 80.6726 2
31.7835 31.7835 2
67.569 67.569 3
51.6169 51.6169 1
53.7107 53.7107 1
33.9885 33.9885 1
31.1847 31.1847 2
33.4281 33.4281 3
56.104 56.104 3
34.9626 34.9626 3
34.7815 34.7815 3
87.1029 87.1029 3
65.8841 65.8841 3
38.9185 38.9185 1
30.2345 30.2345 3
35.1196 35.1196 1
70.154 70.154 2
36.7452 36.7452 3
42.0201 42.0201 3
32.0378 32.0378 3
153.73 153.73 2
39.6501 39.6501 1
39.867 39.867 3
34.7512 34.7512 3
67.2515 67.2515 3
264.294 264.294 3
35.0856 35.0856 2
47.6642 47.6642 1
34.0211 34.0211 3
37.4875 37.4875 3
46.9973 46.9973 2
47.8918 47.8918 2
38.3861 38.3861 3
53.1479 53.1479 3
59.2083 59.2083 3
321.113 321.113 3
46.5253 46.5253 3
52.9087 52.9087 2
269.916 269.916 2
71.6737 71.6737 3
32.6783 32.6783 2
36.187 36.187 3
53.1053 53.1053 3
42.8464 42.8464 3
43.6596 43.6596 3
33.306 33.306 3
32.6117 32.6117 3
44.4778 44.4778 3
40.8377 40.8377 2
133.216 133.216 3
67.4294 67.4294 3
39.5152 39.5152 3
49.8489 49.8489 2
31.8266 31.8266 3
37.8683 37.8683 3
32.8007 32.8007 1
30.4794 30.4794 3
42.386 42.386 3
104.797 104.797 3
42.4781 42.4781 3
30.6387 30.6387 2
35.6435 35.6435 1
36.6264 36.6264 2
68.9574 68.9574 2
43.5956 43.5956 2
38.2896 38.2896 3
39.1831 39.1831 3
36.5649 36.5649 1
33.572 33.572 1
73.1451 73.1451 1
33.8282 33.8282 1
215.013 215.013 3
34.6663 34.6663 3
35.0146 35.0146 3
38.7083 38.7083 2
93.7195 93.7195 1
64.5719 64.5719 3
71.048 71.048 1
34.1648 34.1648 3
47.0392 47.0392 2
75.4208 75.4208 2
59.7868 59.7868 2
42.2391 42.2391 2
33.5284 33.5284 3
101.473 101.473 1
59.0414 59.0414 3
40.0981 40.0981 3
102.299 102.299 2
51.3937 51.3937 3
64.9813 64.9813 3
56.7246 56.7246 1
95.9493 95.9493 3
37.7202 37.7202 1
33.6508 33.6508 3
33.3798 33.3798 2
40.4878 40.4878 1
49.5396 49.5396 2
43.6969 43.6969 1
54.1752 54.1752 3
45.2622 45.2622 2
74.4726 74.4726 1
30.8054 30.8054 3
39.4708 39.4708 3
30.3961 30.3961 1
35.9457 35.9457 2
59.506 59.506 3
80.28 80.28 3
39.9049 39.9049 3
45.62 45.62 1
34.7366 34.7366 3
68.9905 68.9905 3
53.6438 53.6438 3
32.3382 32.3382 2
51.8681 51.8681 3
37.0451 37.0451 3
37.1213 37.1213 3
34.2387 34.2387 1
31.0155 31.0155 3
35.6507 35.6507 2
36.9144 36.9144 1
59.9007 59.9007 1
224.017 224.017 1
42.2675 42.2675 2
39.8824 39.8824 3
36.3909 36.3909 1
136.828 136.828 3
34.6512 34.6512 2
31.6255 31.6255 1
31.9126 31.9126 2
30.8448 30.8448 1
73.7918 73.7918 3
38.358 38.358 3
121.803 121.803 1
31.2527 31.2527 1
67.8862 67.8862 3
99.7414 99.7414 3
99.532 99.532 3
170.018 170.018 3
33.6819 33.6819 2
80.7471 80.7471 3
30.9805 30.9805 3
31.24 31.24 3
50.4201 50.4201 3
38.8804 38.8804 2
33.1689 33.1689 3
40.1176 40.1176 1
52.7655 52.7655 2
37.2937 37.2937 3
52.2683 52.2683 3
32.4122 32.4122 1
31.1937 31.1937 1
34.3054 34.3054 3
56.3595 56.3595 1
243.241 243.241 1
49.0449 49.0449 1
51.5179 51.5179 1
39.7871 39.7871 2
31.2018 31.2018 3
40.5531 40.5531 1
38.4523 38.4523 3
42.9388 42.9388 3
47.0899 47.0899 3
62.145 62.145 3
52.0195 52.0195 3
44.4114 44.4114 3
50.3811 50.3811 3
232.072 232.072 3
73.2761 73.2761 2
55.6591 55.6591 3
46.0364 46.0364 1
46.1259 46.1259 1
30.779 30.779 3
83.7526 83.7526 2
102.21 102.21 3
31.3504 31.3504 3
32.7592 32.7592 3
32.6049 32.6049 2
48.0607 48.0607 2
52.2646 52.2646 1
31.6905 31.6905 1
37.0307 37.0307 2
68.8453 68.8453 2
30.9278 30.9278 3
41.4303 41.4303 3
40.6454 40.6454 2
30.3501 30.3501 2
44.3046 44.3046 1
43.5132 43.5132 3
123.071 123.071 2
62.0299 62.0299 2
30.8513 30.8513 1
32.7398 32.7398 3
34.8162 34.8162 3
72.6072 72.6072 3
39.4224 39.4224 3
38.9769 38.9769 3
33.0087 33.0087 3
38.5236 38.5236 3
41.8101 41.8101 2
32.9429 32.9429 3
31.1072 31.1072 1
42.9442 42.9442 3
30.7309 30.7309 3
32.9242 32.9242 2
83.732 83.732 1
65.3416 65.3416 3
50.845 50.845 3
48.9037 48.9037 3
31.8354 31.8354 3
59.6996 59.6996 1
43.7045 43.7045 1
33.8842 33.8842 1
38.3555 38.3555 1
34.5226 34.5226 2
32.834 32.834 1
49.7074 49.7074 3
172.907 172.907 1
47.398 47.398 3
40.3788 40.3788 3
62.0132 62.0132 2
35.6229 35.6229 2
42.13 42.13 3
41.2574 41.2574 2
39.4847 39.4847 3
30.6192 30.6192 1
63.4716 63.4716 3
72.6599 72.6599 3
36.1024 36.1024 3
98.4946 98.4946 3
41.1326 41.1326 3
136.088 136.088 3
37.344 37.344 3
38.7011 38.7011 3
45.2223 45.2223 1
31.1214 31.1214 2
34.3196 34.3196 3
59.0308 59.0308 1
30.7909 30.7909 2
37.1639 37.1639 2
47.105 47.105 3
30.5656 30.5656 1
97.3467 97.3467 3
38.7516 38.7516 2
35.68 35.68 2
33.9783 33.9783 1
202.999 202.999 1
36.9776 36.9776 2
76.3364 76.3364 3
38.1207 38.1207 3
277.094 277.094 3
61.4261 61.4261 3
108.888 108.888 1
92.0411 92.0411 1
30.087 30.087 1
33.0149 33.0149 2
56.804 56.804 3
37.0989 37.0989 1
33.9015 33.9015 2
71.9405 71.9405 1
30.8389 30.8389 3
32.7556 32.7556 3
34.0149 34.0149 3
37.1442 37.1442 3
30.2541 30.2541 3
101.191 101.191 3
34.4485 34.4485 1
44.4157 44.4157 2
61.469 61.469 1
30.4664 30.4664 3
260.094 260.094 3
43.3801 43.3801 3
50.5532 50.5532 2
252.978 252.978 3
34.555 34.555 3
49.2947 49.2947 3
36.7434 36.7434 2
34.2377 34.2377 1
34.7339 34.7339 3
44.0716 44.0716 3
47.6247 47.6247 1
38.6329 38.6329 3
36.4344 36.4344 3
36.5001 36.5001 3
32.3728 32.3728 3
35.8553 35.8553 3
87.4316 87.4316 2
35.0065 35.0065 1
49.8292 49.8292 2
61.5009 61.5009 3
39.7302 39.7302 3
38.2558 38.2558 3
54.6783 54.6783 3
228.609 228.609 2
61.789 61.789 2
30.9345 30.9345 3
55.053 55.053 3
36.736 36.736 1
209.147 209.147 3
51.4155 51.4155 3
37.7361 37.7361 2
30.1734 30.1734 2
32.0435 32.0435 2
33.0362 33.0362 2
53.9009 53.9009 1
33.2718 33.2718 3
33.3422 33.3422 1
43.642 43.642 1
38.3868 38.3868 3
47.7753 47.7753 3
47.1579 47.1579 1
66.1486 66.1486 2
30.0638 30.0638 3
49.1761 49.1761 2
181.592 181.592 1
30.1518 30.1518 1
30.2689 30.2689 2
31.4745 31.4745 1
30.0216 30.0216 1
43.4354 43.4354 3
37.2651 37.2651 3
34.1955 34.1955 3
32.9214 32.9214 2
32.1894 32.1894 3
31.9046 31.9046 3
50.0981 50.0981 3
39.3139 39.3139 1
34.0652 34.0652 2
146.526 146.526 3
34.3417 34.3417 2
36.5332 36.5332 3
41.9951 41.9951 2
78.5958 78.5958 1
38.7461 38.7461 3
34.4324 34.4324 3
36.7898 36.7898 3
37.1674 37.1674 3
35.1604 35.1604 3
73.8562 73.8562 3
32.3242 32.3242 3
32.8196 32.8196 3
35.2579 35.2579 3
32.0974 32.0974 3
57.7732 57.7732 1
36.7897 36.7897 3
32.7827 32.7827 1
63.5929 63.5929 1
69.9992 69.9992 3
56.628 56.628 1
40.4239 40.4239 1
44.8749 44.8749 3
30.4755 30.4755 3
30.3516 30.3516 3
37.6973 37.6973 3
41.3072 41.3072 3
38.8556 38.8556 3
33.0519 33.0519 3
45.3233 45.3233 3
71.9827 71.9827 1
42.8779 42.8779 3
73.4757 73.4757 2
46.7082 46.7082 1
41.898 41.898 3
104.278 104.278 1
65.0722 65.0722 1
194.24 194.24 3
43.6836 43.6836 3
39.4216 39.4216 1
35.7775 35.7775 1
99.3289 99.3289 3
30.1193 30.1193 1
40.7932 40.7932 1
45.3656 45.3656 3
38.5933 38.5933 3
72.6908 72.6908 3
55.8088 55.8088 3
81.2763 81.2763 2
54.6572 54.6572 2
32.1965 32.1965 3
57.3261 57.3261 3
30.8597 30.8597 3
30.6482 30.6482 1
58.3838 58.3838 3
35.2222 35.2222 3
69.4855 69.4855 1
30.1445 30.1445 3
30.9206 30.9206 2
34.4684 34.4684 3
31.9132 31.9132 3
57.0574 57.0574 2
43.4071 43.4071 3
51.6829 51.6829 2
44.421 44.421 2
33.1979 33.1979 2
51.2385 51.2385 3
92.0833 92.0833 3
52.2623 52.2623 3
53.4899 53.4899 2
36.1939 36.1939 3
69.7254 69.7254 2
41.5938 41.5938 3
34.7446 34.7446 2
39.3184 39.3184 3
56.4767 56.4767 2
40.2368 40.2368 1
31.7349 31.7349 3
37.3234 37.3234 3
49.757 49.757 3
31.488 31.488 3
33.8919 33.8919 1
34.5034 34.5034 2
34.508 34.508 3
32.121 32.121 3
36.6829 36.6829 2
54.6716 54.6716 3
51.907 51.907 2
42.8728 42.8728 3
34.1194 34.1194 3
39.3475 39.3475 1
37.5406 37.5406 2
46.6668 46.6668 3
31.6216 31.6216 1
40.0349 40.0349 2
64.6499 64.6499 2
36.3538 36.3538 1
58.4123 58.4123 2
47.2649 47.2649 3
35.6405 35.6405 1
36.8409 36.8409 3
49.25 49.25 3
30.8403 30.8403 3
32.872 32.872 3
183.451 183.451 3
35.3254 35.3254 2
31.319 31.319 2
50.1351 50.1351 1
95.079 95.079 2
46.6941 46.6941 1
37.6271 37.6271 2
135.776 135.776 2
41.1484 41.1484 3
30.6435 30.6435 3
34.8391 34.8391 1
52.7708 52.7708 2
54.3576 54.3576 2
40.2447 40.2447 3
48.992 48.992 1
35.4457 35.4457 1
56.464 56.464 3
30.8496 30.8496 2
65.1547 65.1547 3
36.9586 36.9586 3
123.608 123.608 3
75.2714 75.2714 3
30.7726 30.7726 3
75.5403 75.5403 3
50.6276 50.6276 2
64.6615 64.6615 3
30.7482 30.7482 3
52.3918 52.3918 1
72.2129 72.2129 2
32.6489 32.6489 3
38.2568 38.2568 2
32.3003 32.3003 2
34.2529 34.2529 1
227.557 227.557 2
40.5476 40.5476 1
38.7095 38.7095 1
42.6625 42.6625 1
235.498 235.498 2
35.7236 35.7236 2
77.6477 77.6477 1
33.9118 33.9118 1
43.2301 43.2301 3
36.1505 36.1505 1
36.3846 36.3846 1
69.6577 69.6577 2
36.4216 36.4216 1
32.3176 32.3176 3
43.0474 43.0474 1
43.0387 43.0387 3
34.0851 34.0851 1
35.5268 35.5268 3
75.646 75.646 2
32.4689 32.4689 3
32.9145 32.9145 1
34.0795 34.0795 2
41.7732 41.7732 3
30.6575 30.6575 1
44.0596 44.0596 3
57.6171 57.6171 2
42.1116 42.1116 2
34.8291 34.8291 3
61.254 61.254 3
533.213 533.213 3
79.8514 79.8514 2
32.4451 32.4451 1
33.2749 33.2749 3
66.2526 66.2526 3
83.1775 83.1775 2
32.4458 32.4458 1
42.319 42.319 3
41.4639 41.4639 3
47.0606 47.0606 3
58.9137 58.9137 3
34.6482 34.6482 1
34.1071 34.1071 3
39.298 39.298 3
34.0163 34.0163 3
31.5875 31.5875 1
52.0087 52.0087 3
297.059 297.059 2
32.631 32.631 3
49.6939 49.6939 1
55.0589 55.0589 3
32.2362 32.2362 3
63.0048 63.0048 1
45.4792 45.4792 3
182.392 182.392 1
45.688 45.688 3
35.3771 35.3771 3
37.4041 37.4041 3
33.5509 33.5509 1
555.081 555.081 3
74.1034 74.1034 2
30.1979 30.1979 2
33.2269 33.2269 3
41.1575 41.1575 1
52.9324 52.9324 1
102.091 102.091 1
44.8933 44.8933 3
87.5098 87.5098 2
45.6114 45.6114 3
38.9938 38.9938 3
79.667 79.667 3
56.1622 56.1622 2
33.9945 33.9945 3
44.1965 44.1965 3
67.5311 67.5311 3
47.4358 47.4358 3
34.8779 34.8779 3
80.3515 80.3515 3
41.1829 41.1829 1
39.7758 39.7758 2
40.4487 40.4487 2
40.0447 40.0447 2
30.4304 30.4304 3
66.543 66.543 1
30.8663 30.8663 2
34.9124 34.9124 2
38.9302 38.9302 3
30.924 30.924 3
33.1989 33.1989 2
78.1462 78.1462 2
33.5313 33.5313 2
34.544 34.544 3
62.476 62.476 3
162.266 162.266 3
49.6613 49.6613 2
35.12 35.12 3
34.136 34.136 3
33.7896 33.7896 3
43.0472 43.0472 3
30.7225 30.7225 1
66.3859 66.3859 3
37.2871 37.2871 2
39.5525 39.5525 3
40.4414 40.4414 1
39.6416 39.6416 1
38.2337 38.2337 3
32.0263 32.0263 3
40.8773 40.8773 1
43.1395 43.1395 3
30.6476 30.6476 1
48.0173 48.0173 3
44.9395 44.9395 3
90.9713 90.9713 1
45.2543 45.2543 2
33.8655 33.8655 3
45.2323 45.2323 1
62.7687 62.7687 3
65.9837 65.9837 3
43.3236 43.3236 1
146.049 146.049 3
44.1708 44.1708 3
35.1763 35.1763 1
169.356 169.356 2
32.4604 32.4604 3
37.7646 37.7646 2
47.0493 47.0493 2
46.9873 46.9873 3
30.3923 30.3923 3
37.6365 37.6365 1
35.8604 35.8604 2
40.1809 40.1809 3
74.3826 74.3826 2
31.7366 31.7366 3
34.8334 34.8334 3
34.4274 34.4274 2
54.7408 54.7408 3
134.316 134.316 2
37.3985 37.3985 3
68.3476 68.3476 2
61.1985 61.1985 1
43.8107 43.8107 3
30.4464 30.4464 2
60.7614 60.7614 3
35.376 35.376 2
109.235 109.235 3
30.8867 30.8867 3
35.0866 35.0866 2
38.6991 38.6991 3
49.8922 49.8922 3
33.1052 33.1052 3
30.3574 30.3574 3
46.0604 46.0604 3
51.774 51.774 2
31.0758 31.0758 3
62.2438 62.2438 1
33.9632 33.9632 1
30.9303 30.9303 3
46.0164 46.0164 3
31.9813 31.9813 1
83.1055 83.1055 3
32.2803 32.2803 2
41.3926 41.3926 1
84.3239 84.3239 3
49.1945 49.1945 1
33.8474 33.8474 1
46.1971 46.1971 3
47.4912 47.4912 2
37.4678 37.4678 3
41.8421 41.8421 3
41.3862 41.3862 3
37.6287 37.6287 3
64.3811 64.3811 2
36.92 36.92 2
41.462 41.462 2
154.454 154.454 1
30.2014 30.2014 3
38.038 38.038 3
30.9385 30.9385 2
30.3649 30.3649 2
140.135 140.135 2
37.7336 37.7336 1
47.1713 47.1713 1
59.9323 59.9323 2
53.9792 53.9792 2
37.516 37.516 1
33.9547 33.9547 2
34.1797 34.1797 3
52.1149 52.1149 3
42.5045 42.5045 2
60.8709 60.8709 3
31.6483 31.6483 1
64.7969 64.7969 2
32.2195 32.2195 3
60.3087 60.3087 3
36.7321 36.7321 3
40.3511 40.3511 3
34.7966 34.7966 1
56.095 56.095 3
50.3574 50.3574 2
94.878 94.878 3
33.2699 33.2699 2
41.0359 41.0359 3
38.4372 38.4372 3
84.4507 84.4507 3
42.057 42.057 2
37.4654 37.4654 3
31.6696 31.6696 3
52.1737 52.1737 1
33.4453 33.4453 3
52.0018 52.0018 1
33.3274 33.3274 1
33.3971 33.3971 2
46.6824 46.6824 2
33.066 33.066 2
33.4824 33.4824 2
34.5706 34.5706 3
51.6773 51.6773 1
45.3133 45.3133 2
66.968 66.968 3
45.0872 45.0872 3
49.9205 49.9205 1
124.073 124.073 2
42.7364 42.7364 2
35.5515 35.5515 2
36.8185 36.8185 1
91.7917 91.7917 3
45.4808 45.4808 2
31.7515 31.7515 3
49.6561 49.6561 3
30.5456 30.5456 3
144.052 144.052 2
32.3242 32.3242 2
90.5083 90.5083 3
30.2682 30.2682 3
39.0926 39.0926 3
36.8731 36.8731 1
56.6909 56.6909 3
31.0135 31.0135 1
85.0392 85.0392 1
37.0512 37.0512 2
52.1513 52.1513 3
35.9206 35.9206 2
41.94 41.94 3
48.9454 48.9454 3
76.7328 76.7328 2
47.1435 47.1435 3
31.15 31.15 2
46.6653 46.6653 2
440.816 440.816 3
34.542 34.542 2
42.4784 42.4784 2
45.631 45.631 3
34.5942 34.5942 1
41.6508 41.6508 3
75.2954 75.2954 2
198.042 198.042 3
37.9371 37.9371 2
95.979 95.979 3
126.029 126.029 1
49.6662 49.6662 2
30.2765 30.2765 3
34.9245 34.9245 2
32.9668 32.9668 2
172.637 172.637 2
70.6262 70.6262 2
35.5645 35.5645 2
43.6703 43.6703 2
142.041 142.041 2
31.0323 31.0323 3
40.7242 40.7242 3
47.4267 47.4267 1
38.8304 38.8304 3
33.2267 33.2267 2
31.6598 31.6598 3
31.1358 31.1358 3
52.3876 52.3876 3
35.4341 35.4341 2
36.7277 36.7277 1
80.1571 80.1571 3
39.1224 39.1224 3
110.329 110.329 3
39.2626 39.2626 3
32.2607 32.2607 1
76.6121 76.6121 2
48.7081 48.7081 1
53.4006 53.4006 3
38.2156 38.2156 3
32.598 32.598 3
41.5613 41.5613 1
36.7599 36.7599 2
38.0575 38.0575 2
68.4627 68.4627 2
30.9584 30.9584 3
30.4255 30.4255 3
30.3023 30.3023 2
101.996 101.996 3
113.811 113.811 3
31.0686 31.0686 3
36.298 36.298 3
68.6741 68.6741 1
102.686 102.686 3
34.3621 34.3621 1
48.9248 48.9248 3
31.4228 31.4228 1
30.0635 30.0635 3
33.5558 33.5558 3
51.0331 51.0331 1
42.2999 42.2999 1
42.2981 42.2981 1
31.9657 31.9657 3
47.1755 47.1755 3
45.3068 45.3068 1
64.45 64.45 1
36.7904 36.7904 2
75.3024 75.3024 1
38.7607 38.7607 2
78.0625 78.0625 3
92.6918 92.6918 2
60.4803 60.4803 3
33.7717 33.7717 2
31.6954 31.6954 1
41.4128 41.4128 1
42.1951 42.1951 3
41.8258 41.8258 3
46.6186 46.6186 3
114.419 114.419 2
33.2738 33.2738 3
54.9085 54.9085 3
67.1101 67.1101 2
38.1178 38.1178 1
31.3399 31.3399 1
63.2237 63.2237 2
40.4806 40.4806 3
47.3851 47.3851 2
58.8038 58.8038 3
39.8233 39.8233 3
30.0225 30.0225 2
37.74 37.74 1
48.1116 48.1116 2
36.3309 36.3309 3
40.8355 40.8355 3
44.6245 44.6245 3
34.1979 34.1979 2
95.019 95.019 3
52.2562 52.2562 1
35.5719 35.5719 2
35.2301 35.2301 1
292.355 292.355 3
41.6721 41.6721 3
41.2867 41.2867 1
92.6247 92.6247 2
36.3465 36.3465 3
51.8945 51.8945 3
35.4985 35.4985 1
38.0774 38.0774 3
158.715 158.715 1
32.9468 32.9468 2
32.5888 32.5888 1
36.8217 36.8217 2
33.9201 33.9201 1
57.5931 57.5931 3
32.0014 32.0014 2
67.5591 67.5591 2
54.4465 54.4465 1
36.313 36.313 3
50.47 50.47 1
40.9993 40.9993 3
38.4116 38.4116 1
32.8277 32.8277 2
37.8907 37.8907 3
38.2657 38.2657 3
30.5445 30.5445 3
33.6615 33.6615 3
31.5838 31.5838 3
162.59 162.59 2
36.3681 36.3681 3
48.0107 48.0107 2
30.8047 30.8047 2
85.8959 85.8959 3
219.605 219.605 2
42.6232 42.6232 3
50.6227 50.6227 3
30.3345 30.3345 2
49.8757 49.8757 1
57.8065 57.8065 2
45.206 45.206 3
32.4207 32.4207 1
30.3769 30.3769 3
37.8546 37.8546 1
47.4362 47.4362 3
65.6816 65.6816 3
54.2931 54.2931 3
50.3271 50.3271 1
93.2962 93.2962 2
39.2203 39.2203 1
32.3247 32.3247 3
95.6769 95.6769 3
51.7931 51.7931 1
48.6448 48.6448 1
98.4711 98.4711 2
32.5021 32.5021 1
37.6568 37.6568 1
36.5495 36.5495 3
33.8924 33.8924 3
30.9715 30.9715 3
72.167 72.167 1
35.5558 35.5558 2
64.386 64.386 3
34.6931 34.6931 2
32.7018 32.7018 3
32.6367 32.6367 2
35.0857 35.0857 3
31.8443 31.8443 3
34.8263 34.8263 2
69.8609 69.8609 1
32.0569 32.0569 3
143.268 143.268 3
46.7781 46.7781 1
45.5095 45.5095 1
38.9163 38.9163 1
40.1475 40.1475 2
37.5323 37.5323 1
30.7829 30.7829 3
44.6665 44.6665 2
126.952 126.952 1
31.5315 31.5315 1
40.7035 40.7035 1
38.146 38.146 2
56.7701 56.7701 1
55.5989 55.5989 3
38.9043 38.9043 3
104.688 104.688 3
32.7903 32.7903 1
42.7825 42.7825 3
49.2789 49.2789 3
78.2881 78.2881 1
105.191 105.191 3
43.6647 43.6647 1
62.563 62.563 3
32.5657 32.5657 2
31.2378 31.2378 3
34.5128 34.5128 3
33.296 33.296 1
65.8332 65.8332 3
30.0044 30.0044 2
43.4003 43.4003 3
32.7141 32.7141 1
35.8916 35.8916 3
98.6629 98.6629 3
61.1823 61.1823 3
55.2072 55.2072 3
51.4801 51.4801 1
34.6543 34.6543 3
38.3528 38.3528 3
40.2234 40.2234 2
31.8423 31.8423 2
37.0836 37.0836 2
31.8777 31.8777 1
43.4457 43.4457 3
51.8912 51.8912 1
162.761 162.761 2
49.3661 49.3661 2
30.0548 30.0548 3
40.1363 40.1363 3
43.4268 43.4268 3
41.5157 41.5157 3
43.4218 43.4218 1
118.695 118.695 2
130.28 130.28 3
48.4964 48.4964 3
30.6597 30.6597 3
51.9742 51.9742 3
53.0226 53.0226 1
32.4083 32.4083 3
42.1117 42.1117 1
47.2916 47.2916 3
42.3208 42.3208 3
88.7649 88.7649 1
53.3861 53.3861 2
42.5669 42.5669 1
37.6051 37.6051 1
176.254 176.254 1
79.9625 79.9625 2
32.555 32.555 3
46.7205 46.7205 1
32.5116 32.5116 2
38.4294 38.4294 3
35.7023 35.7023 3
61.5511 61.5511 3
30.2705 30.2705 1
35.9971 35.9971 3
76.833 76.833 1
32.4772 32.4772 3
43.5158 43.5158 2
32.6136 32.6136 1
46.0539 46.0539 3
43.6469 43.6469 3
33.2085 33.2085 2
53.3629 53.3629 1
45.9024 45.9024 3
36.7842 36.7842 3
34.8332 34.8332 1
50.3892 50.3892 3
58.9127 58.9127 3
32.0724 32.0724 3
58.676 58.676 3
34.8469 34.8469 3
31.2273 31.2273 2
37.2518 37.2518 3
69.0829 69.0829 3
129.363 129.363 3
37.6708 37.6708 3
38.8656 38.8656 1
50.4592 50.4592 3
34.1167 34.1167 3
82.7648 82.7648 2
36.4201 36.4201 3
97.4958 97.4958 3
31.6715 31.6715 3
34.0021 34.0021 3
226.634 226.634 2
74.436 74.436 1
65.5151 65.5151 3
82.2592 82.2592 2
37.0865 37.0865 3
43.9212 43.9212 1
130.188 130.188 3
51.25 51.25 2
32.2849 32.2849 3
47.742 47.742 3
40.1886 40.1886 3
30.4031 30.4031 3
31.9763 31.9763 3
32.9455 32.9455 3
39.5266 39.5266 3
69.7385 69.7385 1
53.8361 53.8361 3
33.398 33.398 1
34.2496 34.2496 1
46.3247 46.3247 3
51.0485 51.0485 3
38.0797 38.0797 1
79.3248 79.3248 2
30.7045 30.7045 1
52.3932 52.3932 2
132.283 132.283 3
124.616 124.616 2
31.8068 31.8068 3
32.3255 32.3255 2
65.9029 65.9029 3
56.196 56.196 2
51.6255 51.6255 3
36.7606 36.7606 3
41.9884 41.9884 3
108.336 108.336 2
140.344 140.344 1
33.7815 33.7815 3
60.108 60.108 1
46.2401 46.2401 3
32.3663 32.3663 2
51.7838 51.7838 3
38.5579 38.5579 3
53.2913 53.2913 2
38.8626 38.8626 3
31.206 31.206 3
36.2549 36.2549 3
33.0472 33.0472 3
45.176 45.176 2
207.812 207.812 1
66.5319 66.5319 3
43.1445 43.1445 3
35.7355 35.7355 2
34.6674 34.6674 2
31.0162 31.0162 2
33.9117 33.9117 3
33.3451 33.3451 2
33.4828 33.4828 2
34.3734 34.3734 3
172.254 172.254 3
110.481 110.481 2
152.02 152.02 3
42.6108 42.6108 3
70.2325 70.2325 1
149.51 149.51 1
46.6279 46.6279 3
36.0197 36.0197 3
39.0632 39.0632 2
30.3024 30.3024 3
42.3813 42.3813 3
31.1185 31.1185 3
46.5274 46.5274 1
46.8011 46.8011 3
45.7923 45.7923 3
61.6988 61.6988 3
37.1541 37.1541 3
54.0752 54.0752 2
45.7565 45.7565 1
40.9158 40.9158 3
41.9378 41.9378 1
31.401 31.401 1
30.7871 30.7871 2
144.895 144.895 2
30.6735 30.6735 1
32.331 32.331 1
30.9306 30.9306 3
31.7333 31.7333 2
62.0539 62.0539 3
103.268 103.268 3
39.2103 39.2103 3
34.4695 34.4695 2
32.3648 32.3648 1
31.1476 31.1476 3
42.5167 42.5167 2
61.2398 61.2398 2
464.227 464.227 1
126.078 126.078 3
33.4616 33.4616 3
54.3152 54.3152 2
63.9181 63.9181 3
41.383 41.383 2
41.8216 41.8216 3
40.0569 40.0569 3
93.7787 93.7787 2
33.5961 33.5961 1
116.249 116.249 3
43.7157 43.7157 3
57.6154 57.6154 1
173.81 173.81 1
47.1098 47.1098 2
39.8279 39.8279 1
42.3398 42.3398 1
44.7543 44.7543 3
100.188 100.188 3
42.1688 42.1688 1
41.8682 41.8682 2
31.1147 31.1147 3
90.6389 90.6389 3
30.7163 30.7163 1
40.5 40.5 3
31.203 31.203 3
39.7983 39.7983 3
42.7495 42.7495 2
65.8607 65.8607 2
40.7377 40.7377 3
56.2267 56.2267 2
53.7235 53.7235 1
79.608 79.608 3
50.7376 50.7376 2
216.263 216.263 3
45.0685 45.0685 2
45.0854 45.0854 3
41.6231 41.6231 3
55.6664 55.6664 3
35.7879 35.7879 3
33.156 33.156 3
54.0222 54.0222 2
38.4858 38.4858 2
95.6897 95.6897 2
50.3223 50.3223 3
34.0158 34.0158 1
45.6429 45.6429 1
51.9191 51.9191 3
42.42 42.42 3
65.6218 65.6218 2
61.4905 61.4905 3
42.5969 42.5969 1
50.3317 50.3317 3
30.8456 30.8456 3
40.2206 40.2206 3
34.2027 34.2027 1
102.401 102.401 3
32.223 32.223 3
32.2813 32.2813 2
53.9144 53.9144 1
36.1958 36.1958 1
72.9401 72.9401 3
32.8991 32.8991 3
36.1585 36.1585 3
32.3876 32.3876 2
40.209 40.209 3
51.8096 51.8096 3
31.2958 31.2958 3
47.921 47.921 2
42.6927 42.6927 3
50.7046 50.7046 2
56.8816 56.8816 3
34.7484 34.7484 3
43.7891 43.7891 2
34.0854 34.0854 3
32.8197 32.8197 1
64.9907 64.9907 3
32.747 32.747 1
31.368 31.368 1
67.217 67.217 3
39.4388 39.4388 3
41.5013 41.5013 3
30.3816 30.3816 3
53.7987 53.7987 3
111.027 111.027 2
33.6635 33.6635 1
44.859 44.859 3
35.4849 35.4849 3
31.1839 31.1839 2
41.4464 41.4464 1
35.0882 35.0882 3
31.5952 31.5952 3
33.2192 33.2192 2
40.9045 40.9045 3
46.6321 46.6321 3
45.8706 45.8706 1
45.0827 45.0827 3
32.3496 32.3496 3
41.1165 41.1165 1
34.6929 34.6929 1
34.8232 34.8232 3
37.1372 37.1372 2
31.9749 31.9749 2
114.754 114.754 3
34.2009 34.2009 2
40.2163 40.2163 3
49.2125 49.2125 3
31.9901 31.9901 3
38.3191 38.3191 3
31.1885 31.1885 1
31.3555 31.3555 3
78.8783 78.8783 3
30.238 30.238 3
36.0334 36.0334 3
50.299 50.299 3
50.9576 50.9576 2
31.5324 31.5324 2
49.1989 49.1989 1
30.7604 30.7604 1
35.8239 35.8239 3
34.1247 34.1247 2
38.0005 38.0005 1
41.396 41.396 3
43.1275 43.1275 3
35.1326 35.1326 3
39.3531 39.3531 3
49.713 49.713 1
35.5393 35.5393 3
49.871 49.871 3
57.2117 57.2117 3
34.92 34.92 2
44.4676 44.4676 3
64.2701 64.2701 2
42.9883 42.9883 1
30.0171 30.0171 1
52.575 52.575 3
48.812 48.812 1
39.4159 39.4159 3
41.8719 41.8719 3
76.5131 76.5131 1
32.1147 32.1147 2
70.4067 70.4067 1
66.0084 66.0084 3
89.1564 89.1564 3
32.1157 32.1157 1
67.1515 67.1515 3
33.6766 33.6766 3
49.6064 49.6064 3
31.0384 31.0384 2
45.3521 45.3521 3
37.6583 37.6583 3
37.8276 37.8276 3
62.1571 62.1571 3
32.3133 32.3133 3
84.3335 84.3335 1
84.6593 84.6593 3
37.2438 37.2438 3
32.984 32.984 1
31.0953 31.0953 2
32.9363 32.9363 1
45.7126 45.7126 3
33.8993 33.8993 3
53.4686 53.4686 2
42.5535 42.5535 3
30.7394 30.7394 2
45.1474 45.1474 2
128.305 128.305 3
51.4016 51.4016 3
33.7721 33.7721 3
35.3652 35.3652 3
31.0148 31.0148 3
30.3537 30.3537 1
71.2791 71.2791 3
70.1243 70.1243 3
34.0079 34.0079 2
41.2804 41.2804 2
141.027 141.027 3
40.157 40.157 3
36.263 36.263 3
36.8651 36.8651 2
42.1327 42.1327 2
49.2732 49.2732 2
32.7635 32.7635 2
84.1497 84.1497 1
129.263 129.263 3
83.3708 83.3708 3
70.4967 70.4967 3
58.0201 58.0201 3
122.208 122.208 3
40.4472 40.4472 2
37.5831 37.5831 3
32.4415 32.4415 1
44.8817 44.8817 3
80.2762 80.2762 2
51.9575 51.9575 2
49.0275 49.0275 2
98.0026 98.0026 2
39.6523 39.6523 2
78.5113 78.5113 2
59.3347 59.3347 2
32.1538 32.1538 2
30.7351 30.7351 2
33.0316 33.0316 1
39.1231 39.1231 1
38.7484 38.7484 1
73.6214 73.6214 1
33.4185 33.4185 1
131.461 131.461 2
34.3275 34.3275 1
34.2691 34.2691 2
32.1353 32.1353 2
39.4534 39.4534 1
44.0551 44.0551 1
36.8465 36.8465 1
37.0124 37.0124 1
75.926 75.926 1
70.6122 70.6122 1
50.9912 50.9912 2
57.8204 57.8204 2
51.5381 51.5381 2
60.268 60.268 2
52.0217 52.0217 2
33.8291 33.8291 2
36.1102 36.1102 1
46.6879 46.6879 2
30.9596 30.9596 2
50.6178 50.6178 2
69.8851 69.8851 2
56.4618 56.4618 1
35.9385 35.9385 2
88.3718 88.3718 2
77.183 77.183 1
