1.143921041901641101e-10
1.037027269517620629e-10
9.900403757580291055e-11
1.930146850058168610e-10
1.247749906915142268e-10
1.077705356253131279e-10
1.187635849288634306e-10
1.128705981487732829e-10
1.319524554229194779e-10
1.633209509096442418e-10
1.153318289049641919e-10
1.627153378592234677e-10
1.031404523340063625e-10
1.791778915059791681e-10
1.023138528700801578e-10
1.097191164789122201e-10
1.255077906232546569e-10
1.121669332092029522e-10
1.483485070946877083e-10
1.290808911690683621e-10
1.212521236826421345e-10
9.885893314895845814e-11
1.160741900594254256e-10
1.092666829454627083e-10
9.426292001024578055e-11
1.298138060637516906e-10
1.036583065598539058e-10
9.473893436693815254e-11
1.005286039658261666e-10
9.267662890071651860e-11
1.133795708003490296e-10
9.407664912148345176e-11
9.283451606565393292e-11
1.122235763634500660e-10
9.497267589183988228e-11
1.016239366540550620e-10
1.095538191571486258e-10
1.189290663880402097e-10
1.509532118081317595e-10
1.441637160813276442e-10
1.412578489028767735e-10
1.320255667935209481e-10
2.689401925002465341e-10
1.393444800822568644e-10
1.117572354349888197e-10
1.304702394457450190e-10
1.001978266843096014e-10
1.068487263916855161e-10
9.626524511341692688e-11
2.798174839586850083e-10
1.328147187401267817e-10
1.110235179672361223e-10
1.399907114817444080e-10
3.342972188475266271e-10
9.386782736779487397e-11
1.227195628531672764e-10
1.289226282483424683e-10
1.406853092374631141e-10
9.639266732263893930e-11
1.233268184943392776e-10
1.413088418379922227e-10
1.135749124531549175e-10
1.134073592363295397e-10
1.066302030331178870e-10
1.168792333337740506e-10
1.124754312301471093e-10
1.714020680716602613e-10
9.231796348320179844e-11
1.066741106336614232e-10
9.377022731720760730e-11
1.687926637989637875e-10
9.984730484483994034e-11
1.083818248999459440e-10
1.016619750610842482e-10
1.063054821964310278e-10
1.028564615902446005e-10
1.072597020884077542e-10
1.040459472012324136e-10
1.387836699808035130e-10
1.336735199135215289e-10
1.343771044250967643e-10
1.003330885447266769e-10
1.117940234052416741e-10
1.264015190365681837e-10
1.077964680187866501e-10
1.009347003941024671e-10
1.153406434245815612e-10
2.100115706130074433e-10
1.026417603391235932e-10
2.745567086169456476e-10
1.001100323670952172e-10
1.103548200310078113e-10
9.259055649225891589e-11
9.870889789384131842e-11
1.001541646064251299e-10
9.703674666572707126e-11
1.263429560575931743e-10
1.062358989494405665e-10
1.231401624004548371e-10
1.229704321393077426e-10
1.241124490429444097e-10
9.356257158247768703e-11
9.505733240600085021e-11
9.759536946277193207e-11
9.310948966787272016e-11
1.019153957251354824e-10
1.156092037339414479e-10
1.000366928874499624e-10
1.271312570217983029e-10
1.393620230876058800e-10
1.846308428928262036e-10
1.290009938666168797e-10
1.089882878091849782e-10
1.067105690971635149e-10
1.941649342324198868e-10
1.298774975603685600e-10
1.642807896271957507e-10
9.417444964039768462e-11
9.558089512091152411e-11
9.892753729239533888e-11
1.059217759154824190e-10
9.215442666793558358e-11
1.628568040630170590e-10
9.877438122190015694e-11
1.000574141669261153e-10
1.862579629601890947e-10
9.711579061106672306e-11
9.257323647860550403e-11
1.113280373535610363e-10
1.169818971305576086e-10
1.124563168757365520e-10
9.506033768599437529e-11
1.114479622407485003e-10
9.474718332570552456e-11
9.774705371864087752e-11
1.328961454628813710e-10
9.412292798632572618e-11
9.850348041276416109e-11
2.644880436846231398e-10
1.011185589569114485e-10
1.241586596812959594e-10
1.060267657486565199e-10
1.061244827280511653e-10
1.656349062069484683e-10
1.127323799170113201e-10
1.196047720403338641e-10
1.247344670712041648e-10
1.048913513748305457e-10
9.471529444625513339e-11
1.178477082455865446e-10
9.857398648065317535e-11
9.443646151134374987e-11
1.206006837602094230e-10
2.190648953653120448e-10
1.205552091871407879e-10
1.135365988325761731e-10
1.220476531711818646e-10
1.034961700715172640e-10
1.012124748011434212e-10
9.419278731052953403e-11
9.187059866842596186e-11
1.349667139345293299e-10
1.185067674342283990e-10
9.270913053848353865e-11
1.052242301081773350e-10
1.073717930158029958e-10
1.559284665128368106e-10
9.520480941701749201e-11
1.091666667919826145e-10
1.000028047464877546e-10
1.259903364193083823e-10
9.993303010267850008e-11
1.146589832222845971e-10
9.488066564798532504e-11
1.046656222058069744e-10
1.226533900780279632e-10
2.003066232724639620e-10
1.023129629827274910e-10
9.385039387592042557e-11
1.076385217041356436e-10
9.476288633732306759e-11
1.063578226989806243e-10
1.496550204480308477e-10
2.614244234132806704e-10
1.329617271326063522e-10
9.935153135574489054e-11
1.422057431793984377e-10
1.012305901349781436e-10
9.256481825181500469e-11
1.165027401453072413e-10
2.606310225559053778e-10
9.570864256790401887e-11
9.579712871301164941e-11
1.254246642975025859e-10
9.381967844607442604e-11
1.240619633081311225e-10
1.190783730989104337e-10
1.068872739441537365e-10
1.134665761707463743e-10
1.056061143367219921e-10
1.168269474112419670e-10
1.065147091588432734e-10
1.115091891437921291e-10
9.351235967669065520e-11
9.609067957405327565e-11
1.373920278612071690e-10
9.334101243570432107e-11
1.414105559587560159e-10
1.305497088677650567e-10
1.038985352916897580e-10
1.778629261355996817e-10
1.097972217864486267e-10
1.126797772033446591e-10
1.346419851184273597e-10
1.026414645401048787e-10
9.319643003126511944e-11
9.933981317594618071e-11
9.837691856892094911e-11
9.655661397280758520e-11
9.575533067627176522e-11
1.094039696038835828e-10
1.208142392509002346e-10
1.282670605715555622e-10
1.126341071668016059e-10
1.104572229801516641e-10
1.243468532720423859e-10
1.006207440565224794e-10
1.081459519945182470e-10
1.067548764771874448e-10
1.648643685993859555e-10
1.331908049315948779e-10
9.599631439023829603e-11
1.384161308545571895e-10
9.732516353315510952e-11
9.790993886553203142e-11
9.438458753884278919e-11
1.147019340463863440e-10
1.360127989007339814e-10
9.397252865591917246e-11
1.159304116244872853e-10
9.268924266060375033e-11
1.062199681029305720e-10
9.958640084719429093e-11
1.310010306158552756e-10
9.877988743350104744e-11
1.953875764709316618e-10
1.212865067791739333e-10
1.772338845623317377e-10
9.701530657411855562e-11
1.008872635573917946e-10
9.615897319408044592e-11
1.027808511451988770e-10
1.034099491924186098e-10
1.065513584832668233e-10
1.763561931041490881e-10
1.050762369274232955e-10
1.411893856903736048e-10
1.664911640330405517e-10
1.464654484824269797e-10
1.027019399272916902e-10
1.006150250896868136e-10
9.517084262797163698e-11
1.004562854892068045e-10
9.183099061612811334e-11
1.139780767485519168e-10
2.653467233775700239e-10
1.771017852700138054e-10
9.378703365796064906e-11
9.644500059996869947e-11
1.443857219547679587e-10
1.086863408869789421e-10
9.764018565588317398e-11
1.014256368553490916e-10
9.557097743558922743e-11
1.385373356120100620e-10
2.569978004015294064e-10
1.012048385625562656e-10
9.644328258841297684e-11
9.353273604107409444e-11
9.355150453047075079e-11
9.388477832202213160e-11
9.244786510852027046e-11
1.247939393250975375e-10
9.826097032807348860e-11
1.128776752918069839e-10
1.093825678471956078e-10
9.198086831221305260e-11
1.127435518210877467e-10
1.188857640667098158e-10
9.712882978034268092e-11
9.292991011043123124e-11
1.057391932307084996e-10
1.530798955630935606e-10
1.024897692615603925e-10
9.239939368065158092e-11
1.517557171551178237e-10
9.760387046920270798e-11
9.341491657211313563e-11
9.730067951708766189e-11
9.372940094098476590e-11
1.272488271258984416e-10
1.007558095971684775e-10
1.529415025655623503e-10
1.009250945090149659e-10
1.432916835060412065e-10
2.253052954730628087e-10
1.024688865377902726e-10
1.000129419846651613e-10
1.008923684577464064e-10
9.700878050588873760e-11
2.500147460854010580e-10
9.374173054523048605e-11
9.926232099684919517e-11
1.123168325586777596e-10
9.343980753163351722e-11
1.170467800932412735e-10
1.926253864119729843e-10
1.132896580990680747e-10
9.714714412199557050e-11
1.107184043939442913e-10
1.440401768307464064e-10
1.019185209294385739e-10
1.426486832461274254e-10
9.394552389872652997e-11
9.902525304103262958e-11
1.608300434261207816e-10
2.667209638721059849e-10
1.046449744886279459e-10
1.680056925793047924e-10
9.622221657775097246e-11
9.697272482404966718e-11
1.001722962106071848e-10
1.022147371124024224e-10
1.284795084287356268e-10
1.375532921217436862e-10
1.015914076646710933e-10
1.072229799878464489e-10
1.064409475791558505e-10
9.269409370679221246e-11
1.012154692669039276e-10
9.480522553754535980e-11
1.076773890573851462e-10
9.979123053865622582e-11
1.016222955012967388e-10
1.245818702185069237e-10
1.094565492139738990e-10
1.243614828845983596e-10
2.001912437154942816e-10
1.627920116675637494e-10
1.088054368216712785e-10
1.313335053152454859e-10
1.203942576527973999e-10
1.755569795105710358e-10
1.035666276855912496e-10
1.031385377640371415e-10
9.704482446568664649e-11
9.329616301562526596e-11
9.588177584540755649e-11
1.450225229486045766e-10
1.427412497092892097e-10
9.286277196891164501e-11
1.019650914208280731e-10
9.232964657473258128e-11
1.246646147172653957e-10
1.105254454878230512e-10
1.150709995536581546e-10
1.260501548267511430e-10
1.545385141121946669e-10
1.040870086328346739e-10
1.480334004328992638e-10
1.394974353385318427e-10
1.066596672078552416e-10
1.827840867349740992e-10
1.430720641563614916e-10
1.375663417901621062e-10
9.417317386015417646e-11
1.133173301942757481e-10
9.886321257616141230e-11
1.024899173526882001e-10
1.038317887998524423e-10
9.423678497922626477e-11
9.580922516675549015e-11
1.457210063344379761e-10
1.180788301106371688e-10
9.839671763364533496e-11
1.197870669140688339e-10
1.258928929170363441e-10
1.229220625196360645e-10
1.487689875951940459e-10
9.402619842727381212e-11
9.436596410874693037e-11
1.151428426918526770e-10
1.115944450330759926e-10
1.414651868930173427e-10
1.212983918881779116e-10
1.027901573997700002e-10
1.454687392977040265e-10
1.439082920231477383e-10
9.357957090955222616e-11
9.399122027999205196e-11
1.248714529139069994e-10
9.244948584220825603e-11
1.355064148475433341e-10
1.177996007883311686e-10
1.166338666566575726e-10
1.030598662273413543e-10
1.049708508248501475e-10
1.156421191438596488e-10
1.141991985310318906e-10
9.641016658725783096e-11
9.219326324326899422e-11
9.396038534506162410e-11
9.400990865214918735e-11
9.648919114907750076e-11
1.341179691748395975e-10
1.693762593507826436e-10
1.188057550094049014e-10
1.529193829067239213e-10
2.233779783966398417e-10
9.299539345605036453e-11
9.254376975347113847e-11
1.115526492694370784e-10
1.586105764720831734e-10
1.187720460263756869e-10
1.001721451257713312e-10
1.107458075504865862e-10
1.043046459590538468e-10
1.026312590171485738e-10
1.149108501490539462e-10
9.713395189209263318e-11
1.005007366125198122e-10
9.264799979498883657e-11
9.233467639634522288e-11
3.370510592622065987e-10
9.689995608867768748e-11
1.084806421325093764e-10
1.035820346984375408e-10
1.416787295569173696e-10
9.375581978422629109e-11
1.035278811900406113e-10
1.006306763229978556e-10
1.246336691594656930e-10
1.151883096954729005e-10
2.009705736888192163e-10
1.059905329677086699e-10
1.456801859236085509e-10
1.216562570950944934e-10
9.697878672864097191e-11
9.361949266654207268e-11
9.310852326483713323e-11
1.117062913102995838e-10
1.249135567956819586e-10
1.039424270031802547e-10
1.764676092783865707e-10
1.269304691495408138e-10
1.946816613135754744e-10
1.329900270229169553e-10
1.294534160238595438e-10
1.268399255688710293e-10
1.053199954989587268e-10
1.281320382322685176e-10
1.099635913479112990e-10
1.094712284026078639e-10
9.809444052813787502e-11
1.394788894164730738e-10
1.808920339679566836e-10
1.340684544705644468e-10
1.046896097956877945e-10
1.763304020728009795e-10
1.060529271317368502e-10
1.377087874634849228e-10
1.776177677272025100e-10
2.062580667489926596e-10
9.226293819913057787e-11
1.009286968096679752e-10
1.165178308973807716e-10
1.114786481645185666e-10
9.499420230990857582e-11
1.006183361051530797e-10
2.282279669749962357e-10
2.135772188418658964e-10
9.382879800755553705e-11
1.000285243438627194e-10
9.624944386146379684e-11
1.198172966245045047e-10
9.950223805979272955e-11
1.141280490213049826e-10
9.986624264110146309e-11
1.111878670406921510e-10
1.024691827726733544e-10
1.358898576834612868e-10
9.549396666173938457e-11
1.881218305577476748e-10
1.588422626453367855e-10
1.134375808685318724e-10
1.227205748137851971e-10
1.465537360543759959e-10
9.357973126769661787e-11
1.077187962329070288e-10
9.589857185836339138e-11
1.470174834848389665e-10
1.424527346031370357e-10
1.034629817418650160e-10
1.063102152785800521e-10
1.116958528081583108e-10
1.071311265540731037e-10
9.469609312748155398e-11
1.595384698490182202e-10
1.081783034950678334e-10
1.120282296830024035e-10
1.237614329691873035e-10
9.294604276019026861e-11
1.047824618485655364e-10
9.608033784764000736e-11
9.938226680854783903e-11
1.040418548938379485e-10
9.861044839094139933e-11
2.815238004961921459e-10
9.333924453606964783e-11
1.272670854834711523e-10
1.263642880605506393e-10
1.054140953756025856e-10
9.387534368741898380e-11
1.021442069020490597e-10
9.715940373036779583e-11
9.761267991956711126e-11
9.697210307149773881e-11
9.218400226384238315e-11
9.510714605364253552e-11
1.567050533896563538e-10
1.012778862305408517e-10
9.822500974305688784e-11
1.001444932430308387e-10
9.771200855960978586e-11
1.024641466777443634e-10
9.474020347842277899e-11
1.059224953336201069e-10
9.394632295354207259e-11
1.572941221115216746e-10
9.351845694890953684e-11
1.512275901329267829e-10
9.194293037211439064e-11
9.500401440769130519e-11
1.022651957560801588e-10
1.290702406958411685e-10
1.686409096667664587e-10
9.734189634227343612e-11
1.034955827484048427e-10
9.351107599610734897e-11
1.271971030913370755e-10
1.096757191198706783e-10
1.119144710645634441e-10
1.906194305817312356e-10
9.355166493070965301e-11
9.296797923272117102e-11
1.880843982387070871e-10
9.440909552952685648e-11
1.421802782908505968e-10
1.177316705296558548e-10
9.187548751526655494e-11
9.854149786364023423e-11
9.255138007860109427e-11
1.023581903486354168e-10
9.193462453216417179e-11
9.978668276492182594e-11
9.389405223901701556e-11
1.507246873356925580e-10
1.398473679486169036e-10
9.660871358031828128e-11
9.625930035424760214e-11
1.047432373734904184e-10
1.011320443907928544e-10
1.310037784039865163e-10
1.156365227700536806e-10
1.182407068645312332e-10
1.400110015222991506e-10
1.101066545586350589e-10
9.983972884626908391e-11
9.359961381454653514e-11
1.465181016434672212e-10
9.700489575907619883e-11
1.169233171710221933e-10
9.731028781154987371e-11
1.513918819194782528e-10
1.310373451359737904e-10
1.201560846585640224e-10
1.353925896171423676e-10
1.021698996795921082e-10
1.562465926159987660e-10
1.435598671213376512e-10
9.788296198443572387e-11
1.306678159409976518e-10
9.592744870441962845e-11
1.037881490902513328e-10
1.172363692040427014e-10
1.064420937320790591e-10
1.139953485360250280e-10
2.170477487405087395e-10
1.489721659877696955e-10
9.971768594875479213e-11
1.418585654868049999e-10
9.431103013349122986e-11
1.537621254716875171e-10
9.378719370568068756e-11
1.259172599783612506e-10
9.219878694869825180e-11
1.078090779750976224e-10
1.243619830156710773e-10
9.468577696275659030e-11
1.002817802948265009e-10
1.102064797422387826e-10
9.586199406150608057e-11
9.289166594072305536e-11
9.724208194512599323e-11
1.319636143196937081e-10
1.406785745498444434e-10
9.763570484657846317e-11
1.356524897727477342e-10
1.003730628834832377e-10
9.860952932807282228e-11
9.266563106374783047e-11
9.530964462346094892e-11
1.730469371763265971e-10
1.149034807218542877e-10
1.194570772525099420e-10
1.036732618185601411e-10
1.268225966744097438e-10
9.445141440667482716e-11
1.393972164522350214e-10
1.028915920797169669e-10
1.085361482135612387e-10
9.974134670469113655e-11
9.504799969080130198e-11
1.013785505881026483e-10
1.073070829619977896e-10
9.389597088039897708e-11
9.992243152630349088e-11
9.262211371443171791e-11
9.323199072137998184e-11
1.068193078512105646e-10
1.130324587440762515e-10
2.030072066431476941e-10
1.222484611191308375e-10
1.149649692718601353e-10
9.400032527766790919e-11
1.113475965382020448e-10
1.246449001793482989e-10
1.760870670092759286e-10
1.327230909606696450e-10
1.088863625629464303e-10
1.055872147574524937e-10
4.128811113165081519e-10
1.198910342900585863e-10
1.214217834604522151e-10
9.771092769708438891e-11
1.900542384127711740e-10
9.953976959376778441e-11
1.098974321992971815e-10
1.014172673614573027e-10
1.736742955151801676e-10
9.365523324700978978e-11
1.850542504344939175e-10
1.144761505034106977e-10
9.545047645735585808e-11
1.487224852278248610e-10
9.967854391440214637e-11
1.299582465321029461e-10
1.015524504152772183e-10
1.275218506839743853e-10
9.404727564782434396e-11
1.605732759113625813e-10
1.131315152588678692e-10
1.184648956294493545e-10
9.694800747307193848e-11
1.007001781856699147e-10
9.280738331702883021e-11
2.154983620379315595e-10
1.356050884811744703e-10
9.513386206353594182e-11
9.861106109535653550e-11
1.116718135372111372e-10
1.101536573331125604e-10
9.535729232872352205e-11
1.497029701106965983e-10
9.518616849238317032e-11
1.292561504617572033e-10
1.194314312103997998e-10
1.006591139784160502e-10
9.220349811569535345e-11
1.312944008281635099e-10
1.061464582002729508e-10
9.193983611632095882e-11
1.242147434351662087e-10
1.092574411153006753e-10
9.434096863968687617e-11
1.373452669182764012e-10
9.821056079433416497e-11
1.100372307780991716e-10
9.239744787467931872e-11
9.989426481424938486e-11
1.115291331298127739e-10
1.413338851026333700e-10
1.185424982381496858e-10
2.143580442478460384e-10
1.495656770179546394e-10
1.009914188470110362e-10
1.001262060880696111e-10
1.084912099256600947e-10
9.691488690630387061e-11
9.364561812100269241e-11
1.050758022367125252e-10
1.355507156041460353e-10
1.588883827724493445e-10
1.181945695324137434e-10
1.352541693150142307e-10
1.051823992414181298e-10
1.013347357011576304e-10
1.084471010358147601e-10
9.635250224869659977e-11
9.829323284636031567e-11
1.004784378608042451e-10
9.949023143215392713e-11
1.834373740045292903e-10
1.028540995000342927e-10
1.104676251342017954e-10
1.544428548582841722e-10
1.664593903483533983e-10
1.144797800875301755e-10
1.090090557255617174e-10
1.189268560931982757e-10
1.265233772124145504e-10
1.027035659744124296e-10
9.416504040556938387e-11
9.290957948196417829e-11
1.219831962092432313e-10
9.681531006788473719e-11
1.200824894191589082e-10
1.285700123897704342e-10
1.670854586112464740e-10
1.292765777928791385e-10
1.105710452725237791e-10
1.127394646514794539e-10
1.025646794662345997e-10
1.427641891999057350e-10
1.124150747992135951e-10
1.311251086836537746e-10
1.050875383336621794e-10
9.508864650715998040e-11
9.597655326427059109e-11
1.618515614177608007e-10
1.003608457904083820e-10
1.032699817764542182e-10
1.072197057779633113e-10
1.217016263104544536e-10
1.018753559269103040e-10
1.497456988399179383e-10
1.111891081639964096e-10
1.081096347644845977e-10
1.463519603593498096e-10
2.680864827668727095e-10
9.671159268114033356e-11
1.322952739313772227e-10
9.541847802755237042e-11
9.627150240763959019e-11
9.602767395005649382e-11
1.165708996974666982e-10
1.279790898640670432e-10
1.512923776503348234e-10
1.011798300953259597e-10
2.272802680465086844e-10
1.115813853284925067e-10
1.386185420840191714e-10
1.162744493350499391e-10
1.427914464303345097e-10
1.103517660923357393e-10
1.076237659165711467e-10
1.069895801210458370e-10
1.158692385701377099e-10
1.565579176840611053e-10
9.292297231756648645e-11
1.074800882188546443e-10
9.974847430309751293e-11
1.300781457379777786e-10
1.065154250716074744e-10
1.171788225714847465e-10
1.163608828934991247e-10
1.839493098343232692e-10
1.161368616167625923e-10
1.023280901467918395e-10
9.335804705820041973e-11
1.048810474054484006e-10
9.512627475193285154e-11
1.071002084306619451e-10
1.337260960107332452e-10
1.041571163921863436e-10
9.194227895741424610e-11
9.616977723994649351e-11
1.233454579158105600e-10
1.053001832352687356e-10
1.533673862624765699e-10
1.043703990016205646e-10
1.179066721491186678e-10
1.073996576022607054e-10
3.494645177103124426e-10
9.996239816129773579e-11
9.404759496786397059e-11
9.651276260821605858e-11
1.173728284183261561e-10
1.057880337439724331e-10
9.626915596400987383e-11
9.179283539570745187e-11
1.018740160673553764e-10
1.048043928985294946e-10
1.097150704148329199e-10
9.185804958612476105e-11
9.649059621168450399e-11
1.139105868716832265e-10
9.303247203625104136e-11
1.767729975172468861e-10
1.028508515484904158e-10
1.191269371721807876e-10
1.279539691116315312e-10
9.665580045344796308e-11
2.107669082861615414e-10
1.648776551549755710e-10
1.267846133393075173e-10
9.509133467099159297e-11
1.578064682941959604e-10
1.020449469889372057e-10
1.312970240089384775e-10
9.455682127389291781e-11
9.542888248790488574e-11
9.181517581944686085e-11
9.297813944621521770e-11
1.211136101660573212e-10
1.009512086404338590e-10
1.428446181662469773e-10
9.838674179647951477e-11
9.216759045863299983e-11
1.718575418346284278e-10
1.279649447284311974e-10
9.197582156481191151e-11
1.074212625191180609e-10
1.089197852684385740e-10
1.356658151540263578e-10
1.068411582210934732e-10
1.724191794198250334e-10
1.342799799852910375e-10
9.352535607431004837e-11
1.110979222796389514e-10
1.188842033650770265e-10
1.781561787610674645e-10
9.295878582134291251e-11
1.552482901167383086e-10
9.431485253346553197e-11
9.524618717551446199e-11
9.845133883789507341e-11
9.414207203845614820e-11
9.729634001519330109e-11
9.700520654383062530e-11
9.749222381594664810e-11
1.126861833457665376e-10
1.107285082685133023e-10
1.049665000283716450e-10
9.270056142284707240e-11
9.687895621989057003e-11
1.123108180746532101e-10
1.120150772297231776e-10
1.009695150241236749e-10
1.130260697779456159e-10
1.343906572233604259e-10
1.090612408835397246e-10
1.112402594799267626e-10
9.192289752254523390e-11
9.857429293242774999e-11
1.128347981871519952e-10
1.590363523212138404e-10
9.398355231489332902e-11
1.483974686808867013e-10
1.252469597170868437e-10
1.166621656412046037e-10
1.245884865545443364e-10
1.014020213730376510e-10
1.109095492396930045e-10
1.090737228036103928e-10
1.026911483164558182e-10
1.039256037642292581e-10
9.550137087553071100e-11
9.188689393944913430e-11
9.915718806379776720e-11
1.172740179246443167e-10
1.146691853176097008e-10
1.845839418300528851e-10
1.642923535441727505e-10
1.122842963064221406e-10
1.080829199492637612e-10
1.145229240977814633e-10
1.318984299381049083e-10
9.488510166707640967e-11
1.417639340120478012e-10
1.031981693832954361e-10
2.240280059115437093e-10
1.101097144449771686e-10
1.291233643861746641e-10
1.170304304434067922e-10
9.710663123102271909e-11
1.106897492926043609e-10
1.025042813022730482e-10
1.375050905351209175e-10
1.070704227608099501e-10
9.388062078867779688e-11
1.515668495556835308e-10
1.358875436516026019e-10
9.617901463981607138e-11
1.049126821305846768e-10
1.046409026870045605e-10
1.178245087020590545e-10
9.623223199452104900e-11
1.765274355359255457e-10
1.224227432040520824e-10
1.264853152671982701e-10
1.342779924418010731e-10
1.031494356701288225e-10
1.017852532425556683e-10
1.157900706124435788e-10
1.007449861316271459e-10
9.408431044709066206e-11
1.017041756598634503e-10
1.191609476776605462e-10
1.408567243197859968e-10
9.649231348611474150e-11
1.268041594055997361e-10
1.008608345768035404e-10
1.689637107820867451e-10
9.717460997139392071e-11
1.010717972641740904e-10
1.150803668053450441e-10
9.494021991203242594e-11
1.118834782968335918e-10
9.196979771038631528e-11
1.052935302108638619e-10
1.282074177120546401e-10
9.374845518586754111e-11
1.157766273153647131e-10
1.501162049028103308e-10
1.032732181910746556e-10
1.440079578573058637e-10
1.180708489342772220e-10
1.142529392021079373e-10
1.080631274716666459e-10
1.307434703597218803e-10
1.724398456992164008e-10
1.270246383849888757e-10
9.485008386414059671e-11
1.092095406716364291e-10
1.590832295967134158e-10
9.750599239777911819e-11
1.319892529120593818e-10
9.329214332942352670e-11
1.518563204973230610e-10
1.247540445350917295e-10
1.842491370208613881e-10
1.158604592484130278e-10
1.355637019061417283e-10
1.779808261332385961e-10
1.095412454019293137e-10
9.198575203063022732e-11
1.071731455870449265e-10
9.727355485121910188e-11
1.389940072648038004e-10
1.093429719317545917e-10
1.237862923112404040e-10
9.330066488427008427e-11
9.970206109014608776e-11
1.001866483609188399e-10
1.053338766020499555e-10
1.571678447241314418e-10
1.296659701322335740e-10
9.640579203166890102e-11
1.227781180619697873e-10
9.891226157700786637e-11
1.916812272499240867e-10
1.166247409367717586e-10
1.007010805311654113e-10
9.571854777111433789e-11
1.100354216303073506e-10
1.292294335350053031e-10
1.725023949567633648e-10
9.495890307622082344e-11
1.459603935296876061e-10
1.025455863529310666e-10
9.877591075206280119e-11
9.854977415561791225e-11
9.355599564620312943e-11
1.090759666117581957e-10
1.530124335334664571e-10
9.729928469566143129e-11
1.020397439157830211e-10
1.534028732222580595e-10
1.085499504377015867e-10
1.680995577970358918e-10
9.230660368155211762e-11
9.954052921355324578e-11
9.258003532666483539e-11
1.125638663871307170e-10
1.315568494074011271e-10
1.064211747411079576e-10
1.102074525788132513e-10
9.529386264357822849e-11
9.205930594809869783e-11
1.259842790381823556e-10
1.268111658440523504e-10
1.138950592504305329e-10
9.427933084360057171e-11
1.450166206628098673e-10
2.927182800955814830e-10
1.266343032718565683e-10
1.046116688974454902e-10
9.299103990472832220e-11
1.759643662353581705e-10
1.356186497441789654e-10
1.105289110949430055e-10
1.113918002395086548e-10
1.986378439031604353e-10
3.095797285932479157e-10
1.004255363387720694e-10
1.079672304165662890e-10
1.052431867125329213e-10
9.897350474504306586e-11
9.830198821690222395e-11
1.215273328230578447e-10
1.061873822929432074e-10
9.946667043986597985e-11
2.457976035740780918e-10
9.970008886833461991e-11
1.286161540221483107e-10
1.255524356242342392e-10
1.399094127870596205e-10
1.066362108701644740e-10
9.684908287734254478e-11
2.009985046810453212e-10
1.005085702814005878e-10
1.454310188645737662e-10
1.261650254937594424e-10
9.483645396891556126e-11
1.250412872662227698e-10
1.021557916288612619e-10
1.177119932009712653e-10
1.207883324657735870e-10
2.725418513735161316e-10
9.315264672268101030e-11
1.043988175879197108e-10
1.124339221586673249e-10
1.173092875496786442e-10
9.919300515603555571e-11
1.058590262034811219e-10
1.119253030483673485e-10
9.416440246156580847e-11
1.253664471754144797e-10
1.006056935331211656e-10
1.027743511015164988e-10
1.335313095023025345e-10
9.237279789484326837e-11
9.837707206345196832e-11
1.041286400962110929e-10
1.062627326765175386e-10
9.379615599662176143e-11
2.555959144374779720e-10
9.377086760705000836e-11
1.103932655699896201e-10
1.069353699409675808e-10
9.551554775562027906e-11
1.198055414190796600e-10
2.324438357661065572e-10
1.133428266947071295e-10
9.956832780848075570e-11
1.082586511659339943e-10
1.037326243746868544e-10
1.129904488978794316e-10
9.949828665141473432e-11
1.422996730017088010e-10
9.302070501824025552e-11
1.085565693269265689e-10
1.364593340690124570e-10
1.745018763820871477e-10
1.373928300107766596e-10
9.986927239690331366e-11
9.829676579729465391e-11
1.001556756831392556e-10
1.930495775564766611e-10
1.053322861401835790e-10
9.690617750731249466e-11
1.227868423401533111e-10
1.005870281475776181e-10
1.113569618438749404e-10
1.949096202926062390e-10
9.316600897921587521e-11
1.044910220782907979e-10
1.180105169036776314e-10
1.672406662290274599e-10
1.206386961825032171e-10
1.914910497347019564e-10
9.263764612227931912e-11
1.252130329410936891e-10
1.155426815806791219e-10
1.267985048398460984e-10
1.280879372542519123e-10
9.218026514688165005e-11
1.408107473589073874e-10
1.091101796831429595e-10
1.297676758685461736e-10
1.019588434265178729e-10
1.028598570117687596e-10
1.362250281619922627e-10
1.533745674880851994e-10
1.005060093330461536e-10
1.082682498577312444e-10
1.211793670021306799e-10
9.278961406612063739e-11
1.028430265693907755e-10
1.520465513111300937e-10
1.448003865035755984e-10
9.279203732111037963e-11
2.067770957894329416e-10
1.046573344658668441e-10
1.180792226153291864e-10
3.624094119384203215e-10
9.521096969842954671e-11
1.014623956906770810e-10
1.205774345115445600e-10
9.931622096355066965e-11
1.329954505668079662e-10
1.152205282693571348e-10
1.356958220368195790e-10
1.031531171674945196e-10
1.184609817149728530e-10
1.158174853819837830e-10
1.521092513923548150e-10
9.918157539878439197e-11
9.916435238780942754e-11
1.194550050239948026e-10
1.127735204377455488e-10
1.150175934731718485e-10
9.792750887884680544e-11
9.220041151283561741e-11
9.426690345196615228e-11
1.132355176327799515e-10
1.273474440289586396e-10
9.510177044162039468e-11
2.425014351958644499e-10
1.316985454287945855e-10
1.621065562516820820e-10
1.273682614140103005e-10
1.184963333046757977e-10
1.581048685064872332e-10
1.177505580582226902e-10
1.395648157743705085e-10
9.589637439555553329e-11
1.165953756849419842e-10
1.217076149605698628e-10
1.063269947206799513e-10
9.607156228559310953e-11
9.193723035655475388e-11
1.876076541196574805e-10
1.019878491391754844e-10
9.403322462677117474e-11
9.435179541401370466e-11
1.146589832222845971e-10
9.503075578555154301e-11
1.358880064607327071e-10
1.420523374557009226e-10
1.106577641953539761e-10
1.089805691198635568e-10
9.743186950618226049e-11
9.267355609064720710e-11
1.045010685018447621e-10
1.008362021170202743e-10
9.564856322726530597e-11
1.081685565542059631e-10
1.185338924098024664e-10
1.082370513861668679e-10
9.869757215554680329e-11
1.069773136057603456e-10
1.104756688790163731e-10
9.487749695180978458e-11
1.219517833010904388e-10
1.267876867948611710e-10
1.028967574429929292e-10
1.792133139027515881e-10
9.401262378617915886e-11
9.277701224743281346e-11
1.060881354636235744e-10
9.440241208419381747e-11
9.665252685003817969e-11
1.257196069614746502e-10
1.318914230174641322e-10
1.204899256538966052e-10
9.854900785783579704e-11
1.035903976657341154e-10
1.060914402106366152e-10
1.319528115706786719e-10
1.124296885723051798e-10
1.179762163868595020e-10
9.198705431722503415e-11
1.013440084932523319e-10
1.245392936069520360e-10
9.441848347972312997e-11
9.225530705829407874e-11
1.293268484257727869e-10
1.336773933236971365e-10
9.643016234430212961e-11
9.626696590480492796e-11
9.535524169765778366e-11
1.366257069496234932e-10
1.013625518506424325e-10
1.486714783476257824e-10
1.178993358246419293e-10
1.705624840988137709e-10
2.182613700871897029e-10
1.091498494835315703e-10
1.211626109292469381e-10
1.003472697161424864e-10
1.753839828117561022e-10
9.934468321571999094e-11
1.272643897628228353e-10
9.959293073517375267e-11
9.421861420834633654e-11
1.163203244486887542e-10
1.580395912337601886e-10
1.042547602603103104e-10
1.613021783381917127e-10
1.419109290121106650e-10
9.202513906582633161e-11
9.290312450011168335e-11
9.795678610636460515e-11
1.308876104842956919e-10
1.163590275484085451e-10
1.263497382499234189e-10
1.341427790388090104e-10
1.044704898014723885e-10
1.165544916532971296e-10
9.953019794983867126e-11
1.001571867399053005e-10
1.078262197785559756e-10
1.176331238181844402e-10
2.481661916775486668e-10
1.673312422661543433e-10
1.249119376452376729e-10
1.416566404575540294e-10
1.016665984890319410e-10
1.017655851990711267e-10
9.659592493598418331e-11
1.681134847553999435e-10
1.472907193153396002e-10
1.075918362784115978e-10
9.593294072176396825e-11
1.112873942212917187e-10
1.374201006583697822e-10
1.542973534184642774e-10
1.052805123600170448e-10
9.746034843496600967e-11
1.304761142008011348e-10
1.157241720846814067e-10
1.036392431990844464e-10
9.788188277387650226e-11
1.005614335793531066e-10
1.663852634104415325e-10
1.161494720183057394e-10
1.031591545743058757e-10
9.399026181428938276e-11
9.691006571648962620e-11
1.356996448905931914e-10
1.165390080162710190e-10
9.856525225461471096e-11
1.045253802616583680e-10
1.071124626303046007e-10
1.118557704372414192e-10
1.156867484070303892e-10
1.025742988489570345e-10
1.736614130391300174e-10
9.655458564644411328e-11
1.320019518971730477e-10
1.099874001167919035e-10
9.770567764456886983e-11
1.138323898507401628e-10
9.870323516683516173e-11
1.117432312591904186e-10
1.061817829690280868e-10
1.236201036832517514e-10
1.380041371976061252e-10
1.032287832894150808e-10
1.598208877193558606e-10
1.205552091871407879e-10
1.378547605747841835e-10
1.064995308173324787e-10
1.467250869241250047e-10
9.513891997712967491e-11
9.504483587655363541e-11
1.008983739335315790e-10
1.131282553472235721e-10
1.401245782384871270e-10
9.856739756585468110e-11
9.853030857603318981e-11
1.091236379907814470e-10
1.130896734829969821e-10
1.101728427705112621e-10
9.646530234501091333e-11
1.585511427853846347e-10
9.233613662223128074e-11
9.859451690676020994e-11
9.459542882128388653e-11
1.035701494653333224e-10
9.973543197616419207e-11
1.032918993954499289e-10
9.960781140582985490e-11
1.269485219644159291e-10
9.928029049737677917e-11
2.289304399108902884e-10
1.352168721889860869e-10
1.071668792561876113e-10
1.105311290336024458e-10
1.134431365454297375e-10
1.109239218503518010e-10
1.000242885729470012e-10
1.150664495049455372e-10
1.171706560575208845e-10
1.190779834774575640e-10
1.318939170435009395e-10
1.538319986174725462e-10
9.706330798683995266e-11
1.006884470503399295e-10
9.343868354887789101e-11
1.130892658666203285e-10
9.762380665208731909e-11
1.028991186763535299e-10
1.106315885521174252e-10
1.678386008092420427e-10
1.032099449028713785e-10
1.093855055601442279e-10
1.076231983509283991e-10
1.133413350164233040e-10
1.536403780844038268e-10
9.408415084170836417e-11
1.467051789511970860e-10
1.518060261183417419e-10
1.533608292343032330e-10
1.170805278892270927e-10
1.318870286807057830e-10
1.212518680142867926e-10
2.578835538330565108e-10
9.856295366151812559e-11
1.415614443512490964e-10
9.744270473956874266e-11
9.245904766495986609e-11
9.913325288872323891e-11
1.048219638885394700e-10
1.187052540894387583e-10
9.769270586821108930e-11
9.338198735473965777e-11
1.418060735776388599e-10
1.023074751943922420e-10
9.472243456372836293e-11
1.050273968273296802e-10
1.553923947705387140e-10
1.272920797866667784e-10
1.915827324916715543e-10
1.130389833195321473e-10
9.854486975971544126e-11
1.183414223377476753e-10
1.121885535975767302e-10
9.716250721398249643e-11
1.712918370618050786e-10
1.730258660867508517e-10
1.125732795124651482e-10
1.198408040084832238e-10
1.169379645681350707e-10
1.233161123067263761e-10
1.053409611314619928e-10
1.107228335889584579e-10
9.936613934088438983e-11
1.118812838338435683e-10
9.264977923052825060e-11
1.778839520740009645e-10
9.273305572082299462e-11
1.378395637342622500e-10
1.216915597005405762e-10
2.051592849894757163e-10
9.607344282221935830e-11
9.624068179304189367e-11
1.289094219008347574e-10
1.152590197977156705e-10
9.580168467714966677e-11
1.362443073862357514e-10
1.104411326268974157e-10
1.047670641423171631e-10
1.094921956849063181e-10
1.641943316786679363e-10
1.073773380040628880e-10
1.109744894314059986e-10
1.126687360823018514e-10
1.177694429362492863e-10
1.039348202685042619e-10
1.750940868852076489e-10
9.628432874841065206e-11
1.139683603616185145e-10
9.295862452632301860e-11
9.336624199249019378e-11
1.632837118908728029e-10
9.231439339162722488e-11
1.217756381218406225e-10
9.225644364618894013e-11
1.590772823968800458e-10
9.519138195404668485e-11
1.292574801373016620e-10
1.115347718978677287e-10
9.973315699885060123e-11
1.027150954806027546e-10
1.090051269258443356e-10
1.116352651708083265e-10
1.091948307062581124e-10
1.068548662609290472e-10
9.932276639135216922e-11
1.039469615555751837e-10
1.174928556171048867e-10
1.184390617025366703e-10
1.007019828695859804e-10
1.053562854219130029e-10
1.185401512482706628e-10
1.431253657921496243e-10
1.133254679205898783e-10
1.084183442981100501e-10
1.019930545287033260e-10
1.408358681065650525e-10
1.351273688461377396e-10
9.758624948095631738e-11
9.562858189060295271e-11
1.200873884016671571e-10
1.082161538921762496e-10
1.332661460936551795e-10
1.334254170405759837e-10
1.232986027883994492e-10
1.154364966583580361e-10
1.081274414327072468e-10
1.158101664603375825e-10
1.736757890815012338e-10
1.092414763427645961e-10
1.358597725793573599e-10
9.857352680142822638e-11
1.446286855567111179e-10
1.622799901888949274e-10
1.027433232090604884e-10
1.950648365454983651e-10
1.084641545762498936e-10
1.309800023934797208e-10
1.043460556495311401e-10
9.687833394080029948e-11
1.074697176173330108e-10
1.150913390231571709e-10
1.510371955220669970e-10
1.160136148290390684e-10
9.349807786168307368e-11
9.852586320798315666e-11
1.206507655026003561e-10
1.021482171298874304e-10
9.418497425044364540e-11
9.297878450633682826e-11
1.176766979806255896e-10
1.183011973995999234e-10
9.268277425342850261e-11
9.415674683852890689e-11
9.495241183298188371e-11
1.064389417855546342e-10
9.664254955549610642e-11
1.384626890138765241e-10
9.676159473652937200e-11
1.071094704389434147e-10
1.134887924823110897e-10
9.485246099592439679e-11
1.041246966873886607e-10
9.342326773438281704e-11
9.891608069936950290e-11
9.409085406379793020e-11
1.001333097102334151e-10
1.113079240704320171e-10
1.808037358213940992e-10
9.229930030592340855e-11
1.169086681681685264e-10
1.414798190391246004e-10
1.193983951158573014e-10
9.275616749059327535e-11
1.130476822409185437e-10
9.596604391395718642e-11
1.090153696084080368e-10
1.255926042517523485e-10
9.671439713334481684e-11
9.215361403434625019e-11
9.488050721537569298e-11
9.203294961741401397e-11
1.097631961665643847e-10
1.534492764133277212e-10
1.810037041342985508e-10
9.500923661429469763e-11
1.079830769560357098e-10
9.352872525278180026e-11
1.094429869088649602e-10
2.246212379285774772e-10
9.444155209125882058e-11
1.096853487697091903e-10
1.453816204971378724e-10
1.112922169668480143e-10
1.038739488451059171e-10
1.139551341145857586e-10
1.154119392367719395e-10
2.479249599518718166e-10
9.731493668828684571e-11
9.675567666999490142e-11
1.129969755957784156e-10
9.984912300965443919e-11
1.007939842561013677e-10
1.340234910915517284e-10
1.070813972720810991e-10
9.721370217688884926e-11
1.347246595863510184e-10
9.475432134053924863e-11
1.148860604315210266e-10
9.441005027363630000e-11
1.247414504241014428e-10
1.082915377062168188e-10
1.476209882006570383e-10
1.033765896650928377e-10
9.635531584380249089e-11
1.538325176305275718e-10
1.393467438044398433e-10
1.157804874117304713e-10
9.562401871082250637e-11
9.349021402510538317e-11
1.081993486160719422e-10
9.756445124876633712e-11
9.331513388920037462e-11
1.050798592888235816e-10
1.033742379774063415e-10
1.065527898736538915e-10
9.464212076375651790e-11
9.450961553199831187e-11
1.143250973897884567e-10
9.970812925085343868e-11
1.865975014678307159e-10
1.696001705389552884e-10
9.217701537219631525e-11
9.746297927289021806e-11
9.538899333084638267e-11
1.039902505037819410e-10
1.226338992149879144e-10
9.683476570973398813e-11
1.265603209743168674e-10
1.028374158863438700e-10
1.154455710704356265e-10
1.263321038872001114e-10
1.313581788188727409e-10
1.384522174680733112e-10
1.496420472756549782e-10
1.790261416378751495e-10
1.200818448031781498e-10
9.768452051952969645e-11
1.504920499626114067e-10
9.286293340959889782e-11
9.469402997320728205e-11
1.273724245337721777e-10
9.284581932986655306e-11
9.274097570601157271e-11
1.075390277492869513e-10
1.015305032183859020e-10
1.187978165815318285e-10
9.754218482508829855e-11
9.866649706012684831e-11
1.317436079631515246e-10
9.572059159030628240e-11
9.721277156994676099e-11
1.528344257388100827e-10
1.145649791776698926e-10
9.366180308637063551e-11
1.105735396188147663e-10
1.090402011104614522e-10
1.525477295449751577e-10
1.465796176966933666e-10
9.642797548508764716e-11
1.509702017617926859e-10
9.562228779968290308e-11
1.117941606539511626e-10
1.117376016969805082e-10
9.689902284573678146e-11
1.118128251051310065e-10
1.266982840739011987e-10
9.553901432180797396e-11
1.132946774965562074e-10
1.103288591946320850e-10
1.014123350552555348e-10
1.012733969252209397e-10
9.579979947360346335e-11
1.102871996243844575e-10
1.014888369141708969e-10
1.434804510371371658e-10
1.380481922607272717e-10
9.443534791498078887e-11
9.729339525674230504e-11
1.134675245057074292e-10
1.011428316051284346e-10
1.141059416514592457e-10
1.294348241377564413e-10
1.192696723876180081e-10
1.092809644287243611e-10
1.098202256864923082e-10
2.340585032634960440e-10
1.953412586977158963e-10
1.218711201683799180e-10
1.657676753840536466e-10
1.255587592094161959e-10
9.489603251104178573e-11
1.495468451236461027e-10
9.260156213060206605e-11
1.008145692738089122e-10
2.656152464330738397e-10
1.299201038317687155e-10
1.282881123570701919e-10
1.018571920739203933e-10
1.492970464142381228e-10
9.528881192698129110e-11
1.136286407767657019e-10
1.090752654260505930e-10
9.851559220372976499e-11
1.490763316935672387e-10
1.278868779898584600e-10
1.267597774265495163e-10
1.829839435707766520e-10
9.483962386494095622e-11
1.473829926164734454e-10
1.414603836861397944e-10
1.519620066921202350e-10
1.019463464327418427e-10
1.423566713956109259e-10
1.431922447248829811e-10
9.672094057845340229e-11
9.820518039137762360e-11
9.830690321359992536e-11
1.388719025523364967e-10
2.699013606788111161e-10
1.007031859764751410e-10
1.115009355468881287e-10
2.045476987387456054e-10
1.022733561368158135e-10
1.086109153621946072e-10
9.491741575910890285e-11
9.624052532119084035e-11
9.962511912663569331e-11
1.397334812017698288e-10
1.506430885676920463e-10
9.188347214228915126e-11
2.009385310145335810e-10
1.301973477448645613e-10
1.013635985645636625e-10
9.760835255720040695e-11
1.272172065609300731e-10
9.495447007409659138e-11
1.038493573054138027e-10
1.431590850347680894e-10
2.027065227662517674e-10
9.507694431333728555e-11
1.239349805014755946e-10
1.697819318999874643e-10
1.129821540766125732e-10
1.031862454717682113e-10
1.092587014051461226e-10
1.006807760459620359e-10
1.313270680820080957e-10
1.185982924697671199e-10
9.974726112633005418e-11
9.410920598621867252e-11
1.046022136547192166e-10
3.610959245119378660e-10
1.896846908797935558e-10
1.149744780028986912e-10
1.167235035663650059e-10
9.432297468337663449e-11
1.606345530715424926e-10
1.133859423341147338e-10
1.474505485929496347e-10
1.000484908646016176e-10
1.845255221512502802e-10
1.360375373046979460e-10
2.234625979888381899e-10
9.806304434121913190e-11
9.428458815474629488e-11
1.736986579123251294e-10
1.875326033758805196e-10
9.316649192094259173e-11
1.330858537684513898e-10
1.530667597116527338e-10
1.519817304567960226e-10
1.388954002534956384e-10
9.181648022275691790e-11
1.098515878479973420e-10
2.725034605600264485e-10
1.088702097192775696e-10
9.361259961202060336e-11
1.406709415628234447e-10
1.540713087304635241e-10
1.396565701847263974e-10
1.432249557018209981e-10
1.117878470607100684e-10
9.949631089573432518e-11
9.244883755171644895e-11
9.577544600958874139e-11
9.382751811588993212e-11
1.000506083213887049e-10
1.120854819146613662e-10
1.363981093636603429e-10
1.119303759405765262e-10
1.115318837795384437e-10
1.322581955240455065e-10
9.808843899577145700e-11
9.300023052614952108e-11
9.465752150689057606e-11
1.097697509994799015e-10
9.658999798867457733e-11
1.155730806291212902e-10
9.883860365575289072e-11
9.870905093657210316e-11
9.358133483591646311e-11
1.027189383976985408e-10
9.510714605364253552e-11
9.815828310068337501e-11
9.631982801828234671e-11
1.198251759225638443e-10
1.053966107916617359e-10
1.262698114487922646e-10
1.312536163914530717e-10
9.827741000728211014e-11
2.018045758287158613e-10
9.603441508507145411e-11
1.071306991678034025e-10
1.426381484021654962e-10
9.440861815430402005e-11
1.298825531811130452e-10
1.112621751732777631e-10
9.337989881787899002e-11
1.057004237285253652e-10
9.699028789273397512e-11
9.563031270205924010e-11
2.012242924238324568e-10
1.359045509812233498e-10
1.406767785855008106e-10
1.144099937704347541e-10
9.229540496548950539e-11
1.418555568556974917e-10
1.522692542791913739e-10
9.936279184360036290e-11
9.178304977033376333e-11
1.162200681405534061e-10
1.115498990677554546e-10
1.118718197807410455e-10
1.349539101859773485e-10
1.022852247645947692e-10
9.852969543225291579e-11
1.000769220129102848e-10
1.759560604710021267e-10
1.123626154156072481e-10
9.653289582586969841e-11
1.365591329988702281e-10
1.039852789262055402e-10
1.507381072649805759e-10
1.036676904722322419e-10
1.687550475669144216e-10
1.065855641105223954e-10
9.440559472884347141e-11
2.089697775522453680e-10
1.547699502673183907e-10
1.260513904823544071e-10
9.425208430350095355e-11
1.151983370676563979e-10
1.972625406586184114e-10
1.331400463485442666e-10
9.737365077237600259e-11
1.448682293308783374e-10
9.938059330990464794e-11
1.037639792564437243e-10
1.000896230078159996e-10
2.506519797929427219e-10
9.808582284264691185e-11
9.482757776679001800e-11
9.496127782430173456e-11
1.000855406989701356e-10
9.423694435838903738e-11
1.481185091374328407e-10
1.310123798495144425e-10
9.621439139867349143e-11
1.050759471337909520e-10
9.276053068582504282e-11
9.630293992571110024e-11
1.556245689324788708e-10
1.321744098441274494e-10
1.071399588696577646e-10
1.116540902608384743e-10
1.150604271395670527e-10
1.131479493951004707e-10
1.130711935818958673e-10
1.075391697381143047e-10
1.612737947133287480e-10
9.299039491899436620e-11
1.080385238275889971e-10
2.834705067580920314e-10
2.015949245367041699e-10
9.686915491793345408e-11
1.198575925271079913e-10
9.361965296485174732e-11
1.451778742367372402e-10
1.456118029183203240e-10
9.574134205409061617e-11
1.211051644180299745e-10
1.267764991033924090e-10
9.830122022924433640e-11
1.555066689429678072e-10
9.240133945077047496e-11
1.456566688236834804e-10
1.671814165087005683e-10
1.349945293256536798e-10
9.749206910311395988e-11
1.127029468487879178e-10
1.210843037712365971e-10
9.268552337474130268e-11
1.496626762847662546e-10
1.016959753296773097e-10
1.106214769321740538e-10
1.677282481603575393e-10
9.461480683659227894e-11
9.252206922387531441e-11
1.015502110955371505e-10
1.641507935527433420e-10
1.246868214990406014e-10
9.938241894356545161e-11
1.006484318741344619e-10
9.583576984224603600e-11
9.636922645216803725e-11
1.184215753379439941e-10
1.127654840835062926e-10
1.038398413544152453e-10
1.249807975974887437e-10
1.014579135297959037e-10
1.420941796365607300e-10
1.060550830378064242e-10
1.237052950486313278e-10
1.430971689581742744e-10
9.301135495205573035e-11
1.248726987691982737e-10
9.272368027949650527e-11
1.087023769770745526e-10
1.078818787810590556e-10
1.589065450340247429e-10
1.832076636160400549e-10
1.155140093988924614e-10
9.697894215773235106e-11
1.272517682242762062e-10
9.858103466057554119e-11
1.367141211819969824e-10
1.015902137669309562e-10
1.372801451451463801e-10
1.113521415520321491e-10
1.067384417461435595e-10
1.020739312910143441e-10
2.092998392043084232e-10
9.666047686146615906e-11
1.039738727564086063e-10
9.392938171791759231e-11
1.328856450482401968e-10
9.306534830743786720e-11
1.207189244920570181e-10
9.177897215698632371e-11
9.661292415124466068e-11
1.293668352035686867e-10
1.498274064267308229e-10
2.933107246757802175e-10
1.207049360340433808e-10
1.208701403043863049e-10
1.246346675082029141e-10
1.170720917382609339e-10
1.123811972311443293e-10
1.003422914195537457e-10
1.002411701332694316e-10
1.395671893981050347e-10
1.157795556746420661e-10
1.207293186661740552e-10
1.310787854900493158e-10
1.598819153421454713e-10
1.722231176969762421e-10
1.036953980011677147e-10
1.050256573475579434e-10
9.486973325480470177e-11
2.573956940026937331e-10
1.383824274031128779e-10
1.207082728592687581e-10
9.444282469872344498e-11
1.385591767399968102e-10
1.302089984611883066e-10
1.258617168518717736e-10
2.928684100773645408e-10
1.595517415212343157e-10
1.175090175654783586e-10
9.289408686617036058e-11
1.360292145427881046e-10
1.161170807839267081e-10
1.179047071013707363e-10
1.165049906291250975e-10
1.678319641273615934e-10
1.367411650209939778e-10
1.183566994550626410e-10
9.809459440935852442e-11
2.458836955739394769e-10
1.021100401150775031e-10
9.350722486183948887e-11
9.463545172041519595e-11
1.306613500202837950e-10
1.398475936098438830e-10
1.085061442040866850e-10
1.299049402892333628e-10
9.286357916989234585e-11
1.244388572434714027e-10
9.346517428180033110e-11
9.833884545267288931e-11
1.209226871780355190e-10
1.711297310334568331e-10
9.500654641801757061e-11
1.315000621506815809e-10
1.474280329437728344e-10
1.031457540577880835e-10
1.051081099587671343e-10
2.077550961913566813e-10
1.021794030896968943e-10
1.075209938346849554e-10
1.261968766278302859e-10
9.765687122527721009e-11
1.322213450287188621e-10
1.100658953393155519e-10
1.272224771326404303e-10
9.907545222318725585e-11
9.895991498520658177e-11
1.386193380198465713e-10
1.204156086964374601e-10
1.000079491289713491e-10
1.023375807017463284e-10
1.419601575873416105e-10
9.567813519553397002e-11
9.425813968574495245e-11
9.637219590503321643e-11
2.140698024581392225e-10
1.057358788525047858e-10
1.017651381594279211e-10
1.223599810206956066e-10
9.258570069967141864e-11
1.948429453356723578e-10
9.565564235213745638e-11
9.653305188297288373e-11
1.360650454866451443e-10
1.198991675388547753e-10
9.992167444749412542e-11
1.126398338507502440e-10
1.021486627022548663e-10
1.370336299860507420e-10
1.947247381191018935e-10
9.319433785622476522e-11
9.619326063303037639e-11
1.226790784392830604e-10
1.153980569323263700e-10
9.751867655185787660e-11
1.299128832903721742e-10
1.024121437386260178e-10
1.722382569317585429e-10
1.098159040633101836e-10
9.779612933777795818e-11
1.309338733315129613e-10
1.033962832121006180e-10
9.822623935494676799e-11
9.594612044108624050e-11
9.575674515649081267e-11
1.034550504081218632e-10
9.642563237348659544e-11
1.043361419626337000e-10
9.705445491986164039e-11
1.032717471045216015e-10
1.447337202513453975e-10
1.237158461572344004e-10
1.003113607950949459e-10
9.946879873010476146e-11
1.467168643522612333e-10
1.276617146778858041e-10
9.383039785065560132e-11
2.436519307027188778e-10
1.637882699215301643e-10
1.629043962994628584e-10
1.070571665191804628e-10
2.197215171712398883e-10
9.350048504289963100e-11
9.692903821920343949e-11
1.205198725331605480e-10
9.449419369853363070e-11
1.065510722031703134e-10
1.851098756267888002e-10
1.257345920685932831e-10
1.060848306265302546e-10
1.132061990563218610e-10
9.710212888575388567e-11
9.338825272010266304e-11
1.023126663521048931e-10
2.466662675463433692e-10
1.092285910025495917e-10
9.211378730436383442e-11
1.108854991115236283e-10
9.345827126926165836e-11
9.178663793896422800e-11
9.945131516517313674e-11
1.680178966913858664e-10
1.022166668142148648e-10
1.011025242265363628e-10
1.391276927643314046e-10
9.699215283392464921e-11
1.040439010651402599e-10
9.711470394448046695e-11
1.019563143811942373e-10
1.472885627923945398e-10
9.821947632287027340e-11
9.335708290690251922e-11
1.052051257739088252e-10
1.203202750961061231e-10
1.788315190428001820e-10
2.844976780876533475e-10
1.749058465940909771e-10
1.097651487058024591e-10
9.943337271123541127e-11
1.047512285866632427e-10
1.528570780645813339e-10
1.090589968102949593e-10
9.470656699636123642e-11
1.601399533045692661e-10
9.239258320287650314e-11
9.910000967181095271e-11
1.309604052544535265e-10
1.199049767067331868e-10
1.412061685764991666e-10
9.483090642777800796e-11
1.379470527530541955e-10
1.011428316051284346e-10
9.706315267596447037e-11
9.772868339863724972e-11
1.780000126886667501e-10
1.506219426823140831e-10
1.122689822740927172e-10
9.629121055885831629e-11
1.134741626562594251e-10
1.079460041841291827e-10
9.284840276405669216e-11
1.021211825576754133e-10
1.015075064636166404e-10
1.643630935318551977e-10
2.161544351156076210e-10
9.401805384841173713e-11
1.082689556145045048e-10
1.065421971863328337e-10
1.016340814472713681e-10
1.102649755558454273e-10
1.050643548149882965e-10
1.221226247793462861e-10
1.057435161961066244e-10
1.047756348080447574e-10
1.113787197464778327e-10
1.003576781834806607e-10
9.192403770592751694e-11
1.168051555661492265e-10
1.385799912615105165e-10
1.296424618408851308e-10
9.706688007696171388e-11
9.601262247983984901e-11
1.446088540020682645e-10
9.804395608580172667e-11
1.147762594084119962e-10
9.417556593570568494e-11
1.018729739437079462e-10
9.367430069202170326e-11
1.891984850243175601e-10
