Fracture Radii List After Isolated Fracture and Cluster Removal
Format: xRadius yRadius Family# (-2 = userPolygon, -1 = userRectangle, 0 = userEllipse, > 0 is family in order of famProb)
45.3541 45.3541 1
37.7338 37.7338 1
34.5918 34.5918 1
120.95 120.95 3
53.3781 53.3781 2
40.5566 40.5566 3
48.6581 48.6581 2
44.2296 44.2296 1
59.2798 59.2798 3
88.4255 88.4255 3
46.0552 46.0552 3
87.8117 87.8117 2
37.3511 37.3511 1
105.204 105.204 3
36.7918 36.7918 2
41.9424 41.9424 3
53.9674 53.9674 3
43.714 43.714 3
73.838 73.838 1
56.884 56.884 3
50.5873 50.5873 3
34.4968 34.4968 1
46.6126 46.6126 3
41.6187 41.6187 3
31.551 31.551 3
57.4911 57.4911 3
37.7035 37.7035 2
31.8504 31.8504 3
35.5973 35.5973 2
30.5628 30.5628 3
44.6043 44.6043 3
31.4342 31.4342 2
30.6605 30.6605 3
43.7554 43.7554 3
31.9979 31.9979 3
36.328 36.328 3
41.824 41.824 1
48.7853 48.7853 3
76.2875 76.2875 1
69.9808 69.9808 1
67.3593 67.3593 1
59.3414 59.3414 3
225.283 225.283 2
65.6587 65.6587 2
43.4151 43.4151 3
58.0374 58.0374 3
35.378 35.378 3
39.9086 39.9086 2
32.8193 32.8193 2
242.669 242.669 3
60.0082 60.0082 1
42.8822 42.8822 3
66.2308 66.2308 3
338.745 338.745 3
31.3035 31.3035 3
51.7413 51.7413 3
56.7533 56.7533 3
66.8483 66.8483 2
32.9008 32.9008 2
52.2224 52.2224 3
67.4049 67.4049 2
44.7485 44.7485 1
44.6248 44.6248 3
39.7557 39.7557 1
47.2206 47.2206 3
43.9397 43.9397 1
96.8064 96.8064 3
30.3414 30.3414 3
39.7864 39.7864 3
31.2425 31.2425 1
94.0615 94.0615 1
35.1463 35.1463 3
40.989 40.989 3
36.3535 36.3535 3
39.529 39.529 3
37.1585 37.1585 2
40.1969 40.1969 3
37.9683 37.9683 3
65.1641 65.1641 3
60.7378 60.7378 3
61.3386 61.3386 3
35.4676 35.4676 2
43.4419 43.4419 2
54.6902 54.6902 3
40.5749 40.5749 3
35.8674 35.8674 2
46.0618 46.0618 1
141.687 141.687 1
37.0132 37.0132 2
234.185 234.185 1
35.3199 35.3199 3
42.3992 42.3992 1
30.5096 30.5096 1
34.3987 34.3987 3
35.3491 35.3491 2
33.3142 33.3142 3
54.6427 54.6427 2
39.4805 39.4805 2
52.0743 52.0743 2
51.9398 51.9398 3
52.8479 52.8479 2
31.1129 31.1129 2
32.0514 32.0514 2
33.6747 33.6747 3
30.831 30.831 2
36.5236 36.5236 2
46.2631 46.2631 3
35.2714 35.2714 3
55.2837 55.2837 1
65.6742 65.6742 2
111.287 111.287 3
56.818 56.818 3
41.4201 41.4201 3
39.8119 39.8119 2
122.305 122.305 2
57.544 57.544 2
89.4024 89.4024 3
31.4955 31.4955 3
32.3832 32.3832 2
34.5417 34.5417 3
39.2619 39.2619 2
30.2407 30.2407 1
87.9549 87.9549 3
34.4415 34.4415 1
35.2851 35.2851 2
113.133 113.133 2
33.3651 33.3651 2
30.4989 30.4989 3
43.103 43.103 3
47.2984 47.2984 3
43.9257 43.9257 3
32.0533 32.0533 2
43.1901 43.1901 2
31.8556 31.8556 2
33.7729 33.7729 3
60.0772 60.0772 3
31.4632 31.4632 3
34.2646 34.2646 3
218.341 218.341 3
35.99 35.99 2
52.8848 52.8848 3
39.3349 39.3349 3
39.4029 39.4029 1
90.7891 90.7891 1
44.1281 44.1281 2
49.3063 49.3063 1
53.3456 53.3456 1
38.5488 38.5488 3
31.8355 31.8355 1
47.9569 47.9569 1
34.3106 34.3106 3
31.66 31.66 3
50.0789 50.0789 2
153.355 153.355 2
50.0435 50.0435 1
44.7202 44.7202 2
51.2114 51.2114 3
37.593 37.593 1
36.0527 36.0527 3
31.507 31.507 2
30.0663 30.0663 2
61.8442 61.8442 2
48.461 48.461 3
30.5829 30.5829 3
38.7785 38.7785 3
40.2757 40.2757 3
81.0698 81.0698 3
32.1447 32.1447 2
41.5473 41.5473 2
35.249 35.249 3
54.3571 54.3571 3
35.2029 35.2029 3
45.5527 45.5527 3
31.9398 31.9398 2
38.3934 38.3934 1
51.689 51.689 1
129.659 129.659 3
36.7912 36.7912 2
31.2926 31.2926 2
40.4635 40.4635 1
31.8655 31.8655 2
39.5655 39.5655 2
75.062 75.062 3
213.623 213.623 1
60.1328 60.1328 2
34.8198 34.8198 3
68.2093 68.2093 2
36.0648 36.0648 3
30.4937 30.4937 3
46.9358 46.9358 3
212.409 212.409 3
32.4644 32.4644 3
32.5207 32.5207 2
53.9004 53.9004 3
31.2734 31.2734 3
52.8076 52.8076 2
48.9002 48.9002 3
39.9356 39.9356 3
44.6685 44.6685 3
39.0428 39.0428 2
47.181 47.181 3
39.675 39.675 2
43.2346 43.2346 1
31.0816 31.0816 1
32.7078 32.7078 3
63.9443 63.9443 2
30.9749 30.9749 3
67.4959 67.4959 1
58.1037 58.1037 1
37.8675 37.8675 1
103.761 103.761 2
41.9984 41.9984 3
44.0895 44.0895 3
61.5655 61.5655 3
37.013 37.013 3
30.885 30.885 2
34.8121 34.8121 2
34.1821 34.1821 3
33.0058 33.0058 3
32.4941 32.4941 3
41.7168 41.7168 2
50.2453 50.2453 2
56.2134 56.2134 3
44.056 44.056 3
42.473 42.473 3
53.0352 53.0352 3
35.6585 35.6585 3
40.8219 40.8219 2
39.8429 39.8429 2
89.9988 89.9988 2
60.3272 60.3272 2
32.6476 32.6476 3
64.8409 64.8409 3
33.5001 33.5001 3
33.8785 33.8785 2
31.6274 31.6274 3
45.5847 45.5847 2
62.746 62.746 3
31.369 31.369 3
46.5044 46.5044 3
30.5706 30.5706 3
39.4694 39.4694 3
34.9743 34.9743 2
58.4809 58.4809 1
34.4451 34.4451 3
123.753 123.753 3
50.6142 50.6142 3
103.074 103.074 3
33.3004 33.3004 1
35.8358 35.8358 3
32.7514 32.7514 1
37.1073 37.1073 3
37.5343 37.5343 3
39.7006 39.7006 3
102.119 102.119 3
38.6763 38.6763 3
67.2981 67.2981 3
91.6711 91.6711 3
72.0904 72.0904 1
37.0539 37.0539 3
35.6547 35.6547 3
32.1232 32.1232 3
35.5493 35.5493 1
30.042 30.042 3
45.0468 45.0468 3
219.672 219.672 3
102.93 102.93 3
31.253 31.253 3
32.9343 32.9343 3
70.183 70.183 3
41.2052 41.2052 1
33.7037 33.7037 3
36.1952 36.1952 2
32.3769 32.3769 2
64.9474 64.9474 1
206.891 206.891 2
36.0476 36.0476 3
32.9332 32.9332 3
31.0943 31.0943 3
31.106 31.106 3
31.3141 31.3141 3
30.4215 30.4215 3
53.3933 53.3933 2
34.1066 34.1066 1
44.2348 44.2348 1
41.7015 41.7015 3
30.134 30.134 2
44.1363 44.1363 3
48.752 48.752 2
33.3735 33.3735 3
30.7196 30.7196 2
39.1351 39.1351 3
78.3151 78.3151 3
36.9105 36.9105 2
30.3916 30.3916 3
77.0497 77.0497 2
33.6802 33.6802 3
31.0209 31.0209 1
33.4843 33.4843 3
31.217 31.217 3
55.3796 55.3796 3
35.7483 35.7483 3
78.1824 78.1824 1
35.861 35.861 3
69.1892 69.1892 1
161.648 161.648 3
36.8964 36.8964 3
35.2557 35.2557 2
35.8392 35.8392 1
33.2962 33.2962 2
196.476 196.476 3
31.2247 31.2247 3
34.7612 34.7612 2
43.8236 43.8236 2
31.0364 31.0364 3
47.3476 47.3476 3
120.493 120.493 1
44.538 44.538 3
33.3853 33.3853 3
42.6615 42.6615 3
69.8684 69.8684 3
36.5257 36.5257 3
68.6082 68.6082 2
31.3521 31.3521 1
34.6057 34.6057 3
85.9137 85.9137 3
221.81 221.81 3
38.3792 38.3792 3
93.2409 93.2409 3
32.7918 32.7918 1
33.273 33.273 3
35.3611 35.3611 3
36.725 36.725 3
56.3881 56.3881 3
64.0851 64.0851 2
36.3062 36.3062 2
40.1711 40.1711 1
39.6235 39.6235 2
30.5736 30.5736 2
36.0547 36.0547 3
31.8922 31.8922 3
40.4909 40.4909 3
35.1093 35.1093 2
36.3269 36.3269 3
53.2233 53.2233 1
41.7544 41.7544 3
53.0469 53.0469 3
129.519 129.519 2
87.8893 87.8893 3
41.2899 41.2899 2
58.7595 58.7595 2
49.9183 49.9183 3
101.253 101.253 2
37.641 37.641 3
37.3498 37.3498 3
33.3194 33.3194 2
30.947 30.947 1
32.5746 32.5746 3
70.7645 70.7645 2
68.6917 68.6917 2
30.678 30.678 1
36.557 36.557 3
30.3486 30.3486 3
53.2896 53.2896 3
42.5222 42.5222 2
45.8601 45.8601 3
54.4055 54.4055 3
79.7201 79.7201 3
37.9964 37.9964 3
73.5442 73.5442 1
65.7939 65.7939 1
39.7763 39.7763 2
109.209 109.209 3
68.9905 68.9905 1
64.0965 64.0965 3
31.4947 31.4947 3
44.5584 44.5584 1
34.4996 34.4996 2
36.9106 36.9106 1
37.8219 37.8219 1
31.5346 31.5346 2
32.5284 32.5284 3
71.4049 71.4049 2
48.1334 48.1334 1
34.195 34.195 1
49.4473 49.4473 3
54.2783 54.2783 3
51.9015 51.9015 1
74.2309 74.2309 3
31.4026 31.4026 2
31.6157 31.6157 1
45.9138 45.9138 2
43.2966 43.2966 3
67.5448 67.5448 3
50.6235 50.6235 1
37.1136 37.1136 3
71.1733 71.1733 3
69.7485 69.7485 3
31.1235 31.1235 3
31.3807 31.3807 3
53.4555 53.4555 3
30.4225 30.4225 3
62.3087 62.3087 3
47.9202 47.9202 3
47.0349 47.0349 2
37.2964 37.2964 1
38.6036 38.6036 1
46.2878 46.2878 2
45.2108 45.2108 3
32.912 32.912 3
30.2646 30.2646 2
31.3614 31.3614 2
31.3924 31.3924 3
32.9626 32.9626 3
61.117 61.117 3
94.6722 94.6722 2
48.6905 48.6905 1
78.1612 78.1612 1
159.065 159.065 3
30.7602 30.7602 3
30.4807 30.4807 3
43.2662 43.2662 3
83.7041 83.7041 2
48.6646 48.6646 1
35.361 35.361 2
42.6813 42.6813 2
38.1455 38.1455 3
37.0061 37.0061 3
45.7405 45.7405 3
33.3768 33.3768 2
35.5788 35.5788 1
30.5451 30.5451 1
30.3517 30.3517 2
343.996 343.996 2
33.2262 33.2262 2
41.0591 41.0591 2
37.6515 37.6515 1
67.7361 67.7361 3
31.2335 31.2335 3
37.6146 37.6146 2
35.6651 35.6651 3
53.2648 53.2648 2
45.9478 45.9478 3
130.466 130.466 3
39.3097 39.3097 2
71.3674 71.3674 2
50.9039 50.9039 3
33.2769 33.2769 3
31.1484 31.1484 3
30.8304 30.8304 2
43.378 43.378 3
53.4893 53.4893 3
37.8975 37.8975 1
102.24 102.24 3
55.1201 55.1201 2
122.916 122.916 1
60.1568 60.1568 2
57.1922 57.1922 3
55.0464 55.0464 3
38.8447 38.8447 3
56.1025 56.1025 1
42.1178 42.1178 3
41.7649 41.7649 3
33.9983 33.9983 2
65.7775 65.7775 3
107.099 107.099 1
61.0747 61.0747 3
38.4099 38.4099 1
102.091 102.091 3
39.3531 39.3531 3
64.221 64.221 1
103.493 103.493 3
136.976 136.976 1
30.3075 30.3075 1
35.8634 35.8634 2
46.9472 46.9472 3
43.2124 43.2124 2
32.0115 32.0115 3
35.6569 35.6569 1
165.602 165.602 3
146.231 146.231 3
31.2791 31.2791 3
35.266 35.266 1
32.8092 32.8092 2
49.4707 49.4707 2
34.9189 34.9189 3
45.158 45.158 3
35.1588 35.1588 2
43.0013 43.0013 2
36.8966 36.8966 1
62.6397 62.6397 3
32.328 32.328 3
115.265 115.265 3
83.9335 83.9335 3
44.6471 44.6471 1
51.7421 51.7421 3
72.1719 72.1719 3
31.1236 31.1236 3
40.5201 40.5201 2
32.5853 32.5853 2
72.6007 72.6007 2
68.4316 68.4316 3
37.5704 37.5704 3
39.5323 39.5323 3
43.3704 43.3704 3
40.1066 40.1066 3
31.8234 31.8234 2
84.6246 84.6246 2
40.8448 40.8448 3
43.6127 43.6127 3
52.568 52.568 1
30.7296 30.7296 2
38.4738 38.4738 2
32.7012 32.7012 3
34.84 34.84 1
37.9655 37.9655 2
34.3344 34.3344 3
245.451 245.451 2
30.9738 30.9738 3
55.3945 55.3945 3
54.66 54.66 3
38.9098 38.9098 1
31.3082 31.3082 1
36.6775 36.6775 3
33.3932 33.3932 2
33.6859 33.6859 3
33.2726 33.2726 3
30.2589 30.2589 3
32.0829 32.0829 3
81.8285 81.8285 1
36.0964 36.0964 3
34.0832 34.0832 1
35.3427 35.3427 3
33.7502 33.7502 3
36.8932 36.8932 1
31.8512 31.8512 3
39.2624 39.2624 1
31.3526 31.3526 3
82.4062 82.4062 3
31.0854 31.0854 2
76.5477 76.5477 2
30.1107 30.1107 1
32.0177 32.0177 1
36.759 36.759 3
56.8752 56.8752 1
93.903 93.903 1
33.5109 33.5109 1
37.5926 37.5926 3
31.0808 31.0808 2
55.3374 55.3374 3
41.9113 41.9113 3
43.5297 43.5297 3
118.151 118.151 3
31.1061 31.1061 3
30.7432 30.7432 3
115.222 115.222 3
31.6428 31.6428 3
68.1864 68.1864 1
47.8684 47.8684 1
30.0693 30.0693 3
34.2894 34.2894 2
30.4854 30.4854 2
36.8217 36.8217 3
30.1056 30.1056 3
35.1063 35.1063 3
31.3199 31.3199 1
76.0711 76.0711 2
66.1037 66.1037 2
33.0392 33.0392 3
32.8155 32.8155 2
38.4468 38.4468 3
35.999 35.999 3
58.4832 58.4832 3
46.2836 46.2836 2
48.2572 48.2572 3
66.2488 66.2488 1
42.2206 42.2206 3
35.1413 35.1413 3
31.136 31.136 3
72.139 72.139 3
33.2937 33.2937 1
47.254 47.254 1
33.4905 33.4905 2
76.7037 76.7037 3
58.5113 58.5113 3
49.7333 49.7333 3
62.2106 62.2106 2
36.6948 36.6948 3
81.3802 81.3802 1
69.4322 69.4322 1
33.861 33.861 2
58.2023 58.2023 3
32.6037 32.6037 3
37.7921 37.7921 3
47.4915 47.4915 2
39.6243 39.6243 3
45.0596 45.0596 3
150.718 150.718 2
74.4211 74.4211 3
35.0608 35.0608 1
67.8974 67.8974 1
31.5812 31.5812 3
78.9708 78.9708 2
31.2531 31.2531 3
54.298 54.298 3
30.268 30.268 3
40.5838 40.5838 3
53.0473 53.0473 3
31.8169 31.8169 3
35.4336 35.4336 1
42.2924 42.2924 3
32.562 32.562 1
30.6959 30.6959 3
33.4465 33.4465 2
59.2892 59.2892 1
66.8423 66.8423 3
33.7008 33.7008 3
62.4347 62.4347 2
35.4941 35.4941 3
34.3338 34.3338 3
30.556 30.556 1
32.2111 32.2111 1
98.5556 98.5556 3
45.735 45.735 2
49.1922 49.1922 3
37.7137 37.7137 1
55.0323 55.0323 3
31.6694 31.6694 3
65.7053 65.7053 2
37.1823 37.1823 3
41.0985 41.0985 3
35.0764 35.0764 3
32.0455 32.0455 1
36.1637 36.1637 3
40.2302 40.2302 2
31.3211 31.3211 3
35.1959 35.1959 2
30.5291 30.5291 3
30.9071 30.9071 1
39.888 39.888 1
44.3486 44.3486 2
132.956 132.956 3
51.3695 51.3695 1
45.7809 45.7809 3
31.3864 31.3864 3
43.1172 43.1172 2
53.2738 53.2738 3
101.827 101.827 1
59.9306 59.9306 3
41.3475 41.3475 2
39.0297 39.0297 2
503.264 503.264 2
49.5278 49.5278 3
50.7201 50.7201 1
33.7495 33.7495 2
117.495 117.495 3
34.9436 34.9436 1
42.0703 42.0703 3
36.1896 36.1896 2
99.2266 99.2266 3
31.1707 31.1707 2
111.766 111.766 1
45.4166 45.4166 1
32.3004 32.3004 3
74.1874 74.1874 3
35.035 35.035 1
57.6111 57.6111 3
36.2801 36.2801 1
55.6026 55.6026 3
31.4158 31.4158 3
85.6567 85.6567 1
44.4215 44.4215 2
48.4289 48.4289 3
33.2571 33.2571 1
35.7113 35.7113 3
30.6437 30.6437 3
148.707 148.707 2
62.3938 62.3938 3
32.0998 32.0998 3
34.3348 34.3348 3
43.3529 43.3529 3
42.2544 42.2544 3
32.2413 32.2413 3
75.1071 75.1071 3
32.1329 32.1329 3
57.0289 57.0289 3
49.1724 49.1724 2
35.684 35.684 3
30.2709 30.2709 3
58.7267 58.7267 2
39.4182 39.4182 3
30.1088 30.1088 2
52.9296 52.9296 1
41.6121 41.6121 2
31.6 31.6 3
63.9035 63.9035 1
34.0738 34.0738 3
42.1707 42.1707 3
30.3904 30.3904 1
35.1773 35.1773 2
43.2491 43.2491 3
67.4273 67.4273 3
48.4884 48.4884 1
147.235 147.235 2
74.978 74.978 3
35.9052 35.9052 2
35.3306 35.3306 1
41.0666 41.0666 2
33.2358 33.2358 3
31.1647 31.1647 1
38.676 38.676 3
62.3469 62.3469 3
83.9792 83.9792 1
48.2219 48.2219 1
62.0914 62.0914 3
38.7496 38.7496 3
36.1344 36.1344 2
41.0353 41.0353 1
32.8751 32.8751 3
34.1276 34.1276 1
35.564 35.564 2
34.911 34.911 3
109.942 109.942 3
37.1569 37.1569 1
42.4805 42.4805 2
79.6276 79.6276 3
91.6383 91.6383 1
45.4193 45.4193 3
41.4349 41.4349 3
48.7836 48.7836 2
54.7891 54.7891 2
37.055 37.055 2
31.4896 31.4896 2
30.707 30.707 3
51.1607 51.1607 3
33.1718 33.1718 3
49.6762 49.6762 2
56.4626 56.4626 3
92.2856 92.2856 1
57.0458 57.0458 2
42.5551 42.5551 2
44.1333 44.1333 3
36.9611 36.9611 3
68.7124 68.7124 3
43.8955 43.8955 1
58.5848 58.5848 2
38.6841 38.6841 2
32.0712 32.0712 3
32.635 32.635 3
86.9397 86.9397 3
35.486 35.486 2
37.4391 37.4391 3
40.1688 40.1688 1
50.9395 50.9395 1
36.4967 36.4967 3
75.1473 75.1473 1
43.0022 43.0022 2
40.7962 40.7962 3
71.9857 71.9857 3
223.944 223.944 2
33.1052 33.1052 3
59.5689 59.5689 3
32.2801 32.2801 2
32.8233 32.8233 3
32.6676 32.6676 3
46.9873 46.9873 3
55.977 55.977 3
76.6092 76.6092 3
36.0309 36.0309 3
164.315 164.315 3
43.2871 43.2871 2
65.0188 65.0188 2
46.7635 46.7635 2
68.737 68.737 3
42.397 42.397 1
40.4531 40.4531 1
40.0073 40.0073 3
46.4584 46.4584 3
81.6845 81.6845 3
30.7153 30.7153 1
40.3519 40.3519 2
35.0811 35.0811 2
57.7108 57.7108 2
39.6755 39.6755 3
47.4478 47.4478 2
46.8287 46.8287 3
110.518 110.518 1
46.6598 46.6598 3
36.8014 36.8014 2
30.9855 30.9855 3
38.5417 38.5417 2
32.095 32.095 3
40.0849 40.0849 3
60.7826 60.7826 2
38.0444 38.0444 3
30.1103 30.1103 2
32.7583 32.7583 1
52.2372 52.2372 3
38.831 38.831 3
78.5911 78.5911 3
38.1906 38.1906 3
48.0019 48.0019 1
40.2953 40.2953 2
368.133 368.133 3
35.2223 35.2223 3
31.416 31.416 3
32.9777 32.9777 3
47.5952 47.5952 1
39.169 39.169 2
32.8218 32.8218 3
30.0186 30.0186 2
36.4958 36.4958 3
38.4889 38.4889 2
41.9395 41.9395 3
30.0586 30.0586 3
32.9635 32.9635 3
44.9968 44.9968 1
30.7832 30.7832 2
102.572 102.572 1
37.1547 37.1547 3
48.9376 48.9376 3
55.9564 55.9564 3
33.0694 33.0694 2
142.644 142.644 3
90.0124 90.0124 2
55.0014 55.0014 3
32.0729 32.0729 3
82.9102 82.9102 2
36.6107 36.6107 3
58.7289 58.7289 3
31.7357 31.7357 2
32.2867 32.2867 2
30.0323 30.0323 3
30.7495 30.7495 3
50.479 50.479 1
35.8784 35.8784 2
68.785 68.785 3
34.1885 34.1885 1
30.2488 30.2488 3
97.2893 97.2893 1
55.9654 55.9654 3
30.1309 30.1309 2
40.3105 40.3105 3
41.3713 41.3713 1
62.4462 62.4462 3
39.9033 39.9033 3
97.8863 97.8863 3
61.2555 61.2555 1
31.0897 31.0897 2
42.9361 42.9361 1
48.7508 48.7508 1
104.082 104.082 3
30.7375 30.7375 3
80.408 80.408 3
31.5836 31.5836 1
32.1709 32.1709 3
34.2306 34.2306 2
31.4752 31.4752 1
33.4815 33.4815 3
33.2939 33.2939 3
33.608 33.608 1
44.0942 44.0942 3
42.6688 42.6688 3
38.6006 38.6006 2
30.5776 30.5776 3
33.2127 33.2127 1
43.8192 43.8192 3
43.6031 43.6031 2
35.8906 35.8906 1
44.3439 44.3439 2
61.3502 61.3502 3
41.4721 41.4721 2
43.0393 43.0393 2
30.0984 30.0984 1
34.3108 34.3108 3
44.2033 44.2033 3
84.1259 84.1259 3
31.3759 31.3759 1
73.8837 73.8837 3
53.7573 53.7573 3
47.0563 47.0563 3
53.2286 53.2286 2
36.1794 36.1794 3
42.7997 42.7997 1
41.481 41.481 3
37.0466 37.0466 1
37.886 37.886 3
32.3327 32.3327 3
30.0763 30.0763 3
34.6922 34.6922 3
47.5201 47.5201 1
45.5603 45.5603 1
111.234 111.234 3
89.4142 89.4142 3
43.7998 43.7998 3
40.7773 40.7773 3
45.4514 45.4514 2
59.2343 59.2343 2
31.9426 31.9426 2
67.8125 67.8125 3
37.3903 37.3903 1
159.934 159.934 3
42.2228 42.2228 1
56.9191 56.9191 2
47.3352 47.3352 3
33.3592 33.3592 3
42.6408 42.6408 3
36.9203 36.9203 3
64.043 64.043 1
40.064 40.064 3
31.3115 31.3115 3
76.87 76.87 2
62.6377 62.6377 2
32.7642 32.7642 3
38.5635 38.5635 3
38.3764 38.3764 3
47.9392 47.9392 3
32.7982 32.7982 3
102.305 102.305 3
51.5069 51.5069 3
54.7582 54.7582 3
61.2538 61.2538 3
37.3572 37.3572 2
36.4362 36.4362 3
46.3989 46.3989 2
35.7411 35.7411 3
31.439 31.439 3
36.3818 36.3818 3
48.9638 48.9638 3
67.0011 67.0011 2
32.9646 32.9646 2
55.0173 55.0173 1
35.8182 35.8182 3
94.2403 94.2403 2
33.403 33.403 3
35.9588 35.9588 1
45.8671 45.8671 3
31.9774 31.9774 1
43.5071 43.5071 3
30.1272 30.1272 3
38.8264 38.8264 3
56.1644 56.1644 3
31.2289 31.2289 1
46.3888 46.3888 3
75.4963 75.4963 3
37.4413 37.4413 3
69.8391 69.8391 2
48.1273 48.1273 1
45.2507 45.2507 2
40.7633 40.7633 1
58.2655 58.2655 3
97.9083 97.9083 3
55.1968 55.1968 3
31.9205 31.9205 1
41.5779 41.5779 3
84.1724 84.1724 3
33.6169 33.6169 3
59.3108 59.3108 2
30.9445 30.9445 1
77.1455 77.1455 2
53.3613 53.3613 2
110.856 110.856 2
46.4518 46.4518 3
62.3581 62.3581 2
103.89 103.89 3
41.815 41.815 1
30.137 30.137 3
40.1361 40.1361 2
33.4668 33.4668 2
65.3494 65.3494 1
41.6732 41.6732 1
52.5878 52.5878 3
30.9498 30.9498 1
35.0505 35.0505 1
35.3706 35.3706 3
38.8543 38.8543 3
82.2822 82.2822 3
57.3684 57.3684 3
32.9092 32.9092 3
51.7876 51.7876 2
34.5317 34.5317 1
119.388 119.388 3
47.028 47.028 3
35.7119 35.7119 3
32.4707 32.4707 2
42.1694 42.1694 1
57.0068 57.0068 1
97.9749 97.9749 3
31.9892 31.9892 3
71.625 71.625 1
36.9482 36.9482 3
34.4425 34.4425 2
34.2948 34.2948 2
31.1088 31.1088 3
41.4826 41.4826 2
78.2504 78.2504 1
33.4834 33.4834 3
36.6072 36.6072 1
78.6252 78.6252 2
41.1083 41.1083 3
93.3386 93.3386 2
30.3344 30.3344 1
34.9441 34.9441 1
30.5031 30.5031 3
44.0045 44.0045 2
58.947 58.947 3
39.6097 39.6097 3
42.2931 42.2931 1
32.2011 32.2011 1
30.1822 30.1822 3
54.3522 54.3522 3
55.023 55.023 3
44.9853 44.9853 3
31.5613 31.5613 2
70.7591 70.7591 2
264.069 264.069 3
54.8792 54.8792 3
38.3563 38.3563 3
30.7575 30.7575 3
101.694 101.694 2
62.4055 62.4055 3
42.5247 42.5247 1
43.1493 43.1493 2
127.641 127.641 2
293.307 293.307 3
35.5289 35.5289 1
40.6955 40.6955 3
38.7916 38.7916 3
34.5718 34.5718 3
34.1333 34.1333 3
50.8028 50.8028 3
39.4467 39.4467 3
34.8955 34.8955 1
190.308 190.308 1
35.0492 35.0492 3
56.5006 56.5006 1
54.0034 54.0034 1
66.1587 66.1587 3
39.7599 39.7599 2
33.1935 33.1935 3
130.5 130.5 1
35.584 35.584 3
71.1387 71.1387 2
54.4985 54.4985 1
31.9119 31.9119 2
53.5919 53.5919 3
36.6853 36.6853 3
47.8534 47.8534 1
50.2251 50.2251 2
230.973 230.973 1
30.8578 30.8578 3
38.2101 38.2101 2
43.9093 43.9093 2
47.5469 47.5469 3
34.7157 34.7157 3
39.2183 39.2183 3
43.5376 43.5376 1
31.4892 31.4892 1
53.8535 53.8535 3
35.6485 35.6485 2
37.1029 37.1029 3
60.6167 60.6167 1
30.3752 30.3752 2
34.1822 34.1822 3
38.0249 38.0249 1
39.4992 39.4992 3
31.2587 31.2587 1
204.78 204.78 3
31.2429 31.2429 1
42.4269 42.4269 2
39.9693 39.9693 3
32.3417 32.3417 2
49.4616 49.4616 3
171.384 171.384 3
44.5772 44.5772 3
34.9624 34.9624 1
40.9017 40.9017 3
37.7542 37.7542 3
44.3177 44.3177 3
34.9163 34.9163 3
68.2938 68.2938 2
30.7759 30.7759 3
41.113 41.113 3
63.1328 63.1328 2
100.115 100.115 2
63.945 63.945 2
35.1608 35.1608 1
34.1299 34.1299 1
35.3501 35.3501 3
120.991 120.991 3
38.8532 38.8532 1
33.2302 33.2302 2
51.7945 51.7945 2
35.6361 35.6361 1
43.124 43.124 3
123.186 123.186 3
30.8661 30.8661 3
38.2734 38.2734 3
48.0812 48.0812 3
92.4464 92.4464 3
50.1085 50.1085 1
119.166 119.166 2
30.5387 30.5387 3
53.73 53.73 2
46.2132 46.2132 3
55.0127 55.0127 1
56.0663 56.0663 1
30.2566 30.2566 3
66.9601 66.9601 3
41.507 41.507 1
57.4528 57.4528 3
36.5528 36.5528 3
37.1608 37.1608 3
62.9297 62.9297 3
78.598 78.598 1
35.5823 35.5823 2
40.9085 40.9085 1
50.5304 50.5304 1
30.6327 30.6327 1
37.1494 37.1494 3
77.3268 77.3268 3
70.5614 70.5614 1
30.6342 30.6342 3
137.623 137.623 2
38.3877 38.3877 3
48.1337 48.1337 3
394.115 394.115 1
32.1486 32.1486 2
36.2198 36.2198 3
50.0608 50.0608 2
34.7966 34.7966 3
60.1614 60.1614 3
45.9719 45.9719 2
62.4721 62.4721 3
37.3597 37.3597 3
48.4259 48.4259 3
46.4195 46.4195 2
77.3866 77.3866 3
34.7082 34.7082 3
34.6969 34.6969 3
49.1906 49.1906 3
44.1583 44.1583 2
45.8202 45.8202 1
33.8899 33.8899 1
30.269 30.269 2
31.5535 31.5535 1
44.4981 44.4981 3
55.4601 55.4601 2
32.0795 32.0795 2
185.551 185.551 1
59.0661 59.0661 3
87.1967 87.1967 3
55.4771 55.4771 2
48.453 48.453 3
83.2044 83.2044 3
47.8828 47.8828 1
65.8535 65.8535 3
32.5839 32.5839 1
47.0058 47.0058 3
50.9442 50.9442 3
39.544 39.544 1
32.6956 32.6956 2
30.1072 30.1072 3
114.675 114.675 3
36.5723 36.5723 1
31.407 31.407 3
31.6068 31.6068 1
45.5527 45.5527 1
32.0346 32.0346 3
62.6381 62.6381 2
68.0714 68.0714 1
42.6177 42.6177 2
41.4146 41.4146 1
33.569 33.569 2
30.5609 30.5609 3
38.2803 38.2803 1
35.8018 35.8018 2
32.4262 32.4262 2
40.8379 40.8379 1
48.4818 48.4818 2
40.8864 40.8864 3
34.3913 34.3913 3
39.9987 39.9987 3
42.4863 42.4863 2
31.9378 31.9378 1
51.136 51.136 3
55.0039 55.0039 3
37.1858 37.1858 3
105.243 105.243 2
31.3941 31.3941 2
30.6249 30.6249 3
39.3776 39.3776 2
31.6386 31.6386 2
33.0673 33.0673 1
54.1383 54.1383 3
59.2284 59.2284 1
49.9927 49.9927 3
34.2943 34.2943 2
37.6572 37.6572 3
39.3799 39.3799 3
59.2801 59.2801 2
43.9062 43.9062 3
48.055 48.055 2
30.1378 30.1378 3
36.1406 36.1406 2
53.1892 53.1892 1
31.6487 31.6487 3
30.3028 30.3028 1
57.0874 57.0874 3
60.7411 60.7411 2
32.9248 32.9248 2
32.8204 32.8204 3
32.24 32.24 3
63.2772 63.2772 1
36.153 36.153 1
74.1397 74.1397 3
47.9963 47.9963 3
95.9192 95.9192 3
152.302 152.302 3
41.5353 41.5353 2
50.5173 50.5173 1
35.477 35.477 3
101.066 101.066 1
34.8153 34.8153 3
55.3923 55.3923 3
34.9786 34.9786 1
31.5232 31.5232 1
46.7981 46.7981 3
83.14 83.14 1
38.1113 38.1113 2
86.3872 86.3872 3
67.9444 67.9444 2
30.1612 30.1612 3
30.703 30.703 1
33.9089 33.9089 2
58.386 58.386 3
46.8273 46.8273 3
54.6482 54.6482 3
61.1382 61.1382 1
38.2593 38.2593 2
46.9749 46.9749 1
34.9373 34.9373 3
35.3511 35.3511 3
40.5959 40.5959 2
47.7933 47.7933 1
193.761 193.761 2
92.5403 92.5403 1
53.488 53.488 2
67.7163 67.7163 3
36.3566 36.3566 3
36.423 36.423 3
33.031 33.031 3
93.3531 93.3531 3
72.8539 72.8539 3
40.4306 40.4306 2
32.6072 32.6072 3
43.0735 43.0735 3
63.9688 63.9688 3
79.487 79.487 2
38.8174 38.8174 3
33.5874 33.5874 3
58.0423 58.0423 1
46.3494 46.3494 2
37.6905 37.6905 1
33.8603 33.8603 2
35.6191 35.6191 2
91.5618 91.5618 3
46.6693 46.6693 2
37.3638 37.3638 1
31.3801 31.3801 3
33.2327 33.2327 3
62.4754 62.4754 3
46.9632 46.9632 3
34.3049 34.3049 1
38.297 38.297 3
40.0935 40.0935 1
43.4869 43.4869 3
46.3213 46.3213 3
36.9676 36.9676 2
99.2128 99.2128 3
33.0045 33.0045 3
59.3215 59.3215 3
42.1349 42.1349 3
33.7461 33.7461 3
44.9389 44.9389 3
34.395 34.395 3
43.4049 43.4049 2
39.4428 39.4428 3
52.4555 52.4555 3
64.4795 64.4795 3
37.4111 37.4111 3
84.9057 84.9057 3
50.0435 50.0435 3
64.3487 64.3487 1
39.6644 39.6644 2
72.3302 72.3302 1
32.103 32.103 2
32.0435 32.0435 2
35.8432 35.8432 3
44.4191 44.4191 3
66.3496 66.3496 3
34.3063 34.3063 1
34.2821 34.2821 3
41.5166 41.5166 2
44.3907 44.3907 1
42.2682 42.2682 3
32.9473 32.9473 3
83.6453 83.6453 1
30.3526 30.3526 2
34.324 34.324 3
31.76 31.76 2
37.6434 37.6434 3
35.0725 35.0725 2
37.454 37.454 3
34.9884 34.9884 3
55.1348 55.1348 1
34.773 34.773 2
166.559 166.559 2
62.0593 62.0593 3
40.1317 40.1317 3
42.5263 42.5263 3
44.6512 44.6512 3
42.8101 42.8101 3
35.2632 35.2632 2
45.8567 45.8567 2
47.4416 47.4416 2
48.8999 48.8999 3
59.2305 59.2305 3
79.0381 79.0381 3
33.3313 33.3313 1
35.7035 35.7035 2
31.0357 31.0357 2
44.3904 44.3904 3
33.6931 33.6931 3
37.1874 37.1874 3
42.5988 42.5988 2
93.0671 93.0671 2
37.3983 37.3983 2
41.7036 41.7036 3
40.4527 40.4527 3
44.5761 44.5761 3
78.8536 78.8536 3
31.4389 31.4389 2
72.3118 72.3118 3
77.0976 77.0976 3
78.5848 78.5848 3
47.3732 47.3732 1
59.2247 59.2247 3
50.5871 50.5871 2
208.23 208.23 3
34.3034 34.3034 2
67.631 67.631 3
33.576 33.576 3
30.4284 30.4284 2
34.6765 34.6765 3
38.501 38.501 3
48.6133 48.6133 3
33.7377 33.7377 3
31.0004 31.0004 1
67.8503 67.8503 2
36.7875 36.7875 3
31.84 31.84 3
38.6426 38.6426 2
80.548 80.548 2
55.4149 55.4149 2
119.273 119.273 3
44.3534 44.3534 3
34.2916 34.2916 1
48.3343 48.3343 3
43.7298 43.7298 2
33.3952 33.3952 3
96.6897 96.6897 2
98.5331 98.5331 3
44.0114 44.0114 3
49.4889 49.4889 3
47.2651 47.2651 3
52.2139 52.2139 3
38.8592 38.8592 1
42.6647 42.6647 3
34.8294 34.8294 3
43.5055 43.5055 2
30.5462 30.5462 2
103.784 103.784 2
30.5977 30.5977 1
64.3354 64.3354 2
50.9316 50.9316 2
135.611 135.611 3
32.6968 32.6968 3
32.8036 32.8036 1
56.7424 56.7424 3
46.0007 46.0007 3
32.5236 32.5236 3
62.9464 62.9464 3
42.4614 42.4614 2
38.4632 38.4632 2
41.7799 41.7799 2
89.3142 89.3142 2
40.2796 40.2796 3
42.8467 42.8467 2
44.0814 44.0814 1
47.8972 47.8972 2
37.8923 37.8923 2
100.753 100.753 3
32.8315 32.8315 3
45.0396 45.0396 1
30.7374 30.7374 1
30.9906 30.9906 3
88.3877 88.3877 1
30.3392 30.3392 1
50.9976 50.9976 1
30.3035 30.3035 2
84.1665 84.1665 3
32.1362 32.1362 3
57.03 57.03 3
43.2532 43.2532 3
35.071 35.071 3
37.0628 37.0628 2
41.4321 41.4321 3
43.3263 43.3263 2
41.5674 41.5674 2
39.9129 39.9129 3
34.8009 34.8009 2
37.9006 37.9006 2
47.6865 47.6865 3
48.4091 48.4091 3
35.7125 35.7125 2
38.8698 38.8698 2
48.4866 48.4866 3
69.0387 69.0387 2
44.5644 44.5644 1
41.0149 41.0149 3
36.5758 36.5758 3
66.9825 66.9825 1
61.9823 61.9823 3
33.6688 33.6688 3
32.4135 32.4135 2
49.68 49.68 2
40.8716 40.8716 2
60.3912 60.3912 1
60.5266 60.5266 3
52.2 52.2 2
46.1336 46.1336 3
40.8088 40.8088 3
46.414 46.414 3
99.2282 99.2282 3
41.6007 41.6007 3
62.6137 62.6137 3
34.3103 34.3103 2
70.4046 70.4046 3
87.3717 87.3717 1
37.0819 37.0819 1
123.37 123.37 1
41.0474 41.0474 2
58.4633 58.4633 1
38.1739 38.1739 2
33.2123 33.2123 1
40.3446 40.3446 3
45.8753 45.8753 1
76.3671 76.3671 2
46.567 46.567 1
31.0727 31.0727 3
34.2792 34.2792 2
50.1179 50.1179 1
36.6802 36.6802 3
31.5021 31.5021 3
30.7499 30.7499 3
47.8265 47.8265 1
48.3035 48.3035 2
30.5666 30.5666 1
31.4844 31.4844 3
31.9851 31.9851 3
39.6221 39.6221 2
33.0609 33.0609 3
64.8818 64.8818 1
33.1373 33.1373 3
40.0914 40.0914 3
44.6849 44.6849 2
31.922 31.922 3
38.0222 38.0222 1
31.0261 31.0261 2
34.5342 34.5342 3
31.4431 31.4431 2
35.3353 35.3353 3
43.0884 43.0884 2
107.001 107.001 3
30.3299 30.3299 3
47.2429 47.2429 3
67.5579 67.5579 3
49.1469 49.1469 3
30.612 30.612 1
44.3598 44.3598 3
32.6283 32.6283 3
41.4394 41.4394 3
54.0358 54.0358 1
33.107 33.107 1
30.2402 30.2402 3
31.9397 31.9397 2
30.166 30.166 3
41.974 41.974 1
78.6698 78.6698 2
107.223 107.223 3
32.021 32.021 1
40.7067 40.7067 1
31.0918 31.0918 1
41.7447 41.7447 3
160.729 160.729 1
31.6632 31.6632 2
41.9182 41.9182 2
71.0934 71.0934 3
43.077 43.077 3
37.8507 37.8507 3
45.0298 45.0298 2
46.1152 46.1152 2
193.408 193.408 1
33.4935 33.4935 3
33.1335 33.1335 3
44.3225 44.3225 2
35.1475 35.1475 2
35.7737 35.7737 3
61.0363 61.0363 3
40.0717 40.0717 3
33.4282 33.4282 1
61.6364 61.6364 1
31.8601 31.8601 3
45.722 45.722 3
31.6434 31.6434 3
53.3512 53.3512 1
40.925 40.925 3
73.1605 73.1605 2
37.5116 37.5116 3
32.8769 32.8769 3
79.0386 79.0386 3
65.6607 65.6607 3
46.3917 46.3917 3
32.4106 32.4106 2
31.0678 31.0678 2
40.8597 40.8597 2
33.6547 33.6547 1
30.9588 30.9588 3
38.6788 38.6788 3
37.51 37.51 3
39.7016 39.7016 1
31.7894 31.7894 1
31.706 31.706 1
45.3043 45.3043 3
35.0545 35.0545 3
113.52 113.52 3
94.907 94.907 2
30.2546 30.2546 2
33.5891 33.5891 1
32.2614 32.2614 3
37.9302 37.9302 3
51.6736 51.6736 1
33.1843 33.1843 3
54.8191 54.8191 1
37.1456 37.1456 3
46.1404 46.1404 1
54.6339 54.6339 2
58.7802 58.7802 2
64.8726 64.8726 3
75.0498 75.0498 3
105.037 105.037 1
49.6757 49.6757 3
33.7324 33.7324 3
75.8511 75.8511 1
30.6781 30.6781 3
31.8221 31.8221 1
55.4805 55.4805 2
30.6675 30.6675 1
30.6026 30.6026 3
40.3934 40.3934 2
36.2654 36.2654 3
48.6844 48.6844 3
33.6403 33.6403 1
34.371 34.371 3
59.104 59.104 3
32.472 32.472 3
33.4276 33.4276 3
78.0798 78.0798 2
45.4827 45.4827 1
31.1748 31.1748 3
42.5569 42.5569 1
41.4571 41.4571 3
77.8054 77.8054 3
72.1958 72.1958 3
32.9234 32.9234 3
76.3036 76.3036 3
32.4095 32.4095 1
43.442 43.442 3
43.4008 43.4008 3
33.2256 33.2256 3
43.4556 43.4556 1
54.9312 54.9312 2
32.3566 32.3566 3
44.5417 44.5417 1
42.3805 42.3805 3
36.1863 36.1863 2
36.0934 36.0934 2
32.5224 32.5224 2
42.3505 42.3505 1
36.2375 36.2375 3
69.3602 69.3602 1
64.5181 64.5181 3
31.6593 31.6593 2
33.4796 33.4796 3
44.6692 44.6692 1
36.0062 36.0062 2
45.1416 45.1416 3
57.1768 57.1768 2
49.0476 49.0476 1
41.6289 41.6289 3
42.0149 42.0149 3
173.623 173.623 3
123.698 123.698 3
51.0726 51.0726 3
90.9256 90.9256 3
54.0085 54.0085 3
31.9495 31.9495 1
74.9603 74.9603 3
30.5164 30.5164 2
35.7874 35.7874 3
220.089 220.089 3
57.5794 57.5794 1
56.2307 56.2307 1
36.4845 36.4845 1
74.7257 74.7257 3
32.1979 32.1979 3
44.7882 44.7882 2
41.4821 41.4821 2
34.2725 34.2725 3
74.5187 74.5187 3
55.9014 55.9014 2
54.9812 54.9812 3
109.433 109.433 2
31.9139 31.9139 3
72.9395 72.9395 1
67.5405 67.5405 3
77.2462 77.2462 1
36.5444 36.5444 3
68.3451 68.3451 3
69.0992 69.0992 3
33.1112 33.1112 3
34.0703 34.0703 3
34.1365 34.1365 3
65.2418 65.2418 2
226.795 226.795 3
35.7133 35.7133 1
43.2286 43.2286 3
134.854 134.854 3
36.7645 36.7645 2
41.1516 41.1516 3
31.963 31.963 1
32.8035 32.8035 3
34.9998 34.9998 1
66.0028 66.0028 1
75.9939 75.9939 3
30.0742 30.0742 1
130.427 130.427 2
57.81 57.81 1
36.1537 36.1537 1
33.6831 33.6831 1
55.3538 55.3538 3
31.9864 31.9864 3
37.8339 37.8339 3
69.0692 69.0692 3
132.587 132.587 3
32.0638 32.0638 3
52.7063 52.7063 3
95.0978 95.0978 3
44.3116 44.3116 2
37.3822 37.3822 1
41.613 41.613 3
35.6984 35.6984 1
58.7541 58.7541 2
48.5312 48.5312 3
35.0803 35.0803 1
31.4546 31.4546 2
38.3498 38.3498 3
391.441 391.441 1
117.067 117.067 3
45.788 45.788 3
47.1027 47.1027 1
31.5887 31.5887 3
85.718 85.718 1
44.609 44.609 2
73.0022 73.0022 1
35.2792 35.2792 2
111.168 111.168 2
62.7674 62.7674 3
159.178 159.178 3
33.9779 33.9779 1
31.5646 31.5646 3
99.2527 99.2527 3
114.589 114.589 3
30.8664 30.8664 1
60.2381 60.2381 3
78.3025 78.3025 3
77.265 77.265 2
65.2625 65.2625 1
30.0331 30.0331 3
42.0374 42.0374 3
230.912 230.912 2
41.336 41.336 3
31.1441 31.1441 3
66.8355 66.8355 3
79.2688 79.2688 1
65.9347 65.9347 3
69.1288 69.1288 3
43.4374 43.4374 3
34.915 34.915 2
30.4221 30.4221 3
32.5069 32.5069 1
31.2783 31.2783 1
35.2806 35.2806 2
43.6545 43.6545 2
63.0797 63.0797 2
43.5413 43.5413 3
43.2511 43.2511 1
59.5376 59.5376 3
33.9944 33.9944 3
30.7632 30.7632 3
31.7991 31.7991 1
41.9787 41.9787 1
33.0272 33.0272 3
46.236 46.236 3
34.4835 34.4835 3
34.3988 34.3988 2
31.1246 31.1246 1
37.0654 37.0654 1
32.0829 32.0829 3
34.0398 34.0398 3
32.8542 32.8542 1
49.4768 49.4768 3
38.8977 38.8977 3
54.5834 54.5834 3
58.6925 58.6925 2
34.1173 34.1173 3
131.483 131.483 1
32.6719 32.6719 3
40.1063 40.1063 3
68.5987 68.5987 3
31.6425 31.6425 2
57.5482 57.5482 3
43.0552 43.0552 2
30.9991 30.9991 3
39.1082 39.1082 1
33.2843 33.2843 3
32.4146 32.4146 3
130.775 130.775 3
62.6524 62.6524 1
66.8407 66.8407 3
45.3674 45.3674 3
30.3275 30.3275 1
67.8947 67.8947 2
77.5393 77.5393 2
34.8272 34.8272 1
30.0126 30.0126 3
46.7225 46.7225 1
43.2642 43.2642 1
43.4986 43.4986 2
61.8332 61.8332 3
36.7725 36.7725 3
34.2817 34.2817 3
35.298 35.298 1
101.685 101.685 3
43.8571 43.8571 2
32.9906 32.9906 2
63.2194 63.2194 2
37.9268 37.9268 3
76.0838 76.0838 3
37.7099 37.7099 3
94.0222 94.0222 2
39.7245 39.7245 2
31.6406 31.6406 3
140.372 140.372 2
79.9441 79.9441 2
54.4065 54.4065 3
31.5442 31.5442 3
45.9553 45.9553 3
125.989 125.989 3
60.2841 60.2841 3
33.5314 33.5314 1
70.6234 70.6234 1
34.8389 34.8389 2
37.7756 37.7756 2
35.3064 35.3064 3
197.416 197.416 3
33.9927 33.9927 3
31.9063 31.9063 3
31.9907 31.9907 2
35.3037 35.3037 3
31.5347 31.5347 2
73.6235 73.6235 3
58.4904 58.4904 2
32.7868 32.7868 2
38.6761 38.6761 3
30.6147 30.6147 3
32.8434 32.8434 3
80.7738 80.7738 2
59.4669 59.4669 3
40.1128 40.1128 3
43.34 43.34 3
45.8522 45.8522 3
44.4336 44.4336 2
44.3771 44.3771 1
40.3935 40.3935 3
86.3587 86.3587 3
30.7571 30.7571 3
40.7459 40.7459 3
248.643 248.643 2
131.227 131.227 2
33.2064 33.2064 2
49.5019 49.5019 1
31.1485 31.1485 2
70.9067 70.9067 3
71.3046 71.3046 2
32.4852 32.4852 1
50.4724 50.4724 3
54.9948 54.9948 3
34.1328 34.1328 3
80.6591 80.6591 3
30.3928 30.3928 1
71.3458 71.3458 1
92.385 92.385 3
61.8681 61.8681 3
33.6079 33.6079 2
44.1065 44.1065 1
50.4561 50.4561 1
30.5683 30.5683 2
75.0692 75.0692 1
36.3763 36.3763 1
42.5915 42.5915 3
92.9524 92.9524 3
31.7722 31.7722 3
30.4673 30.4673 3
36.2786 36.2786 2
89.2698 89.2698 3
53.3074 53.3074 3
34.8401 34.8401 2
35.6769 35.6769 1
32.5453 32.5453 3
32.8858 32.8858 2
48.3957 48.3957 3
44.1524 44.1524 1
37.8274 37.8274 3
53.5433 53.5433 3
36.2168 36.2168 3
68.109 68.109 3
39.3546 39.3546 3
52.5233 52.5233 3
69.0132 69.0132 2
30.7701 30.7701 1
53.4565 53.4565 2
30.5919 30.5919 3
41.2166 41.2166 3
40.6352 40.6352 3
83.9972 83.9972 1
109.684 109.684 1
46.1917 46.1917 3
33.277 33.277 1
55.382 55.382 3
34.3152 34.3152 2
63.354 63.354 3
36.3054 36.3054 2
63.8467 63.8467 1
43.1205 43.1205 1
39.8314 39.8314 3
36.6302 36.6302 3
140.788 140.788 3
33.0724 33.0724 2
37.919 37.919 1
31.342 31.342 3
60.0683 60.0683 3
30.8036 30.8036 3
50.171 50.171 1
30.0101 30.0101 2
33.0419 33.0419 2
57.1205 57.1205 3
75.2242 75.2242 3
265.072 265.072 2
50.1601 50.1601 1
50.2889 50.2889 3
53.2656 53.2656 3
47.3668 47.3668 3
43.8707 43.8707 3
35.4737 35.4737 3
35.4067 35.4067 3
65.8556 65.8556 3
46.391 46.391 2
50.1791 50.1791 3
58.546 58.546 1
84.9665 84.9665 2
97.6777 97.6777 2
37.7288 37.7288 3
38.6414 38.6414 1
31.9329 31.9329 1
207.492 207.492 3
64.8113 64.8113 3
50.1627 50.1627 2
31.664 31.664 1
64.9666 64.9666 2
57.8197 57.8197 2
54.2531 54.2531 3
264.323 264.323 1
84.6378 84.6378 2
47.6988 47.6988 3
30.6974 30.6974 1
62.7602 62.7602 3
46.6449 46.6449 2
48.0004 48.0004 2
46.9375 46.9375 2
93.0602 93.0602 3
63.3775 63.3775 1
48.346 48.346 3
33.9984 33.9984 3
190.433 190.433 3
36.6545 36.6545 3
31.0784 31.0784 3
31.7852 31.7852 3
58.1969 58.1969 3
66.1039 66.1039 3
41.0772 41.0772 1
57.5668 57.5668 3
30.6785 30.6785 3
53.1088 53.1088 3
31.0522 31.0522 3
34.1573 34.1573 1
50.3299 50.3299 1
96.5182 96.5182 1
32.0193 32.0193 1
58.8993 58.8993 3
72.9813 72.9813 3
37.3547 37.3547 3
38.6983 38.6983 1
138.846 138.846 3
36.7012 36.7012 1
40.3807 40.3807 3
54.5243 54.5243 3
33.7145 33.7145 3
59.5065 59.5065 3
42.1913 42.1913 1
55.3581 55.3581 3
34.6386 34.6386 1
34.5629 34.5629 3
65.0195 65.0195 3
49.9349 49.9349 3
35.2524 35.2524 3
36.8078 36.8078 3
67.9886 67.9886 1
32.445 32.445 1
31.548 31.548 3
32.8877 32.8877 1
146.864 146.864 3
39.1328 39.1328 3
36.4227 36.4227 3
51.4574 51.4574 3
30.5066 30.5066 3
123.107 123.107 3
32.4307 32.4307 1
32.9907 32.9907 3
62.7912 62.7912 3
49.5341 49.5341 3
35.1954 35.1954 3
44.0602 44.0602 3
36.6805 36.6805 1
63.6319 63.6319 3
122.967 122.967 1
30.8837 30.8837 3
32.7733 32.7733 1
51.7093 51.7093 1
46.1048 46.1048 1
33.6251 33.6251 1
57.5734 57.5734 1
36.8581 36.8581 1
97.6938 97.6938 1
42.0118 42.0118 3
33.8047 33.8047 3
58.4247 58.4247 3
37.525 37.525 1
34.084 34.084 1
32.6156 32.6156 3
32.495 32.495 3
37.565 37.565 3
32.9219 32.9219 3
38.1671 38.1671 1
33.3256 33.3256 3
37.4403 37.4403 3
70.5005 70.5005 1
52.5317 52.5317 1
35.4532 35.4532 3
34.8969 34.8969 3
72.3226 72.3226 3
55.717 55.717 1
31.2801 31.2801 3
187.205 187.205 3
88.9005 88.9005 3
88.0031 88.0031 3
40.0547 40.0547 3
154.218 154.218 3
31.0742 31.0742 3
33.2449 33.2449 3
50.016 50.016 1
31.6963 31.6963 3
39.7004 39.7004 1
111.829 111.829 3
54.1504 54.1504 1
39.3753 39.3753 3
44.4765 44.4765 3
33.3563 33.3563 3
31.0043 31.0043 3
36.791 36.791 1
191.571 191.571 1
41.5915 41.5915 3
30.2157 30.2157 3
42.7823 42.7823 3
31.0479 31.0479 3
30.0148 30.0148 3
34.8854 34.8854 3
93.2536 93.2536 3
36.7263 36.7263 1
35.9793 35.9793 1
65.4673 65.4673 1
33.2855 33.2855 3
37.9669 37.9669 3
33.3644 33.3644 1
36.5511 36.5511 1
72.8519 72.8519 1
34.0796 34.0796 3
30.9849 30.9849 3
38.7653 38.7653 1
49.8608 49.8608 3
104.823 104.823 1
250.335 250.335 3
100.55 100.55 3
41.9754 41.9754 3
34.8736 34.8736 1
38.4523 38.4523 3
78.1015 78.1015 3
41.4705 41.4705 3
31.83 31.83 3
85.2238 85.2238 3
30.3874 30.3874 3
34.6547 34.6547 1
58.4469 58.4469 1
49.5386 49.5386 1
67.3131 67.3131 3
31.9084 31.9084 1
64.4295 64.4295 1
36.0062 36.0062 1
33.3312 33.3312 1
33.761 33.761 1
103.911 103.911 1
75.9739 75.9739 3
43.7886 43.7886 3
32.8359 32.8359 1
44.6741 44.6741 3
40.6805 40.6805 3
30.6691 30.6691 3
36.662 36.662 1
36.25 36.25 3
89.4864 89.4864 3
149.557 149.557 3
31.3975 31.3975 3
40.909 40.909 3
39.6942 39.6942 1
36.3348 36.3348 3
42.3345 42.3345 3
38.6681 38.6681 1
51.2704 51.2704 1
39.1381 39.1381 3
38.4691 38.4691 1
43.1398 43.1398 3
35.4839 35.4839 3
30.0991 30.0991 1
47.1645 47.1645 3
64.9849 64.9849 3
57.3489 57.3489 1
33.3336 33.3336 3
32.658 32.658 3
70.3865 70.3865 3
33.9655 33.9655 3
45.6401 45.6401 3
31.4962 31.4962 3
36.4951 36.4951 3
31.1826 31.1826 3
116.505 116.505 3
