4.096773430287041029e-05
3.488899741507159850e-05
3.876438055223230131e-05
3.746132107842108588e-05
3.545251033236097708e-05
3.731939544177457390e-05
3.996970565469558844e-05
3.809475856600386644e-05
3.913049304031370135e-05
4.496900255975676438e-05
3.691453499326707345e-05
3.393376324552169079e-05
5.021486815961534098e-05
3.479300888837097297e-05
3.332562273800981711e-05
3.510962530677279748e-05
3.355745807115896373e-05
3.439158600876688542e-05
4.157382786135010002e-05
5.037588226854724637e-05
4.443616826165364668e-05
3.856829265980343558e-05
3.786173989042403658e-05
3.701537752709165068e-05
3.887303039449261261e-05
4.580625762134203275e-05
3.335942112791192454e-05
3.946366978104039501e-05
4.188036213316344124e-05
3.402127027516066915e-05
3.658075362560064407e-05
3.406004371120521730e-05
3.597655291109251672e-05
3.673998367723427380e-05
4.039803183818757186e-05
3.423092738222907068e-05
3.538079980572910919e-05
3.503769206479313115e-05
3.926885288960631540e-05
3.443982819102883855e-05
3.687888396653694678e-05
4.593569424419214980e-05
3.773497706743756568e-05
4.033466827366531795e-05
3.336529203211402970e-05
3.654195927567300992e-05
3.950667816923830657e-05
3.539772772024012674e-05
4.007079942236414956e-05
3.904681194057451954e-05
3.682175077076178110e-05
3.548424313572148418e-05
3.551269202762525565e-05
4.004024755955417828e-05
3.942078926467165690e-05
3.388637944566037861e-05
4.506385607007938637e-05
3.740323018287282429e-05
4.067790196750948082e-05
3.929233589302335222e-05
3.410745157138751223e-05
3.783513585953316344e-05
4.093572753650450471e-05
3.821029316312328879e-05
3.824227723592078863e-05
3.768762614727869998e-05
4.167341178884457890e-05
3.555516282590556444e-05
3.331343104257545045e-05
3.361361658804449545e-05
3.363713891870333310e-05
4.169691511098339812e-05
3.340633799635805946e-05
4.618435207866321106e-05
5.864594215921360021e-05
3.434482085126497959e-05
3.379120173734110184e-05
3.924680012169721311e-05
3.550693869705930729e-05
3.634413191394138216e-05
3.388582254183650048e-05
3.377044730608268707e-05
3.468234493895456052e-05
3.493040797487022861e-05
3.371427114642870393e-05
3.608531286007666958e-05
5.407123282971932867e-05
3.719632770522717251e-05
4.585468689893684431e-05
3.831941546409993509e-05
4.479039310401622002e-05
4.222001823925748150e-05
3.459358295310580348e-05
3.568355697627599701e-05
4.299767117787152909e-05
4.353201851344795236e-05
3.369805226480901194e-05
3.627202392739017412e-05
4.443867872458923736e-05
4.098213557413941385e-05
3.538903177760111544e-05
3.503479611376608726e-05
3.631350362110426807e-05
3.425695170243513301e-05
3.525623381958114470e-05
3.379756988209407868e-05
3.841365407775648141e-05
4.466575076419891031e-05
3.881551373843119748e-05
3.948358083229643186e-05
4.549092963301332334e-05
3.691552517120822607e-05
3.995981764156340458e-05
3.319227806827893673e-05
3.703800688918658189e-05
3.356366303165292056e-05
5.083374047379776928e-05
3.903309701596527933e-05
3.638229483713038929e-05
3.585336949131362754e-05
3.344161644606243635e-05
3.931590988759497534e-05
4.058397437310929756e-05
3.427458593010730724e-05
3.358028934944453091e-05
3.337086966534457436e-05
3.968977327587699125e-05
3.447726902043626016e-05
3.654168774571062275e-05
3.586719082564053426e-05
3.627929633169371025e-05
3.538552209128821232e-05
3.833685860783749109e-05
3.390599424505575304e-05
3.334665227702491631e-05
4.083235713082045208e-05
3.825780294624475458e-05
3.770989023932340168e-05
4.609821283937259612e-05
3.490112154973989473e-05
3.547560540057251608e-05
3.339150204553837422e-05
4.414304997362193455e-05
5.880644880410921171e-05
3.768228320188294077e-05
3.394299646781788157e-05
3.434903313452948223e-05
3.791000931575177097e-05
3.933318143518080116e-05
3.441618394113722120e-05
3.984662641391394241e-05
3.631373382803832953e-05
3.560466603389709486e-05
3.666811713160757680e-05
3.325170114536447560e-05
3.322953620846710323e-05
3.509350094583547675e-05
3.437454476116935426e-05
3.607225950907985040e-05
3.554095626834892513e-05
3.363207989122556514e-05
3.478707766989296880e-05
3.473781110350597073e-05
3.369332949725069586e-05
3.788415416624729183e-05
3.481055315568109122e-05
3.757202873490282261e-05
3.766930177006978342e-05
3.386489256157188655e-05
4.831568506731988272e-05
3.436468929860673707e-05
3.397535522988249579e-05
3.497362427072997065e-05
3.447896822158023997e-05
3.385641011587339294e-05
3.390232406097426433e-05
4.698096020400318283e-05
3.808044325193987365e-05
4.008387599690393048e-05
4.248798607930739550e-05
3.444012113160260769e-05
4.143011722847705593e-05
3.438516817115315428e-05
4.032913119401824098e-05
5.602576356515546666e-05
3.651833805049429328e-05
3.850249962874187397e-05
3.581186517158521854e-05
3.374261675374948141e-05
3.647638220638463205e-05
4.206692675329195988e-05
3.689546532475795833e-05
4.135301927177815183e-05
4.869615831032517205e-05
7.088132861724246836e-05
3.615033902313469086e-05
3.575476603381433344e-05
3.327403046361690627e-05
3.338593388769656493e-05
3.365755271293314045e-05
3.355814448926239187e-05
3.716606010008910649e-05
3.944536312245654821e-05
3.661914271474243828e-05
3.344646645250808650e-05
3.787712415283574094e-05
6.556071064762755230e-05
3.579020083623990603e-05
4.043589862217852204e-05
3.402333575362932218e-05
3.391513714890821371e-05
3.491392664349911816e-05
3.361375893892787532e-05
4.311421930778828646e-05
4.271339401375214261e-05
3.505786923560898081e-05
3.922286955331512689e-05
3.357469263676327297e-05
3.413278012708553506e-05
3.364111645953203259e-05
3.364134370852041095e-05
3.361156655147978962e-05
3.619863714212572892e-05
4.137903578530833550e-05
3.382779458344409204e-05
3.787355653474054851e-05
3.611175470212569101e-05
3.354801590431496556e-05
4.314379821774676622e-05
3.435694409424580869e-05
3.434997198495545973e-05
4.250955566287911502e-05
3.474152966515620865e-05
4.182973465942752629e-05
3.952074860018006924e-05
3.501903466727437274e-05
3.760343555491759825e-05
3.621393177715251952e-05
3.613228642321159734e-05
3.387108328979262617e-05
3.442181249645344648e-05
3.743096176124943605e-05
3.860742628319163911e-05
3.332798382542101365e-05
3.324380862901187450e-05
3.877309185851243771e-05
3.323209238682873362e-05
3.756976465593282304e-05
3.622109719986067955e-05
3.452237899627729959e-05
3.881424868658941291e-05
3.373261160748909529e-05
4.117421068872287256e-05
3.345324744458809402e-05
4.245105074609659888e-05
3.976140019133571189e-05
3.624057949073826446e-05
3.358382880250628037e-05
3.381951049120620126e-05
3.850440052017962641e-05
3.649549219534896019e-05
3.464718759756898493e-05
3.333506432910258337e-05
4.400274404613700887e-05
3.390696721670109640e-05
3.511336284564545748e-05
3.679087182465323334e-05
4.108081881301757184e-05
3.833539097051121301e-05
3.683973065407858546e-05
3.479948084460556402e-05
3.472860100102820405e-05
5.219074045636404302e-05
3.405746258992609093e-05
3.893059913877913188e-05
3.916441906589139695e-05
3.706460284361530786e-05
3.375193815178150261e-05
3.754338565200053069e-05
3.541364681888451273e-05
3.480822567009167950e-05
3.347754140270769785e-05
4.005340431855936348e-05
3.534077626277964571e-05
3.380300964748837603e-05
3.577562595570078123e-05
3.328816277652801208e-05
3.433545214807968781e-05
3.575181077351815087e-05
3.455226572076000845e-05
6.135154887913054419e-05
3.338871828581978593e-05
4.125137037856989075e-05
3.388390103041096158e-05
3.908355240998609301e-05
3.334085968751917314e-05
3.840067027565525587e-05
3.693326997577064171e-05
3.385814056278912368e-05
3.399049513173317170e-05
3.675076935722844336e-05
3.351327453923292292e-05
3.770997324662492094e-05
6.769982587624368507e-05
3.984259551719956781e-05
3.406435353382073280e-05
3.516107179000566653e-05
3.321992366451950528e-05
3.345269933460323847e-05
4.353378021270544170e-05
4.076639733738958248e-05
3.470724102694217072e-05
3.401482376496417698e-05
3.662964437017252002e-05
4.591916199984277217e-05
3.549598804651361573e-05
3.352145282664739466e-05
3.356186191648967735e-05
4.032100290775551392e-05
4.200158730112056403e-05
4.042614970623850375e-05
3.481755889024249867e-05
3.557422681790582892e-05
3.534338059070638098e-05
3.468401665515415941e-05
3.361583707305909092e-05
3.604806358875881544e-05
3.559708117693851460e-05
3.347388456001399099e-05
3.517188422843909793e-05
3.571431919518356713e-05
3.497400719030438986e-05
3.578780477335208625e-05
3.501585459214900925e-05
3.460667703877863094e-05
3.358277278276348532e-05
3.443977492837014393e-05
3.399444282309016090e-05
4.209823496182722556e-05
3.569372260412567721e-05
4.150447931933382467e-05
3.680847179450451653e-05
3.358847991068226356e-05
3.339883535663030540e-05
5.330469137864244359e-05
3.628248107491395709e-05
4.285896863433620802e-05
3.332993647610491325e-05
3.590284414403461019e-05
3.651908605816658166e-05
4.118079296312111181e-05
3.754578012214992424e-05
3.468090813078563144e-05
3.813671063815864517e-05
3.349037484847618563e-05
4.125000845397854482e-05
4.146313240035117320e-05
3.938161163777789534e-05
3.482298502359382572e-05
3.388576685006977081e-05
3.372251363942568349e-05
3.898617371481984117e-05
3.555809007271933055e-05
5.064961981793065262e-05
4.121856876186614713e-05
3.328930317528021554e-05
3.371037379253885336e-05
3.339550258237309271e-05
3.354735754141292185e-05
3.490212281414713631e-05
3.414456609056699753e-05
3.559107334499397656e-05
3.726112213103296278e-05
3.613835337043209641e-05
3.324718338362701137e-05
3.344086567695886658e-05
4.150296473368946323e-05
3.519764634913043568e-05
4.250515158049095741e-05
3.336157218496836613e-05
3.748184664749598980e-05
3.350285003020786874e-05
3.360706665454256782e-05
3.728664083550017948e-05
3.325636381728711634e-05
3.579760188440854745e-05
3.734525245538019130e-05
3.733203142324599820e-05
3.336941740357287880e-05
3.800860312607190494e-05
3.688075921708313537e-05
3.420853868001810116e-05
3.902422336294761524e-05
4.026441156520514691e-05
3.545039531247851284e-05
3.488578463303117108e-05
3.504924391444771753e-05
4.477254186784597402e-05
4.965488506891486167e-05
3.489857952372112261e-05
3.684997193711375116e-05
3.483901728571686728e-05
4.690368936101969204e-05
3.720901432887073392e-05
3.396105475397683362e-05
3.319413486703148413e-05
3.451965367941014714e-05
3.863626345517304949e-05
3.985848073864573372e-05
3.770198148952899083e-05
3.344912158907105074e-05
3.337127626749693276e-05
3.480328481004781830e-05
4.105488680377578163e-05
3.804152130069239575e-05
3.716953687582294892e-05
4.376218417679813313e-05
3.327189308751888973e-05
3.639772137851520856e-05
3.668059579045244279e-05
3.332780894583141725e-05
3.529490324681514973e-05
4.008226180643222617e-05
3.869847731725735521e-05
3.527826300507404191e-05
5.007660045618385873e-05
3.624145910465601948e-05
4.065694384285680168e-05
4.312010510771421297e-05
3.552560931862354089e-05
3.417115252498323250e-05
3.373872839865030287e-05
3.784307109106117579e-05
3.398867269500411838e-05
3.816976768495478328e-05
3.594190567310053463e-05
3.922910727794065404e-05
3.380059850216297196e-05
3.448061410311345569e-05
4.346783458888036164e-05
3.479013427821266461e-05
3.492879410807395049e-05
4.333661241054877927e-05
3.865077622575297650e-05
3.425449226995631906e-05
3.481546533147871034e-05
3.326957961117879824e-05
3.566196785356454178e-05
3.357460695285648518e-05
3.526776456841159948e-05
3.376240572204791739e-05
4.255212841973646915e-05
3.405449638208456144e-05
3.691442496898708316e-05
5.277236157225542165e-05
3.867503417419389553e-05
4.587806220234486807e-05
3.435664919920796957e-05
3.416840390284524027e-05
3.676782148651028140e-05
3.911779680672563338e-05
3.932863442119733250e-05
3.550637546738020459e-05
5.302338136065468165e-05
3.572443669489710702e-05
3.642995831312277155e-05
3.327695776336212717e-05
3.352632849193201031e-05
3.733011117061094190e-05
4.488718592247743165e-05
3.729868713398975020e-05
3.508269785816315044e-05
3.631985585983576342e-05
3.428340717903208577e-05
3.616953060561587410e-05
3.908056173760338504e-05
3.908827225382213678e-05
3.437167997952916544e-05
3.609830643839433904e-05
3.442029223576280957e-05
5.359508302848556695e-05
3.528521567067956270e-05
3.732291847735536223e-05
3.322309929561049487e-05
3.944398780547585226e-05
3.623993131659656507e-05
5.293432858479253168e-05
4.461420824715702345e-05
4.431062416396855109e-05
3.479772080022891723e-05
3.421184802263755313e-05
3.758782491691610477e-05
4.092993084350082458e-05
3.508722766654863624e-05
4.166633159747531220e-05
4.063157903330844744e-05
3.462794559085511417e-05
3.334400374782532406e-05
3.669563531132366367e-05
3.637134344037644033e-05
3.497969856867583801e-05
3.328787034928501487e-05
3.626077266156346919e-05
3.582205050583135941e-05
3.972670108324662477e-05
3.646398348896898157e-05
3.732063394640158750e-05
3.771403998901979112e-05
3.722861319785368295e-05
3.325331422269963300e-05
3.518424446738320683e-05
3.828667298270110712e-05
3.655116538327347843e-05
3.699561939878365431e-05
3.391194207163682005e-05
5.311971012377343448e-05
3.669885586142874535e-05
4.211933186045869717e-05
5.080569522678935834e-05
3.748357681519932379e-05
4.547086058929960102e-05
4.012366539156812659e-05
3.422038856838822762e-05
3.425276226829806667e-05
3.782147489898143644e-05
3.444150584883734343e-05
6.479961768298524584e-05
4.197168811292373948e-05
3.451327465418431705e-05
3.661142422874217456e-05
3.539604828004001152e-05
4.001324602705601876e-05
3.549601255498379987e-05
3.407628693551979521e-05
3.895660155715727484e-05
3.529925902717742192e-05
3.523934327594960975e-05
3.609657470433558159e-05
3.678238538556018969e-05
3.642769903092079627e-05
4.076354980401061004e-05
4.169870944365868572e-05
4.851006235057205381e-05
3.492010644524363549e-05
3.564027001967066260e-05
3.827560225692140547e-05
3.794438719296286020e-05
4.119222360270406220e-05
3.342977199319155569e-05
4.171565069638208059e-05
3.346846926339645697e-05
3.452470695374736353e-05
3.704090645904532764e-05
4.148423508551875782e-05
3.424546117735174764e-05
3.536352769017895410e-05
4.164358637937038077e-05
3.637507893132754848e-05
3.568944966418445813e-05
3.621448845450290816e-05
3.879633411798777919e-05
4.257753273198214701e-05
3.691460100740220397e-05
4.080565426382235916e-05
3.461839231667159390e-05
3.474792407149266272e-05
3.444510007331074894e-05
3.451573665389082499e-05
3.523529223342096488e-05
4.160303067955937171e-05
3.382236577473694459e-05
3.517967357556723342e-05
3.430380431969002713e-05
3.807814011326185753e-05
3.519732025271330708e-05
3.513125252063529499e-05
3.496366431244736094e-05
3.617297467237834120e-05
3.318856361360568468e-05
3.675609213486350516e-05
3.858585687803380319e-05
4.188113970378959405e-05
3.356609268651940600e-05
4.250319546690981183e-05
3.388899655655195215e-05
3.352698799103201482e-05
3.890214884601945480e-05
3.425449226995631906e-05
3.390819027213299805e-05
3.390046074638179311e-05
3.682274782493804292e-05
5.062507860210813657e-05
4.504982654179139203e-05
3.723518999097083699e-05
3.780738826076694015e-05
3.713985834981513914e-05
3.471443451739381335e-05
3.608887274106031243e-05
3.527671745644132909e-05
4.066320235483468449e-05
3.625880790390479085e-05
3.506045569432855773e-05
4.897583463893553864e-05
3.393354134136951936e-05
3.449878407642266540e-05
3.408314001535452716e-05
3.531214348176770992e-05
3.414022950240485482e-05
3.359700709668082461e-05
3.402933745406045205e-05
3.509216054444010992e-05
3.669098203293104415e-05
3.766259820343473752e-05
3.962170208015891479e-05
5.247130516083715093e-05
3.398668427568389528e-05
4.233933389562715284e-05
3.989979698481609300e-05
3.328561842285211638e-05
3.436573413164805785e-05
5.826744928609114239e-05
3.374194060659230362e-05
3.384691624137198577e-05
5.001065172704672354e-05
3.694317663297592058e-05
5.010179226101486296e-05
3.624680496857020585e-05
3.478363162406099875e-05
3.415909216902085173e-05
4.352985107475171881e-05
5.231573133773047702e-05
3.480077483872475629e-05
3.369533760291184172e-05
3.838905750602436448e-05
3.696108232868052185e-05
3.364699516905249365e-05
4.723696827518098174e-05
3.607216572169047632e-05
3.567548641473284622e-05
3.905823407341747978e-05
5.697066946893200357e-05
3.566511296261609313e-05
4.964056636538574158e-05
3.522298120891315419e-05
3.737471886455547959e-05
4.473316118160507740e-05
4.220157243957686478e-05
3.542957089807330444e-05
3.833203862467379720e-05
3.318806236948596071e-05
4.306853645937425265e-05
3.662148213001882461e-05
3.997389585938265365e-05
3.419102791684683150e-05
3.536998888984248945e-05
3.836267564930430292e-05
4.162204085377507713e-05
3.434151978941025985e-05
3.540562802789594106e-05
3.633025220750757015e-05
3.958303302496710309e-05
5.481857461021957698e-05
3.319419380834608851e-05
3.603936938083723569e-05
3.840832783799627467e-05
3.647035492008235256e-05
3.861901490491221527e-05
3.534722411053482311e-05
3.585036498751516373e-05
3.382334537615526503e-05
3.561236789491118760e-05
4.072443301021688044e-05
4.054619798441798465e-05
4.057869997966408567e-05
3.669579188381730180e-05
3.596688929741055342e-05
3.505459737436642453e-05
4.240532802293638028e-05
3.368707680728020610e-05
3.876284157225977540e-05
3.722865619380390760e-05
3.526893702911815850e-05
4.211527407614000371e-05
4.597701358189432749e-05
4.876239818799884786e-05
3.751064011152091592e-05
4.013828536742156816e-05
3.844446693271630106e-05
3.387766101394270023e-05
3.854179752882409821e-05
3.949834986806905959e-05
4.100720548622452806e-05
4.008026136585582697e-05
3.353389625025893694e-05
3.569953830127869931e-05
3.336892359497438160e-05
3.895007220318982946e-05
3.963138934758968500e-05
3.771051278183752301e-05
4.249169269270250399e-05
3.647872414850776508e-05
3.995781799466298915e-05
3.641422662392870298e-05
3.485077686211275220e-05
3.801416597829487527e-05
3.450615066602267215e-05
3.542005825844889009e-05
3.864146494114929282e-05
4.249293301394143518e-05
3.817225633417909559e-05
3.775801237485655127e-05
3.466972155341403988e-05
3.362855438778247042e-05
3.620478962456140988e-05
3.938571835798400166e-05
3.598467521947703749e-05
3.974142066182470752e-05
3.560714473514829106e-05
3.877136156383723863e-05
3.369788261605877747e-05
4.310446698626440882e-05
3.494845394252531125e-05
3.932475167974554541e-05
3.412333236549263635e-05
3.657779776211986532e-05
3.986742299914965355e-05
3.489274891469135409e-05
3.634734698437839363e-05
3.344906387487367688e-05
3.475080829321869092e-05
4.092076746444580292e-05
3.492595012944215934e-05
3.346921833098005935e-05
3.530107557303762105e-05
4.637142540563311068e-05
3.503471989563845281e-05
3.343115925737447845e-05
3.411762199382599068e-05
4.831704963067382983e-05
3.546487379505975713e-05
3.658815168649301984e-05
3.437973717751285744e-05
3.479085946670161538e-05
3.377227420459777679e-05
3.628693381087895535e-05
3.425389760898782144e-05
3.479492493235479983e-05
3.530615058531138184e-05
3.338326490678298768e-05
3.499262869196268617e-05
3.644521549373766218e-05
3.656851975658829984e-05
4.382093519323574206e-05
3.580885108083314150e-05
3.739235959394801952e-05
3.451099753639276914e-05
4.445208327952497325e-05
3.378887247256193209e-05
3.360179568113821777e-05
3.415707643054967244e-05
3.421008495786377542e-05
3.472391532088775512e-05
3.359315776646612560e-05
3.542212896466244974e-05
3.514823587004712289e-05
3.481967794285032233e-05
3.452034167930286739e-05
4.207741599893473930e-05
3.605069421238149096e-05
3.466360132812878732e-05
3.961891238807549763e-05
3.674252488993525579e-05
3.442759846670356995e-05
5.230256861822242824e-05
3.401002802717558631e-05
3.723166557103787529e-05
3.495727561764671118e-05
3.447859654100766285e-05
3.631983284999225505e-05
3.487336279068363991e-05
4.348589293885462008e-05
4.359104046323869963e-05
3.435042797255906551e-05
3.508262192588148853e-05
3.575289204423600357e-05
3.411158089350931213e-05
3.502229024144256513e-05
3.435015974657289802e-05
3.656404774905213951e-05
4.587624664251085748e-05
3.896894974976265118e-05
3.756257161959842688e-05
3.880851619753619784e-05
4.389578247082658225e-05
3.722603319090497949e-05
3.419453204260333154e-05
3.321430545754499751e-05
3.337304773217757240e-05
3.757171430192606269e-05
3.402286760873148177e-05
3.406953980330664980e-05
5.306114309305300352e-05
3.377151537205962985e-05
3.922348413687672721e-05
3.951582277942920014e-05
3.642879448859489877e-05
3.579489584028848953e-05
3.393503911696188675e-05
3.373746019028326553e-05
3.640785099744572146e-05
3.542424862859264715e-05
3.473970952698745711e-05
4.191971953430869802e-05
4.039212350720104385e-05
3.355854488199257977e-05
3.677911822645010885e-05
3.385074259516676447e-05
3.494105947531883801e-05
4.500373586941959421e-05
4.515597663172916639e-05
3.359583816907690226e-05
3.639390075080098250e-05
3.661633037356337554e-05
3.533829545969854961e-05
3.616734268942142376e-05
4.234843203411220230e-05
6.159942984733789042e-05
3.829196629729136528e-05
3.798917649563893684e-05
3.695074996745093134e-05
3.378275254070553496e-05
3.606536434855650759e-05
3.638849965892327698e-05
3.816494967653274187e-05
3.669905712000602681e-05
6.422896020361828584e-05
3.433085918474675736e-05
4.036738233280350713e-05
3.496514603094763032e-05
4.981454221014412108e-05
3.339816887494273095e-05
3.619645406102855339e-05
3.340958094645452166e-05
3.765270340744514938e-05
3.342407677091970339e-05
3.387657425938545854e-05
3.590322417494366185e-05
3.333975325014513331e-05
3.413741945734996612e-05
4.096044578731402583e-05
3.620126100515863577e-05
3.477792933608799323e-05
3.396420947362005857e-05
3.469054467420000417e-05
3.351829694490095305e-05
3.378106762063946909e-05
4.285123152808644376e-05
3.435281493013032082e-05
3.747828012112431071e-05
3.783704813434617635e-05
3.946000665388527931e-05
3.535062032953102733e-05
3.624506953617322256e-05
3.686592654286666848e-05
4.465610714609257007e-05
3.754571711515754630e-05
3.449735265429837395e-05
3.477375466818533181e-05
3.550392635700456176e-05
3.360427474642619728e-05
5.143989516620093726e-05
3.487963952763859898e-05
3.395640422403608437e-05
3.438198477136136837e-05
4.254745353057462487e-05
3.725891296463148763e-05
3.392585544767105142e-05
3.699334447771270858e-05
3.406089481411625220e-05
3.566987755933889709e-05
3.890814814762238506e-05
3.661626287007552292e-05
3.856776597851770686e-05
3.346705743377144648e-05
3.404003968459136002e-05
3.827026286114472068e-05
3.512302991458205110e-05
3.382854994939331171e-05
4.634213688609052737e-05
4.085638201455845818e-05
4.463190773638478384e-05
3.742988154226839243e-05
3.371085396827366631e-05
3.322759667790420752e-05
4.267149898478788821e-05
3.581432855304394916e-05
3.545435454323307944e-05
3.444840052655343096e-05
3.425276226829806667e-05
3.523776802270516109e-05
5.063827587734283299e-05
3.370367761807147565e-05
3.942580288785870542e-05
3.341707695484554029e-05
3.506876937948646836e-05
3.349868347584176298e-05
4.722825384827155460e-05
3.546411217482624945e-05
3.503779366515738167e-05
3.930459996339885566e-05
3.509608019011826915e-05
3.325299162444711909e-05
3.680629801978133791e-05
3.434401579467991045e-05
3.571860805020115156e-05
3.685980769974413787e-05
4.144805009511881539e-05
3.460252416597638228e-05
3.526220015520895788e-05
3.328781186298866962e-05
3.379285721132820362e-05
3.669534452896125508e-05
3.578432969836254588e-05
4.495445628484843635e-05
3.436648421432063338e-05
3.560716903379222567e-05
3.531952507329567313e-05
3.385654967706074059e-05
3.962427391507247358e-05
3.390076668302734419e-05
3.412882168049767248e-05
4.981193620531683083e-05
6.383110182508743035e-05
5.037822169585093134e-05
3.953885016661899562e-05
3.499020688804495332e-05
4.455497386218144944e-05
3.488514197897390193e-05
4.453114841576981782e-05
3.689537718024212925e-05
3.371983261447682217e-05
3.629604224169741017e-05
3.403489606562615856e-05
4.564758144743211128e-05
4.599312812621950510e-05
3.883910725537164277e-05
3.585875678787025996e-05
4.096261122892463669e-05
3.665156546026171577e-05
3.727644768711354997e-05
3.439377801526273656e-05
4.056408803768137938e-05
4.655632979358402253e-05
3.620977914945518514e-05
3.804437740935383364e-05
3.382267365787586363e-05
4.158022178986570046e-05
3.991611665944784423e-05
4.145198606458887507e-05
3.528494162257985199e-05
4.552061045756521253e-05
3.618316196849746791e-05
3.779035794140322464e-05
3.468106488144993274e-05
4.426114141536047566e-05
3.706418938537310267e-05
3.359683604109057971e-05
5.369977212099001049e-05
4.822602166483108438e-05
3.586173553156749120e-05
4.400654459850389204e-05
3.385138485913987587e-05
3.672814060198248127e-05
4.305261612009211327e-05
4.009311905798768180e-05
3.349730388864900088e-05
3.813081439118199632e-05
4.157117747546293390e-05
3.720623678173576836e-05
4.436015456292099693e-05
3.760054913949327629e-05
3.690793193965778653e-05
3.373162474256140081e-05
4.957310606262479600e-05
3.765353692918114309e-05
3.799777553902321475e-05
3.349534920594869365e-05
4.285496917601008273e-05
3.777155059934021779e-05
3.590462544332451882e-05
3.406750945906387480e-05
3.477027904864668511e-05
3.397817464619016137e-05
6.129907701976419353e-05
3.782497372638490547e-05
3.380872721768177631e-05
3.435345852600851812e-05
4.153556647688398391e-05
3.470729316843401241e-05
3.905239221594958331e-05
3.853646120680819599e-05
3.495594636566700427e-05
4.004438231407803105e-05
3.777805659945464561e-05
3.492169578347614962e-05
4.102387342620158653e-05
4.056014831303628187e-05
4.470940117698764813e-05
3.488773810146827091e-05
3.835093214643103750e-05
3.709314431232217538e-05
3.490758986491732379e-05
3.518808576725199314e-05
3.599713221910215020e-05
3.393392967101706455e-05
3.863451625548321047e-05
3.459232015217688781e-05
3.400012749193265341e-05
3.881725779066073033e-05
4.286296706658073596e-05
3.566477429520952875e-05
3.691820928626279370e-05
3.440096616980652973e-05
3.904503936719911955e-05
3.653971898752688129e-05
3.400302401194516883e-05
3.432000125586508497e-05
3.470750173224723206e-05
3.648715626262070678e-05
3.394576785917511632e-05
3.748553881282191952e-05
3.728073145619237061e-05
3.502231567233963838e-05
3.569140525196208867e-05
3.937693259312284756e-05
3.533261261578845387e-05
3.416059014113603695e-05
4.074883441629095554e-05
3.511868947292948531e-05
5.600059757936185444e-05
3.934716460862575609e-05
3.488730116753957630e-05
3.827020308019367758e-05
3.660964586748315412e-05
3.652255354334006475e-05
3.889690927955147574e-05
3.383693978523246923e-05
4.006739232069980630e-05
5.101062110231494598e-05
4.519061922690783368e-05
3.328169848666055525e-05
3.431954415565596094e-05
4.405379961296114418e-05
4.688146609400773004e-05
3.601643130062875855e-05
3.371816726174851019e-05
3.687118165842755813e-05
3.570496554337548672e-05
3.410137814990668310e-05
3.373373935590995477e-05
3.556435703116807848e-05
3.610682137385526607e-05
3.709449055107561172e-05
3.726704006400035621e-05
3.337902814519456263e-05
4.593412619363461402e-05
4.210937688821209237e-05
3.991352520575591571e-05
3.805769812625802069e-05
3.751261927261775322e-05
3.348686569805329300e-05
3.437558877066828922e-05
3.355273790113080980e-05
4.816736666726409823e-05
3.429523996727196081e-05
3.982278145101582752e-05
3.408979757923406053e-05
5.866706412096588748e-05
3.664660492835265711e-05
3.860205649808027634e-05
3.363844596764670126e-05
3.531378420215746750e-05
4.024877237126512193e-05
3.396974212333741876e-05
3.429292281097726032e-05
5.041187637234885173e-05
3.778123618953075925e-05
3.542902891563030253e-05
3.616990298063760164e-05
3.659626677702482807e-05
5.063043248348539984e-05
4.750044026721894505e-05
4.919883170868798308e-05
3.521834900079789347e-05
3.986407475085044410e-05
3.848769520074063580e-05
3.473424753839795864e-05
3.353779296020695813e-05
3.430318508263737403e-05
3.743015690034605391e-05
3.473154167882275788e-05
3.551619173642670663e-05
3.798451898738101895e-05
3.329345448892704441e-05
3.930200723074266762e-05
3.472706533074483012e-05
4.092323699537245166e-05
3.616575971461638122e-05
3.425414088281541092e-05
4.581780117422597286e-05
4.843942873025510913e-05
3.378553215368121056e-05
3.701048441053432188e-05
3.950649558282751279e-05
5.018141618116309923e-05
3.653338077329076390e-05
3.695336122921920194e-05
3.376029604306271292e-05
3.413436315229702040e-05
3.326969675985460873e-05
3.543841184621872444e-05
4.567653007930153953e-05
3.458087023423738414e-05
3.359424140429928470e-05
3.425641120945628208e-05
4.157503387115618588e-05
3.572039064066029877e-05
3.529898527880063130e-05
3.437652562803661773e-05
3.729173453739493773e-05
5.050494589323874494e-05
3.580760696695921492e-05
3.504538599969337064e-05
3.375872057964448728e-05
3.574524913600099773e-05
3.450093090341518957e-05
3.383243795134185570e-05
4.050644963675158661e-05
4.780908119544532151e-05
3.836932525556733018e-05
3.465650965930472404e-05
3.395333059126673527e-05
3.851893282958833317e-05
3.715555955964614893e-05
3.394798452434845859e-05
4.027693514375930219e-05
3.602972851678423527e-05
3.927586844620856789e-05
4.124827344236514095e-05
3.573153832578745097e-05
5.273741110204549916e-05
3.482825389906321118e-05
3.596213756864504596e-05
3.659259305747931035e-05
3.392954638406717465e-05
3.544591819556908732e-05
3.458982048486493560e-05
3.594207144154696243e-05
3.373156834788161514e-05
4.353540192125027159e-05
5.134555875530190513e-05
3.595830656013614633e-05
3.474028159867053884e-05
3.665089219318726628e-05
3.806085434983851984e-05
3.402289514715700798e-05
3.408494859633232413e-05
3.959916984653514985e-05
3.585773194272006250e-05
3.538396467031990604e-05
3.438720084279579879e-05
3.447984428219396134e-05
3.319864304667340110e-05
3.431435354949047571e-05
3.338570182569190872e-05
3.719359065927133181e-05
3.505409003385685524e-05
3.876765032690369380e-05
3.763798339013016989e-05
3.414811060357812760e-05
3.435879373163849918e-05
3.424129493360719939e-05
3.561384943107945647e-05
3.335218030909111895e-05
3.540821926032762393e-05
3.362969175800992980e-05
3.383565371505045883e-05
3.336264757048386598e-05
4.710837341939230131e-05
3.326128846156015210e-05
4.957427974303102317e-05
3.856171747937344499e-05
3.540086373513702918e-05
3.549601255498379987e-05
3.558630401124200361e-05
3.422721678704777507e-05
3.960889040216661398e-05
3.569871798732922075e-05
3.354148795396026732e-05
3.677531664910697922e-05
3.594945784370391227e-05
3.782993230406650774e-05
3.503609175217606893e-05
4.477075566737015618e-05
4.722456564383228369e-05
3.435152763888880202e-05
3.365017474288385706e-05
4.467536261921580459e-05
3.718442722291264070e-05
3.515160969365001411e-05
3.334106349391710588e-05
3.375109360379079088e-05
3.412232162987812904e-05
4.690482823545326710e-05
3.369129277224373805e-05
3.695518222909883652e-05
4.317560998914416940e-05
4.042068131571086904e-05
3.512815074807969549e-05
3.619784755884356947e-05
4.137025601916928964e-05
3.663159986669916918e-05
4.404398605781382944e-05
3.952864463401428475e-05
3.765059853921227988e-05
3.798567842663354575e-05
3.494011246802373913e-05
4.248882313425420216e-05
3.491882457594851008e-05
4.350795029100979784e-05
3.386748635351705653e-05
3.489549759723380011e-05
4.359173697374642991e-05
3.386174022953034751e-05
3.597390735008011681e-05
3.647285714502858492e-05
4.579178650628910847e-05
4.205134086145981346e-05
3.672548506317290131e-05
3.583786263321300574e-05
3.335087126605159875e-05
3.858238866414112465e-05
3.507568487098456890e-05
3.532056859239526099e-05
4.273972702936935019e-05
4.675417942721005524e-05
3.805609950766440647e-05
4.169280623376287012e-05
3.877253434230478580e-05
3.854998375787548103e-05
3.814431369909464730e-05
3.815994922425807926e-05
4.414478579251038872e-05
3.411305727108968901e-05
3.395969853031711712e-05
3.500508732235233948e-05
3.434573318599741949e-05
3.373771384244470136e-05
4.099119529534547531e-05
4.367977991292876038e-05
3.633096493161772832e-05
3.694934538149387336e-05
4.058071837860486079e-05
3.889915776761516952e-05
3.497160737068542429e-05
3.983668983390147088e-05
3.386757001513012811e-05
4.260412686761140132e-05
3.385473525821151115e-05
3.729085718734239155e-05
3.360530041944768134e-05
4.350288010313592949e-05
3.356797890855736931e-05
4.813982095622998603e-05
3.744434089628091938e-05
3.448456864482516034e-05
3.859296598489888821e-05
3.836904825190691010e-05
4.357145599270595616e-05
4.005363287375914716e-05
4.132168182832632878e-05
3.843168902582533991e-05
3.399016379958692938e-05
3.725762590553115906e-05
3.392413448334361925e-05
3.704796746159550868e-05
3.628215802005947639e-05
3.487822496055701901e-05
3.336043856730138427e-05
4.155944353965931203e-05
3.836849422808699976e-05
3.791737008092772512e-05
3.394039079243570779e-05
3.567826576761916780e-05
3.586511855911593761e-05
3.853818156185299785e-05
3.494730283769354378e-05
3.473021455504053765e-05
3.366177885337486925e-05
3.510171731127145154e-05
3.555347935884167298e-05
3.407472390261717757e-05
3.548814294484027348e-05
3.377193695148066077e-05
3.931187562219346269e-05
3.450061287815216438e-05
4.864646983176781203e-05
4.199976660773051794e-05
3.553536211929778863e-05
3.893234805947419264e-05
4.253564090972630351e-05
3.423831819150962593e-05
3.579934973776258876e-05
3.616866944799654576e-05
3.568587573016036602e-05
3.402165585731931210e-05
3.721439554951543700e-05
3.482634289367267909e-05
3.410433315890525963e-05
3.410775242936296708e-05
3.459047834021490331e-05
3.393420704185480183e-05
4.985281692244236126e-05
4.072549112617121942e-05
3.491872202081433216e-05
3.569591887895400808e-05
3.611002474114970601e-05
4.511791569276105254e-05
3.324028614119178230e-05
3.339921204749320155e-05
3.454978447442287799e-05
3.988765631546253436e-05
3.539995017186659991e-05
3.383942766988767554e-05
3.365017474288385706e-05
3.870496949712240833e-05
3.484381527305963180e-05
3.718647605937699078e-05
4.396244340735798055e-05
3.489005103040810930e-05
3.343763106465531029e-05
3.404732511171847901e-05
3.321121580087351322e-05
3.804441791729241018e-05
3.341664294921919455e-05
3.372276760086908404e-05
3.710417082739878540e-05
4.196777650263941629e-05
4.167377438219799934e-05
3.320897898473144092e-05
3.661963762532630042e-05
4.266174660064377279e-05
3.567176356583601839e-05
3.782096029046009287e-05
4.063500971203206128e-05
3.909376109672332410e-05
4.088239567253094617e-05
4.386553792013619008e-05
3.483140384608665710e-05
4.650405588264345012e-05
3.461558269471836307e-05
3.353455534016577463e-05
3.565187416042207592e-05
4.213512401424965710e-05
3.325539624076165714e-05
4.473405637192104947e-05
4.479865237944037957e-05
3.674430790853487692e-05
3.531050255170942713e-05
4.734563846727114647e-05
3.482073733617658021e-05
3.530274258755105633e-05
3.454944128475958545e-05
4.024467776068242571e-05
3.432903227350694918e-05
3.339808193985218234e-05
3.706575610747045587e-05
3.686210535461100169e-05
3.398088289128058906e-05
3.504949768369131248e-05
3.562220115231638036e-05
4.222836635060800165e-05
4.271071257885311097e-05
3.788015795145825828e-05
3.509896225818012814e-05
3.550644893351432750e-05
3.337011451091430808e-05
4.716611930171359075e-05
3.881102804288569979e-05
3.708050048331985773e-05
4.118935862063640308e-05
4.177049726483902123e-05
4.363284650415584579e-05
3.627292453780779668e-05
3.793024197258066906e-05
3.331360612980347803e-05
3.909800785632385839e-05
3.708439048355562535e-05
4.689719632419039300e-05
3.426359784871219364e-05
3.419105508441082667e-05
3.765787042447457157e-05
3.813560402523743359e-05
3.463405693361891902e-05
4.220187700566938499e-05
3.967877210867073610e-05
3.355765828042768306e-05
3.653951530623709721e-05
4.003149912397853378e-05
3.938393217148475600e-05
3.546354707268216801e-05
3.464587776670204696e-05
4.041222616292818693e-05
4.080466867653926720e-05
3.566898281932771685e-05
3.448287020252418117e-05
3.725492268336599692e-05
3.332603086007623937e-05
3.597546640613420054e-05
3.330657146802629105e-05
4.078669946798055772e-05
3.710844443402953386e-05
3.774688243496295177e-05
3.638744664695373195e-05
3.506326977391436840e-05
4.177057558741565599e-05
3.617834840755094290e-05
3.497109671233397703e-05
3.382491257615865627e-05
3.514440776788148692e-05
3.419651456004759539e-05
3.800890771971177296e-05
3.817464421515908671e-05
4.055627548910638341e-05
5.660373087163618835e-05
3.482417329479683792e-05
4.070476853090847024e-05
3.536424576157928205e-05
3.403781196231638588e-05
3.691468902574404588e-05
3.999731753455629669e-05
3.359666498310528478e-05
3.548662240473551724e-05
3.382312147413827513e-05
4.203572367311082277e-05
3.567778244466961369e-05
3.806621423424078483e-05
3.526354781315774899e-05
3.934899230940573688e-05
5.513128380653028337e-05
3.519207648481868653e-05
3.738213926181909266e-05
3.633025220750757015e-05
3.871053184019393505e-05
4.474552083090277193e-05
3.368735980337436860e-05
3.520975620091209771e-05
3.996678771015531241e-05
3.386134961892713166e-05
3.341021785279977852e-05
3.340086355414298718e-05
3.328389263723002133e-05
3.622343845086798753e-05
3.400456854521676018e-05
5.281957541363354041e-05
3.423423077703282349e-05
3.993995052900568279e-05
3.407041768696076738e-05
3.468686328686359827e-05
3.553357832244701285e-05
3.544146413534497985e-05
3.727634057553991779e-05
3.422900451113609400e-05
3.336985310035434793e-05
3.359515386687097853e-05
3.952140524872916271e-05
3.559708117693851460e-05
3.561817163359937881e-05
3.741415570897662799e-05
3.332941191428939937e-05
5.129638609022125432e-05
3.344759207030427624e-05
3.721060739316718651e-05
4.014017300465104281e-05
3.642788161349100036e-05
3.603405602583523750e-05
3.347218533803104234e-05
5.443081409966648985e-05
3.393301430301407694e-05
3.488164537047482798e-05
3.459613447645478465e-05
3.371525940881141931e-05
3.809703876598104412e-05
3.998140691578384637e-05
3.683335631452541552e-05
3.534776954925004006e-05
3.377952290752954222e-05
3.676630859993240561e-05
3.733544453518525404e-05
3.491367015518555890e-05
3.592211676381864492e-05
4.267499948205903155e-05
3.980515808227888460e-05
3.816494967653274187e-05
3.623782453042948676e-05
3.553022998401474288e-05
4.921649992709138037e-05
3.421279726172603573e-05
3.550652239923042270e-05
3.338750019021497541e-05
3.576417994541822434e-05
3.914887031257521371e-05
4.048572437881568878e-05
3.459082041139999490e-05
3.571776484786507951e-05
4.558461788280286105e-05
4.856841522207262654e-05
3.848074839081335521e-05
3.681760666121678961e-05
3.756362040302318436e-05
4.197578417945706404e-05
3.883767208807554897e-05
3.364878378099699384e-05
5.356791380809230302e-05
4.072421465941921228e-05
3.642238020917668782e-05
3.519270384292601066e-05
3.439032944156119703e-05
3.915935027891491172e-05
3.735637373948942923e-05
3.543063016156557289e-05
3.509296986023680123e-05
3.606738167538891111e-05
3.670580870438283980e-05
4.092481131459377102e-05
4.104907053983091359e-05
3.751817623240914779e-05
4.465820577210262291e-05
3.379226800038811470e-05
3.859983794378099342e-05
3.703373270071883921e-05
3.595986747686856239e-05
3.368189682382752683e-05
3.546013136299830160e-05
3.431206684619542819e-05
3.506681817803362374e-05
4.259611334256473446e-05
3.826739308577621417e-05
4.249348589614666323e-05
3.849230488002768763e-05
3.435257357312706270e-05
3.583461578609042268e-05
3.692674208675431546e-05
3.652126184095220491e-05
4.454555288854745288e-05
3.655340374285043881e-05
4.049818008886439820e-05
5.078547991711374900e-05
3.616394371473773632e-05
3.863383673025133012e-05
3.706011940893955137e-05
3.937136732910058776e-05
3.363259157339114320e-05
3.785939997692695677e-05
4.095361679909436287e-05
3.433641887246734225e-05
3.348301021957935124e-05
3.400172755830374631e-05
5.126965581462399453e-05
3.442877133280561341e-05
4.253312229944173354e-05
4.551367154711026796e-05
3.624222293227260719e-05
3.633484975155798589e-05
3.466504010976789111e-05
4.559041889990298775e-05
3.783928906443187045e-05
3.454785721097108984e-05
4.069272164434419205e-05
3.504218710584802124e-05
3.419613437571809519e-05
3.580830081435739163e-05
3.495344085902983322e-05
3.393331943322671143e-05
4.121865000243169147e-05
3.645143647492377038e-05
3.371822371808730031e-05
3.531127331770160912e-05
3.571012534951291661e-05
3.784535213716863465e-05
3.572821669014372090e-05
3.996793727339403445e-05
3.918280866157995782e-05
4.260876984722502679e-05
3.689136599201472651e-05
3.475015875116683898e-05
3.865748428611450572e-05
3.429033570922643476e-05
3.500399226708584318e-05
3.405499079939908489e-05
3.356649281858200775e-05
3.459781767246116022e-05
4.596858935650337616e-05
3.340665653872502245e-05
3.318502497454269918e-05
3.573627861019827142e-05
3.692397172028839348e-05
3.557707668816136357e-05
3.668010313844177159e-05
3.428507900566708138e-05
4.660496584883358625e-05
3.345021810679342229e-05
3.322468679817732921e-05
4.100822718044879421e-05
3.715400322978861235e-05
3.872980920228401172e-05
3.680174969591219086e-05
4.224694702843663643e-05
3.953666387658510268e-05
4.189052962205911350e-05
4.000074107405564695e-05
3.828191524236970722e-05
4.291933203711133411e-05
3.472474845777646376e-05
3.515233973230254348e-05
3.601965682129889000e-05
3.636036002870456655e-05
3.523404165295265458e-05
3.559297085636648546e-05
3.697905179929673755e-05
3.359928760906224566e-05
3.832062667189962713e-05
4.625443790246841784e-05
4.280317550432149440e-05
3.884683551573357187e-05
4.240439625396684318e-05
4.405586984346010943e-05
3.648429312670410088e-05
3.393187693301498442e-05
3.571145113678619648e-05
5.211255286186277481e-05
3.464949256920962930e-05
3.340703298711735809e-05
4.510038076219962077e-05
3.807850379220607627e-05
3.840550608063942028e-05
3.708760594936050476e-05
3.479673713938089062e-05
3.687012196899889035e-05
3.372908672524077371e-05
4.237420353221988431e-05
4.114194177056296734e-05
3.467620470461771598e-05
4.425392637882098214e-05
4.469689700761450167e-05
3.632448002477799007e-05
3.427015946565989705e-05
3.555465048956892634e-05
3.449024614129117024e-05
3.797585062120541861e-05
3.798199636226909224e-05
4.218519311052997109e-05
4.485458623809925808e-05
3.435798957511381109e-05
3.502595176788616735e-05
3.537676842118626800e-05
3.652799091259734202e-05
3.398063419964677449e-05
3.432250156662390795e-05
4.012567738173110994e-05
3.488537333818508964e-05
5.295530485317224403e-05
3.452605591336227274e-05
5.975556422626417320e-05
6.414123421852344976e-05
3.700495566987977309e-05
3.465281831917118677e-05
3.605048284248784361e-05
3.808048365446256394e-05
3.389403432220654646e-05
4.896268350390392353e-05
3.749970744234681084e-05
3.460010540596757860e-05
4.339877865826625606e-05
4.152840554248043574e-05
4.125208371829578873e-05
3.498722361173798803e-05
4.779383836840058218e-05
3.938159321933966622e-05
3.476916353538914080e-05
3.680966943789728668e-05
4.176484130726838020e-05
3.409787500492158249e-05
3.747186224389536364e-05
4.129635783537383918e-05
3.345007383379313071e-05
3.392124716522366799e-05
3.909998047684266643e-05
3.406440842634766487e-05
3.422865240397075651e-05
3.557066968877029255e-05
3.354183161740693269e-05
3.654822555061042520e-05
3.871298398081095960e-05
3.384264160760935299e-05
4.141381503302476514e-05
3.616578299503807971e-05
3.516494520256179934e-05
4.130734542238028378e-05
5.155221101190877596e-05
4.237333011721014758e-05
3.892424797949750018e-05
3.352182574050801352e-05
4.233414117174323209e-05
3.458081756685466783e-05
3.755904711730736751e-05
3.513397540743441912e-05
3.644669694460653519e-05
3.652087657205657477e-05
3.882639616752337825e-05
3.830848998094389343e-05
3.446983230629164781e-05
3.834869322362319157e-05
3.443396794005121786e-05
3.495374768229727593e-05
3.981459801055525478e-05
3.549998231289158517e-05
3.675284081555141020e-05
3.461164291623877878e-05
3.354629836131465880e-05
3.944695832496665885e-05
5.607307527709063527e-05
3.871431606713071540e-05
3.480377639561684286e-05
3.942238720308292703e-05
5.643391545536156114e-05
3.751289296378488826e-05
4.095548557437096471e-05
3.320588796484654756e-05
3.640277572393190223e-05
3.908528257455339932e-05
3.375202260338435866e-05
3.372386803968518417e-05
4.027463216332017302e-05
3.334758349048922663e-05
3.713643886242761150e-05
3.926907565866715643e-05
3.383310913665274456e-05
3.474316756532598366e-05
3.358143122059040675e-05
3.853213983823616784e-05
3.362002073722664667e-05
3.801213599968334517e-05
3.603915782823685366e-05
3.919419680923819549e-05
3.460806978413427968e-05
4.432026293452682173e-05
3.825630700633565138e-05
5.420358416440256287e-05
4.649764149981339221e-05
3.935166882359205970e-05
3.419135392369686667e-05
3.531882934679039023e-05
4.486720157597667044e-05
3.486929668844907133e-05
3.589333977400688676e-05
3.434919408532863201e-05
3.501185929222330783e-05
3.500941568844531139e-05
4.216104171089605406e-05
4.135728603950869270e-05
3.619506041566829225e-05
3.700246371612467169e-05
5.362836106481334468e-05
3.449478098574497946e-05
3.598047302663302485e-05
4.414692503199197786e-05
3.673980532836710494e-05
3.378876020768415203e-05
3.400247234615966018e-05
3.780303990688486156e-05
3.832090463916431141e-05
3.721895714852507207e-05
3.562028364612376114e-05
3.321386412640899352e-05
3.388203492817021788e-05
3.375044607763845765e-05
3.513175680271785815e-05
3.534328138788273157e-05
3.455192259886725960e-05
3.347808839495649560e-05
4.245242917643110109e-05
3.338291673557303261e-05
4.038909972091642267e-05
3.408675691344463320e-05
4.286999831682957959e-05
3.417558713814217950e-05
3.760655136301353974e-05
3.588687284698905772e-05
3.423788515154674924e-05
3.438056669371571588e-05
3.401892898260704562e-05
3.759636484695358323e-05
3.886697797876151507e-05
3.826821023486133962e-05
3.765476628113092404e-05
4.195883633288057435e-05
3.997813787407418663e-05
3.455419230813635612e-05
3.991613440753538975e-05
3.989242136189316166e-05
3.863585579467997269e-05
3.723220288944510448e-05
3.378679540625596095e-05
5.591894375127137501e-05
3.656660013961407225e-05
3.429327310641318820e-05
3.389943163103104236e-05
3.926343110429917054e-05
3.644790477430476521e-05
3.336636708797547377e-05
3.387467917594006491e-05
6.358390531002845812e-05
3.525865563783175922e-05
4.289414590384878971e-05
4.887594649571342504e-05
3.926992957454056521e-05
3.606780386731968656e-05
3.468764665075041800e-05
3.757766633817100397e-05
3.672918928279768108e-05
4.946499579892388944e-05
4.376746150554062072e-05
4.748591421293752059e-05
3.417651195003707719e-05
3.633827388228554051e-05
3.779613329545773563e-05
3.684316003312083525e-05
3.647281165424301475e-05
3.354649875379233558e-05
3.446946035474675275e-05
3.496425191113436030e-05
3.752171130141571239e-05
3.380715795339027288e-05
3.667931933637566706e-05
3.784159129138932450e-05
3.515573763941067144e-05
3.422916701877602746e-05
3.525823122851844940e-05
4.037259537214705601e-05
3.636405275701560673e-05
3.832157967943800378e-05
3.465095914982893257e-05
3.334697238971929097e-05
3.566803964817080540e-05
3.433099350590414423e-05
3.398781660923597966e-05
3.363804818492695383e-05
3.321962958237269399e-05
3.366095643032746020e-05
3.398823085168959187e-05
4.251633102058710492e-05
3.702474375663878617e-05
3.437502662254239560e-05
3.359369959739852142e-05
4.001587264114067882e-05
3.433324988528969776e-05
3.890706274821885099e-05
5.951360553442977232e-05
3.729952120612044144e-05
3.395823142682072310e-05
3.921707626759543677e-05
3.334991121134611876e-05
6.063016978697241207e-05
4.232444541231379268e-05
4.043017684355032618e-05
3.444619144844103916e-05
3.849030426952878138e-05
5.231994823140342953e-05
3.549883071871494530e-05
4.119723600315709951e-05
3.589792649649807082e-05
3.326146430463164692e-05
3.992183042243518856e-05
3.604526797259421282e-05
3.823017192463466286e-05
4.931023861887281687e-05
3.488401082875182895e-05
3.624941925531302084e-05
3.482244251488365649e-05
3.322518652433570520e-05
3.519476136167443267e-05
3.519082167633030188e-05
3.595385929084325276e-05
3.643657419596217515e-05
3.533643454304143751e-05
4.683041392183236716e-05
4.137041686681605559e-05
3.708825763952784346e-05
4.109833845209340334e-05
3.457396892799108627e-05
3.441535678368180356e-05
4.546134438584199138e-05
4.226271461167135408e-05
3.687040897648931630e-05
3.497497720162973545e-05
3.748977829481551062e-05
3.394011356055036448e-05
3.325152516027271479e-05
3.863364257414792435e-05
3.439527477456473314e-05
3.919971958372846157e-05
3.728604145063306853e-05
3.503606634876778303e-05
3.627253197159633198e-05
3.433703646275367423e-05
3.757907013783836134e-05
4.571007479303309612e-05
3.416121651227714892e-05
6.078441188089908333e-05
3.511164573391675986e-05
3.360293554373353439e-05
3.412931314250874741e-05
3.443021060922875408e-05
3.649537866196054723e-05
3.979286622438693235e-05
3.521935070128072204e-05
3.350911154881562230e-05
3.813747515550786667e-05
6.694617871165217205e-05
3.877182299651419170e-05
3.449804187793203107e-05
4.230875615742121234e-05
3.446305574349084932e-05
3.359960114622837857e-05
3.811115554206765099e-05
3.399027424462255378e-05
3.545437913092927735e-05
4.727902580710714216e-05
3.944743501772552665e-05
4.679526238967498500e-05
3.669380103957012703e-05
5.122886288748195816e-05
3.447697694704573545e-05
3.644200131556634998e-05
3.824169817888044764e-05
3.688913948536832945e-05
3.344230942255903630e-05
3.643632330895218941e-05
3.446943378635689670e-05
3.557844050650504247e-05
4.328188720161299882e-05
4.022979913018716444e-05
3.593498888686757304e-05
3.385074259516676447e-05
3.751967033165781441e-05
3.425062646608415993e-05
3.619006530761655760e-05
3.984552070430925561e-05
3.473601644090338806e-05
5.433794066673227035e-05
4.040610042784769117e-05
3.584230186484092399e-05
4.401918851038450078e-05
3.908180322518257466e-05
3.465619554478968569e-05
3.873451357980867772e-05
3.523606753201631472e-05
3.512789853834078250e-05
3.650400443275921491e-05
3.424624557380995498e-05
3.635441738778499041e-05
3.467440125933652875e-05
3.858562309280877146e-05
3.692507114046784830e-05
3.479104075732884679e-05
3.810044827634253726e-05
