Fracture Radii List After Isolated Fracture and Cluster Removal
Format: xRadius yRadius Family# (-2 = userPolygon, -1 = userRectangle, 0 = userEllipse, > 0 is family in order of famProb)
66.1175 66.1175 2
36.2027 36.2027 3
53.7381 53.7381 2
47.2711 47.2711 3
38.4446 38.4446 3
46.603 46.603 3
60.2768 60.2768 3
50.3389 50.3389 1
55.6662 55.6662 3
93.7743 93.7743 2
44.7352 44.7352 3
32.6234 32.6234 1
141.834 141.834 2
35.8306 35.8306 2
30.4844 30.4844 3
37.0687 37.0687 2
31.2873 31.2873 3
34.3048 34.3048 3
69.8609 69.8609 3
143.547 143.547 3
89.675 89.675 2
52.7258 52.7258 1
49.1939 49.1939 1
45.1952 45.1952 2
54.3051 54.3051 2
100.491 100.491 3
30.6005 30.6005 3
57.4645 57.4645 3
71.8122 71.8122 1
32.94 32.94 2
43.2371 43.2371 3
33.081 33.081 2
40.6193 40.6193 1
43.9471 43.9471 3
62.735 62.735 1
33.7077 33.7077 1
38.1538 38.1538 1
36.7847 36.7847 2
56.4079 56.4079 3
34.4856 34.4856 3
44.5734 44.5734 1
101.56 101.56 3
48.5791 48.5791 1
62.3668 62.3668 1
30.6207 30.6207 2
43.0654 43.0654 3
57.6997 57.6997 3
38.2223 38.2223 1
60.8505 60.8505 3
55.2211 55.2211 3
44.315 44.315 3
38.5738 38.5738 3
38.6899 38.6899 3
60.6767 60.6767 1
57.2307 57.2307 2
32.4529 32.4529 3
94.5182 94.5182 2
46.9968 46.9968 1
64.3804 64.3804 2
56.5345 56.5345 3
33.254 33.254 3
49.0644 49.0644 2
65.924 65.924 3
50.9138 50.9138 2
51.0738 51.0738 3
48.3509 48.3509 1
70.4905 70.4905 1
38.8637 38.8637 3
30.4426 30.4426 2
31.4841 31.4841 2
31.5668 31.5668 3
70.6397 70.6397 2
30.7622 30.7622 2
103.637 103.637 1
253.835 253.835 3
34.1302 34.1302 1
32.1124 32.1124 2
56.2892 56.2892 1
38.6664 38.6664 1
42.1976 42.1976 3
32.4509 32.4509 3
32.0385 32.0385 3
35.4051 35.4051 3
36.3641 36.3641 1
31.8391 31.8391 2
41.0817 41.0817 1
187.19 187.19 3
46.0293 46.0293 3
100.89 100.89 3
51.4612 51.4612 3
92.3852 92.3852 1
74.0207 74.0207 2
35.0665 35.0665 3
39.3926 39.3926 2
79.2643 79.2643 3
83.0218 83.0218 3
31.7817 31.7817 3
41.8845 41.8845 3
89.694 89.694 2
66.2047 66.2047 3
38.1871 38.1871 3
36.7733 36.7733 3
42.0644 42.0644 1
33.8039 33.8039 3
37.6525 37.6525 3
32.1351 32.1351 1
51.9374 51.9374 2
91.4248 91.4248 3
54.0044 54.0044 3
57.5733 57.5733 3
97.9213 97.9213 1
44.7397 44.7397 3
60.2209 60.2209 3
30.0295 30.0295 1
45.2989 45.2989 3
31.309 31.309 3
148.501 148.501 2
55.1484 55.1484 3
42.364 42.364 1
40.1002 40.1002 1
30.8842 30.8842 1
56.6618 56.6618 2
63.8247 63.8247 3
33.8692 33.8692 3
31.3672 31.3672 1
30.6399 30.6399 1
58.7089 58.7089 3
34.6264 34.6264 3
43.0642 43.0642 3
40.1582 40.1582 2
41.916 41.916 3
38.1729 38.1729 3
51.5491 51.5491 2
32.5234 32.5234 3
30.5566 30.5566 1
65.3019 65.3019 2
51.1516 51.1516 2
48.4581 48.4581 3
102.914 102.914 3
36.2499 36.2499 3
38.5386 38.5386 3
30.711 30.711 3
87.4768 87.4768 3
256.45 256.45 3
48.3252 48.3252 2
32.6567 32.6567 2
34.1459 34.1459 3
49.4295 49.4295 3
56.7552 56.7552 2
34.3969 34.3969 1
59.5837 59.5837 2
42.0654 42.0654 2
39.067 39.067 2
43.6256 43.6256 3
30.2316 30.2316 1
30.1561 30.1561 3
37.0049 37.0049 3
34.2411 34.2411 1
41.026 41.026 1
38.8055 38.8055 3
31.549 31.549 3
35.8077 35.8077 2
35.6179 35.6179 1
31.765 31.765 2
49.3032 49.3032 3
35.8984 35.8984 3
47.7971 47.7971 2
48.2628 48.2628 3
32.3758 32.3758 3
122.741 122.741 3
34.2043 34.2043 3
32.7736 32.7736 3
36.5331 36.5331 3
34.6328 34.6328 2
32.3454 32.3454 1
32.5102 32.5102 2
110.501 110.501 2
50.268 50.268 3
60.925 60.925 3
75.7979 75.7979 2
34.4867 34.4867 2
68.9596 68.9596 1
34.2808 34.2808 2
62.3347 62.3347 3
213.852 213.852 1
42.9611 42.9611 3
52.3893 52.3893 1
39.9264 39.9264 3
31.9396 31.9396 2
42.7763 42.7763 2
73.0192 73.0192 3
44.6486 44.6486 3
68.4796 68.4796 3
126.405 126.405 1
516.599 516.599 3
41.36 41.36 1
39.6882 39.6882 1
30.3078 30.3078 3
30.6918 30.6918 3
31.6387 31.6387 1
31.2897 31.2897 1
45.889 45.889 2
57.3646 57.3646 3
43.4075 43.4075 2
30.901 30.901 3
49.2689 49.2689 3
385.543 385.543 1
39.8359 39.8359 2
62.9558 62.9558 3
32.9475 32.9475 2
32.5563 32.5563 2
36.2998 36.2998 3
31.4846 31.4846 3
80.073 80.073 3
77.3169 77.3169 3
36.8642 36.8642 1
56.1606 56.1606 1
31.3476 31.3476 1
33.3467 33.3467 3
31.5808 31.5808 3
31.5816 31.5816 3
31.4769 31.4769 3
41.5676 41.5676 3
68.6413 68.6413 1
32.243 32.243 1
49.2515 49.2515 1
41.1947 41.1947 3
31.2543 31.2543 1
80.2792 80.2792 3
34.1754 34.1754 2
34.1494 34.1494 3
75.9423 75.9423 2
35.6322 35.6322 1
71.4872 71.4872 1
57.7768 57.7768 2
36.7113 36.7113 2
47.9471 47.9471 2
41.6335 41.6335 2
41.2826 41.2826 3
32.398 32.398 3
34.418 34.418 3
47.1276 47.1276 1
52.9267 52.9267 3
30.4925 30.4925 3
30.2047 30.2047 3
53.7834 53.7834 1
30.1648 30.1648 2
47.7863 47.7863 1
41.6644 41.6644 3
34.7966 34.7966 3
53.9978 53.9978 2
31.9041 31.9041 3
67.3758 67.3758 1
30.9245 30.9245 3
75.5511 75.5511 1
59.1072 59.1072 1
41.7485 41.7485 3
31.3796 31.3796 3
32.2134 32.2134 1
52.399 52.399 3
42.8604 42.8604 1
35.2707 35.2707 2
30.5168 30.5168 3
86.4387 86.4387 3
32.5269 32.5269 2
37.0835 37.0835 2
44.1758 44.1758 3
66.8045 66.8045 3
51.5417 51.5417 3
44.3962 44.3962 3
35.8556 35.8556 1
35.5825 35.5825 3
163.921 163.921 3
33.0716 33.0716 3
54.6073 54.6073 3
55.8474 55.8474 1
45.421 45.421 3
31.9727 31.9727 3
47.6606 47.6606 3
38.2868 38.2868 3
35.8894 35.8894 2
31.0088 31.0088 3
60.7515 60.7515 2
37.9922 37.9922 2
32.1545 32.1545 3
39.7751 39.7751 3
30.3561 30.3561 2
34.0953 34.0953 3
39.6759 39.6759 1
34.9097 34.9097 3
300.611 300.611 3
30.7014 30.7014 1
67.8505 67.8505 3
32.444 32.444 1
55.4162 55.4162 3
30.5367 30.5367 1
51.8716 51.8716 3
44.8204 44.8204 3
32.3516 32.3516 3
32.8284 32.8284 3
43.9955 43.9955 2
31.1331 31.1331 3
48.4585 48.4585 1
434.873 434.873 3
59.5611 59.5611 2
33.0967 33.0967 1
37.2728 37.2728 2
30.1234 30.1234 3
30.9226 30.9226 1
83.0344 83.0344 3
64.9072 64.9072 3
35.5005 35.5005 3
32.9166 32.9166 3
43.4542 43.4542 3
101.423 101.423 3
38.6217 38.6217 1
31.1616 31.1616 2
31.3027 31.3027 3
62.2876 62.2876 3
72.5948 72.5948 3
62.8989 62.8989 1
35.9255 35.9255 1
38.9419 38.9419 1
38.0027 38.0027 3
35.4115 35.4115 1
31.4919 31.4919 3
40.9229 40.9229 1
39.0358 39.0358 2
30.9961 30.9961 3
37.3158 37.3158 3
39.5201 39.5201 2
36.5346 36.5346 3
39.8259 39.8259 2
36.6988 36.6988 1
35.1163 35.1163 3
31.3759 31.3759 3
34.4854 34.4854 2
32.8427 32.8427 3
73.2232 73.2232 2
39.4347 39.4347 2
69.4249 69.4249 3
44.2551 44.2551 3
31.3959 31.3959 1
30.7363 30.7363 3
177.431 177.431 3
41.9298 41.9298 1
78.3097 78.3097 3
30.4992 30.4992 3
40.3081 40.3081 2
42.9644 42.9644 1
67.4162 67.4162 3
47.672 47.672 3
35.3996 35.3996 2
50.5471 50.5471 3
31.0534 31.0534 2
67.8421 67.8421 1
69.1659 69.1659 1
57.0177 57.0177 2
35.9465 35.9465 1
32.4507 32.4507 3
31.8683 31.8683 3
54.9002 54.9002 1
38.8757 38.8757 3
146.494 146.494 2
67.6484 67.6484 1
30.36 30.36 3
31.8253 31.8253 3
30.7248 30.7248 3
31.252 31.252 2
36.2538 36.2538 2
33.3899 33.3899 3
39.0111 39.0111 1
46.3307 46.3307 3
41.3086 41.3086 2
30.2162 30.2162 3
30.8816 30.8816 3
69.4154 69.4154 3
37.4184 37.4184 3
75.9128 75.9128 1
30.6079 30.6079 3
47.3683 47.3683 2
31.0968 31.0968 3
31.4611 31.4611 1
46.4498 46.4498 2
30.2475 30.2475 2
39.8668 39.8668 3
46.7242 46.7242 1
46.6622 46.6622 3
30.6349 30.6349 1
49.9133 49.9133 2
44.5819 44.5819 3
33.6251 33.6251 3
55.1014 55.1014 3
61.9604 61.9604 3
38.436 38.436 2
36.1902 36.1902 3
36.8302 36.8302 3
92.2472 92.2472 1
135.993 135.993 2
36.24 36.24 2
44.4425 44.4425 1
36.0086 36.0086 2
109.821 109.821 3
46.0882 46.0882 2
32.7219 32.7219 1
30.0358 30.0358 3
34.7863 34.7863 3
53.0751 53.0751 1
59.6502 59.6502 3
48.42 48.42 2
30.9102 30.9102 1
30.6413 30.6413 2
35.8703 35.8703 3
66.6465 66.6465 1
50.0756 50.0756 3
45.9051 45.9051 2
84.6799 84.6799 3
30.3005 30.3005 3
42.4314 42.4314 2
43.6813 43.6813 1
30.4919 30.4919 2
37.8076 37.8076 3
60.9158 60.9158 3
53.3963 53.3963 2
37.7408 37.7408 2
140.375 140.375 3
41.7523 41.7523 3
64.2561 64.2561 1
80.114 80.114 3
38.7427 38.7427 1
33.4875 33.4875 3
31.9258 31.9258 2
49.103 49.103 3
32.8218 32.8218 3
50.7116 50.7116 3
40.4728 40.4728 2
56.1941 56.1941 3
32.1459 32.1459 2
34.639 34.639 2
82.5637 82.5637 2
35.8195 35.8195 1
36.3578 36.3578 3
81.6329 81.6329 1
53.1499 53.1499 3
33.7948 33.7948 3
35.9174 35.9174 1
30.2926 30.2926 3
39.3033 39.3033 3
31.3473 31.3473 3
37.6987 37.6987 3
32.0099 32.0099 2
76.2279 76.2279 1
33.0608 33.0608 1
44.7347 44.7347 3
170.877 170.877 1
53.2751 53.2751 2
101.083 101.083 3
34.1743 34.1743 2
33.4774 33.4774 2
44.0721 44.0721 3
55.5985 55.5985 2
56.7306 56.7306 3
38.6641 38.6641 1
173.945 173.945 3
39.5621 39.5621 2
42.5725 42.5725 3
30.3178 30.3178 1
31.1786 31.1786 3
46.6532 46.6532 2
93.1361 93.1361 1
46.5061 46.5061 3
36.9622 36.9622 1
42.092 42.092 2
33.9019 33.9019 3
41.4424 41.4424 3
55.4003 55.4003 3
55.4413 55.4413 1
34.2304 34.2304 2
41.1372 41.1372 1
34.4123 34.4123 1
181.083 181.083 3
37.7687 37.7687 1
46.6195 46.6195 3
30.1342 30.1342 3
57.3571 57.3571 2
41.7457 41.7457 2
172.852 172.852 1
91.0298 91.0298 3
88.7286 88.7286 1
35.8488 35.8488 3
33.6373 33.6373 3
47.8725 47.8725 1
65.889 65.889 2
36.9801 36.9801 2
70.4456 70.4456 2
64.1059 64.1059 3
35.1973 35.1973 1
30.5475 30.5475 1
43.7485 43.7485 3
42.3162 42.3162 1
36.5569 36.5569 1
30.3551 30.3551 3
41.8358 41.8358 3
39.969 39.969 1
58.914 58.914 1
42.7218 42.7218 3
46.6088 46.6088 2
48.4781 48.4781 2
46.1793 46.1793 3
30.2371 30.2371 3
37.365 37.365 1
51.2965 51.2965 1
43.1061 43.1061 3
45.1048 45.1048 3
32.5448 32.5448 1
175.133 175.133 3
43.7629 43.7629 2
73.3609 73.3609 1
148.194 148.194 2
47.3765 47.3765 3
97.7594 97.7594 3
61.1521 61.1521 2
33.6688 33.6688 3
33.7884 33.7884 2
48.998 48.998 3
34.4919 34.4919 2
369.025 369.025 3
72.4012 72.4012 3
34.7622 34.7622 3
43.3732 43.3732 3
38.2155 38.2155 2
60.5234 60.5234 3
38.6218 38.6218 1
33.1402 33.1402 2
54.7442 54.7442 3
37.8251 37.8251 3
37.5849 37.5849 3
41.1298 41.1298 2
44.1376 44.1376 3
42.5626 42.5626 3
64.8902 64.8902 2
70.6511 70.6511 3
124.603 124.603 3
36.3239 36.3239 3
39.2137 39.2137 1
51.2409 51.2409 3
49.5978 49.5978 2
67.4864 67.4864 3
30.8432 30.8432 1
70.7588 70.7588 3
30.9773 30.9773 3
34.8054 34.8054 3
45.3122 45.3122 3
69.298 69.298 1
33.7614 33.7614 3
38.084 38.084 1
70.3015 70.3015 2
42.3325 42.3325 2
39.417 39.417 1
41.6359 41.6359 2
53.9044 53.9044 3
76.3987 76.3987 3
44.7355 44.7355 1
65.1419 65.1419 3
35.1609 35.1609 1
35.6568 35.6568 3
34.5054 34.5054 2
34.7715 34.7715 2
37.5687 37.5687 1
70.0451 70.0451 3
32.2236 32.2236 2
37.3468 37.3468 3
33.9776 33.9776 3
50.2566 50.2566 2
37.4171 37.4171 2
37.1544 37.1544 3
36.4941 36.4941 2
41.4572 41.4572 2
30.0169 30.0169 1
44.0194 44.0194 2
52.8159 52.8159 2
71.8172 71.8172 3
31.3175 31.3175 2
75.8997 75.8997 2
32.4623 32.4623 2
31.1809 31.1809 3
54.4578 54.4578 3
33.7948 33.7948 3
32.5313 32.5313 1
32.5035 32.5035 1
44.3195 44.3195 2
146.228 146.228 3
94.4079 94.4079 3
46.2099 46.2099 3
48.9296 48.9296 2
45.7678 45.7678 3
35.5281 35.5281 1
41.0969 41.0969 1
37.7346 37.7346 3
64.2932 64.2932 1
41.8273 41.8273 3
36.8744 36.8744 1
129.149 129.149 1
32.6226 32.6226 1
34.7075 34.7075 2
33.1652 33.1652 3
37.8769 37.8769 1
33.374 33.374 3
31.4258 31.4258 3
32.9693 32.9693 3
36.9996 36.9996 3
43.7277 43.7277 3
48.2306 48.2306 3
58.3322 58.3322 1
167.25 167.25 3
32.8146 32.8146 1
74.8082 74.8082 3
59.8824 59.8824 3
30.3474 30.3474 3
34.2082 34.2082 3
247.746 247.746 3
31.9372 31.9372 3
32.3114 32.3114 3
139.683 139.683 2
44.8655 44.8655 3
140.64 140.64 2
41.7754 41.7754 1
35.7944 35.7944 2
33.4432 33.4432 1
83.0063 83.0063 1
165.398 165.398 2
35.8606 35.8606 3
31.7721 31.7721 3
51.8128 51.8128 2
44.9471 44.9471 3
31.6015 31.6015 2
112.776 112.776 2
41.0256 41.0256 2
39.3592 39.3592 3
55.2817 55.2817 3
227.694 227.694 3
39.3163 39.3163 3
135.846 135.846 3
37.5195 37.5195 3
46.8626 46.8626 2
91.9433 91.9433 1
73.8995 73.8995 3
38.3514 38.3514 2
51.5248 51.5248 3
30.0152 30.0152 2
79.7553 79.7553 3
43.4179 43.4179 1
60.3005 60.3005 2
33.5606 33.5606 2
38.1101 38.1101 1
51.6794 51.6794 3
70.1652 70.1652 3
34.1179 34.1179 3
38.2543 38.2543 3
42.1372 42.1372 1
58.119 58.119 1
197.078 197.078 2
30.036 30.036 2
40.8859 40.8859 1
51.9104 51.9104 1
42.7498 42.7498 2
52.9863 52.9863 3
38.0182 38.0182 2
40.0876 40.0876 1
32.2271 32.2271 2
39.0987 39.0987 3
64.657 64.657 2
63.6022 63.6022 1
63.7936 63.7936 1
43.7492 43.7492 3
40.5784 40.5784 3
36.8513 36.8513 3
75.2464 75.2464 3
31.7429 31.7429 1
53.7301 53.7301 3
46.1795 46.1795 2
37.7034 37.7034 2
73.3344 73.3344 2
101.903 101.903 3
127.051 127.051 3
47.5049 47.5049 3
61.2357 61.2357 3
52.0938 52.0938 2
32.4216 32.4216 3
52.5901 52.5901 3
57.6541 57.6541 3
66.3567 66.3567 3
60.9044 60.9044 1
31.205 31.205 2
39.4588 39.4588 2
30.6332 30.6332 2
54.7098 54.7098 3
58.3857 58.3857 3
48.4611 48.4611 1
75.8227 75.8227 1
42.7866 42.7866 3
60.2096 60.2096 3
42.5036 42.5036 1
36.0542 36.0542 1
49.9407 49.9407 1
34.7353 34.7353 3
38.3128 38.3128 3
53.1019 53.1019 1
75.831 75.831 3
50.724 50.724 3
48.6904 48.6904 1
35.3568 35.3568 3
31.5366 31.5366 2
41.5941 41.5941 2
57.04 57.04 1
40.6537 40.6537 3
58.9959 58.9959 3
39.0772 39.0772 2
53.7744 53.7744 1
31.7811 31.7811 1
80.0051 80.0051 2
36.4346 36.4346 1
56.7096 56.7096 1
33.3121 33.3121 3
43.224 43.224 3
59.7004 59.7004 2
36.2173 36.2173 1
42.2116 42.2116 1
30.91 30.91 3
35.6679 35.6679 3
65.8337 65.8337 3
36.3467 36.3467 1
30.9799 30.9799 2
37.8324 37.8324 1
105.22 105.22 3
36.773 36.773 2
30.848 30.848 1
33.2912 33.2912 3
122.754 122.754 1
38.4949 38.4949 2
43.2699 43.2699 2
34.2605 34.2605 3
35.8223 35.8223 3
32.045 32.045 3
41.9491 41.9491 3
33.7926 33.7926 3
35.838 35.838 2
37.8528 37.8528 3
30.6826 30.6826 1
36.6076 36.6076 3
42.6394 42.6394 3
43.1829 43.1829 3
85.107 85.107 3
39.9138 39.9138 3
46.9456 46.9456 3
34.7536 34.7536 3
89.7955 89.7955 3
32.1041 32.1041 1
31.4426 31.4426 3
33.4358 33.4358 3
33.6308 33.6308 2
35.5645 35.5645 3
31.4123 31.4123 3
38.3212 38.3212 1
37.2218 37.2218 2
35.9337 35.9337 3
34.7889 34.7889 1
73.0875 73.0875 3
40.9341 40.9341 1
35.3334 35.3334 1
58.3168 58.3168 3
43.9585 43.9585 1
34.4397 34.4397 3
165.242 165.242 2
32.8992 32.8992 1
46.1935 46.1935 2
36.4691 36.4691 2
34.6314 34.6314 3
42.0919 42.0919 3
36.1419 36.1419 2
82.6924 82.6924 3
83.4447 83.4447 2
34.1511 34.1511 1
36.9619 36.9619 1
39.6804 39.6804 1
33.2691 33.2691 1
36.7241 36.7241 3
34.1501 34.1501 3
43.1631 43.1631 3
101.068 101.068 3
54.8093 54.8093 2
47.752 47.752 3
53.9679 53.9679 2
85.6534 85.6534 3
46.1673 46.1673 3
33.5735 33.5735 3
30.1043 30.1043 2
30.6474 30.6474 3
47.7956 47.7956 1
32.9458 32.9458 3
33.1156 33.1156 1
174.41 174.41 3
32.0423 32.0423 2
56.1639 56.1639 3
57.7498 57.7498 3
42.5674 42.5674 1
39.8555 39.8555 1
32.628 32.628 3
31.9213 31.9213 3
42.4757 42.4757 2
38.3298 38.3298 3
35.6252 35.6252 3
72.0656 72.0656 2
62.7006 62.7006 3
31.2911 31.2911 1
44.1229 44.1229 3
32.3251 32.3251 2
36.4057 36.4057 3
94.0462 94.0462 3
95.2448 95.2448 1
31.4217 31.4217 2
42.4147 42.4147 1
43.395 43.395 3
37.9822 37.9822 1
41.433 41.433 2
74.8685 74.8685 3
305.191 305.191 1
51.3231 51.3231 3
49.8177 49.8177 3
44.9 44.9 3
32.0823 32.0823 2
40.9966 40.9966 3
42.3911 42.3911 3
50.6876 50.6876 3
43.7638 43.7638 2
356.985 356.985 3
34.0782 34.0782 2
62.5567 62.5567 1
36.4999 36.4999 1
137.64 137.64 3
30.734 30.734 3
41.5582 41.5582 3
30.7734 30.7734 2
48.1831 48.1831 1
30.8235 30.8235 2
32.4177 32.4177 2
40.3097 40.3097 2
30.5329 30.5329 2
33.3637 33.3637 1
66.0734 66.0734 3
41.5789 41.5789 3
35.7724 35.7724 3
32.7333 32.7333 3
35.4365 35.4365 2
31.1506 31.1506 3
32.0763 32.0763 1
78.2567 78.2567 1
34.16 34.16 2
47.3514 47.3514 3
49.0737 49.0737 3
57.4445 57.4445 3
38.0319 38.0319 1
41.7679 41.7679 3
44.5147 44.5147 3
91.3508 91.3508 3
47.6717 47.6717 3
34.7021 34.7021 1
35.7563 35.7563 1
38.6541 38.6541 3
31.4513 31.4513 1
155.251 155.251 3
36.1663 36.1663 3
32.7051 32.7051 3
34.2689 34.2689 3
76.1965 76.1965 1
46.3204 46.3204 2
32.5949 32.5949 3
45.0944 45.0944 2
33.0841 33.0841 2
39.336 39.336 3
54.4893 54.4893 3
43.3947 43.3947 3
52.7231 52.7231 3
30.9724 30.9724 1
33.0082 33.0082 3
51.2141 51.2141 1
37.1218 37.1218 1
32.2457 32.2457 1
104.971 104.971 2
65.4461 65.4461 3
91.1653 91.1653 2
47.1225 47.1225 3
31.827 31.827 3
30.1495 30.1495 2
77.0329 77.0329 1
39.9367 39.9367 2
38.4521 38.4521 3
34.5178 34.5178 3
33.7884 33.7884 3
37.5786 37.5786 3
146.371 146.371 3
31.8016 31.8016 2
57.258 57.258 3
30.7993 30.7993 2
36.9072 36.9072 3
31.0823 31.0823 2
112.698 112.698 2
38.4918 38.4918 3
36.7851 36.7851 3
56.6007 56.6007 2
37.0151 37.0151 2
30.236 30.236 1
44.2453 44.2453 3
34.1272 34.1272 3
39.5379 39.5379 3
44.487 44.487 2
69.0716 69.0716 3
35.1005 35.1005 2
37.6764 37.6764 1
30.3549 30.3549 2
32.1183 32.1183 1
43.7472 43.7472 3
39.8114 39.8114 3
93.6606 93.6606 2
34.211 34.211 3
39.0773 39.0773 2
37.9066 37.9066 1
32.3459 32.3459 1
58.3464 58.3464 2
32.5046 32.5046 3
33.3322 33.3322 3
137.613 137.613 1
348.763 348.763 3
143.572 143.572 3
57.8761 57.8761 1
36.5981 36.5981 2
90.5774 90.5774 2
36.1877 36.1877 3
90.3959 90.3959 2
44.6482 44.6482 3
31.8588 31.8588 3
41.9886 41.9886 3
32.9895 32.9895 2
99.1918 99.1918 3
102.037 102.037 3
54.1276 54.1276 2
40.1228 40.1228 1
66.0865 66.0865 3
43.5518 43.5518 3
46.4022 46.4022 2
34.313 34.313 1
63.7075 63.7075 1
106.802 106.802 2
41.6156 41.6156 3
50.0897 50.0897 2
32.2247 32.2247 3
69.9012 69.9012 3
59.9743 59.9743 3
69.0962 69.0962 3
37.7676 37.7676 3
98.1611 98.1611 3
41.501 41.501 3
48.847 48.847 1
35.4002 35.4002 3
88.3576 88.3576 2
45.4191 45.4191 3
31.4252 31.4252 3
182.413 182.413 2
121.889 121.889 3
40.1353 40.1353 3
86.4667 86.4667 1
32.3274 32.3274 2
43.894 43.894 3
79.6448 79.6448 3
60.9777 60.9777 2
31.0775 31.0775 3
50.5178 50.5178 1
69.8442 69.8442 1
46.0753 46.0753 3
89.1011 89.1011 3
47.9333 47.9333 3
44.7052 44.7052 2
31.9006 31.9006 3
135.155 135.155 1
48.1871 48.1871 3
49.86 49.86 2
31.0707 31.0707 2
78.2823 78.2823 1
48.7559 48.7559 3
40.3156 40.3156 1
33.1082 33.1082 1
35.7429 35.7429 2
32.7838 32.7838 2
299.648 299.648 3
49.015 49.015 2
32.1749 32.1749 1
34.1624 34.1624 3
69.6201 69.6201 2
35.5007 35.5007 3
55.2507 55.2507 3
52.5628 52.5628 3
36.4639 36.4639 3
60.7002 60.7002 3
48.7874 48.7874 2
36.3301 36.3301 2
66.4579 66.4579 3
63.6843 63.6843 2
91.7603 91.7603 1
36.1978 36.1978 3
51.6201 51.6201 1
45.5523 45.5523 1
36.2751 36.2751 3
37.3803 37.3803 1
40.7065 40.7065 1
32.624 32.624 3
53.0661 53.0661 3
35.0617 35.0617 3
32.8633 32.8633 1
54.0135 54.0135 3
78.3371 78.3371 1
39.3149 39.3149 1
44.7519 44.7519 2
34.3399 34.3399 1
55.2117 55.2117 2
43.0555 43.0555 2
32.8738 32.8738 3
34.0378 34.0378 3
35.5015 35.5015 3
42.8237 42.8237 1
32.6667 32.6667 2
47.3858 47.3858 2
46.4222 46.4222 3
36.7242 36.7242 3
39.4251 39.4251 3
56.9923 56.9923 3
37.9593 37.9593 3
33.4487 33.4487 3
64.8024 64.8024 3
37.1046 37.1046 3
213.492 213.492 3
56.8309 56.8309 2
36.1961 36.1961 3
51.2138 51.2138 3
43.3653 43.3653 3
42.9797 42.9797 2
54.4303 54.4303 2
32.2757 32.2757 3
60.8311 60.8311 2
150.448 150.448 3
95.5191 95.5191 3
30.334 30.334 1
34.0361 34.0361 3
86.8154 86.8154 2
109.626 109.626 2
40.7884 40.7884 3
31.8529 31.8529 1
44.5385 44.5385 1
39.4813 39.4813 3
33.2318 33.2318 3
31.9081 31.9081 3
38.9014 38.9014 3
41.1736 41.1736 2
45.5585 45.5585 1
46.3583 46.3583 3
30.668 30.668 1
101.547 101.547 2
73.2959 73.2959 3
59.9597 59.9597 2
50.1555 50.1555 3
47.5143 47.5143 1
31.0412 31.0412 3
34.245 34.245 3
31.2708 31.2708 1
121.334 121.334 3
33.9458 33.9458 3
59.4501 59.4501 1
33.1895 33.1895 1
254.178 254.178 3
43.5297 43.5297 3
52.8991 52.8991 2
31.5714 31.5714 3
37.8835 37.8835 3
61.8702 61.8702 2
32.7533 32.7533 1
33.9372 33.9372 1
143.932 143.932 2
48.8028 48.8028 1
38.3492 38.3492 3
41.444 41.444 3
43.3059 43.3059 3
146.286 146.286 3
115.153 115.153 3
131.368 131.368 3
37.501 37.501 3
59.6816 59.6816 2
52.3138 52.3138 3
35.6042 35.6042 3
31.2186 31.2186 3
33.9753 33.9753 1
47.1238 47.1238 2
35.5938 35.5938 2
38.7042 38.7042 3
49.7948 49.7948 2
30.3742 30.3742 3
56.5867 56.5867 1
35.5766 35.5766 3
65.8486 65.8486 3
41.4262 41.4262 1
33.7935 33.7935 3
100.586 100.586 2
123.924 123.924 2
32.0922 32.0922 1
45.1728 45.1728 2
57.6987 57.6987 3
141.48 141.48 3
43.0275 43.0275 2
44.9119 44.9119 3
32.0024 32.0024 3
33.3525 33.3525 3
30.293 30.293 2
38.3873 38.3873 1
99.4279 99.4279 3
35.0182 35.0182 3
31.4161 31.4161 2
33.8019 33.8019 3
69.8685 69.8685 2
39.5453 39.5453 3
37.824 37.824 2
34.2485 34.2485 3
46.4736 46.4736 3
144.931 144.931 2
39.9086 39.9086 2
36.815 36.815 3
31.9968 31.9968 1
39.6486 39.6486 2
34.7156 34.7156 3
32.2596 32.2596 1
63.3687 63.3687 2
117.984 117.984 3
51.713 51.713 2
35.3063 35.3063 1
32.694 32.694 3
52.4732 52.4732 2
45.8404 45.8404 2
32.6747 32.6747 1
62.0327 62.0327 3
40.8449 40.8449 2
56.4457 56.4457 3
67.8314 67.8314 2
39.5916 39.5916 2
170.453 170.453 1
35.9669 35.9669 1
40.5583 40.5583 3
43.2896 43.2896 1
32.6082 32.6082 3
38.4178 38.4178 1
35.0522 35.0522 1
40.4735 40.4735 1
31.9004 31.9004 2
83.046 83.046 1
154.186 154.186 3
40.5421 40.5421 2
35.6274 35.6274 3
43.5488 43.5488 3
50.1711 50.1711 3
32.9459 32.9459 2
33.1718 33.1718 1
58.2079 58.2079 3
40.1185 40.1185 1
38.1666 38.1666 1
34.2884 34.2884 2
34.6361 34.6361 3
30.0511 30.0511 2
34.0168 34.0168 3
30.691 30.691 3
46.0166 46.0166 3
36.8493 36.8493 1
53.7551 53.7551 3
48.1125 48.1125 3
33.4029 33.4029 3
34.1823 34.1823 3
33.746 33.746 3
39.1048 39.1048 3
30.5756 30.5756 1
38.2648 38.2648 3
31.5406 31.5406 1
32.2711 32.2711 3
30.6116 30.6116 3
111.629 111.629 1
30.2643 30.2643 3
135.167 135.167 2
52.6921 52.6921 1
38.235 38.235 1
38.6218 38.6218 1
38.9915 38.9915 1
33.694 33.694 2
58.2615 58.2615 3
39.4554 39.4554 3
31.2315 31.2315 2
44.1058 44.1058 3
40.5047 40.5047 3
49.0391 49.0391 3
36.7784 36.7784 3
92.2334 92.2334 3
112.665 112.665 2
34.1552 34.1552 3
31.6127 31.6127 1
91.4986 91.4986 3
45.9741 45.9741 3
37.2352 37.2352 2
30.5374 30.5374 3
31.9697 31.9697 2
33.3084 33.3084 1
109.831 109.831 3
31.7578 31.7578 3
44.9202 44.9202 3
80.5014 80.5014 3
62.867 62.867 3
37.1421 37.1421 2
41.5642 41.5642 3
68.5867 68.5867 3
43.4629 43.4629 2
86.7429 86.7429 3
57.8201 57.8201 2
48.173 48.173 2
49.8005 49.8005 1
36.402 36.402 3
75.8035 75.8035 1
36.3189 36.3189 3
82.8498 82.8498 3
32.3851 32.3851 3
36.228 36.228 2
83.4497 83.4497 1
32.3645 32.3645 3
40.6081 40.6081 1
42.7608 42.7608 3
100.372 100.372 2
72.9178 72.9178 3
43.8821 43.8821 1
40.0352 40.0352 2
30.5711 30.5711 3
52.7981 52.7981 3
36.9345 36.9345 2
37.9108 37.9108 3
77.4958 77.4958 3
108.514 108.514 2
50.1476 50.1476 3
70.6136 70.6136 3
53.7805 53.7805 3
52.632 52.632 3
50.5849 50.5849 3
50.6627 50.6627 1
87.4897 87.4897 1
33.2745 33.2745 3
32.717 32.717 2
36.6565 36.6565 2
34.1336 34.1336 2
31.9222 31.9222 3
66.2596 66.2596 2
84.0835 84.0835 3
42.1403 42.1403 3
44.8936 44.8936 2
63.8055 63.8055 3
54.4421 54.4421 3
36.5252 36.5252 1
59.528 59.528 1
32.3854 32.3854 3
76.5778 76.5778 2
32.3394 32.3394 2
46.4695 46.4695 1
31.4549 31.4549 1
82.8136 82.8136 2
31.3241 31.3241 3
121.074 121.074 2
47.1908 47.1908 1
34.6539 34.6539 2
52.8524 52.8524 3
51.7116 51.7116 3
83.3042 83.3042 2
60.7528 60.7528 3
68.2852 68.2852 1
52.0289 52.0289 3
32.8272 32.8272 3
46.3144 46.3144 3
32.5887 32.5887 2
45.3446 45.3446 3
41.9284 41.9284 2
36.1608 36.1608 3
30.604 30.604 1
69.7703 69.7703 2
51.7088 51.7088 3
49.4655 49.4655 2
32.6473 32.6473 2
39.3707 39.3707 1
40.1495 40.1495 1
52.5716 52.5716 1
36.4301 36.4301 3
35.5887 35.5887 3
31.6536 31.6536 3
37.0374 37.0374 2
38.8568 38.8568 1
33.1345 33.1345 3
38.5897 38.5897 3
32.0438 32.0438 3
56.64 56.64 3
34.7144 34.7144 2
125.922 125.922 1
72.583 72.583 3
38.7826 38.7826 1
54.6165 54.6165 3
76.1172 76.1172 3
33.735 33.735 3
39.8741 39.8741 3
41.4387 41.4387 2
39.4022 39.4022 2
32.9414 32.9414 3
46.1132 46.1132 3
35.9595 35.9595 1
33.2426 33.2426 3
33.2551 33.2551 2
35.0547 35.0547 2
32.625 32.625 1
138.037 138.037 3
64.6633 64.6633 3
36.3185 36.3185 3
39.4438 39.4438 3
41.1873 41.1873 3
94.9441 94.9441 3
30.1927 30.1927 1
30.7376 30.7376 3
34.9003 34.9003 2
59.8141 59.8141 1
38.2313 38.2313 3
32.2846 32.2846 3
31.6127 31.6127 1
53.4299 53.4299 3
36.0272 36.0272 2
45.9836 45.9836 3
86.1422 86.1422 3
36.2068 36.2068 3
30.8704 30.8704 3
33.0347 33.0347 2
30.0938 30.0938 1
50.0899 50.0899 3
30.7978 30.7978 1
31.8692 31.8692 1
45.6031 45.6031 3
72.3759 72.3759 3
70.4928 70.4928 3
30.0862 30.0862 3
43.4097 43.4097 2
76.9669 76.9669 3
39.3438 39.3438 1
48.9955 48.9955 3
64.1262 64.1262 2
55.4705 55.4705 3
65.6025 65.6025 2
85.4323 85.4323 3
35.9791 35.9791 3
106.353 106.353 3
35.1502 35.1502 1
31.2073 31.2073 3
39.2616 39.2616 3
73.4641 73.4641 2
30.2442 30.2442 3
91.9502 91.9502 3
92.4491 92.4491 1
43.9665 43.9665 3
37.8703 37.8703 1
113.752 113.752 2
35.9378 35.9378 1
37.8391 37.8391 3
34.899 34.899 1
61.8466 61.8466 3
34.0714 34.0714 3
30.7337 30.7337 3
45.4263 45.4263 3
44.4974 44.4974 3
32.7936 32.7936 3
36.8312 36.8312 3
39.1392 39.1392 1
74.0756 74.0756 2
77.2987 77.2987 1
49.2837 49.2837 3
37.0265 37.0265 3
38.6644 38.6644 1
30.6373 30.6373 3
112.143 112.143 2
53.981 53.981 2
45.4941 45.4941 2
67.4688 67.4688 3
71.1083 71.1083 2
83.7452 83.7452 3
41.8884 41.8884 3
49.5285 49.5285 3
30.4432 30.4432 2
55.4931 55.4931 3
45.512 45.512 3
109.764 109.764 2
33.8285 33.8285 1
33.5607 33.5607 1
48.2079 48.2079 3
50.5416 50.5416 3
35.2206 35.2206 2
73.9015 73.9015 3
58.6479 58.6479 3
31.288 31.288 3
43.0546 43.0546 3
60.627 60.627 3
57.0303 57.0303 3
38.4895 38.4895 3
35.2657 35.2657 1
62.8177 62.8177 1
65.136 65.136 2
39.3323 39.3323 3
34.6475 34.6475 3
46.3018 46.3018 2
30.4858 30.4858 3
40.6147 40.6147 3
30.4191 30.4191 3
65.0285 65.0285 3
45.6228 45.6228 3
48.6366 48.6366 3
42.3865 42.3865 1
36.8855 36.8855 2
71.1088 71.1088 2
41.4803 41.4803 1
36.5232 36.5232 2
32.2327 32.2327 3
37.2066 37.2066 3
33.5808 33.5808 3
49.9148 49.9148 2
50.7359 50.7359 3
63.6615 63.6615 3
222.243 222.243 3
35.9511 35.9511 3
64.54 64.54 1
38.0869 38.0869 1
33.0001 33.0001 3
44.7359 44.7359 3
60.4331 60.4331 2
31.4246 31.4246 1
38.5835 38.5835 2
32.2263 32.2263 1
72.8163 72.8163 3
39.3687 39.3687 3
50.1976 50.1976 3
37.6818 37.6818 1
56.8408 56.8408 3
201.327 201.327 3
37.3962 37.3962 3
46.8975 46.8975 2
42.1372 42.1372 1
53.4587 53.4587 3
92.0386 92.0386 3
31.7439 31.7439 3
37.4667 37.4667 3
60.2603 60.2603 3
32.3631 32.3631 3
30.7756 30.7756 3
30.7433 30.7433 3
30.3415 30.3415 2
41.6745 41.6745 3
32.8794 32.8794 3
171.451 171.451 2
33.7199 33.7199 1
60.1087 60.1087 1
33.1188 33.1188 1
35.4224 35.4224 1
38.7753 38.7753 2
38.3997 38.3997 3
46.4017 46.4017 2
33.7006 33.7006 3
30.6364 30.6364 2
31.4193 31.4193 3
57.7804 57.7804 3
39.0358 39.0358 3
39.1226 39.1226 2
47.0483 47.0483 3
30.4974 30.4974 3
153.633 153.633 3
30.9049 30.9049 3
46.0956 46.0956 3
61.2465 61.2465 2
42.5634 42.5634 2
40.8633 40.8633 1
30.9902 30.9902 2
191.901 191.901 3
32.6207 32.6207 1
36.1741 36.1741 2
35.0762 35.0762 2
31.8426 31.8426 3
50.3502 50.3502 2
60.343 60.343 3
44.3674 44.3674 1
38.0204 38.0204 3
32.0708 32.0708 2
44.0653 44.0653 3
46.6782 46.6782 3
36.2988 36.2988 2
40.3893 40.3893 1
77.0566 77.0566 3
59.3515 59.3515 2
50.6876 50.6876 3
41.7366 41.7366 3
38.7616 38.7616 1
131.545 131.545 3
33.6408 33.6408 2
38.6647 38.6647 3
30.6972 30.6972 2
39.7274 39.7274 3
55.7643 55.7643 2
63.2472 63.2472 3
35.056 35.056 3
39.5344 39.5344 1
98.6797 98.6797 3
125.166 125.166 3
52.2784 52.2784 3
44.2963 44.2963 2
47.757 47.757 2
72.4277 72.4277 3
54.1201 54.1201 3
31.6078 31.6078 3
180.739 180.739 3
64.6557 64.6557 2
42.5393 42.5393 3
37.3987 37.3987 1
34.3001 34.3001 3
55.8203 55.8203 3
46.7764 46.7764 2
38.3557 38.3557 3
37.0028 37.0028 2
41.0052 41.0052 1
43.794 43.794 3
65.8581 65.8581 2
66.6111 66.6111 2
47.5407 47.5407 1
91.3669 91.3669 2
32.1162 32.1162 3
52.8877 52.8877 3
45.2793 45.2793 3
40.5487 40.5487 3
31.7246 31.7246 3
38.4756 38.4756 2
34.0083 34.0083 3
36.8995 36.8995 3
76.5238 76.5238 3
51.1997 51.1997 3
75.8347 75.8347 1
52.3373 52.3373 2
34.1591 34.1591 1
40.0216 40.0216 3
44.7907 44.7907 3
42.974 42.974 2
90.5056 90.5056 3
43.116 43.116 3
63.3202 63.3202 2
147.973 147.973 3
41.4184 41.4184 3
53.0626 53.0626 3
45.4004 45.4004 3
56.9621 56.9621 1
31.5508 31.5508 3
49.1825 49.1825 3
66.0321 66.0321 3
34.0989 34.0989 3
31.0278 31.0278 3
32.8691 32.8691 1
153.333 153.333 2
34.4441 34.4441 3
76.1003 76.1003 3
98.105 98.105 1
41.7556 41.7556 3
42.1572 42.1572 3
35.3389 35.3389 3
98.7268 98.7268 3
49.0846 49.0846 3
34.893 34.893 3
64.4684 64.4684 3
36.8024 36.8024 3
33.5794 33.5794 3
39.9115 39.9115 3
36.4541 36.4541 1
32.6218 32.6218 2
67.6489 67.6489 3
42.6667 42.6667 3
31.8531 31.8531 1
37.8734 37.8734 3
39.5027 39.5027 3
49.1141 49.1141 2
39.5778 39.5778 2
60.2668 60.2668 3
55.9458 55.9458 2
76.6091 76.6091 2
44.63 44.63 1
35.6654 35.6654 3
53.1845 53.1845 3
33.9276 33.9276 3
36.6522 36.6522 3
33.0626 33.0626 1
31.3189 31.3189 3
35.0826 35.0826 1
101.833 101.833 3
30.7633 30.7633 3
30.0049 30.0049 1
39.6113 39.6113 3
44.7781 44.7781 3
38.9536 38.9536 3
43.6791 43.6791 1
33.9081 33.9081 2
107.221 107.221 3
30.914 30.914 3
30.1396 30.1396 3
66.3629 66.3629 2
45.8332 45.8332 1
53.5586 53.5586 2
44.2248 44.2248 3
74.1979 74.1979 1
57.8641 57.8641 1
71.8776 71.8776 3
60.4525 60.4525 2
51.2726 51.2726 1
78.7241 78.7241 2
35.5677 35.5677 2
37.2381 37.2381 1
40.8021 40.8021 3
42.2683 42.2683 3
37.5637 37.5637 1
39.0189 39.0189 1
45.0291 45.0291 1
31.4338 31.4338 3
51.4673 51.4673 3
104.228 104.228 1
77.9281 77.9281 3
54.168 54.168 2
75.2402 75.2402 3
86.8307 86.8307 2
42.8111 42.8111 3
32.6166 32.6166 3
39.5082 39.5082 2
163.002 163.002 3
35.2795 35.2795 1
30.7646 30.7646 2
94.8058 94.8058 1
50.2584 50.2584 2
51.8961 51.8961 2
45.5268 45.5268 3
35.845 35.845 1
44.5337 44.5337 3
31.8916 31.8916 3
75.0395 75.0395 2
67.178 67.178 3
35.3816 35.3816 1
88.3036 88.3036 3
91.6641 91.6641 3
42.1121 42.1121 3
33.8528 33.8528 3
38.8616 38.8616 3
34.6753 34.6753 1
49.7522 49.7522 1
49.7824 49.7824 3
73.792 73.792 3
92.8827 92.8827 3
34.1793 34.1793 3
36.7385 36.7385 3
38.1375 38.1375 3
43.0037 43.0037 3
32.7927 32.7927 2
34.0471 34.0471 3
61.1636 61.1636 2
36.1886 36.1886 3
173.109 173.109 3
34.8105 34.8105 2
272.319 272.319 3
355.16 355.16 1
45.1475 45.1475 3
35.2922 35.2922 2
40.9332 40.9332 3
50.2682 50.2682 1
32.4804 32.4804 3
129.019 129.019 3
47.453 47.453 2
35.0913 35.0913 1
82.0729 82.0729 2
69.5751 69.5751 1
67.8549 67.8549 3
36.5864 36.5864 3
117.843 117.843 3
57.0176 57.0176 3
35.7386 35.7386 3
44.2605 44.2605 3
71.0722 71.0722 3
33.219 33.219 3
47.321 47.321 3
68.1284 68.1284 2
30.9135 30.9135 1
32.5783 32.5783 3
55.5036 55.5036 3
33.0969 33.0969 2
33.6993 33.6993 1
38.9273 38.9273 2
31.2327 31.2327 1
43.0931 43.0931 2
53.4714 53.4714 2
32.2961 32.2961 2
68.8579 68.8579 3
41.4263 41.4263 1
37.2882 37.2882 1
68.1964 68.1964 3
156.526 156.526 2
75.0337 75.0337 1
54.5739 54.5739 3
31.1629 31.1629 3
74.7738 74.7738 3
35.018 35.018 2
47.7352 47.7352 1
37.1652 37.1652 2
42.6459 42.6459 1
42.9723 42.9723 3
54.0612 54.0612 3
51.4062 51.4062 3
34.5984 34.5984 3
51.6088 51.6088 3
34.4636 34.4636 1
36.4553 36.4553 3
59.4043 59.4043 2
38.638 38.638 1
44.0048 44.0048 3
35.1352 35.1352 1
31.2483 31.2483 1
57.3733 57.3733 1
214.53 214.53 2
53.4783 53.4783 3
35.8722 35.8722 1
57.2394 57.2394 3
219.753 219.753 3
47.5156 47.5156 3
66.0434 66.0434 2
30.0757 30.0757 3
42.4535 42.4535 3
55.4254 55.4254 1
31.973 31.973 3
31.8731 31.8731 3
62.0194 62.0194 3
30.5598 30.5598 2
45.752 45.752 1
56.4091 56.4091 3
32.262 32.262 3
35.6385 35.6385 3
31.3712 31.3712 1
52.5407 52.5407 3
31.5066 31.5066 1
49.9307 49.9307 3
40.885 40.885 2
56.0068 56.0068 1
35.1216 35.1216 2
88.801 88.801 3
51.1441 51.1441 3
188.914 188.914 2
106.298 106.298 3
56.8553 56.8553 2
33.5618 33.5618 1
37.9038 37.9038 3
92.9807 92.9807 2
36.1261 36.1261 1
40.2681 40.2681 2
34.1465 34.1465 3
36.6831 36.6831 2
36.6735 36.6735 3
73.6337 73.6337 3
68.5061 68.5061 3
41.5522 41.5522 3
45.1361 45.1361 3
181.505 181.505 2
34.6924 34.6924 2
40.6359 40.6359 1
87.5056 87.5056 1
43.9463 43.9463 2
32.1037 32.1037 1
32.8718 32.8718 1
48.9085 48.9085 1
51.4687 51.4687 1
46.1344 46.1344 2
39.1313 39.1313 2
30.1028 30.1028 1
32.4373 32.4373 3
31.9674 31.9674 3
37.1564 37.1564 2
38.0023 38.0023 3
34.9084 34.9084 2
31.0107 31.0107 3
75.5603 75.5603 2
30.6814 30.6814 3
62.683 62.683 3
33.1784 33.1784 1
78.3853 78.3853 1
33.5038 33.5038 1
47.962 47.962 3
40.2409 40.2409 3
33.7334 33.7334 1
34.2636 34.2636 3
32.9315 32.9315 2
47.9133 47.9133 3
54.2734 54.2734 3
51.2038 51.2038 3
48.193 48.193 2
72.3181 72.3181 3
60.3245 60.3245 3
34.917 34.917 2
59.9744 59.9744 3
59.8409 59.8409 2
53.073 53.073 3
46.196 46.196 3
32.0967 32.0967 1
212.327 212.327 1
43.1744 43.1744 2
33.9385 33.9385 2
32.4998 32.4998 3
56.3787 56.3787 2
42.6512 42.6512 1
30.6244 30.6244 2
32.4109 32.4109 2
343.725 343.725 3
37.6622 37.6622 3
78.551 78.551 3
128.164 128.164 1
56.4137 56.4137 3
41.007 41.007 3
35.4254 35.4254 3
47.824 47.824 2
43.8987 43.8987 1
134.053 134.053 2
84.7182 84.7182 3
115.021 115.021 2
33.5072 33.5072 2
42.1721 42.1721 2
48.875 48.875 3
44.4117 44.4117 2
42.7606 42.7606 1
31.249 31.249 3
34.597 34.597 1
36.4964 36.4964 1
47.5575 47.5575 3
32.1693 32.1693 2
43.6756 43.6756 1
49.0958 49.0958 3
37.2516 37.2516 3
33.7012 33.7012 3
37.6605 37.6605 3
62.587 62.587 2
42.2844 42.2844 1
51.4721 51.4721 1
35.2851 35.2851 2
30.5577 30.5577 3
39.3284 39.3284 2
34.0787 34.0787 3
32.8187 32.8187 2
31.57 31.57 3
30.1224 30.1224 2
31.6507 31.6507 2
32.8202 32.8202 2
75.9877 75.9877 2
45.2381 45.2381 2
34.2429 34.2429 1
31.4142 31.4142 3
60.5383 60.5383 1
34.0871 34.0871 3
54.4836 54.4836 1
268.207 268.207 3
46.51 46.51 3
32.7117 32.7117 3
56.1295 56.1295 2
30.5678 30.5678 3
287.569 287.569 2
74.7096 74.7096 2
62.9224 62.9224 3
34.5095 34.5095 1
52.3271 52.3271 3
165.448 165.448 2
38.6333 38.6333 1
67.5172 67.5172 1
40.2874 40.2874 1
30.2649 30.2649 3
60.0065 60.0065 3
40.911 40.911 3
51.0132 51.0132 2
132.487 132.487 1
36.1833 36.1833 3
41.7867 41.7867 3
35.9444 35.9444 3
30.1413 30.1413 2
37.4069 37.4069 3
37.3912 37.3912 1
40.5233 40.5233 3
42.6015 42.6015 3
37.9747 37.9747 3
109.179 109.179 3
68.5877 68.5877 1
45.5298 45.5298 3
66.9114 66.9114 1
34.992 34.992 3
34.3938 34.3938 1
97.6827 97.6827 2
74.3018 74.3018 3
44.535 44.535 3
36.5384 36.5384 2
47.4059 47.4059 2
32.6463 32.6463 2
30.231 30.231 3
53.0616 53.0616 2
34.3186 34.3186 3
56.0364 56.0364 2
46.447 46.447 3
36.7783 36.7783 3
41.8867 41.8867 3
34.1012 34.1012 3
47.8307 47.8307 3
99.702 99.702 2
33.451 33.451 1
290.322 290.322 3
37.0767 37.0767 2
31.4466 31.4466 1
33.334 33.334 1
34.4495 34.4495 1
42.8599 42.8599 1
59.2828 59.2828 2
37.505 37.505 1
31.1186 31.1186 2
50.5509 50.5509 1
416.995 416.995 1
53.7768 53.7768 2
34.7047 34.7047 2
74.6058 74.6058 2
34.5729 34.5729 2
31.4349 31.4349 2
50.4202 50.4202 2
32.8276 32.8276 2
38.4522 38.4522 2
113.153 113.153 2
57.3759 57.3759 2
108.872 108.872 2
43.7403 43.7403 2
152.876 152.876 2
34.6253 34.6253 2
42.6253 42.6253 2
51.0709 51.0709 2
44.6199 44.6199 2
30.8866 30.8866 2
42.6004 42.6004 2
34.5969 34.5969 2
38.9592 38.9592 2
81.247 81.247 2
61.7609 61.7609 2
40.4436 40.4436 2
32.3251 32.3251 2
47.5478 47.5478 2
33.7805 33.7805 2
41.5307 41.5307 2
59.5775 59.5775 2
35.611 35.611 2
190.676 190.676 2
62.782 62.782 2
40.0538 40.0538 2
86.5599 86.5599 2
55.4069 55.4069 2
35.3051 35.3051 2
53.583 53.583 2
37.5718 37.5718 2
37.1411 37.1411 2
42.8979 42.8979 2
33.7643 33.7643 2
42.2424 42.2424 2
35.3747 35.3747 2
52.8147 52.8147 2
44.7831 44.7831 2
35.823 35.823 2
50.3671 50.3671 2
