Format: x y z  (R = removed from domain due to fracture isolation)
-284.3104402 -104.4288482 158.3091891
405.6728392 -370.3235943 -233.4802708
-70.41827613 262.0483322 97.74317952
213.2806981 -279.7284256 -320.265752
417.8054742 239.5884836 -260.7214032
362.5788354 -180.9663655 -435.4928386
-465.4794171 87.86083391 -429.0560803
423.7486225 226.3040946 443.9417334
-140.7431819 496.3263102 311.917471
371.3030264 -278.2522092 247.1323828
133.6541325 -490.1882997 21.49574995
38.01223337 -243.9211515 264.8867015
-485.7428004 -325.6467354 425.1050724
-299.6351021 -487.7325657 -274.5735706
83.63669624 285.4634626 27.31189867
-181.9435281 -83.21891728 511.8200512
194.0970908 -203.2912898 69.2408638 R
296.6317919 -81.94590707 -366.3284663
-230.3726015 -381.1687687 274.4229578
433.3269926 -520.4836037 -361.4477157 R
-276.5127981 -285.5983703 -405.4974738 R
356.9902322 198.6100419 -129.4317792
-283.4998789 430.3874718 174.6455041
-251.4239379 328.9634883 415.362095 R
-366.5922149 76.75568963 -217.3937829
216.6568588 155.6278219 212.788937
166.3427359 35.31270612 -144.6788765
302.4531664 -38.25381663 241.3925405
-304.7637077 401.1816056 -294.7385717 R
467.2663149 -285.6182557 -264.138008
-198.8519147 -29.59324758 -410.0155379
-154.2888346 25.8984661 -21.83391184
442.3299316 277.7986925 -82.08894889
222.7386957 2.133076699 -269.403821
-365.0520056 252.1816972 -392.0477064
-423.0636516 -160.9284425 399.0508294 R
-508.6534357 279.8074284 -133.9870747 R
59.14266923 313.2888813 47.07847812
202.404158 -483.4666121 367.5562761
-255.970545 196.5814035 -302.0183486
190.9321009 346.5433653 -420.9340756
190.9097351 -267.4122061 -363.2297266
-193.4782542 284.9376186 -187.5877099
122.3222103 -426.8359037 47.12120989
38.64556819 68.52708478 -126.3066326
344.9349327 -243.4934537 -95.56758896
323.4890007 305.0683627 206.8997184
-47.65710536 -16.57115254 -417.8127877
-451.0809699 372.8607778 311.0815622 R
-12.07989022 393.1670336 454.6848524 R
-176.9044342 -410.7807396 68.80079814
418.4958652 242.7709334 330.4491892
-195.1246883 -215.0097546 418.5088766 R
-100.1923164 -399.1428963 411.7114003
-14.81929181 -407.4809564 -113.2005504
374.1191499 -454.3899383 -277.6897657
-3.30638265 -176.7072154 54.39296157
-256.602872 332.6406799 358.0294634
-433.6644821 -332.9816524 175.1030961
431.531451 -302.3824336 375.8288599
-231.3342264 512.1030677 83.74607691
-527.5443687 -95.0007692 -369.1881957 R
-489.0461498 -452.6871111 -109.7973787
-163.9948919 498.2820062 -366.9647419
241.0089812 -23.10219262 178.9340083
93.83031771 -306.3940607 0.7533891349
-230.9644365 -512.0477342 -282.6366232 R
157.0189638 260.158068 479.2254318
-66.76918049 -361.7136851 -141.0685424
-286.4383595 389.5529553 -72.58481333 R
-152.69683 403.2874392 258.9628155
-17.54471114 -336.8332838 309.4662666
298.7186938 493.773241 -46.96486343
526.0907871 -421.7145791 -259.1374415 R
-430.8720219 -280.8418351 236.4664844
-95.10969208 40.37707037 361.1542541
11.34774312 505.577271 -165.2788773 R
258.4195525 -198.2320236 471.2056248
-492.5996317 -531.6428747 -235.6241733 R
-58.55986951 -183.5049077 7.295092278
-513.2824984 -106.2815489 -112.0172409 R
-235.329704 397.0023632 375.6548985 R
60.56038993 426.9093498 -498.3042813
-173.8220756 -111.5587778 497.6468197
466.1873776 36.31990344 205.3351418 R
-273.7379818 333.1220407 -536.3264141
178.5869503 22.98674073 432.9902328
245.5404883 -195.490213 259.5768909
17.00792399 -425.017371 -101.3958661
265.5446214 -224.7852396 92.67600241
317.8601741 125.541302 -448.5416207
292.032174 -382.1349218 -373.174886 R
198.515577 241.7399522 -144.6638509
90.74148762 -473.47633 272.6731872 R
-202.9096486 42.72478106 -176.7772066
-5.534706156 -470.9195182 5.604275055
64.32339969 360.2826065 28.47274642
-411.5997701 241.021771 -475.9252556
-211.5426839 239.2549715 322.553434
-17.11433511 238.7152186 -197.7957866
-349.8137642 -506.7429365 -118.1901979
355.8948089 474.2299688 266.9439081
-282.4993392 -216.300477 -108.7774311
7.507110034 180.3512808 -459.7255145
323.4046063 -274.0841976 222.0978937
-149.9442836 -467.0062059 54.74090067
459.5155587 -338.3531231 365.3006346
-539.8020705 326.8300091 31.64049521
514.1071512 306.5349786 313.4302522
-492.7654267 232.0451448 497.383904 R
190.1408705 447.0134009 -517.8615465
-516.7089878 -42.77805843 -0.7076149949
-377.0246997 118.4470627 -190.1816308
222.5144075 244.2319298 -366.7188632
176.9636399 404.156743 -491.70062
365.9173637 -514.14223 -78.31794964
48.75768654 501.2544898 -267.9906911
240.8626713 -320.3843726 -55.17013808
494.0161361 116.2525941 349.1876622
54.20200442 -114.0522091 164.5629368
-391.7193405 -373.6613965 -321.0868923
269.5517255 91.07381754 394.0094179
-295.9986071 -345.4519729 -29.47567886
455.3568542 83.86417983 -35.85732238 R
162.5651266 390.1688456 -263.1952012
186.5319345 -484.3518749 83.57106035 R
319.8383893 -81.50070967 -149.0311913
99.45998761 -60.6918422 -402.9140837 R
-97.56839891 109.2656829 -233.3097805
-156.5598635 153.8095457 -477.5550271
103.9575941 -71.38810803 87.90823179 R
-243.5108592 360.6020508 344.5530859
130.1267783 -430.4615376 -428.5047857
185.2579401 -34.4004667 127.5321648
458.5749218 -257.9516259 485.588286
316.3993307 259.4195416 -262.6138714
385.401557 -194.4173646 432.7294953
-524.3210455 193.6748217 236.3621844
120.285608 439.4401243 167.4514972
127.4389097 -21.6998508 -386.0637394 R
318.1048145 172.5938789 244.9102799
485.1237812 -273.2681727 -258.2794484
-335.671896 -325.7251201 461.4425551
-110.8610841 432.8184151 -338.2052348
15.15197896 -501.2810049 -94.62746885
88.49998247 -366.8952769 -496.30851
65.56398843 -83.03176281 155.2922539
82.93961764 -95.76747248 3.536556506
69.67645718 -486.4524636 -310.7308718
40.90660243 378.1830618 445.9423949 R
-17.79653037 14.62644677 58.39288597
137.8452689 -196.7285552 -334.2473633
-255.3553161 -34.70597671 -253.0198009 R
199.1121082 -7.557927364 -35.07776826
490.6145679 -247.5174773 499.8618622
-272.330136 -227.237081 345.7285621
145.2035293 438.2406165 -27.35617037
-507.7738263 -189.3987931 -72.68065121
-153.5689064 -163.0224579 -156.6005603
114.9769066 214.7484097 -66.44542624
-312.9518083 73.6036659 330.0266934
-491.208906 -188.0489807 453.2440144 R
-181.4804965 -13.24930925 96.96725621
-417.5195449 288.9447467 411.0398708
-388.3624541 -353.872056 397.1059407
-311.4101013 -402.2556782 -82.82968578
-132.4924807 156.4776655 -312.1070522
109.5628899 -318.7460758 -105.9686188
327.8015537 341.3226383 118.8323508
364.8723152 501.7481803 -112.4018328
186.3013032 427.1788515 214.9475858
-347.2982055 -183.3924966 -392.992047 R
225.7189488 -28.68881601 175.7488724
-297.1626821 -401.6416378 -359.122754
-187.6333054 348.3151599 538.9393462 R
526.494642 -492.3136248 339.2137385 R
78.60230196 47.24765821 57.47451072
330.0146036 -168.6391221 -521.2524062 R
-169.6626706 509.5483606 119.5343568
-55.12777242 -470.5698208 401.189034 R
-244.5331008 -481.0072622 392.6668489
-51.06459572 237.388978 188.6030183
105.1150151 366.8511893 484.5557505
365.1490706 19.92045651 -281.653419
-70.11019553 -276.3925586 378.2551714
-87.89048995 349.7219089 -258.9102123
22.77559977 -493.4408658 123.9887245 R
359.9486234 -531.4686775 41.01812272
-276.1904974 -181.3124675 458.0793836
-107.6484768 435.3897571 -447.3269071
403.5958978 447.321608 -380.363449
-189.0127394 413.9234819 17.84361862
365.7455726 -192.3292025 -25.69503961
-403.5086873 -249.3730385 -228.4189704
296.5839356 -213.7948649 12.73897193 R
-404.9273591 -104.2026427 -213.2031339 R
404.3397297 -185.4976382 457.1282065
-191.0940323 142.6766768 177.1501412
499.0269632 -500.2364811 431.7694122 R
-509.617713 -188.251328 492.4862777 R
-60.64880849 341.311937 363.6059871
-429.0363614 99.58569184 -458.0442592
-6.618536054 409.198669 513.7491201 R
231.1800945 2.35290608 -355.3131691
231.0921535 -173.6992334 -90.81761909
460.3209177 499.4515882 -363.683898 R
-466.0508571 517.9835292 106.8134712 R
77.01989812 -351.1536322 538.8025878 R
-23.00267584 438.3751585 -450.5693355
-287.4088379 -254.3586958 -235.7879041
76.15686003 423.6605911 -270.0841045
-295.5121188 -335.1939427 190.8912559
477.0602146 160.476291 207.8140714
234.0531658 -424.6438255 404.3878561
365.216749 245.5027821 4.069304734
220.1960527 -143.8674602 -1.172838508
64.12561134 211.0127909 27.90426387
5.149252998 -448.62257 -338.9611592
-497.8506172 519.0566527 333.496358 R
-216.8050656 340.9652814 79.47196694
-449.9828212 338.0076225 424.143149
91.12712038 229.5203352 506.4982934
-450.7636009 465.2562479 324.8951401 R
-225.70796 -285.7376071 -184.8527608
-245.4830068 -93.38329279 348.1885853
-52.43879763 -317.4541072 166.619765
376.2073849 277.3773646 -27.50224613
-527.0408384 186.2258398 -81.42326696 R
78.8103749 -279.1473114 152.812892
-217.5315864 25.11856379 -146.0837521
-358.7561154 148.0573819 244.8316134
199.5739527 120.77476 330.456929
-290.4289598 -276.0984958 465.8055634
-395.82978 -64.89745218 396.8100716
-268.2742494 -139.7472741 399.7984886
-337.6296898 -122.8924904 125.5936124 R
-288.0172946 480.9468592 326.6958819
481.3165849 19.03909713 271.4117759 R
270.3661176 526.1052759 68.82803588
476.8174979 68.73058589 -189.0688578
-490.9346034 235.760734 16.30787474 R
192.2666283 -158.7990886 -116.8606854
537.888312 428.2360738 302.5587631
275.7473081 -32.02716022 -541.3804356
-210.7073138 494.1336192 -533.2836203
15.99548946 172.3254268 -386.7532252
-377.617089 159.618488 -361.2217543
359.2159394 391.497678 -204.9045146
134.1178349 66.03675275 -498.7548958
509.5829073 -89.36691715 -379.5010215 R
-309.7992045 152.2479023 -310.862518
-415.0432389 -481.5779409 -329.0764931
-529.4677132 419.3820683 -118.3760092 R
-97.94821544 -414.5152279 -130.3083643
140.123623 -236.967535 -21.58904852
-248.6443266 247.1034917 -173.2391417
-149.1618338 502.1077459 -182.2031729
-397.8443807 -0.1091584566 208.5777098 R
274.4897776 473.1271238 -238.6512486 R
-123.9514831 363.5546691 -53.81766482 R
-476.4329552 118.9374112 246.8025424
-102.3063426 270.1230441 -136.8360163
110.6442122 -274.3644203 -460.2038419
-431.822619 -177.6745395 -312.4812452
-360.570882 233.2842916 -325.7648823
-135.3160494 337.5887542 152.422976 R
393.1047759 -507.207015 -66.39293101
-472.6017249 218.1384002 394.1176661
210.0431677 -314.3208446 -386.6227821
208.272628 342.9893454 455.0724454
30.62159665 -423.2375302 -71.63321258
-503.1938402 139.0864025 117.289128
-482.0669182 104.5142486 -199.7027919
98.88603296 365.1751354 -503.2386219
-451.6710439 56.09772986 154.4465352
-509.1427339 -40.02096413 -191.4475198 R
-359.2886232 -465.0161897 386.180488 R
192.6040066 -324.2095779 -314.5172832
445.4025282 169.0986361 312.4833819
-421.2430057 -70.32625037 445.0719459
265.8826886 52.52921969 -350.4601965
-83.53365576 -434.2898714 -33.92968441
-209.8706424 -241.7249018 -184.1266366 R
-261.4762779 -25.76768973 -401.6450536
-275.4070669 -127.2182111 83.86961118
335.6851058 -511.4078984 219.9136931 R
-130.2164339 -117.6090499 451.4922326
399.2689191 -450.7826863 370.2134204
118.3399676 512.2026282 49.52191193 R
504.1988475 372.6680409 195.0930479
-492.9449187 -425.3884691 -205.0431443
-85.81952052 -209.8386656 376.2848232
-245.8725237 -201.6446657 -411.7687288 R
-184.9514429 -536.7470641 494.9456432
-399.8671085 358.5554115 449.1214696
-76.67966471 187.424818 -312.253001
101.022733 52.35556613 -88.36419322
-2.969220209 -520.1086906 -301.3135372
-197.9833146 35.21456611 -504.2331625 R
126.2762537 -63.46073032 392.3680815
197.5073024 -82.91016711 376.8825766 R
-217.8718908 282.6059684 -140.2671819
190.7360157 152.0188325 -117.4798125 R
375.1387366 -273.5207519 370.6550286
-446.7071652 476.5509272 81.256256
206.7192163 300.5134059 -115.8689721
392.9270674 -171.1452547 30.17624343
-511.1289233 -285.433563 -203.1233761 R
-55.23791833 99.28176262 107.2894051 R
97.66889273 349.9102446 -244.5133966
138.8154923 -115.5472634 330.367624
383.7088719 -469.391643 276.1142498
-91.3715417 296.5227477 66.50564073
3.936139934 180.1671743 218.0538172 R
409.3171785 -402.7867145 -368.4853442
-145.4744062 -242.972984 -64.91337163
422.245603 -222.7303464 90.00511321
-326.3646456 -440.4886141 -279.0669084
15.65479438 14.14510846 434.8748176
-77.26733919 1.985455833 289.5844094
-56.02037504 357.959305 118.6211167 R
104.6178604 -151.6622667 -322.5541379
-341.7983022 372.6348587 345.1978293
-74.4014179 50.46951926 325.4017769
280.4960246 244.0436836 97.16499937
199.1352845 234.3007234 396.2789221 R
-455.7702273 189.0404256 131.3132437
-464.1747444 -45.38590608 -71.93774158
-145.5369223 390.2704745 343.3817483
-121.9500331 71.76067035 -433.2142229
111.262592 80.78096317 -97.02063491
-50.84124587 -270.4256171 -336.1962972
-226.7183672 314.6869655 -287.6470571
485.1855617 -194.7066791 252.1908395
520.744613 311.178301 -485.4188346 R
190.4287159 450.1948886 -383.7088866
388.9069184 202.0759984 139.9456698 R
380.5369484 175.4021059 -348.4715437
243.2426335 -356.9964624 -10.2977686
138.9786053 -208.7007993 -292.7274832
312.1093007 28.8833649 -113.0326995
307.7761806 -194.5971142 83.79299267
253.1043098 -171.2743377 -395.0134354
371.9450233 96.39028342 -54.10845214
492.7197048 -522.8115606 446.466829 R
140.747816 -323.9168181 286.3290569
-504.2815222 -139.3432356 -471.5135138 R
135.2778527 -262.0054448 -509.2513994
34.8017236 -344.6372584 -464.0999549 R
440.1957844 -459.5619848 226.7798513
442.6200956 47.97995461 -138.028616 R
-258.6847019 -182.1961018 76.46732956
-289.0799088 456.5948449 51.64007622
18.84446598 -456.2461829 206.4760584 R
-157.6739673 -302.7068486 80.54220268
415.9289917 -151.579155 -483.7032405
259.6290898 321.9518643 257.4228047 R
-0.2704085072 216.4560528 -295.6248681
-17.40518366 431.2393239 -225.1351761
-160.4557771 -346.9227916 -127.448449
460.8120567 -91.3553671 302.7774983 R
-46.10536677 288.0966892 199.8457355
137.7954098 128.8984468 292.5913552
-50.30990372 -269.8117434 -203.6518723
-160.416968 -57.77405893 -55.1459707
41.42896168 224.2437868 -469.3372263
322.5365663 -491.6891037 59.93570605
-267.0376059 -501.2525312 386.3931252
-204.4317372 305.6713788 -22.99931385
-530.6045127 -254.7583117 -260.8263537 R
212.3714003 -72.64851919 -289.7582546
-322.3062418 380.2681379 149.562995
-398.8513997 -161.1999463 -239.3157184
56.39092527 241.1608633 -189.9654354
-396.4558103 443.4574434 63.39975972
-212.8237542 -321.9982226 183.0548352
-326.0110447 310.179081 -525.670978
278.5066875 -228.7194343 507.6437261
30.04297418 284.2144572 86.69428929
-169.0573547 5.13482998 -509.8753689 R
473.7390238 -370.0621446 280.7161657
352.4187648 -441.3997503 -18.18400866
281.8337345 -457.2063609 24.6235681
-187.049164 -502.5474374 153.3274186
330.9475646 -99.90772921 547.6456974
212.9558456 402.1794211 475.1822643 R
136.7821437 402.2227067 -456.4485021
-3.929231585 116.0911879 -512.5677968
329.4126623 -495.6336875 -499.9579919 R
-147.7501055 -292.4099805 49.44984984
115.5723332 -197.2320003 431.5598479 R
221.8031406 371.0574411 -292.5896189
24.28890764 211.393234 26.22900124
481.2561658 -356.4797932 -160.3847144 R
-477.1204253 -387.9040274 -355.8431362
150.1625598 144.5754953 -380.7866044 R
-274.838531 131.6848948 -131.0185867
401.7231726 455.1204329 -265.6853641 R
-333.3783251 481.4721601 131.3058326 R
4.664588692 357.1265008 -41.48684402
-10.65921584 -491.5131947 515.5782824 R
-477.1948317 470.2092433 -57.44127067
-106.3492134 178.220001 522.5837584
-484.1947854 -483.5820556 259.2920957 R
-32.72153809 -512.1483711 -61.84355052
-122.7922998 -199.7134277 114.1700491
348.9008589 -375.5927525 36.55246135
-498.194305 -143.5400934 -223.5611768
-499.7660642 -283.6846397 444.3201414 R
178.5228751 -486.657357 126.129484
58.76586126 463.4708612 189.7252189
-214.5246485 304.5410386 -328.6583512
377.8845941 171.3052771 213.5916838
-507.2050295 -194.237144 280.5027578 R
-230.791327 -178.8009075 218.7258737
-81.73393751 269.2808043 108.7242909
228.4982964 -255.3886626 351.4306919
-399.838448 327.407995 -388.959545
-379.1848588 -272.2010967 -42.3793078
411.1138704 -331.0809139 -27.62768882
37.18218401 -165.1757158 -160.0198974 R
220.33753 -288.5061262 -268.5589716
501.1062773 183.1860297 -396.2980715 R
493.9237958 316.9485666 163.6358424
-16.35339438 -276.432275 228.8074034
-156.0944905 310.262307 -20.85808804
72.46493116 459.4756499 199.5748052
-18.46979953 169.8317379 108.7819359
123.9343879 -382.5552502 -394.7115301
62.44067375 53.61348361 -503.426222 R
371.1097992 -150.6592539 -367.5923763
131.7256687 393.5516152 -504.0225362
-272.0215044 -77.24483617 472.3854139
259.7361669 -44.75175823 -522.8040446
-492.9478802 -145.0820603 481.75236 R
-188.7561511 -523.8419061 186.754821 R
-206.8333501 105.9648517 -284.6513487
-179.9363497 342.2994704 -48.47114898
-162.3094777 44.82814615 89.86610027
-68.02537491 -435.4752069 -481.510582
528.5281652 -28.63444309 382.1042231 R
-207.9494724 350.5654177 472.9407417 R
25.68574645 290.2696408 511.9608755
-489.2526149 -188.4588604 -420.8298497
172.140864 233.0773248 -89.14833264
308.2115321 -46.98867757 -14.11321
-67.31483432 -361.58521 324.5471237
123.2383249 101.4436785 468.4029776 R
83.29567014 375.0522072 -337.6911609
258.2733371 -59.97774559 -17.53517367
37.43176523 461.1445636 -72.89181951
531.4373949 479.6094211 -247.0955641 R
411.873946 -149.7903948 475.6943423
-224.2048024 384.0467268 82.44289586
400.4620334 -381.1583287 -50.38647091
296.68566 -435.6650987 430.2749478
-517.9401362 130.8299595 -39.40227895
513.6352007 40.56798226 -224.2343628
439.3812544 244.3533309 532.7647806
130.282757 -508.3534149 -484.83466
-224.515167 278.1231344 -396.1742082
-456.399064 344.4642301 414.7221501
274.0442524 -271.6224608 101.4490361
-361.868577 216.6221057 -477.2519044
155.0240471 -148.2667815 335.386282 R
-426.8967272 33.8677512 471.7795184
-222.7094057 -420.0016896 286.0734706
-361.0261336 -461.1255517 387.3449984 R
-206.8963896 -343.740861 417.5953484
-321.9387356 -486.7794248 -354.6975149
-287.0428175 -317.7968495 -34.36952143
295.112619 162.3748046 -307.5750893
54.46145271 -7.22012893 -458.5128119
-196.547151 -73.95590301 -5.917494728
307.1226574 -256.2322595 520.859913 R
-122.2286316 382.3367033 150.1318556
513.3378285 -512.1449901 -43.43214455
46.04690479 329.104687 328.608071
-223.7397962 403.412336 449.5976515 R
67.67827098 394.4992482 42.14550969
-325.3300125 -269.6232931 -141.7267512
-48.8316691 13.05943349 60.08806156
-154.3327224 219.3171265 468.8180499
497.7135517 -142.1380003 -451.7527768
-91.22646545 -469.4396106 -352.9526773
358.8343272 -459.642519 94.84561834
-43.49674203 -108.7390212 -156.1833091
-228.3967106 348.7037959 341.6405088
-401.9263476 -380.9386625 -171.3914444
-83.18496143 -40.21836076 420.4104509
141.8555196 -121.1360354 16.76841663
-257.3858795 -425.2827451 202.4530336
-35.47724139 -148.2771228 350.0492069
-445.4037715 505.7670811 -348.7436782 R
405.8504766 292.8044254 -532.1348393 R
457.3548498 -310.0802122 -373.6299781
-309.7509144 332.5563686 358.0797163
142.357256 100.0245097 -346.7152394
-519.7107858 -369.2727891 -13.30582773 R
419.384074 241.380081 -530.5720682 R
-73.03530219 -526.353052 -4.202947265 R
51.80205946 -269.359575 -407.6734745
-327.5807349 -209.401126 -10.39998951
-485.8602701 135.5071691 -303.4122676
294.4799896 -252.6584863 -243.1028881
-481.9759815 319.6236426 432.6642931
77.00884108 321.1026372 215.432199
-325.1079637 405.5353285 -532.7141582
-494.4909131 -166.0600007 18.02194457
190.6448964 461.3139763 345.0113595 R
32.82032861 436.6784424 -436.9806465
-446.2751831 -389.6997256 508.5755631 R
28.24089941 -114.881355 -400.4498206
228.226339 -341.3421321 -127.8857076
-314.3913153 -224.7042479 132.9498691
-223.5293542 -231.9263097 266.9737867
-290.9184825 -137.1903528 477.8979683
-184.8924825 169.4807219 57.13565781 R
-447.7159528 -3.329411112 169.5910015
482.8120248 229.32881 -101.9061536
-321.2447971 231.5580435 -26.76810223
-442.9476727 422.2825256 512.2751277
-372.5669422 -95.1036288 -53.64063248
-269.6435739 -488.7452236 -462.6977368 R
-400.4597329 -522.1553966 15.89972529 R
98.19313442 138.6938486 -496.932535 R
-332.1861951 -302.8277404 -417.9003167
444.6032781 -157.3730302 -357.4367331
-8.231401475 -429.1582114 -256.6037109 R
-15.4225273 189.0136858 71.72697797
-233.4667145 476.6675401 112.4929502
-494.6702986 -388.6347525 177.3849641
-500.481324 -168.8141884 75.96155048
-447.9205198 -362.7982534 451.9407429
431.9190939 -325.1902674 -216.1305444
27.12775954 138.3542955 -145.6571453
-266.9340113 -371.6368852 206.6747568
324.8171199 -423.0274352 -52.79028631 R
-28.92163234 452.2120514 -354.6348539
-359.8035824 8.700566717 489.661291
-434.0215027 355.932147 -143.0325096 R
308.8111686 -391.659665 -439.2700532 R
-38.09733713 -184.6257859 -431.769202
-165.320306 -483.8586858 -241.1174251
-399.6467577 -302.4529287 432.1690822
12.96383866 88.95324861 -42.74332152
182.1319057 -156.3263796 163.6555222
41.33689944 -344.8858635 -38.06790341
54.65022005 -433.1882606 -494.273139
70.07596227 -271.4917584 -10.71341045
-97.54795282 240.0970955 -432.5380055
130.6318131 -23.87030922 -93.14485169
165.8261931 -388.2255843 -104.9073868
-320.9310524 -476.8502197 37.77199567
-369.2050913 339.6831568 236.1581428
405.8119889 471.3709469 -92.32273546
-306.5816897 -307.41098 319.3882679
357.7785542 69.29999915 335.3815173
159.5275853 -367.696174 -181.0129911
-515.5342779 -106.1397298 74.6364101
293.4379448 266.3560714 -373.2540718
250.4950521 19.90229483 293.2003724 R
235.6380892 267.2129104 -107.5908445
-7.312094592 -85.51182421 -367.2704088
34.32457614 225.9160824 -180.6421854
307.4777468 32.94649351 389.1066684 R
368.7181578 -458.5332742 -107.1275707
341.3606 153.4436928 -34.50973784
138.7206797 -177.4477254 270.48741
-356.5784433 -480.7665016 -245.6758955
64.2940965 318.1716935 357.4220455
-365.7361258 -17.6236931 -297.420748
-85.26539107 -177.2743033 -207.9063475 R
-311.8469659 -101.8654108 -108.3346732 R
308.1259203 -347.789653 319.7012203
-199.1838316 -95.22593199 -414.1737519
-275.825629 122.7336205 -18.48882616
188.2231256 -170.6781751 93.09400371 R
517.4998471 -166.776598 4.931987425
206.7385448 381.6545851 184.3437015
164.1441033 268.7408421 444.8600366
-28.50316674 16.75068001 390.8657498
423.4829203 -293.2640458 452.8555063
142.1974353 -476.7859076 348.6015248
146.3126144 17.750947 -12.99776034
-450.2833704 364.32884 -46.98357531
-249.744506 142.3401886 -191.2724014
46.04732649 -250.4003988 454.1806411
451.0706879 369.1227016 524.3629888 R
-334.7821404 -374.6627618 -89.42534427
-63.66278095 122.5352882 -113.0300149
504.9600789 157.0538818 27.30317391 R
-77.65605084 -253.1016696 -102.0876465
-168.335728 81.04631789 340.535988
-249.6745097 -295.1942176 221.654073
77.97987008 255.5669215 267.4515717
37.97590925 343.8090712 -202.7134567
478.6827101 -504.5227504 -0.27632799
-427.7258242 -477.1096286 375.0818517 R
489.4461984 88.64757441 -368.6207781 R
468.9642317 -242.5398218 414.4099954
194.9406306 -290.5804986 251.5358303
62.20829441 -18.76357522 -258.3708371
-509.338963 -273.8327113 -363.9159978
146.3734443 -302.6975092 -174.1169861
-274.0963502 26.7973857 -11.88990781
-42.97981837 -189.9594266 -422.1684122
405.8640219 457.8999213 78.25603154
503.5182637 266.9202711 321.0915713
-472.4052973 316.5009744 75.56032459
-8.582806218 414.7071349 -202.0704218
-408.414948 244.3823126 -392.4244959 R
-354.0390208 427.9458287 -79.31398585 R
-227.5202072 -518.1354472 -30.16136165 R
-8.533138542 -222.4273307 -219.6005815
522.135138 -340.2744557 -175.8298752 R
110.24329 -19.07578884 -209.9520569
429.2964113 -67.92299422 408.2375611
31.5534963 479.2517887 -330.1770532
-430.2551193 -458.7715561 -121.7703434
-318.3916575 98.83412429 374.0468237
383.8275577 435.6804282 222.2555564
-91.04475271 256.8585185 -430.9905762
1.5583382 372.7652239 244.5046566
-286.1665951 -259.7587692 -255.7008657
60.56689139 297.1046758 -523.5811942
496.2278313 -33.71478459 -388.8284942 R
397.0237834 -245.1739349 -44.51792678
444.6215553 374.9465656 314.2041231
478.1380209 313.2653195 -224.0692839
342.0590919 -421.6907371 -278.9823327
493.313646 -236.2669271 -108.7832088
-424.397619 183.1936307 -376.0861893
274.0438926 441.729916 -359.4067594
425.7014643 109.5302241 -523.8178974 R
-20.25366425 522.0216316 -55.15526619 R
319.6198386 152.9886713 -467.6954625
-506.0956156 -0.5861842396 243.185309 R
335.106594 173.3886342 356.7914066
40.63344715 160.3507806 240.8888325
484.9211996 -293.2640688 363.3577037 R
-410.696148 125.9077998 -147.5684608
278.3086341 -28.72339352 219.1057484
449.685229 488.9105113 164.5631563
-140.6086473 245.4094593 -211.2955169
382.543227 -242.0704207 278.8928032
-499.4877376 -97.49739203 -100.4692249 R
246.556089 -257.5234072 378.3346149
303.4626107 -391.9221538 296.9765312 R
-474.1763913 -232.511821 -267.9313117
405.8212998 199.118167 415.2617299 R
486.2895508 264.2280184 461.7400756
170.8052159 409.3022819 -265.3375757
-365.8813981 -50.56468182 -213.8639336 R
-262.3333576 445.2671605 -90.1176414 R
19.26979449 -8.199005769 -67.05853957
-304.8609812 -164.3872364 522.2142071
-112.8033943 391.4166926 230.2552913
-7.951720404 530.3542196 -314.7942627
326.051222 46.86802066 -187.6836067
421.156569 -41.24023858 -167.3043575
-434.6894748 459.2233105 499.6451368
495.4543413 -302.725328 247.5790632 R
317.3483289 98.26811993 56.343788
111.8095654 535.7513432 -49.45904953
120.2542092 -68.6992137 409.9745259
-416.0659782 -182.3764014 -0.1606574335
120.0068275 -398.3517109 359.2337172
-480.9698711 -353.8868863 166.6521147
-454.9663912 210.6269309 198.439146
-502.1990444 -232.8187782 181.784804
84.64506875 -509.5354033 367.9588593
-335.8414284 213.0919322 -9.124535163
-426.4184597 -250.5645496 -266.6114463
-227.9309374 -493.2256763 426.9971016
443.3049071 415.4581309 306.5895637
-368.7250637 -252.8612132 -35.78465575
114.7471763 -391.7579951 369.4871187
518.8072285 386.1679663 -129.0627101
69.5605658 33.82139093 240.4190207
19.25733875 127.2798314 -87.15326291
-488.9717209 81.07089875 -246.5222771
36.46783477 347.725356 -309.8441761
404.7960163 184.1896882 -224.9044203
-262.9120784 -191.9137047 -226.5102249
-158.0815083 0.4993977409 39.94709885
-0.5563360183 454.1500242 502.2938465 R
-201.2854826 479.8806421 -196.8173204
35.69271792 -73.94164149 42.46639419
390.7873534 253.0461649 -73.90640205
535.7276788 286.6977282 -470.1804148 R
-158.4254402 -291.8683925 222.9019106
-420.0248445 -94.6984377 -174.8313883 R
-301.4293256 -297.0570798 -168.9951816
-86.59270424 88.8161242 -39.71340698
84.1931955 257.7200553 -172.0197415
125.9647061 333.2141492 -212.6037974
-193.0349826 272.6262527 -380.5839938
-215.1918305 457.0401014 166.0644444
50.97240736 -34.69822578 -185.6952227
336.0742109 -432.6924631 -265.4018838
499.5540827 -458.5258693 63.04738419 R
287.4194945 -396.7735863 247.2211912
-181.588607 64.06287693 68.00926193
269.6977392 -393.1343152 432.7487298
-226.4980283 -6.285593152 64.21197257
-66.10006051 543.3782622 -458.9899018 R
-546.4954112 60.43934909 318.1062821 R
-69.34637071 334.2208708 -91.46103875
190.214192 -390.0882371 -42.67069319
-81.12418168 95.23152829 -371.6983428
282.1901149 -449.7400378 484.1002346
429.2254302 -18.444522 409.2686779
-304.4804621 -122.077145 202.7542055
171.4338769 -234.6427292 -501.7687539
245.9686579 -263.9690754 372.0234436
331.8068923 36.17028072 -161.1491521
149.9776303 87.08906071 -324.4425456
-185.3121315 283.3652475 10.4652891
301.7214914 477.7404992 40.71692176
315.8038168 269.0473864 -528.7966832 R
-256.4408995 270.3738161 293.1569992
193.810241 -417.1582906 186.556884
-179.0503906 240.6485504 289.745194
-497.5515634 350.4179165 -77.56016796 R
-200.5051113 75.32983169 -512.4231
413.731287 -522.6825259 -301.2191915 R
-195.0695843 216.8461465 -126.0189687
318.0117919 -84.18781323 -188.3639398
404.8703461 172.2268081 62.92442618 R
-74.74758979 230.5498412 311.1652108 R
254.2706976 251.0384455 154.9445166
430.6510755 239.7180809 -490.2359949 R
161.7223463 519.0152695 60.71775597 R
-165.9172988 286.5915723 455.8099748
-359.6064428 -140.792001 6.825409122 R
479.4173734 122.821781 413.4149334 R
329.6383738 -374.9813475 42.25303553
25.53157941 44.81495512 -233.620782
-395.0067305 -14.94170154 -500.9341727
533.8937211 -21.51472763 102.4173065 R
-345.9111946 46.52418944 383.2779847
-125.120017 -133.4336111 -479.3183375 R
-275.7861442 400.5364975 284.5181625
-66.43049122 295.4408911 37.82078139
402.3018045 -396.6004664 105.696133
-483.4437617 -302.6144701 -61.6239893
-221.3278643 381.3706839 -441.3904091 R
-305.8892028 413.4559162 -175.6759459
-392.1212457 -370.5457995 250.6457281
-78.85791634 171.7713527 166.8688472 R
340.9166185 -121.4401085 -143.1751659
166.555309 -224.8851046 218.5063768
-456.3540836 145.3728198 317.4088727
-391.0230617 -29.54534949 -302.4189566
11.27283963 -49.39636649 -88.27129408
-82.46374498 -239.7587806 -254.1275944
15.78653727 -223.3320828 -14.24037335
166.5621281 -360.8023175 -459.7359928
442.1122898 315.7821659 -129.0635728
-125.1682628 -495.8403091 -119.5805508 R
-415.6018671 118.9195159 -12.94412002 R
293.1715473 -145.7272455 444.0112801
-332.6226983 248.3017083 -509.5199198
155.0522939 -388.0881422 497.8552038
271.1186301 -120.2372541 -156.9785771
45.57169433 263.4289299 139.574646
459.9254557 -339.3586705 -349.1977981
-71.96711728 233.8170092 205.0058189
428.5994566 -490.5253719 442.7556972 R
-500.9924341 -261.5830612 -91.45209913
355.5994418 434.4247502 226.6395181
365.3797677 -33.95957683 -220.1679399
408.5470518 137.5281796 -51.7891432
-46.27762713 -285.905386 438.2823888
-28.20930794 -217.376885 262.872566
-88.35155711 378.7546672 380.3883289
-313.5936705 -499.3807197 474.3344834
73.01978626 -74.04411213 53.13267656
-240.1215282 9.959743082 491.5532525 R
97.64831232 0.8435396021 161.1332988
-270.0082102 -152.0162604 520.566056
-9.14856711 124.1177515 29.54454503
97.64188034 -166.1149881 98.34053706
-23.70157128 438.698805 418.3224406 R
-439.8714645 289.0924663 -50.67567935
-58.90029986 -298.8444127 -429.1838461 R
-316.0285516 453.3878404 463.13958 R
-188.9315446 471.0191377 335.1765655
-331.6440344 63.50403083 -151.1834928
546.4042515 200.404268 459.444448
508.1418672 -462.0906698 -424.601282 R
430.3268889 131.794506 462.3054262
87.97789448 190.8232567 47.40186892
151.2006102 -286.0930824 212.0247405
-514.9636796 148.7934475 3.517008741
-183.309512 330.5332608 -75.16777479 R
19.94036927 222.8526156 389.1787187
-362.2721872 -496.4249495 -326.7667325
282.8997844 72.80971538 112.919206 R
297.3347802 -189.0198048 -262.5862821
-379.3019696 374.0756652 -443.0587325
-495.2538665 -249.0009035 42.20919458
-170.5527991 65.61567751 263.5907952
-124.2306397 -264.6413827 -387.0726772
-64.72273892 136.756952 34.64173134
25.35789742 -47.13189317 -292.3317181
-489.5540729 282.5801231 95.27379861
495.5217138 495.5474582 -330.1965715 R
-323.8818415 -143.1110737 -252.2767932
47.51608952 129.766008 470.197431
85.92226307 305.5416206 -249.9660478
365.0005274 -466.4164675 454.1495933
-467.3199991 -172.3486572 -41.18046873
-13.8260452 -72.02739168 412.3375645
317.1145474 79.5992251 291.1274347
-221.2562891 -528.2896523 337.6941972
527.6821743 -428.6990766 496.8797315
102.4922107 -401.3260064 250.7291517 R
253.4748532 326.6164856 454.7209923
359.3279946 255.211959 -19.12565173
-406.7679001 -236.0368479 -278.0543003
398.0380948 -326.825201 -166.068454 R
31.5503855 -368.0952086 -63.48400494
407.5129561 -190.0389644 -402.5869742 R
-315.9015261 266.3251431 364.7585154
-21.68391184 423.1834247 -227.5658729
301.9155632 373.6805525 445.6566928 R
226.227939 371.2502234 49.47653773
439.362654 -450.6244728 108.7793126
357.0344429 413.6583456 50.51036204
-478.3320102 257.0532529 357.5355386 R
-107.4617889 127.6524719 -127.4642253
-412.0412128 -420.0621703 247.7808381
-107.5289477 311.3145709 92.44774466
-516.1329241 -203.4181187 466.036673 R
159.2321608 282.5814719 -326.8832645 R
111.5048902 521.892016 214.4339162
-73.83298915 347.4671904 -454.130096
-248.1743663 -336.8244108 479.6365824
-372.3064213 4.104031463 283.747749
-322.2643766 -122.0119737 -64.29428206
237.7734815 -305.0421546 336.3129135
341.4154019 -119.7496214 -100.2605479
343.8292478 -87.58931099 -490.4470542
-125.5736236 310.9434973 319.9159044 R
326.0517524 88.00107552 -110.5561054
-264.7267106 277.9694891 16.75641225
-302.6378752 194.5244133 16.58130758
-308.7354715 77.69100595 -146.6836742
-414.4610945 450.7153796 0.6851639642
-187.5787706 -480.4857302 153.3478105
73.04595151 413.5815311 217.835835
87.72487045 469.7751145 -136.4499946
-196.0649068 231.5227676 245.1776485
263.4448708 369.4295638 352.4073748 R
-440.8969832 -172.8866818 119.0975505
-350.6312578 283.2465973 -307.9304771
-61.15154541 -156.8949468 472.9979006 R
-302.0920466 -105.0102406 -306.2759425
154.6889011 302.5215512 370.0605919
-464.6541594 -330.682955 -63.22034465
138.214788 61.15582903 97.75308832
298.544103 -235.2992612 270.3262585
-491.8583085 -373.8873768 -255.9306063
-80.6484584 -119.4721657 -246.3133343
-78.23700576 -490.3324469 -393.9432961
29.6787777 61.70233958 42.21486888
356.3276732 482.6556784 -129.7380303
302.6578018 272.4443563 317.0525019 R
-461.8891975 432.0204907 215.7442151
-162.5316116 -65.55011876 190.707388 R
464.2217475 128.5929233 -66.51332369
337.2000175 460.775546 -288.4087763 R
260.7111855 -224.797213 -212.1323298
383.2870557 234.8538536 -1.432645134
-326.036216 -477.6941009 59.49476088
183.1030103 392.7692055 374.8046886
-383.2471119 202.7413769 299.3477804 R
167.7507554 153.8476403 113.2898748
-79.38086755 -284.8907123 21.32983601
310.9020172 -372.462801 442.4775524
-414.2013578 8.497233327 -150.2643651
-57.2964912 24.39114309 190.865949
-430.3391582 -301.1245905 -492.10445 R
-66.3379641 303.2087927 429.2490517 R
-297.6877047 -532.264828 -194.2673797 R
235.4127781 -311.2144839 -241.2440587
369.7577951 -304.3434714 -268.9897881
40.98510482 -351.9904251 411.322449 R
32.53746517 -279.670126 428.8613348 R
427.6639895 324.3663948 448.2670233
-112.1081101 132.6971463 -267.5079858
-313.9287156 122.662794 -443.996606 R
285.187419 -21.70379555 486.9382623
374.2538127 367.4986071 334.7737934
-117.4364208 -391.2782205 -457.740238 R
-13.64824469 349.9179845 -129.8416748
452.4146918 -121.0372255 -483.1658236
-166.8138461 -409.8512004 -128.1364604
319.7438239 -106.3352152 -373.0183767
-289.1463646 514.1227376 -389.2587706 R
-47.94532128 -388.9460447 344.0300663
-81.09390152 -299.7627479 -223.2556901
375.0227569 -204.8316992 -510.565643 R
225.7118298 533.4271766 9.344814368
-92.37026027 21.30524577 -169.5814845
-264.3961036 387.739839 190.6360381
133.722828 175.3307374 -353.5951908
357.8666681 368.7732593 -493.7214917 R
-229.4024682 2.448575393 -521.7706091 R
181.3853578 325.5891837 -386.9152781
-5.984690616 319.4359384 235.8953561
-364.1678671 39.39529693 -445.4607078
122.2807458 -101.4205273 449.7737371
-461.889411 -521.5034187 22.93202615
190.8140013 224.0396105 -396.4111718 R
-362.2829113 -265.965796 -379.064645
161.1234631 -256.0904475 318.7869582
87.3467478 -261.9755559 -77.90897892
483.934798 -100.756473 -176.7857023
-168.688429 -110.5289592 -222.9993782
307.544747 116.580929 -208.8102751 R
-196.738389 134.3281793 -206.1542228
-25.34782368 181.06135 -464.2636497
305.9782709 129.0274241 -503.1938223
299.7850661 501.0043982 166.1745838 R
-128.2633188 61.20840611 357.5304281
-303.1668244 -511.9727154 -387.412418
-106.7808239 415.0047769 361.1570031
204.5852933 -420.2633148 422.596716
427.483911 -410.1539569 264.8322836
427.372842 362.9623387 50.6830424
-191.6783679 22.81662214 -450.8720453
0.7601917218 439.4097276 27.41260141 R
485.0654463 -369.0797556 315.2889811
190.1781417 39.370269 -438.719383
-399.1022972 157.3228471 148.9025259
-126.2425794 -133.2110255 278.717065
-476.2742328 -75.53727465 -506.3222174 R
-447.7359503 -321.3537108 -4.986317324
-412.4835236 31.58408099 367.9487218
-319.4583974 -186.5027584 421.0461035 R
-404.5624705 -193.8799075 -120.2756883
16.39185614 499.3182405 117.8572381 R
533.7952165 -299.5219534 309.7537168 R
-215.0754061 25.07562697 349.0141271
-343.2499559 280.9232515 419.8650574
151.0959778 -88.23736885 102.5599741
213.9702638 -234.565908 473.3237248
-47.91878998 -268.3424339 -527.2191416 R
-236.6891999 10.58000609 440.2162789
180.2760445 -453.4466306 -465.7267543
-483.6783314 -101.2944417 -142.3245116 R
-198.442999 -344.2816871 -107.5151978
-174.9061352 320.0500199 -346.4180992
-129.8562131 -123.4331342 -136.2040871
503.1520321 -303.1023366 519.064608
-396.5482347 -455.6719658 -263.7427596
-429.102135 407.1452158 391.3297664
457.2533831 142.9343495 295.1560518
-165.9178528 -216.4362038 -82.88675049
37.40123399 -31.58864351 -497.2471626
269.1940428 85.49403132 -126.3681442 R
-129.5890855 -363.0337721 42.38353287
271.603984 254.8939629 260.3092032
-425.4523131 285.4564065 437.3010021
-219.4206073 -424.031634 362.2158805
7.449257557 -152.4541304 99.58988196
285.8312373 -408.5713818 162.3111139
530.8629432 -383.3418705 222.1130611 R
328.5447556 -36.1701303 371.2795266 R
313.8049183 125.0682891 -130.2967663
51.89569681 47.95456885 -203.37897
-351.5034304 -180.832612 430.2141439 R
-489.1931234 -1.907504294 -451.3799289 R
-489.8009535 -297.6693483 322.0490015 R
-408.9226134 -274.3693261 -181.0236845
-443.9494618 495.160795 -101.2322584
131.6151236 -64.68957322 -179.6773042
327.251153 368.7974461 -202.4371596
-372.0689514 168.875479 -159.7354693
-530.0770896 148.2873173 -115.0286017
141.6862726 349.2812351 209.8553928
488.3868158 75.5767288 297.2180063 R
-291.5826639 -367.7093188 484.606171
511.2036215 -215.6016159 -90.7769563
-344.6884644 -401.130125 283.2994432
134.5481288 -83.08322035 177.5041368
340.1624512 -68.35348158 -191.0345116
61.72007513 495.7177467 -81.9706167
436.1584028 220.7093764 72.00957798
410.0158346 69.37614248 -373.3869057
130.5413239 -200.2373678 -34.80097642
133.4361955 -5.649347918 334.2851413
430.2571331 -110.2656247 -197.5455237
489.4878995 -226.0828401 -329.260038
-380.2437477 203.866406 -172.4485991
241.4493616 262.3815609 -437.6807455
359.2160913 393.6615456 108.0590215
16.09981754 53.21083915 62.63782127
-449.0989146 186.231533 -307.9120342
-218.253445 -171.3132665 355.1876508
-508.0388431 429.7832687 343.5908843
5.001838456 -32.40721569 79.13740133
154.5892764 -216.8646294 -492.8536057
-103.989255 -224.0176994 294.0495375 R
92.83754725 -69.97765912 -232.897373 R
417.1759659 -518.8266282 -36.2482273
20.56257581 65.0414381 243.7033984
-419.3831706 89.18086252 -269.0436633
-399.7825215 -381.3756125 468.4036
-522.7385568 153.1776814 -263.5027241
440.4041315 -275.2771086 500.8382319
-285.5124659 130.019091 -305.5020773
-443.701815 511.4915888 94.89519779
-502.7295577 -354.3824338 -239.0607415
-332.6316815 -429.6435098 -251.9664308
439.2728591 -74.26730947 193.7838049 R
-50.63387434 -117.3691426 2.738989836
412.7205053 -80.40148176 235.6951119 R
157.2281003 323.7866588 -48.62795665
-446.4904156 436.5882192 364.6945126
225.1912834 24.86188007 -277.3592596
54.54986022 -447.3696941 -110.0801088
-263.0621841 118.5418717 -190.0642668
162.3677723 -86.694383 292.5989246
333.9510134 255.6162513 307.5548839
-529.9101476 527.9288578 152.6889584 R
117.4773207 -59.31433283 -406.6190869 R
-30.11890582 -380.9502168 -27.2786648
-161.0360295 -452.0395792 -272.7091519
-406.9459984 -324.7856783 281.483761
-382.4367029 -475.5260156 393.1763551 R
345.7425118 -515.6653607 350.3200832 R
-16.47590546 125.5030408 -420.9472602
-499.3457299 -340.906518 157.9044577
-3.337653631 -542.4828214 -285.3833547
-153.778131 287.1310386 455.5364725
-394.523915 -266.5453067 176.7049449
8.867817784 253.0829376 504.849422
439.8862748 333.3710194 -64.56127232
87.36414077 354.9391706 23.65659268
450.797143 -301.8253425 -142.4520679
-248.6458786 -179.5356831 159.5537968
-487.4639532 475.1253546 33.60219558
452.8175221 445.2595275 529.1022214 R
-319.4944754 -71.423628 238.8659239
303.4981924 -477.6916076 217.2936101 R
-274.7684941 341.5568565 151.2102823
272.1993345 114.9008342 261.2331409
28.24643989 -500.7333433 -300.6789563
479.9277382 423.2421809 152.4536311 R
-15.55564847 -58.63980893 490.5208096
138.626831 373.9740784 490.9545382
-468.0813726 161.6036819 229.4198976
-207.7425515 -87.97992675 348.6866241
452.6382504 -124.0632038 -279.5541797
-400.5594167 516.0145236 373.5464913 R
-90.48580493 -97.88942571 -342.8186676
-372.2274453 282.4525427 -520.9819868
-162.6725861 83.84898924 -541.2785244 R
468.1910124 67.53523447 73.42284559 R
-403.9923086 301.4667179 -270.1896489
-24.01453728 -453.6382703 324.2280938
485.5128345 65.03263669 -242.58527
295.315085 -124.9649671 -412.0770631
493.5615586 326.1247861 322.0403154
408.9567054 -399.2747565 291.1214316
-137.0301556 -300.279016 514.3366383 R
22.59773437 -45.82757996 242.7135835 R
-217.1956139 -311.6286194 -351.8827286
-294.6720655 -303.1206627 265.4035855
-503.0061535 -279.4713471 99.64767395
-255.5226106 465.6579731 -375.499061 R
-162.5784529 154.624698 -508.5376551
225.9286523 -27.62537025 -164.755107 R
-463.1103402 356.4201016 -281.6019142
435.1763224 503.9323322 319.916462 R
244.2431614 136.5297397 91.79230045
-414.1992443 305.7575583 -319.1992461
431.7711499 -458.152387 -56.44857025
56.1392018 1.2782383 -69.59662547
98.49281601 -451.847976 -258.923508
243.10524 104.2668839 -538.9161626 R
461.0352646 305.6254064 144.5368895
187.7489241 534.1257102 412.702507 R
344.5461322 131.3887882 460.3893161
464.4686778 275.2676135 -409.0203652 R
-336.3781838 325.6550708 -37.79233513
165.805534 -151.3956977 -449.4029434
-49.30837998 -172.8609374 -114.2279727
-467.111125 -241.3441677 -180.0238027
450.3153895 399.8486991 -124.3818964
126.8656529 492.8061829 -206.24118 R
-509.5372211 68.80095322 32.55259021
-89.02763171 -500.8810578 -31.0083754
133.0319058 -387.6394082 -292.7711343
390.71249 -398.4581218 347.6717465
-175.1416716 -182.0587832 -361.7898884 R
-236.7632239 -275.0785237 -483.5772417 R
-220.3381391 -499.7449841 -182.3371752
381.8538377 -355.2024614 -79.87632633 R
-519.5955678 19.24719552 441.9803308
-248.6878142 -111.590431 -37.63134822
62.68519435 57.49805914 462.0299692
-130.081611 167.6548821 527.4283114
291.3601481 -386.0803916 104.091311
-304.2008766 -110.9944832 264.3025034
197.5412057 7.804192754 -451.0714535
7.818076042 -478.6911735 -30.6252369
-213.2369313 476.634928 160.6209968
100.1136361 504.2824822 232.7485944
76.91662687 -377.3697799 518.6050815 R
109.3740418 499.7876794 253.80087
-410.220695 -505.5641406 12.46994712
-115.4140373 -362.6049133 180.3461887
-416.4023685 352.5990034 422.7255426
136.2526082 -124.7438185 173.6042049
30.57659965 -466.6882695 47.33171436
149.4709411 -109.9037209 15.64111861
211.9520421 509.0411184 224.8687228
-354.497707 -379.4784528 -486.4817193 R
-178.3673774 147.3846661 174.4807178
-179.2507119 544.5863645 44.93393138 R
-51.31558514 349.4501336 -87.51405974
281.1522923 14.45554643 -325.7256273
350.034742 443.4814649 -494.8691927 R
386.6296658 375.1845584 -246.3503169
-125.2755347 -142.2333157 -303.7680611 R
356.088584 -349.850236 15.4596759
-412.8170366 364.0637852 420.9403417
181.3263819 -134.1762003 -65.86080548
262.5632216 -264.6676051 293.5205224
-138.3508277 237.9750088 -471.4560466
-113.5829843 201.3132063 431.4381669
-285.2850763 -144.3575199 -509.823207 R
513.5962647 -52.50213007 -6.273981471
139.9604391 -328.0043228 182.2019557
402.7749925 18.60635095 -349.7207617
-480.4043455 -351.8290532 236.7148394
162.8019087 488.050566 450.306194 R
278.4359403 143.9507677 -489.5530046 R
10.79039834 110.4736392 45.46387422
442.5917594 333.9272443 -76.43569378
328.1022024 156.0387147 -243.6460445
-429.9235466 109.3148303 -92.46020731
14.71412139 444.3323078 124.9089642 R
459.0296686 24.78102998 479.4741073 R
-481.6950379 81.21513168 -22.58791269
404.8731655 -182.8287868 -234.5683902
-525.4488344 -234.5634936 -412.8722095
-161.6462878 514.3457765 182.1452547 R
279.3463936 -10.09475843 -226.8473974
-444.5180352 411.8162357 502.9865457
-274.4268846 451.3563685 -409.7343376 R
339.9313631 -218.1186122 -330.5291175
-131.7064431 -306.0621981 -173.4316067
-258.2967424 -379.7420977 -139.5450552
115.9026148 337.3906198 -194.6364724
-105.9627414 -547.0688559 -496.6059484
-171.4858679 391.3299383 -412.2602504
463.8467385 -37.4409244 -241.0296169
140.1952209 -195.0272133 115.4799525 R
-39.08469348 -117.3057875 -125.1096697
-130.8052664 -55.68664429 -150.8754855
-175.4452023 -381.3544377 -134.5691518
382.1192722 -333.0380678 273.976807
266.6580018 -113.2692299 -171.9819137
355.3449851 265.9946582 -422.3473356
317.0027356 -327.1966793 21.15289169
350.1046377 104.1891337 -453.2952875
-339.6171486 -196.2213113 -167.4618544
399.09221 -289.2045291 108.5167766
448.0808161 -124.2542594 -330.6331704
-183.1281959 481.1401131 -11.7276687 R
-392.0266585 -134.7792993 324.5517769 R
116.7728211 -365.9277853 70.36912862
2.140238541 -186.6006376 324.2712452
-58.19745975 -88.65450806 314.7544962
-227.7488414 -391.9373672 257.0822996
-6.95725627 -28.46575081 117.5923768
392.8585673 -227.2735679 398.9711948 R
-66.98733743 -408.3922601 213.99862
-170.4997813 424.1315985 -440.4085992
364.4512505 -141.3123207 41.09137347
-455.67081 148.2067603 266.5048236
248.9671483 -408.2453976 259.0197559
-423.0337888 130.7680978 391.4198523
127.8895079 268.0710484 319.0327359
-9.304368124 -245.6394445 -355.5228246
373.407072 -374.1861362 87.52659797
317.0674989 523.9489556 -357.3941716 R
202.66124 370.6179577 436.7509998 R
-370.3964402 -444.8262084 246.4143206
424.4549871 -342.7129245 63.72130892 R
-56.02147042 200.2092021 371.2515086
352.3311332 68.09607593 110.2647071
460.0944338 163.1991147 42.88994225
-429.8630512 -87.04122487 222.6952353
120.3248197 -329.7235082 478.1823387
386.6554482 -411.8124159 -156.3091182 R
-476.5294202 -410.290268 195.2174032
405.4502657 481.8568088 -494.9723246 R
437.1922145 144.9835368 392.0610408
180.30204 513.3779421 205.8193439
-386.4736518 415.3657819 345.2379622
257.7531349 -410.7927992 35.54838224
-153.8257696 350.6159926 -440.886803
-330.5347606 362.5023064 500.4423238 R
450.6780087 -71.94209085 310.7501347 R
-391.3964233 328.8115617 -39.88610206
-185.4817857 -176.6127377 64.76557105
-134.1516744 471.2864882 66.37802483 R
2.893367648 -257.8369913 -275.6376972
-343.8586297 492.2423685 78.21896601 R
109.3161361 -433.7889216 42.39394143
-172.0134271 -394.1454132 402.625751
-427.7625318 -197.3705393 280.6833366 R
222.0962729 -485.9937221 -463.8872574
-135.7254428 370.1995582 223.7458266
275.6029755 432.9216621 -57.91892677
215.3055303 -314.1638297 211.3252082
152.3257349 -219.5953995 -116.7324345
343.0309607 258.2529831 509.8810752 R
-367.6987699 -242.3254405 -345.1773976
-253.6632124 181.8195798 -203.9720645
-109.0509835 160.0650772 483.4002204
-394.5283742 -93.26471401 -277.009352
-395.6728026 192.1833852 -91.91787059
-342.6323072 -10.1451172 -470.3564015
-268.4878736 77.97664598 -435.1385654
465.2268828 -485.9888342 -92.17529968
173.9948762 -444.4401268 528.2376973
35.07929707 276.6151855 145.8263624
-411.794745 -159.6350523 -65.71275492
513.683976 -468.2781436 363.9031874 R
201.6328317 26.9357283 240.4261595 R
-57.09974831 -65.35689172 16.07621474
-3.380729967 261.3753176 461.9908383
-298.9002784 69.04488557 120.7501507 R
-1.106800432 466.7961355 -232.2853344
367.2508029 343.0157083 75.69154528
29.82390368 232.036624 -39.19388769
374.5536897 478.5531296 -110.1633247
434.9262152 -58.58726178 -23.56470692
264.8991917 -111.027357 437.1580079
173.6614381 -330.1318053 -42.644508
144.4139755 -126.3095235 -358.1362422
-468.1729806 116.06992 -360.4337946
-358.4348197 499.5095964 468.8566777 R
411.0593974 52.06192126 -182.30792
-39.19048125 543.4844899 -448.0664218
-426.1642794 -468.5761585 172.0308164 R
-425.9200061 -166.0466165 -301.2260182
-242.9270812 -191.6249636 476.6325951
367.5150218 -83.55285247 -54.91478521
246.1750177 -276.9646617 -264.5728801
-59.18437171 83.86404677 -475.7261178
-147.7874237 -407.0807778 -1.41277423 R
264.8474154 63.56706322 -205.6420833 R
-212.4388522 95.74246278 -113.9352302
116.1002396 -188.4514747 304.8843863
6.971830715 113.3869894 118.3967732 R
-39.49707647 415.804738 110.8388419 R
90.92948284 243.2992046 82.65010388
334.2860846 -14.40719833 -136.3062149
-176.9103112 257.0329703 -540.0737624 R
-449.8664959 -42.93792114 -1.487626609
235.9296058 378.8210505 507.2225125 R
-120.5612192 -355.8746148 -124.4717739
-182.8151621 473.2430637 -168.0484029
-177.7295918 18.19089625 53.5502406
16.87190658 -1.825900806 -484.2595789
-281.9413287 -190.1970594 -26.3900061
-65.69404587 61.05459132 -17.50149094
-443.3238068 -465.7923045 -453.1332889 R
396.385437 -497.959803 -194.8559017 R
-56.61243794 -380.5869912 376.2561215
23.18106382 149.1413215 -466.30647
306.6251195 -457.2864736 -433.1080085
77.46346549 -513.8097263 -352.7649832
-231.6019141 88.27388496 -326.0249749 R
461.8818104 -457.6095865 -395.7321612 R
383.5051765 -2.541225223 -192.4474107
486.2847441 60.12172013 94.58089979 R
-480.5477786 -111.5293786 531.5093901 R
300.9202368 402.8377241 330.5530854
472.0028844 269.9164666 177.1439521
328.2069908 -456.8650611 49.0888271
-281.7157147 -282.4712071 -82.03837762
76.74540055 150.5077712 -462.4399974
-451.0040466 72.5252791 -61.86899354
-511.7370202 -450.7555864 -495.5089587 R
-247.1186238 -122.2715045 -527.5676916 R
357.437453 382.951131 -328.6779772 R
-405.5803741 196.2340966 -450.8861318
-140.7400147 52.38514695 459.6152979 R
183.9497329 25.29461275 -356.2050502
-29.05244429 37.53420225 413.690224
9.904225077 -170.2792091 72.72739183
75.49675019 -464.2724256 -324.8229715
406.4029319 128.0872081 -273.7773146
-47.53445101 -121.9079125 -115.4480316
-347.827021 -138.0651613 -463.8150432
-256.7287313 -41.34341618 -237.3675846 R
27.32959111 276.4629025 -106.9793791 R
-373.8609469 343.0556943 -388.8708468
446.5618925 -242.6775338 316.1233498
-522.1287785 -229.9359634 -109.293457
334.6586689 321.2280458 15.41469079
-388.1880548 408.1832019 169.3622435 R
-384.1549352 -200.9066196 11.50704305
385.0003538 -26.07283725 91.15207375
353.9082335 -143.3204925 82.34595859
-379.9231974 139.7462174 -146.3480257
-300.7349536 153.8102502 -487.6162109 R
-109.7543289 153.0033292 75.99704821
144.7865538 -502.9204331 169.7153388 R
-118.2675109 238.9324424 -525.0912199
-238.5033929 -142.9216016 -157.9443093 R
-47.48277648 180.6235334 492.8143322
-97.41132866 -430.0384168 -426.7089802
296.9943492 -204.7773151 -37.68899045
270.4352622 -146.6541232 -235.6459341
-477.0904832 -371.582584 432.1997218
-46.45127388 428.3230561 -40.05705055 R
309.4675256 -115.3015989 -158.6610889
187.0624494 -274.4323049 -437.6114291
-137.5048245 251.8634842 428.5362588
-285.3733965 -500.6199354 200.4886135
-289.340958 -3.831485735 -49.12099653
389.5911711 -101.0882379 -175.945528
306.8568257 -227.6767177 270.1348731
-97.22155111 -104.9919307 98.1987294
-422.6418656 -38.95217905 -277.2522261
-501.476098 241.8909559 -331.7705874
327.2792414 -462.7497469 512.569723 R
-74.36855869 484.1935877 -173.3250058 R
251.7549238 -498.3129611 -356.3548083 R
-1.141587301 349.6396126 282.1134498
-516.2067944 271.5536802 -331.0885332
-302.2079978 17.54147304 451.2149509
-56.5075844 -419.2909148 426.6163449
-138.8969297 -350.0975803 435.4169027
464.5595723 106.7793643 156.4989052 R
311.1595551 -52.96266188 181.3656269
325.5784948 -222.3984622 238.1311585
378.5386855 -65.74516931 -377.1582781
-464.2749857 541.5859916 486.23002
301.0209142 -22.31018441 -408.8790841
263.6370102 -460.523186 -421.3953678
-499.3812281 -3.84194566 370.2811833
516.3110399 -403.3576239 255.1388914
-270.8648874 225.0715638 -249.8418479
-455.4399517 -426.7724556 325.1697969
177.6816483 -31.67228714 -320.6835087
460.1259641 -45.07716446 -69.81528456
-510.4943917 -394.1471019 -155.1496893 R
-283.2744488 87.0024622 450.4747274
-328.1577084 -200.0378224 -223.7074528
180.3892966 491.8413675 226.3317257
-373.1465021 -108.2449686 -145.574259 R
-313.5120612 -40.05354893 294.9707695
292.9518916 496.0924319 -227.6553198 R
349.5824555 -133.0583133 -407.293099
-501.1067043 -59.24751348 301.8928881 R
250.4824004 479.2270061 -200.9435634
-49.97500483 -61.03582746 -444.0068245
28.81155759 142.7914609 -114.4135471
-513.4509584 -429.5611788 -20.57809843
355.1906753 -425.6521433 253.9410868 R
-161.2597475 472.5695093 236.7578359
106.3134192 18.36969518 161.0444529
-261.362665 -270.8666417 19.48614339
-131.9323329 -237.9258279 22.00515151
-50.1355657 407.9661687 -241.96222
-221.4135313 334.3380915 493.9577256 R
-369.822287 113.8505275 -86.8212619
-363.3317137 -216.5524245 -22.94328071
411.6426301 -95.76274899 -35.64806995
-42.57630236 -294.3762295 271.2081216
-68.18578514 244.6274904 -193.5615532
99.90758671 71.18101528 111.0953984
-287.3737169 -112.7978284 -439.948448 R
-326.6937039 247.2058136 292.9859928
367.5223549 80.60255236 435.6564763
425.4859871 411.7499706 -352.8943311
402.7972529 -244.5962018 506.8030009
-95.46341092 -52.388585 89.91733612
416.9427447 483.5304291 52.9347867 R
-22.772274 -122.5416913 -83.82937514
-181.8623157 479.6493895 474.6217929 R
-358.9384113 421.0106061 -519.1933152 R
108.9890549 247.8799144 212.5581143
47.73346446 223.6622548 -481.7272203
-237.3065908 244.0670099 275.641742
-480.7713845 58.85003474 -129.6301171
-115.0240705 512.7371657 63.1383531 R
-320.7826639 -422.5619911 72.30956034
304.9432283 189.0271841 423.4483219
427.5029432 -34.74412864 -425.2111903
-130.3872929 -301.3777207 299.2276952
312.754814 50.19173603 541.23032
-431.2785483 -66.06052784 -310.1187168
-16.00758757 311.3418756 -480.9953159
62.04627278 459.4050829 -462.5383802
-89.20480597 277.5920391 318.2662147 R
90.03437484 333.5356197 303.4608594
129.131991 -225.618995 -272.1585539
-66.83114236 264.0665522 -382.4829613
277.8196108 -126.9250304 385.8253742
96.07616999 -471.1265364 194.5303056 R
166.2130753 283.8492553 103.9892082
-484.6646525 525.8856336 -384.4290054 R
151.0333354 338.9439043 -185.2739754
-465.0828052 -105.3379419 337.6328891 R
-77.74919925 -75.77418853 487.9616794
-465.9812935 388.4499025 134.8922587
67.73308825 -168.6717618 165.8564211
398.9854883 78.41290985 -306.2879058
447.7177106 187.0483551 -440.977903
-382.8130091 -64.55784316 -101.624747 R
545.7683589 41.89545806 388.5381007
349.5925562 293.6770182 203.9543104
417.9334766 -520.3853067 66.7830052
-325.3596674 -501.1815189 355.3926678
-11.94338949 -290.5972498 290.7697394
369.3209325 -209.499385 333.591542
-487.6328792 -405.2029761 314.387244
-439.2572347 179.9054784 -362.7516386
370.5943041 360.2348089 -79.90375723
-251.0795933 341.9106932 40.80349825
342.0177521 -29.13852691 453.2626304
-314.2765304 -544.5176035 225.4137239 R
-446.67833 106.7703565 214.7971051
498.7029529 323.2786334 402.2345089 R
439.0716141 -239.3302337 -21.5372587
-420.151243 19.0712291 297.1787364 R
-162.2482933 416.7868966 -508.7494695 R
-455.5902019 -308.9660508 516.46937
-510.1664648 63.70440391 -289.4674361
265.1217216 -448.8055327 -66.56156244 R
-41.39629491 -194.0940765 166.1186979
381.7689832 354.8316181 421.774458
-371.012487 -241.0714748 64.57046412
39.00014658 271.994946 306.3697619
335.81808 509.782725 239.05363
45.61248485 236.276065 -445.5839606
-269.288135 -492.472528 -59.32208465
372.1935942 -84.37655678 -77.06947444
-473.1869962 221.1802923 63.16801104
-272.0426582 -132.8110541 367.4554567
35.50832721 6.739237031 -23.03851484
166.3297491 -108.9952519 233.2426277
71.92166703 316.884573 203.1481477
240.9534314 106.0907838 -125.5256586
-293.8368107 -304.5594788 313.1421414
-104.5025012 -458.9967387 -444.5686935
205.5679465 428.4386444 496.5547676 R
103.5298652 -140.7509473 347.3639438
-78.91343187 -116.0798474 301.0633866
482.9661327 411.2494351 317.0069124
80.64227159 73.28362731 -424.1995987 R
-341.6488533 147.5484394 -13.31813833
-172.9429281 54.11255166 -58.37136729
-352.3611303 380.5750588 -176.9510655
306.0041303 149.5642759 199.1010909
369.480841 2.373772087 221.5543101 R
42.03982085 -54.93487256 -83.27925939
25.91818606 -236.3334014 -86.12233811
-99.08064974 371.7795791 325.3490078
-357.643228 266.715326 -169.2616622
-315.4309254 432.0000337 528.3726874
-420.8601403 404.1421754 -402.6742627
-297.4553242 195.7422152 334.4256615 R
532.0917601 119.9213592 288.961661
-451.4937458 467.6932366 -467.8793845 R
-315.9417594 292.8590781 335.5304054
186.1345386 -501.414038 64.01500114 R
451.016868 130.8303998 -508.234544 R
140.387484 497.9732931 410.4919506 R
-483.8775486 174.6309359 -349.3069507
239.1634837 -466.402886 0.2142513012
112.6561634 -241.5276868 271.9511589
335.1428011 490.6146338 10.63027269
241.0677551 -4.660232257 -44.80673666
-523.0181365 272.4078865 200.0874126 R
65.39740461 230.9228661 -498.4660469
263.3884064 252.7126266 -348.4834017
-1.868228377 196.2658503 -346.1962236
33.32603781 -228.3035779 -540.7226339
271.7260429 4.74190759 108.8393563
49.19330247 -208.9166569 365.5198188
-352.2272593 252.6169911 310.5282171 R
286.9760637 -60.22157717 250.6603151
-61.59833569 107.099516 -478.3591785
157.5285195 142.9126732 -122.7462545 R
-509.1342507 301.6734249 467.7176274
41.80916528 -391.6437822 -407.3465113
518.3763931 -263.934516 508.0907537
123.7719835 -340.8203401 -494.1927865
-175.3471587 231.8125286 267.1178722
-95.66903042 -509.4719103 -121.8118341 R
518.8146924 287.9717708 -535.6181587 R
-474.470806 -230.039154 -341.883063
312.1934085 393.893621 254.2806473
-104.5403258 -340.0655958 336.2888021
212.1698436 393.3138449 -279.3973883
120.8801571 -161.599154 196.4759209
202.0328283 423.7136894 -280.6735289
-216.4961141 196.0938962 -120.1719987
446.2417546 462.992069 205.8796706
435.5220041 -134.1343301 447.7821211 R
-214.7830534 19.21057049 -141.7516249
116.6631032 -225.9432658 -7.614280523
-46.62598094 218.5069227 -349.7070791
440.8256174 312.7854628 361.4260251
93.31313128 -262.4168169 -470.1570656
213.727784 -505.9175436 124.4207204
308.2843964 -111.394572 42.87598921
-236.9091836 199.6110313 330.2768741
5.367029999 142.7236126 -80.41495082
399.6569791 495.139788 85.54439893 R
-61.05684936 213.2292516 -123.9123848 R
-168.1547377 -410.0131311 389.8251482
293.4011658 -183.4810496 382.3435415 R
41.16694794 461.3677787 -1.121641712 R
-508.356209 -250.6494864 -98.98865136
186.2535252 -274.7401161 -134.771523
459.6648891 247.8163717 -264.9898908
4.947543011 342.129259 279.8114211
309.7653602 -423.563086 452.1506481
118.6546478 99.11837571 365.1682307
-418.0605882 -472.7562332 -155.5130361
348.6114819 -352.9547393 103.9500261
137.4009968 15.66066672 384.6452132
199.3464216 372.2089678 521.5489803 R
-168.0917228 -454.1191891 -364.5162432
441.4046104 230.87057 -124.2294516
226.7338693 44.07374187 376.7329784
-528.0426528 354.9430237 451.0360968
-145.0060044 426.906108 22.60390152
-329.6435943 212.1668736 -290.2846729
-37.79859873 247.0897346 -547.4697911
419.8552516 -369.9893876 353.3802711
155.3768759 -275.3825343 170.9096315
352.0874267 -483.6629839 -252.4928532
164.1719278 -329.878148 -395.5741662
-377.5040086 80.64293784 -415.5740473
-492.3079966 349.5656012 472.560034
447.4082753 70.77227324 -357.5854181
384.1299739 -242.1090186 12.07755643
87.61628667 230.9188181 462.2300944
118.7765071 -313.0319577 -244.0831124
-304.7879471 -71.14674387 227.1667549
-75.43166561 -498.7641189 20.90955299
407.4772593 216.7452972 276.9802335
-456.0556519 -52.81001026 146.3058725
226.861547 334.2935201 -233.0897414 R
390.1430419 175.9105747 269.5295366
186.6165078 -303.496368 26.00464917
-484.4846132 196.3138379 -25.20341838
298.4628664 -228.3022575 -88.69542169 R
-420.5800594 -201.6909002 -388.8613714 R
-326.9376268 -269.8613844 215.7381686
488.3814823 -29.47797697 -292.4062755
0.845875372 77.04427211 -401.0037112
466.5489102 -490.2875285 93.62077563
219.7837309 -309.2107149 205.7260257
316.4127754 342.990983 -384.446323 R
248.4698415 339.3120784 343.0555309 R
-103.5816002 171.2054337 -91.4943031
483.5191339 185.3323518 -77.50640135
372.0181033 -65.8383081 -88.63006992
306.295969 150.0449724 173.2968614
437.8168002 -170.9358828 -134.1291744 R
-476.8872617 -220.5929459 175.7112965
-110.2326955 -515.7605331 374.399043 R
169.9997442 -84.56309257 77.38372559
-171.1213089 -463.8093621 -528.3929246 R
-44.90415918 -444.7139886 -351.3874408
283.3155409 299.1508733 -323.1851891 R
-9.161953651 59.18808454 480.2640647
480.2165444 65.1799862 495.3029935 R
-205.0522897 -121.8281329 -28.15409922 R
-309.9692067 -315.0371592 202.2655924
54.76865139 93.92090545 56.29405664
-369.1617259 -37.00199783 -132.3454424 R
-84.77980256 -392.9044776 259.5247887
355.4129456 113.2805229 -346.4974826
-207.9516597 -484.1340863 -118.233547
-206.7210431 -107.8959007 170.8490412 R
389.1938335 144.3880928 492.6161974
237.0124519 -96.14936595 -65.67075123
-52.20250915 79.32387997 14.04611949
430.3540304 -473.3330477 -529.079707 R
-454.3039306 -153.330108 205.0325465
129.7689197 -274.2369186 494.9202576
-204.7868817 -269.3526201 -441.7446822 R
397.5328537 -35.67400088 243.8427216 R
330.3165787 447.2478577 512.702246 R
39.35353535 -428.5418285 477.9810944 R
-130.0234111 -168.097178 196.8848805
-529.0765947 261.7803791 480.5428085
-412.0268067 92.9517621 463.9207968
493.5411659 445.4545311 242.9146817
-132.6308661 123.2398637 99.67247163
471.9942794 -121.4021575 62.94221492
266.9829489 457.544907 143.9355564
288.1218256 404.8014416 184.7838248
-76.19255603 -21.36910974 314.0818416
-245.070379 284.6439055 -324.2516983
-145.1782505 269.9738461 -245.458566
471.4463902 110.38535 -271.9768017
187.2365475 -438.1763775 266.6051259 R
373.383699 -110.4937596 -201.1351124
-412.8122101 -493.4972858 309.3911542
-283.1001401 -42.9901882 258.3355321
339.3151334 -391.7539427 26.51143967
-268.7322713 -24.22550186 -31.3578485
158.0893941 -290.3157668 -132.8714245
205.9913763 30.67190931 -457.9871389
226.3240422 116.6770107 -183.7341839
339.1357291 248.4892252 -272.43708
153.0945142 23.02251857 21.061621
462.9928507 -36.25508612 27.97625604
-35.37657374 113.4876078 -483.4011307
-50.31865432 372.1362427 -98.70571325
-119.8337199 -268.4138163 315.9417838
-130.2181781 -300.1527673 -26.21718459
391.4018711 232.492481 -271.0736003
-128.5187745 143.3317456 -282.6777799
521.5832668 234.5475478 383.6413478
109.6535778 -285.6324012 -540.1602816
-376.1229576 -395.4992427 368.5882584 R
14.06848794 -408.9812057 -102.15445
111.4350822 -431.3109079 -174.9830572
-512.4417365 -57.64064911 -417.7856035 R
-159.8064407 170.4621346 135.7938117
366.990997 502.2947245 -210.1854635 R
-509.8985259 -172.7083963 -549.0892088
-153.4988566 -22.21787826 -466.0040184 R
-526.5646059 105.8504141 338.8007755 R
-218.4331734 246.8133858 95.16455799
290.8311579 -8.695866548 101.6608477
-219.5064943 521.2552712 -186.9918253
252.0382155 280.1695957 -208.2359794 R
137.9837013 376.0490968 -234.1121601
438.966043 397.5095491 80.39044711
-210.0548298 -501.6563724 417.2821042
365.8969433 461.6621409 184.4970457
-486.1911987 211.4622282 -49.87127281
-308.4274843 395.778341 497.0914286
67.47397772 444.6785959 -192.9089157
124.489222 -144.2400781 111.7954537
280.0558733 491.9469451 -43.6541206
117.6111663 -492.2906145 259.3622597 R
305.3229548 302.117459 -497.2983225 R
324.8913488 65.62488641 -50.39979739
76.81372447 -184.5584843 249.7999071
-165.4380994 471.674656 -249.5304971
-427.9349055 227.7907787 130.25437
-499.5295616 172.0511591 107.9236434
392.987486 -189.8438871 323.374229
-26.35469504 333.8244938 -65.5118564
27.6316571 -384.9752814 486.4336185 R
506.84736 328.9745281 67.25606964 R
356.6763002 262.9443283 -469.6225303 R
524.1390922 -120.4373318 35.3782621
77.44946736 525.6018003 438.0059729 R
152.9225184 -285.5667315 -145.9372723
-215.8447906 -71.89893197 -61.23404142
-134.6896682 506.3562875 -462.4895442 R
-79.99213803 -465.1634822 -87.02353537
-344.5261188 238.338348 16.55022641
51.8699153 376.9475616 62.62189737
245.5522299 248.9605055 -146.571734 R
-75.75627286 -107.4530396 -254.7951355
-158.5570471 152.8720716 296.0965483
-366.0017934 286.8879237 -408.2766221
-222.0990921 -137.7783402 -389.6088973 R
-13.63758338 -373.2722936 -294.6145271 R
-436.0502338 65.00022048 -381.907636
-221.673872 -203.9053119 26.6891974
-265.0844843 -516.6551876 -97.79501593
189.1236092 -491.9989509 -128.9151217 R
-154.870536 -440.1516848 -20.85964531 R
196.778146 -69.99660091 278.6051789
110.4874018 326.8919093 -480.079166
466.8791633 -73.14407192 -265.0768471
181.1009108 -518.6171665 262.8802696 R
-122.9849322 -445.809794 -172.9837394 R
-399.0777219 -118.6610711 529.506632 R
245.7311956 -287.0386572 -383.5303365
-350.7333219 -484.296705 -330.4781467
460.3072372 153.1219878 264.3825783
-41.34782046 477.4182367 -479.0681944 R
305.560756 -95.02631727 244.580375
331.6319512 -383.5452727 -55.89944101 R
-26.19088745 375.5944942 241.7922003
-468.7691592 -413.3060752 -310.9919618
365.4168151 368.1326344 104.5675545
518.5387212 327.3740378 202.58123
-171.5052266 12.9513722 190.4509462
432.1844674 355.1206309 -127.6797193
362.6579713 -178.94316 506.0829677
192.2315858 399.597795 -523.4118146
366.3070202 199.808482 -148.8329721
320.1279168 277.2135022 -198.1186947
-298.9608851 -26.6653697 129.1061919
-389.5931336 214.335448 -175.7708027
-260.0365453 -375.257824 -7.511173408
371.6677623 -388.7648861 497.2071516
-248.9268116 306.3347105 -533.6380945
-31.5308491 104.9981917 -133.828219
498.8244978 -131.7139232 14.40648346
392.6870244 -196.8960175 303.7228359
62.48054638 -179.3234182 -491.0466082
524.0533664 229.6812707 -468.6783158 R
149.4393859 217.6226602 250.6518301 R
468.5065129 519.7236508 160.3989587
-276.3500431 -121.4628866 320.8888557
425.1130351 -463.0541822 -82.00972116
-339.132204 -467.4430822 464.190654
512.9765236 -400.4955173 -128.9489242 R
-436.1182084 -400.0328273 -443.5836988 R
261.5888551 -95.22620623 451.9163002
3.479859586 -454.3737698 -326.8786114
-496.9905627 -189.3267441 -10.40814762
145.527256 -116.3498725 -159.588369 R
496.0233595 171.4277784 -476.8349076 R
377.3711845 -46.49967976 404.3585042
241.616405 152.014049 400.1369588
-395.7095981 -508.7138432 -21.42631601 R
68.73071163 324.077151 226.7183284
-517.5747771 -384.4514809 136.4198364 R
-284.1146475 -371.1621512 445.2302098
-195.7572404 -146.4008565 -285.1351002 R
81.09906002 245.2386958 -157.9918635
114.2229685 -143.5969291 -315.4279936
-250.4396302 448.8539909 36.39021402
30.71414008 221.3175993 475.7866483
277.7784617 -412.9405567 85.40228391
-240.0047676 -0.1162043515 -101.0677139 R
-201.3056332 -415.1743146 358.5622302
436.4620848 519.1919204 64.97125752 R
77.30479036 264.0996461 374.940545
-81.18300559 -222.4764747 385.6099038
-456.8781353 -90.88219475 -227.1527821 R
327.3193594 119.9380456 474.2089378
-89.83425444 158.547856 55.39539292
223.3030471 -201.1385803 152.237995
517.4491733 507.4062886 -540.8304909 R
501.5212897 91.43013962 -332.7608633 R
-311.2332594 -187.2429219 -369.5856095
-220.9335049 -404.9390785 445.8537082
-384.3200075 13.1058568 -186.635728
-162.6217421 254.9213385 211.802493
518.2563485 361.9234419 -78.47272761
-401.6991788 -462.3960313 -188.7695809
259.7014701 140.6196277 315.5826937
-221.7954082 29.67279739 294.1364412
115.4643459 319.1594326 -162.3023131
271.1026188 41.16005616 215.6398833 R
369.4563072 -477.6706672 -485.4168419 R
-431.6747172 381.3780191 -444.8214702
503.8840878 478.9947753 -28.48121805 R
-503.0307171 -248.8104948 505.2615663 R
-367.6666547 -249.6646738 93.43492543
-364.4885876 283.6382718 -464.7773722
336.1050548 -172.0218121 -10.71052802
86.33064005 487.8193615 113.2927881
-415.9697881 -172.0257815 -214.3795518
-124.0151326 -535.899327 -49.4472891
419.9949848 282.0144657 421.0472006
35.98237142 -240.2331241 449.8798038
116.5054777 -328.0163029 385.8868425
-92.33901211 -403.9887301 -249.25383
-189.8085922 -480.5260869 -128.0072372
236.387914 -511.8536115 71.48102381 R
-488.1238649 -264.5199887 -110.5483242
-103.752476 -173.4864423 32.39395363 R
157.0466931 497.4645216 198.3608211
-162.7581544 -220.9506441 53.56205699
445.8968781 490.194998 -314.1841723 R
-181.4708171 324.7321798 -503.0497784
42.37626597 448.9886191 -49.45468126
-411.8837339 -385.7039092 -364.556119
151.7932426 -520.2014161 60.60647219 R
-342.8986816 352.3635734 -64.28589972 R
-284.7091226 69.52400471 -383.392888
356.4529303 -322.585803 512.2725703
130.3736213 334.7967703 -478.3204883
-187.4861397 446.6885391 292.8819556
479.5249602 340.7252224 170.8783911
-46.70437886 310.6171874 -365.0435878
-211.9534842 -475.8728415 -164.6958406
-159.6121318 98.7534609 195.7306581
-544.6760694 -468.3711664 252.9618752 R
208.9401741 234.3508561 -103.6147995
-420.4797122 -71.16527877 110.7008233
-505.1949057 -390.073804 166.1133793
-144.5461603 -498.813213 -352.9212926
200.932001 -299.0448109 -412.2213036
-506.2261041 271.0755776 -406.6519459 R
-478.2689583 31.54954487 -494.0972626 R
257.4287864 -69.44888231 -317.140582
110.9993052 475.5782855 -399.0247752
241.993386 -365.2686408 140.8283812
-363.5939779 -206.0325934 231.8415731
246.9199208 -109.8914131 183.9050447
-63.24182905 356.5486235 -472.4470949
242.5258592 -124.9899915 -346.1538843
-511.5666916 -316.681312 459.6563672 R
-138.9017863 104.6286815 284.9869801
-122.087268 243.5746865 -359.3535101
313.858557 -101.6623755 234.3644712
271.5159607 113.9061775 329.297248
-74.21954266 -142.3451963 238.3442794
401.6540126 73.14403857 -73.84756108
-314.6181561 -258.2479508 360.0764967
521.1711411 -103.4288595 438.998881 R
-499.8996784 271.0684292 -284.6885352
140.5931084 429.2199412 -274.1593162
-439.2683753 314.5418176 357.236658 R
-366.5439501 -116.3345355 -304.7308527
-143.5780459 -341.5969638 445.6950298
-172.0819396 -113.4455277 123.6696512 R
-3.030819643 -59.01149189 -366.9067086
85.03780991 253.7969507 -43.49644883
271.5800481 338.815694 496.0288289 R
257.3194654 -214.2797442 479.6632172
-344.2943328 -278.5400875 314.4969393
-458.1621203 255.130369 185.5732918
-467.4893225 -170.4475802 76.27247481
153.0687377 286.8602975 -305.4335061 R
152.7756641 32.02236778 -338.8774607
-427.1560977 -399.0591996 531.4333578 R
-407.0583663 -414.7791283 292.021372
408.0114909 -298.2893728 -455.4740661
450.6490675 460.1729957 -280.3579135 R
-487.4829937 -182.2313384 -496.3481554
-340.6939829 -182.1677448 -290.257634
301.2774584 491.9186993 405.6538272
-309.2900342 449.6630736 -168.0414473
-30.42881408 64.09334707 317.0517805
20.80921019 -159.1152465 426.5519705
-468.6327876 208.6256701 49.13650775
-56.3612675 453.749971 304.4819091 R
10.39762465 -318.9164671 236.8306576
10.40518288 253.9232225 511.7005436
341.1910313 347.0369708 -108.4423467
436.5694235 -280.0837131 417.9443252
-17.82820135 -352.885761 -160.2259052 R
199.4934472 -298.5690111 -389.0182672
-6.931720364 438.6185019 -304.2015827
326.7555915 -102.764551 -413.1971824
-88.45253647 -428.7049529 420.3285578
-66.872069 463.4728884 279.1023427 R
-267.0042951 42.71396884 411.3432283
-61.7594887 155.4312609 380.7639524
-280.3655914 400.016322 -176.7505121
-249.0843024 -46.03715467 489.4415988 R
294.7173792 -23.52877097 -202.8435943
391.9676709 -318.7598967 358.2476757
-333.204612 231.9322384 549.9658819 R
-39.52046336 -114.8237077 368.7923842
-91.98598027 -7.298263133 519.1368766 R
-266.4003353 -84.40261082 440.5350109
281.7320774 -96.05529192 158.6511872
360.0111669 45.02103 72.3152088
541.1493926 0.3476613593 400.1416116 R
-361.5985222 -126.8744391 76.3101221 R
-13.88688407 190.2066654 325.9324615
453.7329454 -329.2648729 -342.136496
281.3789744 135.8716837 213.8047516
115.1866487 349.7185147 -384.6242057
23.66181081 434.2998094 -129.1843696 R
-520.4346539 389.9100479 -104.4053756 R
131.2847664 -431.6995306 250.5151376 R
223.8515178 30.97401457 -29.47693079
-408.5149578 -326.3348587 19.28672999
205.0037468 -189.8452489 272.4790183 R
-195.3355191 -341.168378 490.6312723
362.0897562 -434.7827503 -193.6783773
365.1511939 344.5617986 12.43946256
-504.0817541 -491.4442221 248.1265785 R
512.1716417 460.4381839 289.0261917 R
8.937538715 -74.60224772 22.39112352
343.3277381 -229.3061739 326.2900639
-236.5699632 -301.9029422 -383.7730364
315.8778134 -421.6330191 80.24478576
-376.410021 -322.539943 -378.6328774
312.4860567 467.1501324 -434.6084943 R
-8.725743254 9.557042707 -376.4838046
-235.6792551 101.8266567 74.47284813
83.72421723 329.3876124 -496.2624138
186.0714241 186.1658761 17.77402029
29.35912504 219.4774433 -340.3032119
-61.95244473 444.0333854 -448.5448145
184.2745885 517.1922958 -303.0011807 R
-128.7582895 29.33154018 359.4111173
-432.2969907 -256.3424064 85.26574885
-473.4739831 -348.6917232 377.54853
-168.8494715 -452.5140014 -440.1457218 R
-209.1171724 -341.3980263 165.8895339
276.1830641 346.2242526 -17.54300231
74.12219421 -387.6886823 -145.0455403
-47.76980361 321.8874906 163.1131821
332.547081 166.5048098 201.9440125
299.6831836 134.1749135 399.2711103
-356.5142881 468.3984263 13.24176987
-60.57681695 42.98834128 -179.1669152
529.9816211 310.501718 -484.5625966 R
-346.1811549 -507.9668107 120.7706432 R
-440.2209724 202.3154015 -219.7294117
118.7797386 -9.629001601 -242.0314989
105.786802 -23.18477527 68.36577039
-37.30762611 -119.5916573 276.9835832
-401.9057107 -460.0365056 384.2838274 R
-491.4576998 292.8961758 300.3376467 R
-459.9627167 185.9009042 -522.379447 R
452.6291667 287.7071253 -33.34579044 R
134.6307001 -237.4292656 -373.5649215
402.4111728 474.8288024 -83.7088587
133.5451403 1.621462046 11.67571194
419.2256488 483.6242268 -221.9642793 R
315.1513987 -129.2431553 499.9340184 R
55.30325505 -445.5972813 -301.1292163
-473.6197764 309.5141917 111.7816147
362.9861664 371.0651806 358.8341827
-142.4688535 -207.7111231 107.3584769
290.2733969 -176.0561218 531.9141972 R
184.8258621 65.67961304 509.8770969 R
-63.78923039 109.580731 70.56501672
394.4663408 410.162403 -325.145174
-395.6849255 252.8688189 47.63177066
-2.779723919 305.4159541 -506.2281938
-380.1164939 458.5632674 -195.0486049 R
-92.16565239 -50.31232941 -153.1479668
271.9607475 154.4580911 335.8623037
-96.17024124 462.9973975 350.076074 R
-328.8360768 60.49534569 -159.5320129
135.0079628 312.7164903 -316.582451 R
-225.3629392 -329.5059278 264.6897695
-427.7873622 -0.5825092348 65.16706114 R
472.6117935 308.3432917 -9.785984204 R
-196.1632573 -78.6939942 411.5029479
331.9034379 312.2005777 190.4930714
-320.5248833 -205.7983295 438.7209227 R
221.2218829 435.0074541 -108.450365
-513.1727584 451.2165735 -88.76376584 R
-344.6872506 360.0653537 -192.9355726
-343.5686536 -87.01372247 -48.54986476
-25.36038697 93.26828 339.5400342
-57.26480975 -450.9500715 -108.3738607
34.25355088 342.8588524 -284.4508325
387.1821508 265.7000054 -126.3579363
-143.429126 -202.5416609 -522.7763275 R
-81.43649262 -157.247164 145.9872127
-269.433487 94.63084174 -174.5164482
283.3976929 -285.889934 -273.2089887
-98.69069583 350.6959054 535.2634262
-2.376583344 -511.1941018 -202.5632047 R
-512.4548182 116.6430682 244.6073336
188.2589212 461.5056541 294.9212834
353.0395183 -10.09478722 -380.2935859
-481.7453949 -325.724374 -258.2671367
-399.8425009 29.47226528 -36.42393332 R
226.6501762 -285.2179047 -549.6246009
-262.8378053 -347.8311986 268.4490666
-478.843429 440.1053513 73.68093699
-199.8393794 382.8180567 -374.9725885
220.5172805 421.9482612 -82.92793532
109.4287808 -28.32048701 440.725484
-429.0538069 164.7469647 -380.2872995
-207.9710604 116.4153895 -432.9337411
196.5313433 421.9243452 -378.3750358
-194.2983029 -432.7521174 408.7695136
-363.2559882 482.9340876 -251.2434824 R
-509.2152959 2.941167229 -307.809757
-362.3096547 357.9201843 -90.11374322 R
36.45178894 -145.7691705 -170.0826098 R
519.3340335 -190.3278459 -13.14531656
-25.367991 -356.3397897 -359.0593113
148.5704498 -288.0823018 112.9199808
-412.8478107 -411.1307693 390.7223814 R
180.0780193 -511.6282967 1.624044859
-411.3484256 -34.98477217 8.834188436
507.6747751 -140.7530097 -89.35864899
-243.554642 74.22579236 -530.0928172 R
-214.4568992 460.8686095 -258.4118024
-409.0775985 416.6001863 101.3397875
-134.3653461 -290.768071 456.1335248 R
515.3495545 321.6305385 473.5124622
-188.418923 -265.1826916 -501.1618249 R
447.6767702 480.9575901 -110.7558765
-424.4081921 -323.8942949 -321.0148287
-102.3466692 -375.5593454 -324.7689656
-23.48987652 -88.51787046 40.24419725
267.9263562 -404.1803419 465.8267742
257.1421056 -303.9345496 106.2320233
493.7928987 -192.7746734 132.1537624 R
-26.11847507 -464.8218774 -57.11997451 R
-278.9293462 186.2498848 111.0374815
523.1145598 -402.8483515 -425.419415 R
330.7852622 -469.9475877 421.9697471
396.9701108 9.00924913 -70.83035595
479.9189271 -526.2839777 -378.8677814 R
485.764279 -355.0704869 -354.5117343
-402.8159737 -260.5653335 -530.0937152 R
507.9981559 -260.4344421 -300.3114432
401.4194202 -415.4753769 185.635643
-532.8282623 153.3639293 386.9357163
248.180136 416.6329748 -494.9205439 R
235.4540668 410.0540753 -337.7362589
257.4955844 -426.4666022 500.2197178
-417.0451344 154.7449931 498.8860844
350.3013899 -347.9584548 119.2039023
-57.33777565 -456.9772003 85.14956922 R
441.7348538 -279.4907961 -237.0214639
-281.9215511 405.4016915 255.3978777
-52.83310189 -200.7343788 -502.4237226 R
37.00466073 371.1155906 375.4662776 R
-498.2067542 268.8399928 290.9404384 R
149.1130413 -163.1511828 -11.99006006
-533.7153428 -386.8613723 182.9710155
533.0881471 273.5525419 438.5475112
-239.5660841 408.6735451 214.6795381
358.1008574 268.5971038 -40.77196927
-546.8432807 185.2415796 42.1582598 R
-253.4038838 -384.6565932 -3.526071549
0.07154466623 -263.1105715 -46.02752328
530.993648 152.220423 380.1071139 R
448.8576405 -227.3332219 445.1684106
238.4371016 128.3952298 -69.36688952
-194.06835 311.542232 334.6513117
-152.5397122 -201.7071874 462.9197094
-172.0080549 520.6171872 -367.9702432
12.29501253 -164.2467422 -404.3250245
-48.02124415 -306.5203381 -188.9671653
281.2254863 -5.793715546 -463.2728747
280.0799892 -96.90099796 17.56163713
-496.3890594 21.57460235 -299.202408
-21.54084978 -276.2668888 51.25452614
499.0251773 -127.8664572 438.6908957 R
-419.8905883 -357.3316292 -372.9120829
5.291143274 147.2142383 -204.6385852
419.3425519 404.6377074 470.6998283 R
298.2603675 -79.7537646 91.77190289
393.5512496 -156.7024928 122.4128673 R
-234.1488494 -177.3699438 354.4492449
-114.756002 -364.2786571 -354.3578676
361.0423442 -392.6642418 -187.3181099 R
-184.1397653 337.8191827 184.1089918 R
-533.6570615 -24.54669321 -233.5795049
-175.1850948 -61.09119832 438.8204566
-275.9135703 263.8454857 -51.8896706
219.8936157 -156.0493509 -223.9838552
-501.3759051 -531.2724801 75.55485736 R
-499.5162302 49.27472191 453.3009612
472.2708558 233.7267964 332.4414479
18.39709134 -100.435025 143.7333079
-156.2967059 534.0185232 -416.1753673
126.813014 -111.2393483 -380.6858371
350.135682 377.2107162 125.0714829
440.5618454 -298.1071539 -253.2483917
-519.5219623 445.4899695 -486.9393447 R
-242.4204411 195.534562 393.7731069
153.3536736 -407.0353093 -118.4176069
-160.9030467 85.73858429 -323.2653312
-26.87660933 -85.12406155 -484.9395694
-11.00663197 107.4288174 422.6938046
336.4920622 -490.0340207 -30.95668251
358.4183182 119.0564044 39.90884217 R
217.1551152 -438.2515632 -340.7676112 R
-355.0836838 -323.8472334 111.0255177 R
-472.2920679 375.5344118 1.174108005
-57.66908384 237.6750582 111.8417177
424.8016215 -41.51595028 261.6769874 R
239.7662472 86.32708785 -465.7800393
404.7134997 69.21873656 -379.7196377
-52.76651558 56.12393934 -73.21446616
-434.1630255 -285.2696855 168.6777734
-199.6648507 134.3691233 -224.1755158
-236.1669685 -410.826246 430.3037263
-299.6347408 -228.2867771 -207.1032566
174.6689254 496.3497882 -473.6794995 R
-118.2478528 -153.3088889 -131.1444272
444.8069185 -361.4896009 256.1626147
-419.0652469 -436.1668232 -240.7384394
-429.9276423 -236.2591613 -80.44911991
-181.0039521 160.0248089 150.5994336
-229.5554189 420.2566909 -9.498291544
131.5181305 470.0399373 161.0951119
-336.3204283 116.2966092 345.0771914
280.9853075 -123.6396625 -337.9606515
271.6328335 35.29323938 -75.32371382
-489.382914 192.7760932 462.7913471
80.1812799 266.9049036 -132.8865185
-525.0120514 -62.30351918 270.2828071 R
360.7279759 -230.7886682 130.0289093
-363.9826148 318.3723021 -188.1760801
-461.4711039 -7.275923915 515.4795665
-535.4702057 543.1948092 -183.5070672 R
-279.4135916 -463.1621678 -355.671222
-454.0734544 -145.6557784 140.8975322
289.2922286 -409.3042442 -250.4332803
177.1596731 518.7170299 306.005688 R
504.9786524 488.1808334 181.321775 R
217.490954 -130.6408332 261.8188609 R
399.417581 113.6060671 364.8559018
-172.158143 -11.73040282 -82.37913137
366.5153128 -486.9207299 139.0030978
426.8687713 -40.36416722 -353.1430144
-183.955701 -57.168269 -174.7357759
342.5102507 -82.43614843 -252.6095572
504.1434272 183.9115813 229.0164379 R
93.53842277 383.3654814 -261.8449316
-330.8786849 3.111845724 53.85630695 R
145.4121098 -172.7460501 -427.3907182
105.7299083 -89.73242528 -278.536857 R
257.9908093 393.9675796 -163.518103
-288.0688532 -232.4551769 304.3456083
508.6937668 -541.0736452 148.5380875
212.98913 -387.8568087 182.1344035
149.9658471 -293.291964 -175.6737553
-418.4481963 322.6583358 219.0328455
19.08305932 212.84742 309.0555024
-497.4486494 319.9831084 -333.3835622
-314.0428463 -396.1184048 461.1355762
-389.6049174 72.84721552 87.82327557
-496.9813179 -531.9694952 -341.4454223
-339.0275095 126.3492741 52.04065582 R
-311.3157379 -222.360122 473.6699994 R
384.4668932 402.9405029 71.82570258
-184.4549081 -495.4236093 -281.7530936
-468.1719844 350.4310026 -406.0437808
287.9047905 -175.9321959 521.1747543 R
-34.04044702 -277.6416858 396.4655835
503.0446856 461.2284828 -350.6728987 R
-258.2488798 103.9298516 378.0716821
438.7645906 402.5581989 -312.5255504
9.301433724 -457.6073982 -450.9534331
141.2820675 -306.3539914 404.2962852 R
-110.4370646 -455.5530688 195.7132839
36.56452063 -80.28678829 318.2576444
356.0475867 304.3196875 -36.93019759
102.6613024 400.3951215 94.33481998
-403.6590969 -37.28532959 -517.2292198 R
-502.8287003 421.329818 252.54846
188.8437787 71.93785306 -136.5903698
78.13958943 -1.351049757 288.1697145
331.4031092 349.0912374 406.7672699
404.0897187 -128.2878554 -336.8107355
-261.4769889 -515.7619296 159.4676032 R
333.8579119 -445.8494943 63.463835
-54.81202742 507.0997473 -306.5608052 R
-336.1893435 -534.8788771 341.3505577 R
-47.18093149 -297.0109452 216.6216732
-93.08544813 -478.5468749 492.8263493 R
-20.48563374 38.51414437 323.425213
-23.26933092 355.4970529 306.8564424
-447.4296261 -523.7716226 342.7825581 R
167.7133916 -51.52742911 249.2741723
87.63613888 -70.44829649 209.288005
-256.6506093 323.0562984 -377.3744145
-488.9704582 -351.8792764 283.9043469
-127.2896472 392.9979643 338.1330006
-205.6606094 -268.526673 -362.9815876 R
-351.8087729 206.8721323 178.1225948 R
375.4950323 15.63530507 102.906609
497.9700973 341.9353297 60.3893192 R
363.3088156 -12.17345022 -123.3856281
-376.9839158 237.156876 146.0702207
-326.8681442 -423.9775052 -451.3407394
167.2984593 180.4995327 516.3385083 R
-316.6233544 194.3845655 -357.6026764
336.9799725 499.6689482 126.7131548 R
235.74852 360.5449203 110.7324408
368.8634412 117.2243417 -203.6133712
-465.8502185 -213.636984 420.4389344 R
106.2432552 -528.9238551 -504.3122372
348.5662493 50.4055032 226.7563846 R
56.08335217 522.6935251 259.7556325 R
424.9517807 -117.7117121 -346.8882251
367.9737609 -338.7370136 412.8269868
491.7834108 373.3462056 -525.0184926 R
-358.0019262 132.8020527 -299.9824966
82.69145792 -15.69336055 317.5574762
-0.5977616792 508.8152493 208.6839955
31.39993491 88.0452658 -87.73811808
248.4036193 181.2768549 519.5832436 R
-248.4454259 296.8488499 -383.4090087
243.1350895 -174.9902802 533.9278082
-165.9629384 279.0779373 -213.3244283
114.1777129 516.7820891 213.6854327
-31.05663002 -150.2994441 58.50754114
23.07902864 109.1298461 -100.3650975
340.0730148 415.7160192 267.9136704
352.8328672 198.4462117 405.7375368
-81.34879712 -400.9260586 -294.8854556 R
481.6193151 -256.4021038 -440.6336241
135.3849583 -431.3133351 -270.0433924
360.2456392 368.2010356 -251.0287631
449.5215461 -360.6629323 -24.87050781
266.9073147 -306.6772284 21.37010575
-349.4764207 -382.5346324 -185.6585184
52.77653366 234.8628605 -151.4821682
-162.1893725 -260.7409322 328.7588322
256.3311886 424.0219066 320.6703784
3.629219236 136.3223129 -473.0488437
-496.0566413 -433.2343447 -348.2589703
444.2860897 514.2789874 -482.9041461 R
-510.2961899 -370.6032905 101.2126237 R
360.5485233 287.7167572 -290.5437655
-504.6855458 489.9300773 115.7063369 R
429.6712607 395.5885838 -409.6294333 R
-212.4105567 -354.9650922 -522.1440835 R
401.9576333 467.6326972 498.8837048 R
-117.2524692 504.5960362 425.0073902 R
-239.3846294 -447.1872696 -14.63394563 R
44.92472672 530.6660527 -486.7407694
490.3351468 104.0282348 288.9596258
-441.0462949 -509.9701681 341.5201721 R
-106.1645134 117.1287145 -511.602864 R
64.01704607 -25.91860706 290.9861065
484.9216156 535.3042541 -151.0345155
155.6355807 376.2392428 405.8966542
-385.8639603 406.0833048 -344.5366242 R
446.6845077 -246.8473775 471.6337801
-114.7260432 107.6243341 -301.4393689
288.5659626 -373.5598195 515.8271835 R
51.07544981 -366.267191 -147.4553487
-323.8506059 -94.81202844 -67.02099074
63.11113849 134.0098077 -71.49859963
-532.6988413 -38.73181049 80.35267955
-334.9907039 -295.2376877 53.67978144
-380.106294 -373.8981396 232.7178838
499.4257664 -412.6658137 -49.87193343
116.9354092 -253.4030721 -226.0359562
222.7950106 -292.3374 305.186332
1.069371689 -245.4610944 -288.4137624
191.5359488 -190.2692752 -77.1863652
221.2699722 236.142204 -201.3743026
230.0516807 -521.8953712 239.9677238 R
-45.31371428 200.4510322 -463.498943
71.23540527 -304.2659948 -260.2158799
116.5247671 -431.9482561 216.6691884 R
91.29879043 -451.6401921 307.9510013 R
183.339071 -479.47448 -469.5498371
504.3609212 507.1576214 443.5256684 R
-430.4987846 516.795165 -502.313546 R
-37.01075069 -93.80083127 -191.0281771 R
-473.0150426 113.6909158 -98.094014
480.1222265 -48.02018127 -93.47038092
-335.7718066 207.0022748 0.8400383404
-224.4205253 -414.3758044 -30.07413033 R
42.05894568 389.9443108 -524.7795418
318.6645228 165.2204876 -351.0931748
-453.2802087 -334.5395209 -190.3672931 R
155.6227378 -12.82842946 13.51080366
-87.74728976 -148.7685573 -56.09122295
312.5916643 -468.0266429 -115.6151954
-150.2889744 63.18199784 -450.2784941
-119.4291389 375.8591615 -368.6404396
273.8469636 -47.86254552 337.015735 R
211.8289563 -463.6196975 409.016078
175.4186956 41.07281375 176.2464086
-7.110071927 -196.4422141 362.8173709 R
-484.7256196 522.1774587 335.7785324 R
446.8621444 -483.1429341 329.2221703
337.6035595 -6.026553757 -452.27472
-519.0298809 25.99177461 -335.9053155
318.9758466 -329.3271467 -241.3341282
431.5812825 -332.8009088 -274.3193489
-340.2894085 -487.4982974 -340.4089611
-85.91781096 -379.2219642 353.4382993
454.7768423 73.3352329 135.4157592 R
434.2855182 -227.6877517 106.655455
225.6760005 58.12068485 -23.66708066
-372.1860547 -418.3900274 136.6065983 R
122.6219412 -522.5363334 405.7113707
364.7202526 -382.5701059 -103.953339
188.0373151 -433.7517406 -449.6308334 R
395.166175 -450.4204649 260.77574
-389.0022669 191.5791981 74.2248727
-246.3825772 -271.5002461 134.836633
11.63647198 -436.4343479 -500.4222286
8.99394749 -86.50239823 296.9296491
-356.9102508 -173.1599542 204.9885551
14.1551086 87.25866182 -461.6758529
193.1469665 -472.5240223 -503.1243993
-449.0852815 381.9267744 512.2734893
-378.5783844 -397.7874107 -370.5906865
-313.093098 -414.4281482 324.8256332
214.8912808 -289.1949791 -267.8814413
459.6321024 -396.7018423 70.71535799 R
505.1199655 506.0749611 61.39612694 R
171.7137393 82.95120134 384.5535077
108.5011849 352.0819708 -72.6662671
535.7929059 328.2370606 -160.5602514
517.9895923 409.9380791 279.6810021
55.68829677 -326.2892265 -355.5398519
298.1490256 -414.96066 215.8207031
-529.1346643 414.9612094 -241.0163603
-293.2398885 -163.8521694 165.219559
-331.6025165 365.4405329 -384.0684825
403.4203033 370.3726323 -400.7187389
-5.862637977 -429.4875396 -503.6613381
-237.4420222 414.1604026 301.6511506
107.5288102 -474.1903301 521.7819494 R
-330.9073618 251.4518434 36.9421152
466.5880548 -206.101595 462.4420601
129.2190568 212.9571568 -334.9143444
439.9736931 -29.50649544 102.304324
230.466002 218.4621041 53.99908727 R
199.9098425 426.8639445 289.82385
458.2597328 -205.6029168 415.7366587
334.9762294 415.4764281 -509.0329004 R
218.0384869 188.0124239 22.18462803
-74.06992482 -279.2032254 -343.2978298
226.7450449 435.1141051 -267.5222497
186.965521 497.5905339 -181.2589444 R
-195.431088 115.0838133 -485.6708134
468.0460849 245.9635818 -306.9188143
-155.9678525 415.7832247 262.656285
-289.7726441 195.1104023 -54.76212432
352.000037 303.0618827 -319.9320302
-374.0973639 454.3023006 -451.4966663
381.3724056 -268.2329882 141.2032452
37.46314545 -230.3881342 439.3090898
370.856032 462.6391791 -259.281821 R
114.7054882 -497.0302778 301.2185136 R
262.539959 -320.3010334 179.5755479
-502.5460848 -362.1445597 225.1517773
-290.7585538 425.62413 -181.8410729
161.5828278 -279.3900376 262.0715544
117.0081821 -176.4496005 396.0963167
-310.2212865 29.9607903 85.5201482 R
-173.8544982 -195.8972661 189.6879349
-59.06579923 -255.7578532 -198.915272
-230.4222735 241.6535166 309.9343558
-384.8121471 -371.1101589 -360.4688021
-414.6502949 352.2272847 -423.1910941
-288.7915351 -156.2457513 523.8256448
479.9939588 410.8452193 -11.37072614 R
267.794224 375.543184 -263.2433309
318.7142433 62.17179473 262.207338
-492.4870074 -197.9142118 252.8798337 R
4.433921871 40.60871302 -211.0773085
104.7801507 51.25334266 -426.6163321 R
-282.9400648 -486.9263212 15.28565771 R
-514.0129378 98.78481694 -150.0944407 R
303.9045606 260.9681939 166.0304384
242.186815 -292.2775217 54.89565473
209.1582658 527.2934355 -221.9706259 R
404.1178443 -407.252886 67.90594428
-311.8717 279.6094177 -58.24182982 R
18.95677438 194.9977081 450.6948662
244.28483 -320.7795327 -443.3723369
170.0844182 -208.529462 -17.0588598
-283.7461864 434.4263964 -259.8544513
-509.9532177 -540.9395918 -29.94548759
478.970324 170.2172411 291.2407209
-255.4656509 59.51493286 286.5376646
-469.9955032 71.85647897 415.8734715
-481.5226413 469.1812694 118.5176118
158.1870917 393.1117946 -120.5714221 R
284.3487629 455.0501589 -358.0262359
-29.06654809 165.1854099 74.6300391
193.466554 -414.1588516 -341.7639845 R
-90.10681615 -110.9145609 -4.039359161 R
207.975523 -106.6913449 -444.6803285
-187.5668273 522.0097044 374.0972187
-374.4485421 -104.2232747 -132.6299013 R
-502.4293194 -95.48437106 340.8591687 R
123.7831832 -442.571772 282.7402219 R
455.0903796 -450.5212521 475.1165178
460.288898 83.42392578 -502.2086551 R
-255.0127313 -232.9308792 453.8550251
403.6051288 -236.3548023 415.6207707 R
248.6300313 -107.6560292 -252.4364397
27.07483335 333.2522928 -158.5229109
-391.5608261 -426.8947709 -162.6766633
452.8446219 -76.1143307 -436.2881869
49.8950137 -107.303198 -80.65202982
-405.5260065 457.1111905 246.9828512
-221.0517016 212.4555203 -479.9029154
306.4142854 163.38743 -304.3721551
-59.72954066 -127.7081501 -77.60768618
486.10727 440.3387148 -326.2302143 R
-488.5761815 -91.17814504 -44.89113001
372.0303257 -124.8788496 -226.7957201
202.3055048 228.2718658 132.5535134
130.6915176 -475.6506968 -22.24250679 R
378.92451 101.0782895 435.7269383
-329.2602531 56.00066883 437.7665837 R
-301.7395349 -480.2510652 214.0683628
-75.79000701 90.31825529 -411.6864627
503.5954779 -202.6276313 -15.79987506
171.2808071 373.9966143 -503.737539
488.0640149 496.5457503 263.7272407
92.26334818 280.1498931 53.59120044
347.1006532 -432.551775 104.6290645
-38.67837886 -327.7013034 -391.5731952
-228.2119251 -468.2539536 135.1659488
141.3189432 482.9211654 -379.4145128 R
361.7122997 -47.61804222 -373.6579531
-221.6165427 -493.8037902 -41.24563735 R
-486.9904963 -442.8778123 -108.5950221
526.857932 242.1113498 -312.2650996
44.45402333 -148.7655289 -393.2676905
2.743408271 104.6236514 -366.7737044
-129.9012209 541.9680207 -327.4338881
-122.9024758 333.3254509 -248.728627
414.8742248 500.2866707 -280.2838526 R
-328.767338 63.75558466 -76.85049615 R
41.80600415 -293.467676 321.586509
-511.0262911 303.6114354 -167.3864143 R
197.8088962 -291.7578756 -478.083757
-267.7032263 436.9437716 278.0002819
-288.9273402 -508.2554971 -140.2715615
-366.1844829 -49.62108894 -211.5575826 R
66.50952403 149.5794597 465.7969616
377.3509947 -195.2241785 -60.80753762
-308.2264568 -234.2749151 308.4992343
-253.1525033 392.5770396 -260.8311725
-51.28636798 -451.310795 1.466232992
76.50446881 57.31890284 355.6268804
-44.87596173 -290.1046104 -69.50794317
56.7524149 178.5973866 72.3046955
-7.652665309 538.1338676 -477.7893039 R
-230.9070733 516.1658763 320.9293603 R
-18.10445814 510.9925276 170.1435289
49.85721123 464.0049826 -401.5180198
-379.9839001 -307.3445787 235.5829362
310.2786215 -160.1812009 -195.668971
-198.3107119 252.6170321 -119.04425
203.5442511 401.9992575 431.5059697 R
418.7157948 182.743326 -444.3488401
-509.5762235 34.88634427 369.5169876 R
-426.801476 32.70783259 338.5327251
384.9506665 53.55849456 400.5667976
-200.1159255 -490.1007521 -316.6212185
-340.1591886 305.4251268 -156.2935396 R
-463.8690679 354.7263455 -9.071100322
-180.4476863 391.016223 -194.5601392
484.2083482 -505.5950139 -72.53321712
-336.3317601 -480.6655313 -347.6959903
-305.4988683 73.59947666 -347.5572863
492.2578501 -477.1177233 203.6375658
252.2814933 318.0754638 142.4448631
413.986922 498.6963669 236.8231316 R
348.1041668 382.7983426 247.1457436
-500.0057071 -364.5266131 -429.6541938 R
-201.5417286 -467.1359684 -261.123394 R
266.4290947 -377.2802379 -436.7471476 R
-277.872268 15.33159357 -191.2498846 R
111.0338538 -75.91206334 29.21570461
-64.17581642 478.6436238 -251.5475311
-417.8602784 105.7359552 474.0583301
368.7652875 -362.993276 425.4104043
457.9416695 147.2900726 495.972319
-349.6466217 363.3033016 55.61036857 R
-202.0501614 -542.8291827 -454.7544541 R
158.2725115 373.5479772 256.7637132
259.2045119 28.2551875 -57.08523745
293.951181 407.595595 202.4244995
369.591761 -262.8928118 96.97782955
-403.2784578 442.6810911 -4.847154699
405.4687773 -364.8952335 394.2890171
402.9855714 -366.7068652 -204.9890395
-2.615190738 369.1594748 274.1692515
-289.401701 -48.27248092 138.3653216
-148.8394624 -459.0895152 483.2539592 R
-102.757731 -18.8284847 -213.3731616
116.788939 -86.46808866 -73.4519018
-7.385629169 347.7830815 260.152164
-246.5518486 457.0619552 -123.3792944 R
-305.6871559 -386.0490825 -16.49926794
197.8926015 -227.5835395 -39.15615463
256.0225764 -16.78269071 370.3296445 R
452.0571066 475.0807963 -389.7118347 R
-461.4725973 338.927927 -516.4334745
286.5604043 -116.6603363 -352.8615273
38.06414372 467.4143529 -365.74613
-436.477356 124.0801724 512.2046509
30.72316694 -100.6588415 2.909581609
205.4780083 373.5144884 -363.2227616
-377.8372845 41.03489051 455.1324024
385.8952091 -327.8770852 -326.301537
-497.3131654 -113.9958905 -21.716021
3.370995887 -246.2905854 313.0232233
57.43018275 -285.4300916 475.7744887 R
4.678935557 439.075723 -135.5530359 R
-516.5506488 167.0390117 323.9983468
287.4737472 -222.1471719 36.42569602 R
-5.292277978 176.8956618 318.0483601
385.8490739 -342.8755694 219.7780399
432.6858311 68.05772904 -400.2627084
-69.46073103 258.4444549 -227.538698
236.8372423 -402.3531786 158.6459261
264.854311 -306.7779211 -358.7335213
388.2354718 -24.79186821 61.73050397
-169.757771 49.06613401 129.5820573
18.25525342 140.4408118 66.8122878
-41.20476541 -293.9958177 -49.95200526
167.4545847 -489.7556304 -512.3014067
332.8537675 301.0564671 332.0269825
-498.513836 170.7453703 -34.34536037
98.16834747 194.9349413 -328.7882492
-256.6116206 -307.6300827 -476.4390922 R
-168.3753394 -298.2111084 -288.8120874
500.1999706 270.514286 499.0176352
-3.345330164 227.926205 -152.4066024
473.4269732 296.1648645 -492.0455903 R
220.3912799 -329.6292226 455.4498366
-175.4878362 64.80012537 18.271353
403.9431619 459.6766822 169.2771672
451.1861392 -192.0699828 -262.1615934
473.7857463 -221.3260475 405.2044241
-87.60248959 -477.419238 194.5936707
-133.8327262 -295.3657349 -19.8951798
-240.9852586 -243.6628268 -515.9657395 R
61.44648237 -214.1388044 443.632246
-448.0685347 311.9042811 -240.4782762 R
-63.99246176 -93.00983856 96.25962429
-64.48139412 510.8320597 181.1967415
401.4794543 49.34087912 39.83491327
15.43157994 -351.9308498 99.10670906 R
-143.0971378 231.3036639 192.2619158
-254.1843482 13.48227782 406.2334353
147.8711354 90.58726572 370.0747351
200.5714953 -252.0954579 409.0782649
381.8847362 335.2054725 -172.1004204 R
354.5631864 -179.6052269 -58.13838767
516.4372737 260.2078602 392.8650946
-77.39773603 -21.76615684 6.782542782
278.9777684 -71.25573112 325.3416134 R
-45.70230278 357.9357255 -431.7973705
-177.5246953 -84.34022333 -43.49828793
-213.0160398 -349.0746473 377.7682719
344.5036173 62.42351924 527.3160505 R
482.4345458 217.240608 -135.5788891
-82.22730801 -151.9354015 164.2973997
246.3593928 -160.771516 -36.71024682
-412.8132467 -382.57297 347.9494292 R
474.8763942 -289.5219694 -314.3654463
244.9160608 -80.58053705 -259.1438396
-195.4165279 -244.2683666 -268.1314767
-374.7537813 -227.3601638 -138.585816
-502.0132153 67.86897952 84.01173597
-530.4353221 -199.5527806 197.9015967
227.9283225 -29.01842409 375.3840815 R
512.7586812 108.3595255 152.7463861 R
447.068881 205.6927954 354.2313534
-85.57374018 89.15474512 -12.63895715
-389.082487 55.14606772 372.1604736
-56.04908747 83.13483961 -207.5601926
-276.0716804 -508.6082135 -415.002461
35.64896494 -217.2466612 239.0319191
345.2713733 -1.256764681 -405.0491517
-155.7834611 129.9420328 -115.3093018
90.89477261 -26.23187161 -72.08220522
-98.87399202 -83.27744655 -390.1828169
-386.3204464 -424.1947661 -1.430016723
-446.4620917 3.257617204 426.4262192
493.8956512 -226.3819049 7.986433178
384.03116 466.6196861 -216.0866131 R
360.027717 -345.7469172 446.8644433
-269.52204 165.3119664 253.6812557
261.7500007 302.6367995 -172.9011508 R
-346.7851754 -394.0918681 9.985971715
-373.6679049 433.2102121 468.7120346
2.157171226 -390.9521722 272.0741215
-416.0343314 -407.2530512 -60.74367886
32.47715491 93.94128636 -202.8172148
6.645437485 487.4096088 309.1139719 R
13.24008633 497.4483 -524.8458475 R
153.824796 402.8159796 -275.3238926
95.2809065 -465.2721566 -496.7303826
497.1988551 -390.0331201 28.83141275 R
46.32031073 -444.0374716 -139.3453262
-137.9451089 212.5895392 453.4933157
