3.676891154866547269e-05
3.734806559447859505e-05
4.780183981665472078e-05
4.033394391480780181e-05
3.341180997260238545e-05
3.322336389385813801e-05
3.650234781173555940e-05
3.924687449323630521e-05
4.109909187663805282e-05
4.604725063553753999e-05
3.823031181515033807e-05
3.975174596922777422e-05
4.330725262977150341e-05
3.570318083412389333e-05
4.463054993538672331e-05
3.369904183571073499e-05
3.630295583966978279e-05
3.491274675434962078e-05
3.444587203141651137e-05
3.592263853289146425e-05
3.926825882178638135e-05
3.584576150765921032e-05
4.579957085359983682e-05
3.936139235446644641e-05
3.350951355475260463e-05
3.455651437701796831e-05
3.897245687410955443e-05
3.577356305854089113e-05
5.642391470046588829e-05
5.267766662506967018e-05
3.982892492543021697e-05
4.085318538127386592e-05
3.399905146879002256e-05
3.878763716192807693e-05
3.458829412793111205e-05
3.757917489322517397e-05
3.607305667481635470e-05
3.593442022103862871e-05
5.040412257982046046e-05
5.360242169549289600e-05
3.356580686987216693e-05
3.795162768815721165e-05
3.421496667914536286e-05
3.429868796096953286e-05
3.428586091214426190e-05
4.565325008320827684e-05
3.772579770852544447e-05
4.135010429291572287e-05
3.371429938360234383e-05
4.090828094391281623e-05
3.381329375799328209e-05
3.652513657128859357e-05
3.421900621102640230e-05
3.984805301131865086e-05
3.411732137513290498e-05
3.370345152302552420e-05
3.810881718454214997e-05
3.454085849472262872e-05
3.512012803853843988e-05
3.337867985243805625e-05
3.717040053235191904e-05
4.186425749701652504e-05
3.995638445010171269e-05
3.324298680699311207e-05
3.907666727742760464e-05
3.387021900564105481e-05
5.094821993152637415e-05
3.920134242482354892e-05
3.872265322225846299e-05
3.966234492480639616e-05
3.392915791644046956e-05
3.428515989481813089e-05
3.908328910560824633e-05
3.872942352788118366e-05
3.659489206821731191e-05
3.732037771333817462e-05
3.326884740625282841e-05
3.474935327265045399e-05
4.184933578557236707e-05
3.365190612758712125e-05
3.876122546242740459e-05
4.166748294514126803e-05
3.499051282555516241e-05
3.542188246947338245e-05
4.655388850741402532e-05
4.552504933968320647e-05
3.870879384409587606e-05
3.837775145285972410e-05
3.440067231139109800e-05
3.584642947084940202e-05
3.412988649025842962e-05
3.762769500267081540e-05
4.080376655621987614e-05
4.338977972637586024e-05
3.501231741572163940e-05
3.573086443939529401e-05
3.700067097274672881e-05
4.640300935701642586e-05
3.404023218498013789e-05
4.015030614239450263e-05
3.630544384880946403e-05
3.932438183985752835e-05
4.144326474792001439e-05
3.375002375956729175e-05
3.337316388476221354e-05
4.130776537650015015e-05
3.504419285541268193e-05
4.601042795824967732e-05
3.660147135481989168e-05
3.727398390675275047e-05
3.454368486085764527e-05
4.254389430808338732e-05
4.201446482365347302e-05
3.620641432864300790e-05
3.776942257183608784e-05
3.509241346114036784e-05
4.468197560654170800e-05
3.327812848500431544e-05
3.438013856319348428e-05
3.521125973077375245e-05
4.543394386612905749e-05
3.388626806690912498e-05
3.543183712311136305e-05
3.413640986837835229e-05
3.326966747279199940e-05
3.756894697964192968e-05
3.444081350935775327e-05
4.804413415798416991e-05
4.360156843680807251e-05
3.743794934233275344e-05
4.189062287036213390e-05
3.955319855195540713e-05
3.329324988005873717e-05
4.247141501603260812e-05
3.797515854526310801e-05
4.495942163997198855e-05
3.340115326899857471e-05
3.348715337138336257e-05
3.391094170337812419e-05
3.473107329811768055e-05
3.921228711340414731e-05
3.509686397480985768e-05
3.571152344856290731e-05
3.323964024039774429e-05
3.381267751413009263e-05
3.603102221545750205e-05
4.243038951208359666e-05
3.322771423407387410e-05
3.643700753506297032e-05
3.428515989481813089e-05
3.529886084579028795e-05
3.604035658115448999e-05
4.012471516018087592e-05
3.626412363145699086e-05
3.939830741564819249e-05
4.202021379217049131e-05
3.844804816341675172e-05
3.501964515083035972e-05
4.201432608186476503e-05
3.625982499147859417e-05
3.515183626183171733e-05
3.779765923365632904e-05
3.831041746126634498e-05
3.628870987178468822e-05
3.949659592602928999e-05
3.987310256668682225e-05
3.400012749193265341e-05
4.033796193063217758e-05
4.371384901706088563e-05
3.552585383968585419e-05
3.661795035461458257e-05
3.507831835794866467e-05
3.568650365470670959e-05
3.434876487858864509e-05
3.339761827552560397e-05
3.656804552405119630e-05
3.632188056909906943e-05
3.335462347813336511e-05
3.360564229132493788e-05
4.018148255513440137e-05
3.529731777623569550e-05
3.766434727628536236e-05
4.660855867935810451e-05
3.374261675374948141e-05
3.627701115090509464e-05
3.543769790008716728e-05
3.611750401595904803e-05
3.880395154792005600e-05
3.644067894502529928e-05
3.358428543141177812e-05
3.335354738098755275e-05
3.744192854301553762e-05
3.768847833114348180e-05
3.325073319566105353e-05
3.821083350535161357e-05
3.475841843860548978e-05
3.564768430163883794e-05
4.708765434827938938e-05
3.501580370449119283e-05
3.660487238174615774e-05
3.443753769212287073e-05
3.539673984077821824e-05
3.972126956412401456e-05
3.364662605785197268e-05
3.632514705923956406e-05
3.620049479833713528e-05
3.522390744953165994e-05
3.375967713511815205e-05
3.990571254559363953e-05
3.904270074035670791e-05
4.079355540848241684e-05
4.705630289941746698e-05
3.798669539848776780e-05
4.008913842000342756e-05
3.496466065942237098e-05
3.509926559591000156e-05
3.569912815078352152e-05
3.557203418271308803e-05
4.475674402339705404e-05
3.636879903580127774e-05
3.419694904219171928e-05
3.443367485549802940e-05
3.949131453629875889e-05
3.398165656657901017e-05
3.941388118270985875e-05
3.379305360869681369e-05
4.371811979866793116e-05
5.169970662616135297e-05
3.656928752579268670e-05
4.170566441090886020e-05
3.568039217472185966e-05
3.406547878200614067e-05
3.454001310278879006e-05
3.378713225167369002e-05
3.673730819419736000e-05
3.906727479229265025e-05
3.721194197832684955e-05
3.443745778343576801e-05
3.687696432085758576e-05
3.548012130167659494e-05
3.643064286802678560e-05
4.151149226085323071e-05
3.463880232574634375e-05
3.464456779964150132e-05
3.629758659266356396e-05
4.184570438816513594e-05
3.361657714510452613e-05
3.908516974415371967e-05
3.524774135791605901e-05
3.362243920964812715e-05
4.468391473218700171e-05
3.365840373102392909e-05
3.376642717239099450e-05
3.586361774674789174e-05
3.418303807741389025e-05
3.589331600440764892e-05
3.800488654304778549e-05
4.094756234133378308e-05
4.056483510814207607e-05
4.459771925422825219e-05
3.355139303363255398e-05
4.079021144313998878e-05
3.468626267493426650e-05
3.379667236983897042e-05
3.567074805795138724e-05
3.418336429385263303e-05
3.904079560636141728e-05
3.418521269198232493e-05
3.379863559277473847e-05
3.518394314018357126e-05
3.370565577182878323e-05
3.604656013820329023e-05
3.813294779387480340e-05
3.413425398462601010e-05
4.000310531648847048e-05
3.411846915277279079e-05
3.613921651606472827e-05
5.261474618052420393e-05
4.469822326947446009e-05
3.423658594127820614e-05
3.695241772259471555e-05
3.782147489898143644e-05
3.468636713123727589e-05
3.338401924348242218e-05
3.758937422192821430e-05
4.077497013514464174e-05
3.826567890983957468e-05
3.527681717487578695e-05
3.524396790072486797e-05
3.600689135407620219e-05
4.004591275524641242e-05
3.768745986132148753e-05
3.352695931789992243e-05
3.519696906266455165e-05
3.488524480581091288e-05
3.367311698635670585e-05
3.410788918057564966e-05
4.021732205951043983e-05
3.391666493677792597e-05
3.415331647659943301e-05
3.596665293379970005e-05
3.386896429168467771e-05
3.519684363531176897e-05
3.572814447124121829e-05
3.497704461046095587e-05
3.730512313069729818e-05
4.706939178111641881e-05
3.823624587342899572e-05
3.776696356635371124e-05
3.787070587680577941e-05
3.560447160588573856e-05
5.639594151039675692e-05
3.384448574936636545e-05
3.567983644286798007e-05
3.811466233874799011e-05
3.596511646619810745e-05
4.342495638891491830e-05
3.555911445256002186e-05
5.108947649290241115e-05
3.480380226801260105e-05
3.352013319368082721e-05
3.523466695844475302e-05
6.304065516452458083e-05
3.744757785672133126e-05
3.519689380640038639e-05
3.679520183286618475e-05
3.485492621251588585e-05
4.525051239991583450e-05
3.779856646795451349e-05
3.589081995555671662e-05
4.669836350307975435e-05
3.432763504331122950e-05
3.712344557353650581e-05
3.780161763484862634e-05
3.451488956870485332e-05
3.712136548636807095e-05
5.098592122846068973e-05
3.754317559072287288e-05
3.817929839910196531e-05
3.475428926966510573e-05
3.346037062809664183e-05
4.030293542131132742e-05
3.321898257644749199e-05
3.437336679960612809e-05
3.919792864807849044e-05
3.321277544065129946e-05
3.367753601393487360e-05
3.479391516155467542e-05
3.714234667290983876e-05
3.333016960740224090e-05
3.827614006756092040e-05
3.400917341891986881e-05
3.621131043833983218e-05
4.713918045286692710e-05
3.374481397472656381e-05
3.664303489640234493e-05
3.911447553803294752e-05
3.969148581793587814e-05
3.730059045434013057e-05
4.017958282042880934e-05
3.364123008455390635e-05
3.494008687225232611e-05
3.410416901020996546e-05
3.646307303456206749e-05
3.908951306809726930e-05
4.367897642867361754e-05
3.438816357194136170e-05
3.613413013806935086e-05
3.727340538905087405e-05
3.617369595052920132e-05
4.266196831383085517e-05
3.498209686226041846e-05
3.533459817443154803e-05
3.499492260741555912e-05
3.415579599433628868e-05
3.335799656938672511e-05
3.525318717167470750e-05
3.611252609773641590e-05
3.438516817115315428e-05
3.390313048295243614e-05
4.283779195011842269e-05
4.330963519222827125e-05
3.514440776788148692e-05
3.768804185334477367e-05
4.031007180277653914e-05
3.655846692320102915e-05
3.702048718740235343e-05
4.355998679824846215e-05
3.340532439688812520e-05
3.385280889016492617e-05
4.351879951536611561e-05
4.374806595507735264e-05
3.406240469149687328e-05
3.387983423549286582e-05
3.758126983234323502e-05
3.572691668847330810e-05
3.815609222304239983e-05
3.333183053811027390e-05
3.509939198450308791e-05
3.597759209227588178e-05
3.594806137609747766e-05
3.912025442157775039e-05
3.413103310630311526e-05
3.436929662345004796e-05
3.414666565505278793e-05
3.333194708610502622e-05
3.662503545542970530e-05
3.321918844572818052e-05
3.697063981787904364e-05
3.567193280942102586e-05
3.326624039694685205e-05
3.784272170826694814e-05
3.788019894416142061e-05
3.359484021554919210e-05
6.446364256709258885e-05
3.635049240352644369e-05
3.328362936016346455e-05
3.490322668078844626e-05
4.278478257190934946e-05
4.304315710550396127e-05
3.736703905951207057e-05
3.459884325961331045e-05
3.332585595230221119e-05
3.883336571090220045e-05
3.469686058048964300e-05
4.042462424701955925e-05
3.785482162749201547e-05
3.403621655678155798e-05
3.520291290974879219e-05
3.531159652838125135e-05
3.871033874011304724e-05
3.526269930429727168e-05
3.966945965027633963e-05
3.555621183220567644e-05
3.369587492748447465e-05
3.602979908546034138e-05
3.732522396917560233e-05
3.640855955201801605e-05
4.449350766090967737e-05
3.464543239318406748e-05
3.903651283727952299e-05
3.777198442856478976e-05
3.369785434103872971e-05
3.394917581742948635e-05
3.362175639531530126e-05
3.743034752959812267e-05
3.547982683456600783e-05
3.404677541771468314e-05
3.409130393913894900e-05
3.481213043039960603e-05
3.910651634896865618e-05
3.527494732522288618e-05
4.174313798443585172e-05
3.561710335818887098e-05
4.178494877358534989e-05
3.418847390072849270e-05
3.691196018873506702e-05
3.339028422919301483e-05
3.396409879534309045e-05
3.400056891023515103e-05
3.488550186925697019e-05
3.666298337803599293e-05
3.615329877570892363e-05
3.463041146802098373e-05
4.110593647264558471e-05
3.717797675272562348e-05
3.472123328822847885e-05
3.441298173746928842e-05
3.675076935722844336e-05
3.903719212916265585e-05
3.413223420950611641e-05
4.030673731606515981e-05
3.620583410020108170e-05
3.760105116855591171e-05
3.809774494649135248e-05
4.419447973002536194e-05
4.687325325218096185e-05
3.710030823159249895e-05
3.371904230578919568e-05
3.383120734982714975e-05
4.128275764594344912e-05
3.745527576929987847e-05
3.334135463997119623e-05
3.321992366451950528e-05
3.934843848533814382e-05
4.716230553688076230e-05
3.936685087266606907e-05
3.407483359556947661e-05
4.375464406818597253e-05
3.514219097399435968e-05
3.818367030571748368e-05
3.332594340650478233e-05
3.545587889173274643e-05
3.810056930862545417e-05
3.343731333310885390e-05
3.742765729202520309e-05
3.439661101545645264e-05
3.807375500965137614e-05
3.510712458543807722e-05
3.335124944855425339e-05
3.499023238311843326e-05
3.998516982126053309e-05
3.604681855603992591e-05
5.041066213952100149e-05
4.300906590707965382e-05
3.395776080953084061e-05
3.535760826389515129e-05
4.178482357577620554e-05
3.652466078809540889e-05
3.332646811846717247e-05
3.413155177876365999e-05
3.585808945599065095e-05
3.459566103699948143e-05
3.353074358843070353e-05
3.694322054866912573e-05
3.377665765255986148e-05
3.733851560246796166e-05
3.614019623430274282e-05
3.500885562984740418e-05
3.471258440965740175e-05
3.511109014832413858e-05
3.366345188833896272e-05
4.049372795598991449e-05
3.344568711761919334e-05
4.629722314444916761e-05
3.832735589283262035e-05
3.988125304207749863e-05
4.205606134367878557e-05
3.669827443071076102e-05
3.695671782033855271e-05
3.686365163135263965e-05
3.691581120901615392e-05
3.413037791010603404e-05
3.862142475902589358e-05
3.873491839133289097e-05
3.772930026529759505e-05
4.415058395066321072e-05
4.067495310213812366e-05
3.414898294392951022e-05
4.267356688453892698e-05
3.542634330259207233e-05
3.476747710756035599e-05
3.428362291119608438e-05
3.717871040610622402e-05
4.159444373844401496e-05
4.636213857410786444e-05
3.653347134050163994e-05
3.370500584223985583e-05
3.325879707669009800e-05
3.355754387553350134e-05
3.482613628122189803e-05
3.687978853188983235e-05
3.416557300291383039e-05
3.684046085349763618e-05
3.606395672744110262e-05
3.735999364892911425e-05
4.223151282126705536e-05
3.696965369419304582e-05
3.361065531373615541e-05
3.473684877990267968e-05
3.344883301534560876e-05
3.520366509869770271e-05
3.712535203858513311e-05
3.414434793363653627e-05
3.356817894531460166e-05
3.743733542590750254e-05
3.951489215699801233e-05
3.319993920499829767e-05
3.752038575787204990e-05
3.796945777689651042e-05
3.443322189314907843e-05
3.410148760724219890e-05
3.508206507533912698e-05
3.662789092228161422e-05
3.346529962105549739e-05
3.384638548523038006e-05
3.666592039604983666e-05
3.403173181564245469e-05
3.785983104350691670e-05
3.354352115519448018e-05
3.476454478205758789e-05
3.888770199458156668e-05
3.563937323402985259e-05
3.492561700920014965e-05
4.294354860912527638e-05
4.351049877729826708e-05
4.109683148904517258e-05
3.604928501537778106e-05
3.416200623957105047e-05
3.666966359568139984e-05
4.222990166562515767e-05
4.785828586685871678e-05
4.656423249608663601e-05
4.433489645196237811e-05
3.413922014194940803e-05
4.397850787332999140e-05
3.472258739534030516e-05
3.774880702890739064e-05
4.666501669006704753e-05
3.496680637237656986e-05
4.433379274979788520e-05
4.420786099823847032e-05
3.458418783473760446e-05
3.714987376368785393e-05
3.448857499572035456e-05
3.617576649709571901e-05
3.322421644879284809e-05
3.436340323030978832e-05
4.514316449457170255e-05
3.518477177290658985e-05
3.368084923847971244e-05
4.136063420187988587e-05
3.906490216049836913e-05
4.684916224394857339e-05
3.898634414453503577e-05
3.841970774324204282e-05
3.572785559161672565e-05
4.873935511351463914e-05
3.378280870072784624e-05
4.183733172830075256e-05
3.437770329197782979e-05
3.780841847483632081e-05
4.172182789294745720e-05
3.359646541242858895e-05
3.534717452404934524e-05
4.588689510751003194e-05
3.325431129016247396e-05
4.717161411854957164e-05
4.188731220599087833e-05
3.756986948268727078e-05
3.783381973106118954e-05
3.339170500305488988e-05
3.480183581517786617e-05
3.672079752966814789e-05
4.636143303607872797e-05
3.735390312984487529e-05
3.398278936087728184e-05
3.514140996636399238e-05
3.747205229026427794e-05
3.806894394362826098e-05
4.007882228266173858e-05
3.940334729893361199e-05
3.431195922630319586e-05
4.546948374624174818e-05
3.338532471547315123e-05
4.133437620623372821e-05
3.690040049367653447e-05
4.300936946016963274e-05
3.912554341939233899e-05
3.454389615240222223e-05
3.515598930030833854e-05
3.454133400268142895e-05
3.901863200057058203e-05
3.383772254475190275e-05
3.371444056849499173e-05
3.528075543315245560e-05
3.401319783234585674e-05
4.029634889686682328e-05
4.258723426518658565e-05
4.046503827894034700e-05
4.286556403874654627e-05
3.571728299338014398e-05
3.329678620387529196e-05
3.373015839661266366e-05
3.414636573900416068e-05
3.599177810588477289e-05
3.673229021877590474e-05
3.496874741975731230e-05
3.360925984926232247e-05
3.396705909772319734e-05
3.374427879047796813e-05
3.536914738486027020e-05
3.546674080276848251e-05
3.430388508747412343e-05
3.937685889515044697e-05
3.435367305059964989e-05
3.607462741846030596e-05
3.651579904356927166e-05
3.566944228812397882e-05
3.323270931439694167e-05
4.599841608449659194e-05
3.778821219156833710e-05
3.584945873140114707e-05
3.689019767322112214e-05
5.488928634893627107e-05
3.830994058374729747e-05
4.375365131971963343e-05
4.638434792402595615e-05
3.405617182753197366e-05
3.926905709471148590e-05
3.705341323762923416e-05
3.443188955596546521e-05
3.361669099836558038e-05
3.758675705041984597e-05
3.817981989146634604e-05
3.469813903619600726e-05
3.415560527977601492e-05
3.348669309079308886e-05
3.352664390899607325e-05
4.478447073259872409e-05
3.718994758933834820e-05
3.440286272625529682e-05
3.417539672714984720e-05
3.600012673703487592e-05
3.331100874291432443e-05
3.391991432888057773e-05
4.049531450253019722e-05
3.417999297773113338e-05
3.471594567180705905e-05
3.480064544526692100e-05
3.348554231319375742e-05
3.645325892003559707e-05
3.607849486601427170e-05
4.741475828837613167e-05
3.520010434708175149e-05
3.447381680894107494e-05
3.488393370119988456e-05
3.319000825959945821e-05
3.424272892806192814e-05
3.543590055021729224e-05
4.004242944868189095e-05
3.334767078808529916e-05
4.877753909889549961e-05
6.756511867893073148e-05
3.654648395840476261e-05
3.606538780762845930e-05
3.476867060282869592e-05
3.408459238155620328e-05
3.940040451675819318e-05
4.575354172602071154e-05
3.944831502427946837e-05
3.408168747893846321e-05
4.126548495663246081e-05
3.808014022926214313e-05
3.360478759369811005e-05
3.737529308000908077e-05
3.469151053408338966e-05
3.323467739660889239e-05
4.341912721808252319e-05
3.795815107787569199e-05
4.277240090215849924e-05
3.488516768576129516e-05
3.978720881992522923e-05
3.656725509890347168e-05
3.426259845158381235e-05
3.739898489320990564e-05
3.591661320260272194e-05
4.004851589487442746e-05
3.483300433866997714e-05
3.361592246827412619e-05
3.449467492623740146e-05
3.599699072886636275e-05
3.531144735523234065e-05
3.563265748830029536e-05
3.425862708165469249e-05
4.827291003461374789e-05
3.854226655888253578e-05
3.323849514961175133e-05
4.116855479052286467e-05
3.478430536098558632e-05
4.618328251880908920e-05
3.344964100452461745e-05
3.415421569958017117e-05
3.753640988924435975e-05
3.456105172763057122e-05
3.363171032968040791e-05
3.593148171993626455e-05
3.575133017988696855e-05
5.078419856374003562e-05
3.617143891617487244e-05
3.535235527760762923e-05
4.260078840260914004e-05
3.669286143686549160e-05
4.442330593172828568e-05
3.718218393013845801e-05
3.348329798401035538e-05
3.575618335934623514e-05
3.423902184932702360e-05
4.289649017735243375e-05
3.599088160856581949e-05
3.695219829295436407e-05
5.809344786996367791e-05
3.553731668241077242e-05
3.637054120348451281e-05
3.664669472814502865e-05
3.473429956847830317e-05
3.928977800819815166e-05
3.777018704684818352e-05
3.701601088089538649e-05
3.712318558016827448e-05
4.204324961051445842e-05
3.546131099091974807e-05
3.381091264491264904e-05
3.676319329427432458e-05
3.761094156538621999e-05
3.482014305327432003e-05
3.436313528275374539e-05
4.110408644838984014e-05
3.458455640299548824e-05
3.585901894462207895e-05
4.231837112467212855e-05
4.801148094672768631e-05
4.168564058466954920e-05
3.817807482088902645e-05
3.735888648490807393e-05
3.377154347780462221e-05
3.414612034775785660e-05
4.123839464587768423e-05
3.388284267875731802e-05
3.511197402313085786e-05
4.420162762503156232e-05
4.104177235940312756e-05
3.338953028166863454e-05
4.121892621706087700e-05
3.349914330352033495e-05
3.572501459978423251e-05
3.965296762960989407e-05
3.787490987797889294e-05
3.772963182197363018e-05
3.530493177032379315e-05
4.025576179225082884e-05
4.186965872747720296e-05
5.279359749164803695e-05
3.708943060247941049e-05
4.253991713693706093e-05
3.400200341088880371e-05
3.882310166951399166e-05
3.913401672105595164e-05
3.759529764740982704e-05
3.920434512631343230e-05
3.726654700162045021e-05
3.331232209802757331e-05
3.435013292365748824e-05
4.138480577158068643e-05
3.821735597955610496e-05
3.638366884923980123e-05
3.757460681239606999e-05
3.921659183484541228e-05
3.427785078962371966e-05
3.435270766092681161e-05
3.991178547727976754e-05
3.475195140614534029e-05
3.998937323065590761e-05
3.351944463280566699e-05
4.218802836668795564e-05
6.299176266056016004e-05
3.365261564071566860e-05
3.770476356467821144e-05
3.761735708825815553e-05
3.609203366795174701e-05
3.999632914645361736e-05
3.959131243914661781e-05
4.465584642826994063e-05
3.359489724366122214e-05
6.058091951691296908e-05
3.378160120366503148e-05
4.568043752695815491e-05
4.885814102498526744e-05
3.336064204493960605e-05
3.875862775477854260e-05
3.704973213409977565e-05
3.571824668447427239e-05
3.743394780296090422e-05
3.706569083101895508e-05
3.738445597719701984e-05
3.580243783648804013e-05
3.441634402981414841e-05
3.489156705504254503e-05
4.989456654989001699e-05
3.857613202049076957e-05
4.004920177988684178e-05
3.510159094570200141e-05
4.938610384335326628e-05
3.461395440246082541e-05
3.559309248222342721e-05
3.415928283005016788e-05
3.539748075748246222e-05
3.327265438805124303e-05
3.436372475979301584e-05
4.110390634530255684e-05
3.394346764825046330e-05
3.922394971285437306e-05
3.758233812764738904e-05
4.029121246532300200e-05
5.159651142866940516e-05
3.769423438059851567e-05
3.492105494521900169e-05
4.225503771355635941e-05
3.708884413375532175e-05
3.654544341778681929e-05
3.412065510219155405e-05
4.337066465690367253e-05
3.367521339055892440e-05
3.463348002373905886e-05
3.502849387541702062e-05
3.332769235803638923e-05
4.540094335284219792e-05
3.415683125085446157e-05
3.525558459466774557e-05
3.602123397653787817e-05
5.351488796698720127e-05
3.387356428476650215e-05
4.081807707261418824e-05
4.668648616419807817e-05
3.942455423726053143e-05
3.934664764079662892e-05
3.535897071638279351e-05
3.348306777300964131e-05
3.490394542606251857e-05
3.630069779587732215e-05
3.414530234190973348e-05
3.579472819073145157e-05
3.430100404647927958e-05
3.695213246336350794e-05
3.476049549787764512e-05
3.512845339319336390e-05
4.068977573174675842e-05
3.803165204650857926e-05
3.558116771197302933e-05
3.404328429111143703e-05
3.719856865328477800e-05
3.547143169517058401e-05
3.588630208189927119e-05
3.427992798233165858e-05
3.650661375889307993e-05
3.527552077476031438e-05
3.478762169658554664e-05
3.719992597012277677e-05
4.050924488738093688e-05
3.374168704180195038e-05
3.819557576821744864e-05
3.392788143668458222e-05
3.382426892889369411e-05
3.397565931553538722e-05
3.959209292775501914e-05
4.450801142666238602e-05
3.325542556239990065e-05
3.388629591169131650e-05
4.046794394546981418e-05
3.346426210423262881e-05
3.771810552583974868e-05
4.053201323400056961e-05
3.391749819585396973e-05
3.373551534945842150e-05
3.355228009054000824e-05
3.739380384455245790e-05
3.619747597385079320e-05
3.696345041338380740e-05
4.192787650013177247e-05
3.386190763028143187e-05
3.335098763115463795e-05
3.382600390107169019e-05
3.440441181254358393e-05
3.425900536191005177e-05
3.563032919723064195e-05
3.321777670019712957e-05
3.629288382708363363e-05
3.336267663363431859e-05
3.507340545292944437e-05
3.349876969485367342e-05
3.435900816463733596e-05
3.444978432883412075e-05
4.352057667912642507e-05
3.607533067555256914e-05
3.338378714487501932e-05
3.497788679179807548e-05
3.662861031344362493e-05
3.839685966603036777e-05
3.649004149675842674e-05
3.759293277119790932e-05
4.329398594490335033e-05
3.552035099594438481e-05
3.544749274362348602e-05
4.157635085091664800e-05
4.363352728780640194e-05
3.963998473860227034e-05
3.530846352825682191e-05
4.137773361613562037e-05
4.450659057938139595e-05
3.331410219654090254e-05
3.953342026723377677e-05
4.241645980989134946e-05
5.221772071014637976e-05
4.121512375666750908e-05
3.389514736281544515e-05
3.442322590653995379e-05
3.461847108208206792e-05
3.384627374417876745e-05
4.110984860169419289e-05
3.888472693190114408e-05
3.351680478904388750e-05
4.075456811561838815e-05
5.051052065985281306e-05
3.441818490243001819e-05
3.515780111254338404e-05
3.500236224291084641e-05
4.164565553849142854e-05
3.347947016064760622e-05
4.360431068947760838e-05
3.479430354447641204e-05
3.331054173788897539e-05
3.901980334674250188e-05
3.375354263287792182e-05
4.795467265223901876e-05
3.838172542788836358e-05
3.328008919005213999e-05
3.476781441112261406e-05
4.597135778457111892e-05
3.464299565934615335e-05
3.468516583152114020e-05
3.513561390220293909e-05
4.510158585830416491e-05
3.897080768590513124e-05
4.475229973543470207e-05
4.663241429348187554e-05
3.804962220081208686e-05
4.486179619713541954e-05
3.959548665364631871e-05
4.003255555221190554e-05
3.337696726766636071e-05
3.357343587919152400e-05
3.404278940609969608e-05
3.829813265979360986e-05
3.417022731413111393e-05
4.373002769831821086e-05
3.664487616439352299e-05
3.534938093752796462e-05
3.582498986058204558e-05
3.473612048627776854e-05
3.666798264799411567e-05
3.379080888026250750e-05
4.608793717460137903e-05
5.481130412156293543e-05
4.149436857400345681e-05
3.429540161327331396e-05
4.517866738831788874e-05
3.465140432802944921e-05
3.511179725306445235e-05
3.799165714725454999e-05
3.463510579297317358e-05
3.539009438114454028e-05
4.123318497526695219e-05
3.476423334470557232e-05
4.099774324940086190e-05
3.859818353032689394e-05
3.397861684920178935e-05
3.323309120615674768e-05
3.887944274549622189e-05
3.498066814606436159e-05
4.074098470431860685e-05
3.576862036948694879e-05
4.193908133443989463e-05
3.920758957101288595e-05
5.630366146164100745e-05
3.676203599582141354e-05
3.513795784477364312e-05
4.352673223898240976e-05
3.327444032821648894e-05
3.438110183625192335e-05
3.401609129297894187e-05
3.615183063528162606e-05
5.367652144065608122e-05
5.164831097301702845e-05
3.491787590935067041e-05
3.399275899705583414e-05
3.406921058089799014e-05
4.800945144503027123e-05
3.424375697338970242e-05
3.362127271208921415e-05
4.427961853391217291e-05
3.447668486685068336e-05
3.349796496034255545e-05
3.750903972874264423e-05
3.449440977354503713e-05
3.722244186269093750e-05
3.318912380298691552e-05
3.689691962566937143e-05
3.806597156735373890e-05
4.036166822929310898e-05
4.052900104465311090e-05
3.386458573284261277e-05
3.676704281626998156e-05
4.000998413482374636e-05
3.578526446494191343e-05
3.948025204630441551e-05
3.419689473275388587e-05
4.151544357442781062e-05
3.500478173501032805e-05
3.870408086370232486e-05
4.312267406913035194e-05
4.751638285057757893e-05
3.475579566369360417e-05
3.449281873967342403e-05
3.973913912074302917e-05
3.400547862627496310e-05
4.062951686281241040e-05
3.741271361794658204e-05
3.484732232929112699e-05
3.900570298440457826e-05
3.898651457220139320e-05
3.828520004858859894e-05
3.592403771979490865e-05
3.380362637614240930e-05
3.384616200211266009e-05
3.426848563654378730e-05
3.334671047996154078e-05
4.085726429741473581e-05
4.263649491519090455e-05
3.433064426788880625e-05
4.272430650808650969e-05
3.860227055056078983e-05
4.142774593091317622e-05
3.445390821744982469e-05
3.379367083713564438e-05
3.582991119736980744e-05
3.616939096226465684e-05
3.387088813415634612e-05
3.567604233294720148e-05
3.911663351271582714e-05
3.804358748084313551e-05
3.592987000323409472e-05
3.891189879924504628e-05
3.407488844168147650e-05
4.000979016143896082e-05
3.628854842157999493e-05
4.191798212611117620e-05
3.665196940418183119e-05
4.866860512107521190e-05
4.643102142315691213e-05
3.468069912686912214e-05
3.531515130903114429e-05
3.758784585464089819e-05
5.909694670690862471e-05
3.760611226525131356e-05
3.429809540488833782e-05
4.402779747571061399e-05
3.649306236879765804e-05
3.457027965357007922e-05
3.730210864200086192e-05
3.897363204054976761e-05
3.458905732955149664e-05
3.941525939043769884e-05
3.622992687269463165e-05
4.413250992705652318e-05
3.875679945123319949e-05
3.744647779962167236e-05
4.389358206528146632e-05
3.469542542486167200e-05
3.350592374648784952e-05
3.411592750236903086e-05
3.542254799565844087e-05
3.371093870321558908e-05
3.503916519078436524e-05
3.902088014420482124e-05
3.319510736192063328e-05
5.410448109116649303e-05
3.723398663365253187e-05
3.519664294899060397e-05
3.571024588122212316e-05
4.018608272414947517e-05
3.356186191648967735e-05
3.407412057402065648e-05
4.198763339654845017e-05
3.372553261843083190e-05
3.482213249947061672e-05
3.699682232654173631e-05
3.396368374297073647e-05
3.626135047575095044e-05
4.502004873074439420e-05
3.543883034797598727e-05
5.204080322177120953e-05
3.530495664525569395e-05
3.328594015228003930e-05
3.320002757436216678e-05
4.577498911320745559e-05
4.065696071572257714e-05
3.981429416935475057e-05
3.751430343888074580e-05
4.064333804590480989e-05
3.427480181499207131e-05
3.735173032587321132e-05
3.527168066717980058e-05
4.752747899905113111e-05
4.403308257793434180e-05
3.414508419791509162e-05
4.709903041967936652e-05
3.647826943481221489e-05
3.337423824347170636e-05
3.931504021103755569e-05
3.338494759353981289e-05
4.375526450452376975e-05
3.515790176125030929e-05
3.947092001544240321e-05
3.350575140908645380e-05
3.966400654534757528e-05
3.544431884830160409e-05
4.086395462444564620e-05
4.190618733598315353e-05
3.743955809542525283e-05
3.669914656728834432e-05
4.946824266902708622e-05
3.623446686734554316e-05
3.660086313257789774e-05
3.419713912335627272e-05
3.889067643148253850e-05
3.330902384719598957e-05
3.608713976173896104e-05
3.427507166583961028e-05
3.404988086829156943e-05
3.457981684466877084e-05
3.714070226728339506e-05
4.055109314704668784e-05
3.668133473435265264e-05
3.430399277703945064e-05
3.475387368109155491e-05
3.383143110471318856e-05
3.330327165063066302e-05
3.394233124129015578e-05
3.592899295620640635e-05
3.390199035369064953e-05
4.322775508022380159e-05
3.342925172830543126e-05
3.590937438700282229e-05
4.103091711277820206e-05
3.650466248510463805e-05
3.487629575115127381e-05
3.825183817452023157e-05
3.597707251200229383e-05
3.452822452500615025e-05
3.885750274930901196e-05
3.694056339079799861e-05
3.426500227135398781e-05
3.831496684683022373e-05
4.050024364793083947e-05
3.384621787327253155e-05
4.460611622067190009e-05
3.718071696052362406e-05
3.896052910807341495e-05
3.728240175929156566e-05
3.667192693713068461e-05
3.526482047118425860e-05
4.842994081750504466e-05
3.415950072478597134e-05
4.373223700039705758e-05
3.396213409085920254e-05
3.612355443675368264e-05
4.397959548404470386e-05
3.337153764740083254e-05
3.826976467870578163e-05
3.875803117653296432e-05
3.369440429896237066e-05
3.686415965478191279e-05
3.469156274061908787e-05
3.327915277353977460e-05
3.680292575220094233e-05
4.080217935955889584e-05
3.411136215595943601e-05
3.806716463858964017e-05
3.365017474288385706e-05
3.483868187456860978e-05
3.390151758624198610e-05
3.635590903524096835e-05
3.521727208538677831e-05
3.342187891580058334e-05
3.410449730542789397e-05
3.435217130109175941e-05
4.463325236965137212e-05
3.698400014198893624e-05
3.434202976652139176e-05
3.577341912327489565e-05
3.942806120021585044e-05
5.005889782366305197e-05
4.850258588050290976e-05
3.706445051837013060e-05
3.408442797128348082e-05
5.194514189546611219e-05
3.364520629560168884e-05
4.955412094994543964e-05
3.898922220360526299e-05
4.823994320257558280e-05
4.231108486121875527e-05
3.649088195878147671e-05
3.563547028193830379e-05
3.520190992239183937e-05
3.472154578737495238e-05
3.330303800115619328e-05
3.590274913457885627e-05
3.844029423222273119e-05
3.720821772638072090e-05
3.801201419148602745e-05
3.703735276458183269e-05
3.778136005477086585e-05
3.739284810764420308e-05
3.375841108985597433e-05
4.154008407526306018e-05
5.202367981709774973e-05
3.996409914574532347e-05
3.588278181208227679e-05
3.333669546387418018e-05
3.554806149878870635e-05
3.727111250196279269e-05
3.447835759767815778e-05
3.434189556403761695e-05
3.400881501723623931e-05
4.219937938525347845e-05
4.139360917506452645e-05
3.381152897723563625e-05
3.595783351827596725e-05
3.343237298368683129e-05
3.381595445646567273e-05
3.799812101521452988e-05
4.604101926503881872e-05
4.604485422902073209e-05
3.380258913293693925e-05
3.401821273402246720e-05
4.060698326804285736e-05
3.637129759957918385e-05
3.373537440698252379e-05
3.835905265504977076e-05
3.649065481213281843e-05
3.331570697918211484e-05
3.933926034581520235e-05
3.710163205470775558e-05
4.746619646105696577e-05
3.514770705576949773e-05
3.528695947600849175e-05
3.566397597275755397e-05
3.541709952910263454e-05
4.483029355189949991e-05
3.416238746926225097e-05
3.492682132569144916e-05
3.627444850767301619e-05
3.884054227684529553e-05
3.395058859741969707e-05
3.449149272392918158e-05
3.782896541883709509e-05
3.574635499195661991e-05
3.439278898672774962e-05
3.491118194959698211e-05
4.172509623132185228e-05
3.380715795339027288e-05
3.404674793237382982e-05
4.432949690033588909e-05
4.540008386133253653e-05
3.672392273482271433e-05
3.426991650441446174e-05
3.501875485252991160e-05
3.794000025630930953e-05
3.579161430645824449e-05
3.755827076541001368e-05
3.469119729033196334e-05
3.607263465193174601e-05
4.507204183066599755e-05
3.352893760583064377e-05
3.712160384594940442e-05
3.544210403978261166e-05
3.668048382568417544e-05
3.506869336423979952e-05
3.574883080656672177e-05
3.449186402246874400e-05
3.877391847989958848e-05
5.708544643799363531e-05
3.379033182263755693e-05
3.391769261487171994e-05
4.266889894833229596e-05
4.859374847255865120e-05
3.803904958179757693e-05
3.506659009603711052e-05
3.897202090048746889e-05
3.432099606315721729e-05
3.378662698008383619e-05
4.358729271135713425e-05
3.405861592336067230e-05
3.704328233293832336e-05
3.339515476191962340e-05
3.440686859054278190e-05
4.532511116765010827e-05
3.403338282961582470e-05
3.517683478226072883e-05
4.566599131228564002e-05
3.583387558270621353e-05
3.980957487562009376e-05
3.523881821305100700e-05
4.514239266457531626e-05
3.746377225743027577e-05
3.486064545007785411e-05
3.365139525266072672e-05
3.389965414973811599e-05
4.671645182985524614e-05
4.038035128806437534e-05
4.170862166568225121e-05
3.509506878390029650e-05
3.340306521375115253e-05
3.530702109660984378e-05
3.736637937246569400e-05
5.522082996166943519e-05
4.336191821388959354e-05
3.584244504068940010e-05
3.621613515389903858e-05
3.837937281315922277e-05
4.410238621137960104e-05
4.977338146100519800e-05
3.437018039276728399e-05
3.422147266279732588e-05
4.017661943830472309e-05
3.906672874547736940e-05
4.566906785288866484e-05
3.958234285878318179e-05
4.586643920338350535e-05
4.511686387187029151e-05
3.328005992813289055e-05
3.652185105411598571e-05
4.138781043150683805e-05
3.716303608964447320e-05
3.333340384149129510e-05
3.367478847276253419e-05
3.462411465368341068e-05
3.899772042851992678e-05
4.469915938916517619e-05
4.478002107180759653e-05
4.591070854555446933e-05
3.791446713732159196e-05
3.702262655452286984e-05
3.694980627744624455e-05
3.391672048913445730e-05
3.509274224535685426e-05
4.767576788373564876e-05
3.980492558213493033e-05
3.622084218699515282e-05
3.403561134915717232e-05
3.346380095724909426e-05
3.772909303830613518e-05
4.039495774159857980e-05
3.335180215561486041e-05
3.599791038806249716e-05
3.355848768383543973e-05
3.534092509573638077e-05
4.353667400737401978e-05
3.357329305764486120e-05
3.919089331662591519e-05
3.518903963683608834e-05
3.775625452717247326e-05
3.369064208039295464e-05
3.401024856165533620e-05
3.972488480910528453e-05
3.538351965827396187e-05
3.612075149949360862e-05
3.531962445971996835e-05
3.505386172403955516e-05
4.027889152685398523e-05
3.548811842142138762e-05
3.675402118044876666e-05
3.872130262945683776e-05
4.072490329330809077e-05
3.973901335603519076e-05
3.386595245654627881e-05
3.533536749592777895e-05
3.544783715037314677e-05
3.791338348762662413e-05
3.370890490293094457e-05
3.374946064619876215e-05
3.877918465034231447e-05
5.568244186100057428e-05
3.627537204008948502e-05
4.005331641175828951e-05
3.922793442154488987e-05
3.594633333678832495e-05
4.557028522579538069e-05
3.795739696855816609e-05
5.543609744901775016e-05
3.346235976027738099e-05
4.089125054990617894e-05
3.413529103873785278e-05
3.754536007004164090e-05
3.364412716609240618e-05
4.013232372482673164e-05
3.813717337737847126e-05
3.419148975736154282e-05
3.419396167081797293e-05
3.685450391553983952e-05
3.581662410077768045e-05
4.369239482750157932e-05
4.379701251054513852e-05
3.374746138503817412e-05
4.395996632965267300e-05
4.781621154612783492e-05
3.389459085507518459e-05
4.102342896995361051e-05
3.664512314440501148e-05
4.034637378096045049e-05
4.365217495622152245e-05
4.121613134011640833e-05
3.508062221312447830e-05
4.229429215633369034e-05
4.495597932473136162e-05
4.667679363534462886e-05
3.393240401995169659e-05
4.107255172015608169e-05
3.399480164161430948e-05
3.567140089357513633e-05
3.443876289481216055e-05
4.033513391404092044e-05
3.501353899779947561e-05
3.431669362368325814e-05
3.784446853354039435e-05
3.442239921435450280e-05
3.381771860222891504e-05
4.049272134858647904e-05
3.354549675848278971e-05
3.476143006320924855e-05
3.401906671796517834e-05
3.409814872376637290e-05
3.569714959577889379e-05
3.347765656101307476e-05
3.749892770725732696e-05
3.567144925046245805e-05
4.108257334132498883e-05
3.519927670660507739e-05
3.423068365444574020e-05
4.165124559286260698e-05
4.297048117412644611e-05
3.671977051688073948e-05
4.179743207477782519e-05
3.481797239177227520e-05
3.514425663505848791e-05
3.345122796988478619e-05
3.558783720307065311e-05
3.523018909794968062e-05
3.912023566276713767e-05
3.772803613195894481e-05
3.871723077289432650e-05
3.780848028522566752e-05
3.695461182194406544e-05
3.608247831688913919e-05
3.577684914719479715e-05
4.747864660104346180e-05
4.422610485518657880e-05
3.562850992866898399e-05
3.389408997662426634e-05
3.826169163737887783e-05
3.706958510610957973e-05
3.619475843972268681e-05
3.324075586554629450e-05
4.162556800918124338e-05
3.777146796364859335e-05
4.553146445029681368e-05
3.392740966074119755e-05
3.526674169599562029e-05
3.707315205799004880e-05
3.439447296150038429e-05
3.341340188379875490e-05
3.643582152067974343e-05
4.709531431658872284e-05
3.342080876351749644e-05
3.482755667375128850e-05
3.656486095321098370e-05
3.392049746250199853e-05
3.499637520668830501e-05
3.452655842988976045e-05
3.503136584650291704e-05
3.377575861128300486e-05
3.553978389619929482e-05
4.143891020209353122e-05
4.583940864022364829e-05
3.560524930041343821e-05
3.472724753867818923e-05
3.628718754850171263e-05
4.593086900281072586e-05
3.499211887681033886e-05
3.618139487534920021e-05
4.023235231596668091e-05
3.506724898845213826e-05
3.730683318108201393e-05
3.977895148471766602e-05
4.892590996487062238e-05
4.060186951496311643e-05
3.578416191263762973e-05
4.177450686185423591e-05
3.473757703153909697e-05
3.541801187646377325e-05
3.452679645701442972e-05
3.332853759414067534e-05
3.758931141568078139e-05
4.015285579008463519e-05
4.025988797273117464e-05
4.263988490583434820e-05
3.961226204730662365e-05
4.010691136294051659e-05
3.530925928325213953e-05
3.537760942776160236e-05
3.737584600529537352e-05
3.485575076631526354e-05
3.404606077902060931e-05
3.525021474359846252e-05
4.123909237708008887e-05
3.977314524290822938e-05
3.764219668328341905e-05
3.337406402960138682e-05
3.763239147373304325e-05
3.474093164868434941e-05
3.385261344467950100e-05
3.874073868031455294e-05
3.661534028810781920e-05
3.489516367692343873e-05
3.746928579824907688e-05
4.546028944979000486e-05
3.362753066412297708e-05
3.921280896703878654e-05
3.622679892542195494e-05
3.424678650809930046e-05
3.472735165631688067e-05
3.375731374500098311e-05
3.570371144898751851e-05
4.067537440461533568e-05
3.721084418401049448e-05
3.383422769747453790e-05
3.645797333420835719e-05
3.535656774840289536e-05
3.400429274985337268e-05
3.675497875839572941e-05
3.504680747258292768e-05
3.336962073068438085e-05
4.335240324501322132e-05
3.411365870787902394e-05
3.329824719317782476e-05
3.348030490142777976e-05
3.337905716913981745e-05
4.146521043235965146e-05
5.751506663853143823e-05
3.937853543018558235e-05
3.779402969749627047e-05
3.712091042457024324e-05
3.439797383411737308e-05
3.346529962105549739e-05
3.921150429713995056e-05
3.795841602542289711e-05
3.559051376929458734e-05
5.148560751582917318e-05
3.388916358731386132e-05
3.856267370607257232e-05
3.730803008810724025e-05
4.827817057024266420e-05
3.380536426316562332e-05
3.526135155716315504e-05
3.951894266194712091e-05
3.950057852707419901e-05
3.625813750783227337e-05
4.228981100361082655e-05
3.717786885916457432e-05
3.984040123922414918e-05
4.005862503104399945e-05
3.756741632580350425e-05
3.716446177887508556e-05
3.561212500395831963e-05
3.381245341779475253e-05
4.041291236073810508e-05
3.532697692189042257e-05
3.457918476856776434e-05
3.754781719156279589e-05
3.325102652193587629e-05
3.593918203328727047e-05
3.476789224912825411e-05
3.356895048495827836e-05
3.408379771170026961e-05
3.446058337902372368e-05
4.291658405424518048e-05
3.654729823771446653e-05
5.241298785191587424e-05
3.441994548377989507e-05
3.388949764204603394e-05
3.340283347890041579e-05
3.476560880179092519e-05
3.655010259574395358e-05
3.337319292273466600e-05
3.830324270398867707e-05
3.593977417718520462e-05
4.183882885491113960e-05
3.364801726503616219e-05
3.865352963207574260e-05
3.667387624016210673e-05
3.387144571348502879e-05
3.637411651307777846e-05
3.648352042860131267e-05
3.719811618407123962e-05
3.689066060415945616e-05
3.534789350936655780e-05
3.695794616700767677e-05
3.949533514787433112e-05
3.345647790695988896e-05
3.602266972886100069e-05
3.937851700779029991e-05
3.575812892752809656e-05
4.977841079478041139e-05
4.001026627331243188e-05
3.603104573606920953e-05
3.987402817874972336e-05
3.319024410374987391e-05
3.538873522141710047e-05
3.477318410962655204e-05
3.632806781347425922e-05
4.623158243392291416e-05
3.484077159933723791e-05
3.394695936618137577e-05
3.536701862646151348e-05
3.429014704539257776e-05
4.185514733515898427e-05
3.419784511367359982e-05
3.977269713354475065e-05
3.605980336463265889e-05
4.205544637968742095e-05
3.323585221829184925e-05
3.834885174325657189e-05
4.583261380569938044e-05
3.675736127091767561e-05
3.586530912610663273e-05
3.340526647436381112e-05
3.498668807783499133e-05
3.462878509261352046e-05
3.404562098085822994e-05
3.763994419284068997e-05
4.990474887970533372e-05
3.640647949376257651e-05
3.785786034323442603e-05
5.059477213918548615e-05
3.648749707098293749e-05
3.404102965470080886e-05
3.527417437441181616e-05
3.524456772977261411e-05
3.448655871419250033e-05
3.692781929714954696e-05
5.225312710911205009e-05
4.191546873882304614e-05
3.403115390871022574e-05
3.393889366626740418e-05
5.219337229450807448e-05
4.890866203235051001e-05
4.231291430983089393e-05
3.559839425870111934e-05
3.498431615667978411e-05
4.166115733891399874e-05
3.332337782092077537e-05
3.751316664946085101e-05
3.663645365181903801e-05
4.254145152260595058e-05
4.056008037752023673e-05
4.116294568058628562e-05
3.423090030159992259e-05
3.515488195529956609e-05
3.984368361309413581e-05
3.399764422028157183e-05
3.377632051979290000e-05
3.578157294436502871e-05
3.473713488376708178e-05
3.688029594427768242e-05
3.725691797090584966e-05
3.364733587720063684e-05
3.948784128381747476e-05
3.732791321477192691e-05
3.952742312950895234e-05
3.568664855605645832e-05
3.461802473823958004e-05
3.382659149746031647e-05
3.376870447266614827e-05
4.331309493877840680e-05
3.511964853467390118e-05
3.634521134622712514e-05
3.917950252751580773e-05
3.529560027101549764e-05
3.549167383073207992e-05
3.362340646468035420e-05
3.728486401035293230e-05
5.850742363818704469e-05
3.514997324864259826e-05
5.206406621588782952e-05
3.434570635357417329e-05
3.448650564977436570e-05
3.877897327262948914e-05
3.521657078945499041e-05
3.434602833884847924e-05
3.538895763919580064e-05
3.596022220468701118e-05
4.226056061232985893e-05
4.109812552088146806e-05
3.698984384773782141e-05
6.809603220090300216e-05
5.743998753822761479e-05
3.595859037703809960e-05
3.701874051317754154e-05
3.664426992132043979e-05
3.971499019729593635e-05
3.879873299673244029e-05
3.365261564071566860e-05
3.758250569580446590e-05
3.734395224723238552e-05
4.151573032306347710e-05
3.567350425155558602e-05
3.561210071461246219e-05
3.345662210402945697e-05
5.240744849140856350e-05
3.576806839927969625e-05
3.638236354112504470e-05
3.439294937504673577e-05
3.569492939453485717e-05
3.562758806841516765e-05
4.894152014087402742e-05
3.346169675234684837e-05
4.318291672865242210e-05
3.482572304620746049e-05
5.046429187182894843e-05
3.509008643839136123e-05
3.635884594136575774e-05
4.302019233665901486e-05
3.413717388921131389e-05
4.058107453799630936e-05
3.576900433494669730e-05
3.662843046929573662e-05
3.731388486140798901e-05
3.373486700066090685e-05
3.420047864699277980e-05
3.387933275685271739e-05
3.441255471506321912e-05
3.589716611510159226e-05
4.372635405413276044e-05
3.408286596490938899e-05
4.766367679611250798e-05
4.157890514726189185e-05
4.053954951911034312e-05
4.526584100126397137e-05
3.645697137681001382e-05
3.364884055804690655e-05
3.738881203324116059e-05
3.765434956402238396e-05
4.301538148835224758e-05
5.365182655603718175e-05
4.067301495616162965e-05
3.681219744432737330e-05
4.016629520183980791e-05
3.448501975489540492e-05
3.338596289513525502e-05
3.699319134420595191e-05
3.431618261044967158e-05
4.136829353938718167e-05
3.534866203540771727e-05
3.845357562534688683e-05
3.495170205392928494e-05
3.407252983961420797e-05
3.648701993682462312e-05
3.453504527565222609e-05
3.457291496005421419e-05
3.661502524547729977e-05
3.921429987219563189e-05
4.197717504638077995e-05
3.470257349075649166e-05
4.018444495119910894e-05
3.386648236982736735e-05
3.528825472086020667e-05
3.607291600203010277e-05
3.502796007491900163e-05
3.879036393708957078e-05
3.992092559743409726e-05
4.138228267931524251e-05
3.345875602086097666e-05
3.897065602677914558e-05
3.620625186725680609e-05
3.600389838322607468e-05
4.420165444041557526e-05
3.573553279175558847e-05
3.533052744891568877e-05
4.223918628997423030e-05
3.443402122741476680e-05
3.418499524764380930e-05
3.356574970573956789e-05
4.009166370847319692e-05
3.598290479712212202e-05
4.211790793028955497e-05
5.591009284925250902e-05
4.383640191412162469e-05
3.662905991318977716e-05
3.364705195440270582e-05
3.672747118819364229e-05
3.357774830297451021e-05
4.332446137771383274e-05
3.991556645796975032e-05
4.922388147208677547e-05
3.334973664777929049e-05
3.463250970661175968e-05
3.681359429571791076e-05
3.607774490469014341e-05
3.633262014249827695e-05
3.789404749428766401e-05
3.455828202815265269e-05
3.410414165188284776e-05
3.526589339844896532e-05
3.542937381618661900e-05
3.463014916361385959e-05
3.497500272724450620e-05
3.517256284406103937e-05
4.106602010618364798e-05
3.558387000034510277e-05
3.322997696745345940e-05
4.127934353584288897e-05
3.534801746828762745e-05
3.956074937480185674e-05
3.569232258666836576e-05
3.693287443644822281e-05
3.333544300495108748e-05
3.324524668312242657e-05
3.515103066782865126e-05
3.777124071293306738e-05
3.594735125060607485e-05
3.335631014101221391e-05
3.423566558529975211e-05
4.378037875284269205e-05
3.875368116536357516e-05
3.797550458756983533e-05
3.927842882265966548e-05
3.329032651859504768e-05
3.619315552832877902e-05
3.489970937592475373e-05
3.559873466556486769e-05
4.329273673998151309e-05
4.490039250623878127e-05
3.364020742136096049e-05
3.550916688665582287e-05
4.867724581063400199e-05
3.568838724606500899e-05
3.545789468878963037e-05
3.971898483828632234e-05
3.360624054409737312e-05
3.893506606172618395e-05
4.046992630630771496e-05
3.396335169102973270e-05
3.581260662667345648e-05
4.031729104513779259e-05
3.456751198705908837e-05
3.962104999272241055e-05
3.514554120708836428e-05
3.320276670386672054e-05
3.695285657112591313e-05
3.761762868895396697e-05
3.821609574003715607e-05
3.689015358372713744e-05
3.666192948101988170e-05
3.529721821699081404e-05
3.766767822582500617e-05
3.832805046514313506e-05
4.037981830743261918e-05
3.395648728457408515e-05
3.684161138999950173e-05
3.360595566547745235e-05
6.363451107847028295e-05
3.422244826702352231e-05
4.160774983703224486e-05
3.331996591684138824e-05
3.505063958276426439e-05
3.336322882026479108e-05
4.729561968411535552e-05
3.789214311991280797e-05
4.203073512079348448e-05
3.692832489671999730e-05
4.252117939864770619e-05
5.520635770911811737e-05
4.320444540059950833e-05
4.869132932088429525e-05
3.494479562631685343e-05
3.757408285229247371e-05
4.449153245852149256e-05
3.397129082128110987e-05
3.548946714026058149e-05
3.588775272759628815e-05
3.658316746958783101e-05
3.583557082510629071e-05
3.705197576658948483e-05
3.356237654794534599e-05
4.113578352244297645e-05
4.813992698433437994e-05
4.954599234027419664e-05
4.040946389265811817e-05
3.363102803287139065e-05
3.326342771195649260e-05
3.383906430237502175e-05
4.778756438685474419e-05
3.797837436900654008e-05
3.319840736657129186e-05
3.591120226993732648e-05
6.042546854534679303e-05
3.519102245395702429e-05
3.928846181655616817e-05
3.509812804224809779e-05
3.774338436365836768e-05
5.754981250805162415e-05
3.487719608539358029e-05
3.530547900769246040e-05
3.430000764379836849e-05
3.329593874929781831e-05
3.705234603894535871e-05
3.690839425916208754e-05
3.895717083490811606e-05
3.380727005034007808e-05
3.400614046134066448e-05
5.304141876516280763e-05
3.327312285687809775e-05
4.191117019640862838e-05
3.640698239494390050e-05
4.414605053457725572e-05
3.501954340560340393e-05
4.212540886981564338e-05
3.432209832457357499e-05
3.897018208154909221e-05
3.333759831911142833e-05
3.553340726049452730e-05
3.395823142682072310e-05
3.709679187390059756e-05
3.863038035032930395e-05
3.447790624785294710e-05
4.310047238463003314e-05
3.606731130874578898e-05
3.376071800786343993e-05
3.683244860975013276e-05
4.536002428974337955e-05
3.466190073806766188e-05
3.939455394207090654e-05
4.139079842879289737e-05
3.383699569827814703e-05
3.917417747853401354e-05
3.497832062102819044e-05
4.706262291974133981e-05
3.353140284876174928e-05
3.324163654951513394e-05
3.595743141923891028e-05
3.355373930191387277e-05
3.642998113218949644e-05
3.993426161970400342e-05
3.695307599001703027e-05
3.585539594808955671e-05
4.182750317711459652e-05
3.387905414878761176e-05
3.789435462679783688e-05
3.750358438184988019e-05
3.707075969449055887e-05
3.343670673164538356e-05
3.410288310358767936e-05
3.817141345457276795e-05
4.113166571962135906e-05
3.691625125528126658e-05
3.483062934158134784e-05
3.839441084986454475e-05
3.437425028118562141e-05
3.330724300216709262e-05
3.566438723591540102e-05
3.335092944874268567e-05
3.373715016385261072e-05
3.798525127612646223e-05
4.047144707455574723e-05
4.188975253066785790e-05
4.197785497964355561e-05
4.190648231701562637e-05
3.467327724267049683e-05
3.426340877972816650e-05
3.409623256494706387e-05
3.488892031783094496e-05
3.816565240694163962e-05
3.349796496034255545e-05
3.501794081103825338e-05
3.402988792302107459e-05
4.990561315404555982e-05
4.834851015412867687e-05
3.335942112791192454e-05
3.367184197044740667e-05
3.347088916178300315e-05
4.466195915967727237e-05
4.265064210738320780e-05
3.969294582490597045e-05
3.436474288191351470e-05
3.992241586738517388e-05
3.916316606502926557e-05
4.588193473642837258e-05
3.643278757769238645e-05
3.340920457700994608e-05
3.557719846350175828e-05
4.340151399346068141e-05
3.364489392579540485e-05
3.585453772249287468e-05
3.356223359693997680e-05
3.579182990706579524e-05
3.634247814454731043e-05
4.190128049822188281e-05
3.464944018817309575e-05
3.851217776899714768e-05
3.780860390517073143e-05
4.361188074243224579e-05
6.101850022523253741e-05
4.641590771439829053e-05
3.322262888441622388e-05
3.468532252927722251e-05
3.410200751639221896e-05
5.785957670524399424e-05
3.475512040581565687e-05
3.366971664884258343e-05
3.596104986551019593e-05
3.656117854819650274e-05
3.415391596582065069e-05
3.398298275440410804e-05
4.099008994128650697e-05
3.916757913066265539e-05
3.352019057199803298e-05
3.411989006370282486e-05
3.866744353346935237e-05
3.858194046159150596e-05
4.088983877463677700e-05
3.489857952372112261e-05
3.723596352134740959e-05
3.336863310994058845e-05
3.571188500140664901e-05
3.534405018973835075e-05
3.433910382533802058e-05
3.531475362022424365e-05
3.344640872571033184e-05
3.703839934870074179e-05
3.537654579259527708e-05
3.474069763453273269e-05
3.418447880209521774e-05
3.819659747879914074e-05
3.808339232635402229e-05
3.355076347024701314e-05
4.268425648547436574e-05
3.861368843773128548e-05
3.434584051511393397e-05
3.411379539399178997e-05
3.345001612411387126e-05
3.334700149045429629e-05
4.511565989772067299e-05
3.840130198608584388e-05
4.261934115571270183e-05
3.405911017624162483e-05
5.201442673024669303e-05
3.627560291309100808e-05
3.815948724417284320e-05
3.319310334743291881e-05
