Fracture Radii List After Isolated Fracture and Cluster Removal
Format: xRadius yRadius Family# (-2 = userPolygon, -1 = userRectangle, 0 = userEllipse, > 0 is family in order of famProb)
44.077 44.077 2
46.7374 46.7374 3
117.917 117.917 3
62.3626 62.3626 3
30.7811 30.7811 2
30.1351 30.1351 1
42.8906 42.8906 3
56.2896 56.2896 2
66.916 66.916 1
102.488 102.488 3
51.0139 51.0139 3
59.0534 59.0534 3
81.4257 81.4257 3
39.4739 39.4739 3
91.1549 91.1549 3
31.7852 31.7852 1
42.0186 42.0186 1
36.2952 36.2952 3
34.5083 34.5083 3
40.3915 40.3915 3
56.4047 56.4047 2
40.0683 40.0683 3
100.436 100.436 1
56.908 56.908 3
31.12 31.12 2
34.9258 34.9258 2
54.8278 54.8278 1
39.7665 39.7665 2
219.607 219.607 3
169.73 169.73 3
59.4845 59.4845 3
65.4269 65.4269 3
32.8594 32.8594 3
53.8591 53.8591 1
35.0464 35.0464 3
47.8312 47.8312 2
41.0294 41.0294 1
40.4412 40.4412 3
143.849 143.849 3
181.176 181.176 3
31.3165 31.3165 2
49.6333 49.6333 1
33.6488 33.6488 3
33.9586 33.9586 3
33.911 33.911 3
99.238 99.238 3
48.5348 48.5348 3
68.4615 68.4615 2
31.8392 31.8392 1
65.7584 65.7584 3
32.1912 32.1912 2
42.9911 42.9911 3
33.6637 33.6637 3
59.5917 59.5917 3
33.2901 33.2901 2
31.8008 31.8008 2
50.4086 50.4086 3
34.8665 34.8665 1
37.1103 37.1103 3
30.6668 30.6668 2
45.9091 45.9091 3
71.7087 71.7087 3
60.2015 60.2015 2
30.2019 30.2019 2
55.3796 55.3796 1
32.3949 32.3949 3
149.759 149.759 3
56.0451 56.0451 3
53.5215 53.5215 3
58.5569 58.5569 3
32.6068 32.6068 3
33.9084 33.9084 2
55.4148 55.4148 2
53.5566 53.5566 3
43.2998 43.2998 2
46.6076 46.6076 3
30.2901 30.2901 3
35.6623 35.6623 1
71.6129 71.6129 2
31.6188 31.6188 2
53.7217 53.7217 3
70.4529 70.4529 2
36.5993 36.5993 1
38.3202 38.3202 1
106.781 106.781 3
98.197 98.197 3
53.4497 53.4497 1
51.7556 51.7556 3
34.3388 34.3388 3
40.0711 40.0711 3
33.3361 33.3361 2
48.0632 48.0632 2
65.1306 65.1306 3
82.0091 82.0091 2
36.6849 36.6849 3
39.5888 39.5888 3
45.1279 45.1279 3
105.489 105.489 1
33.0089 33.0089 3
61.3045 61.3045 3
42.0294 42.0294 2
56.7076 56.7076 3
69.0417 69.0417 3
31.9659 31.9659 3
30.6478 30.6478 1
68.199 68.199 2
36.8103 36.8103 1
102.181 102.181 3
43.329 43.329 1
46.3907 46.3907 3
34.8772 34.8772 1
76.1726 76.1726 3
72.6783 72.6783 1
41.6011 41.6011 3
48.7456 48.7456 2
37.0006 37.0006 1
91.5494 91.5494 3
30.3218 30.3218 2
34.262 34.262 3
37.4727 37.4727 2
97.4621 97.4621 2
32.4525 32.4525 2
38.3606 38.3606 1
33.36 33.36 2
30.2929 30.2929 2
47.7824 47.7824 3
34.4893 34.4893 2
120.174 120.174 3
83.5203 83.5203 1
47.1606 47.1606 3
71.8782 71.8782 3
57.9549 57.9549 3
30.3735 30.3735 1
75.6871 75.6871 3
49.7488 49.7488 3
93.6994 93.6994 3
30.7443 30.7443 1
31.0422 31.0422 3
32.5412 32.5412 2
35.592 35.592 3
56.1038 56.1038 3
37.0182 37.0182 2
39.5085 39.5085 2
30.1905 30.1905 2
32.189 32.189 3
40.8504 40.8504 2
75.4133 75.4133 1
30.1499 30.1499 2
42.6034 42.6034 3
33.9084 33.9084 3
37.8235 37.8235 3
40.8901 40.8901 2
61.1581 61.1581 2
41.8503 41.8503 2
57.1084 57.1084 2
72.7156 72.7156 3
52.112 52.112 1
36.7137 36.7137 3
72.6774 72.6774 3
41.8317 41.8317 2
37.2361 37.2361 1
48.8824 48.8824 3
51.4159 51.4159 3
41.9568 41.9568 3
57.6445 57.6445 2
59.7323 59.7323 2
32.8633 32.8633 3
62.3859 62.3859 3
84.3297 84.3297 3
38.7437 38.7437 2
43.4022 43.4022 3
36.9449 36.9449 3
39.4048 39.4048 2
34.1449 34.1449 3
30.7321 30.7321 3
43.1808 43.1808 3
42.1008 42.1008 2
30.584 30.584 3
31.4561 31.4561 3
61.4832 61.4832 1
37.8173 37.8173 1
48.239 48.239 2
107.252 107.252 2
31.9396 31.9396 1
41.9061 41.9061 1
38.3844 38.3844 2
41.2193 41.2193 3
53.9441 53.9441 3
42.6195 42.6195 3
31.3812 31.3812 1
30.5803 30.5803 3
47.1794 47.1794 3
48.355 48.355 2
30.2283 30.2283 3
50.9165 50.9165 2
35.6972 35.6972 2
39.2443 39.2443 2
111.445 111.445 3
36.6986 36.6986 2
43.3441 43.3441 1
34.477 34.477 2
38.2183 38.2183 3
58.8838 58.8838 3
31.6002 31.6002 1
42.115 42.115 3
41.5756 41.5756 3
37.5232 37.5232 1
32.0002 32.0002 2
59.9157 59.9157 2
55.1993 55.1993 3
65.0695 65.0695 3
111.167 111.167 1
49.8055 49.8055 3
60.955 60.955 3
36.498 36.498 3
37.0277 37.0277 2
39.4571 39.4571 1
38.9329 38.9329 1
92.1252 92.1252 1
42.3051 42.3051 2
33.5824 33.5824 1
34.4625 34.4625 1
57.6156 57.6156 1
32.7964 32.7964 3
57.1931 57.1931 3
32.119 32.119 3
84.3606 84.3606 3
158.212 158.212 1
43.1863 43.1863 1
70.6953 70.6953 3
39.3795 39.3795 2
33.1008 33.1008 2
34.8633 34.8633 3
32.0979 32.0979 1
43.9351 43.9351 2
55.3297 55.3297 2
46.1018 46.1018 3
34.4767 34.4767 2
44.5647 44.5647 2
38.557 38.557 3
42.5755 42.5755 3
69.4689 69.4689 1
35.2387 35.2387 3
35.2607 35.2607 1
41.9953 41.9953 3
71.5896 71.5896 3
31.4945 31.4945 3
55.4248 55.4248 1
37.6185 37.6185 2
31.5151 31.5151 3
91.5643 91.5643 3
31.6417 31.6417 2
32.0242 32.0242 3
40.1432 40.1432 2
33.5312 33.5312 3
40.268 40.268 1
49.895 49.895 3
65.9955 65.9955 3
63.7119 63.7119 3
90.9037 90.9037 1
31.2661 31.2661 1
65.0495 65.0495 3
35.4201 35.4201 3
32.1319 32.1319 1
39.3396 39.3396 3
33.5324 33.5324 3
55.1892 55.1892 2
33.5392 33.5392 2
32.1389 32.1389 3
37.3638 37.3638 2
31.8086 31.8086 3
40.9165 40.9165 1
50.5284 50.5284 1
33.3521 33.3521 3
60.4659 60.4659 3
33.2943 33.2943 3
41.3123 41.3123 3
168.971 168.971 3
91.6743 91.6743 3
33.7286 33.7286 3
44.9076 44.9076 3
48.998 48.998 1
35.4205 35.4205 1
30.6852 30.6852 2
47.8799 47.8799 3
64.9584 64.9584 3
51.1911 51.1911 3
37.735 37.735 1
37.6034 37.6034 3
40.7479 40.7479 3
60.7089 60.7089 2
48.3501 48.3501 1
31.1808 31.1808 1
37.4157 37.4157 3
36.1881 36.1881 2
31.6936 31.6936 2
33.2556 33.2556 3
61.6891 61.6891 3
32.5618 32.5618 1
33.422 33.422 3
40.5774 40.5774 3
32.3904 32.3904 3
37.4152 37.4152 2
39.5775 39.5775 3
36.5465 36.5465 3
46.5362 46.5362 1
111.283 111.283 3
51.0436 51.0436 3
48.7337 48.7337 3
49.2376 49.2376 1
39.0662 39.0662 3
219.199 219.199 2
32.3027 32.3027 3
39.3772 39.3772 1
50.4376 50.4376 1
40.5709 40.5709 3
82.2587 82.2587 3
38.8799 38.8799 1
151.322 151.322 3
35.8723 35.8723 3
31.157 31.157 3
37.5662 37.5662 2
332.841 332.841 3
47.2061 47.2061 2
37.4154 37.4154 3
44.1953 44.1953 3
36.0703 36.0703 3
95.9947 95.9947 3
48.8868 48.8868 2
40.2575 40.2575 1
108.029 108.029 2
34.0662 34.0662 3
45.692 45.692 1
48.9016 48.9016 3
34.7683 34.7683 3
45.6824 45.6824 2
150.175 150.175 3
47.6596 47.6596 1
50.7591 50.7591 2
35.6813 35.6813 1
30.9492 30.9492 1
62.183 62.183 3
30.1202 30.1202 3
34.2367 34.2367 3
56.0268 56.0268 3
30.0991 30.0991 1
31.7092 31.7092 1
35.8341 35.8341 3
45.7793 45.7793 2
30.5 30.5 3
51.2436 51.2436 2
32.8961 32.8961 2
41.6222 41.6222 2
111.903 111.903 1
31.9474 31.9474 3
43.5138 43.5138 3
55.5808 55.5808 3
58.7184 58.7184 3
46.515 46.515 1
61.4723 61.4723 3
31.5812 31.5812 3
36.4019 36.4019 1
33.242 33.242 1
42.7178 42.7178 1
55.4479 55.4479 3
84.0777 84.0777 3
34.292 34.292 1
41.2905 41.2905 3
46.388 46.388 2
41.4603 41.4603 2
76.9684 76.9684 1
36.5663 36.5663 1
37.9673 37.9673 3
36.6166 36.6166 1
33.4311 33.4311 1
30.5956 30.5956 1
37.6403 37.6403 3
41.198 41.198 3
34.2808 34.2808 3
32.5131 32.5131 3
78.1647 78.1647 1
81.4425 81.4425 2
37.2066 37.2066 2
48.3529 48.3529 1
62.2243 62.2243 3
43.1384 43.1384 1
45.2186 45.2186 3
83.222 83.222 3
30.7587 30.7587 3
32.3325 32.3325 3
82.9273 82.9273 3
84.5775 84.5775 2
33.0896 33.0896 2
32.4294 32.4294 2
47.8412 47.8412 3
39.5724 39.5724 3
50.6435 50.6435 3
30.5057 30.5057 1
37.0282 37.0282 3
40.6237 40.6237 2
40.4988 40.4988 3
55.6116 55.6116 3
33.3403 33.3403 2
34.2215 34.2215 1
33.3976 33.3976 2
30.5061 30.5061 3
43.4337 43.4337 1
30.1209 30.1209 2
44.9907 44.9907 3
39.3445 39.3445 3
30.2812 30.2812 2
49.1013 49.1013 2
49.2839 49.2839 2
31.4182 31.4182 3
361.901 361.901 3
42.2253 42.2253 3
30.3406 30.3406 1
36.2581 36.2581 3
77.8026 77.8026 2
79.5792 79.5792 2
46.8265 46.8265 3
35.0865 35.0865 3
30.4852 30.4852 2
54.0976 54.0976 1
35.4607 35.4607 1
62.89 62.89 2
49.1602 49.1602 3
32.9943 32.9943 3
37.4394 37.4394 3
37.8747 37.8747 3
53.4577 53.4577 3
37.6784 37.6784 1
58.5963 58.5963 3
38.868 38.868 2
31.774 31.774 1
40.8452 40.8452 2
46.6303 46.6303 3
42.4788 42.4788 2
90.1097 90.1097 3
35.264 35.264 1
55.1665 55.1665 3
48.758 48.758 3
31.781 31.781 3
32.679 32.679 1
31.5127 31.5127 1
47.1247 47.1247 3
38.5558 38.5558 2
33.0327 33.0327 1
33.195 33.195 1
35.9045 35.9045 2
55.5384 55.5384 1
37.7275 37.7275 1
70.9338 70.9338 2
39.1182 39.1182 2
71.2006 71.2006 2
33.5512 33.5512 3
44.7235 44.7235 3
30.7068 30.7068 1
32.7329 32.7329 2
32.8649 32.8649 3
36.1891 36.1891 2
43.6027 43.6027 1
41.3727 41.3727 3
35.2067 35.2067 2
66.9578 66.9578 1
45.9442 45.9442 3
35.5542 35.5542 1
34.3849 34.3849 3
43.9955 43.9955 2
55.1701 55.1701 3
33.3447 33.3447 3
62.205 62.205 3
41.5986 41.5986 1
47.9357 47.9357 3
50.3537 50.3537 2
87.8596 87.8596 2
109.554 109.554 3
45.5853 45.5853 3
31.856 31.856 2
32.2552 32.2552 3
68.0443 68.0443 2
47.2425 47.2425 2
30.5384 30.5384 3
30.1234 30.1234 3
56.8378 56.8378 3
112.109 112.109 3
56.9376 56.9376 3
33.1349 33.1349 1
84.6252 84.6252 3
37.1978 37.1978 3
50.7809 50.7809 3
30.4855 30.4855 1
38.4583 38.4583 3
50.3677 50.3677 1
30.8693 30.8693 2
47.112 47.112 1
34.3236 34.3236 2
50.2349 50.2349 3
37.0588 37.0588 2
30.5724 30.5724 1
36.5982 36.5982 3
60.3643 60.3643 3
40.9176 40.9176 3
143.919 143.919 3
79.3431 79.3431 2
32.71 32.71 2
38.0601 38.0601 1
71.1998 71.1998 3
42.989 42.989 3
30.4873 30.4873 3
33.3422 33.3422 3
40.12 40.12 3
35.0744 35.0744 3
31.194 31.194 2
44.8657 44.8657 2
32.0606 32.0606 3
46.6926 46.6926 1
41.3165 41.3165 1
36.6713 36.6713 3
35.521 35.521 2
37.0745 37.0745 2
31.6595 31.6595 1
63.2941 63.2941 2
30.8983 30.8983 3
104.59 104.59 3
51.5012 51.5012 2
59.7781 59.7781 3
72.9485 72.9485 3
43.7603 43.7603 1
44.9272 44.9272 2
44.5044 44.5044 2
44.741 44.741 3
33.3379 33.3379 3
52.9987 52.9987 3
53.5851 53.5851 3
48.5517 48.5517 2
87.5328 87.5328 1
64.3629 64.3629 3
33.4061 33.4061 2
77.0469 77.0469 2
38.3383 38.3383 3
35.7321 35.7321 1
33.9027 33.9027 2
45.9476 45.9476 3
69.9909 69.9909 3
105.141 105.141 2
43.0279 43.0279 3
31.8063 31.8063 1
30.2558 30.2558 1
31.2876 31.2876 2
35.9587 35.9587 1
44.5775 44.5775 3
33.467 33.467 3
44.3995 44.3995 3
40.9906 40.9906 3
46.7934 46.7934 1
74.0963 74.0963 3
44.9862 44.9862 3
31.4737 31.4737 3
35.6142 35.6142 1
30.9092 30.9092 2
37.4424 37.4424 3
45.7008 45.7008 3
33.3891 33.3891 3
31.3248 31.3248 3
47.1577 47.1577 3
57.7447 57.7447 3
30.0555 30.0555 3
47.5512 47.5512 3
49.7208 49.7208 3
34.4608 34.4608 3
33.2322 33.2322 3
36.9597 36.9597 2
43.4464 43.4464 1
30.9663 30.9663 3
32.3095 32.3095 3
43.6158 43.6158 3
32.978 32.978 3
49.1846 49.1846 3
31.2386 31.2386 3
35.7208 35.7208 1
54.382 54.382 3
39.21 39.21 3
36.3454 36.3454 3
78.8908 78.8908 3
82.868 82.868 3
66.9022 66.9022 3
40.9281 40.9281 3
33.4539 33.4539 2
43.6325 43.6325 3
74.0857 74.0857 3
118.44 118.44 3
106.87 106.87 3
88.911 88.911 3
33.3703 33.3703 1
86.2603 86.2603 3
35.5594 35.5594 1
48.6459 48.6459 3
107.74 107.74 1
36.5064 36.5064 3
88.9027 88.9027 3
87.9594 87.9594 3
35.0308 35.0308 2
45.8141 45.8141 2
34.669 34.669 2
41.4692 41.4692 1
30.138 30.138 1
34.1995 34.1995 3
95.1435 95.1435 3
37.3671 37.3671 3
31.7209 31.7209 3
68.5269 68.5269 3
55.3171 55.3171 1
109.343 109.343 3
54.9011 54.9011 3
51.9681 51.9681 1
39.5763 39.5763 1
126.826 126.826 2
32.0825 32.0825 3
71.5359 71.5359 3
34.2529 34.2529 2
48.9346 48.9346 3
70.7981 70.7981 2
31.4239 31.4239 3
38.018 38.018 1
101.156 101.156 3
30.2405 30.2405 1
112.192 112.192 2
71.8569 71.8569 3
47.7868 47.7868 3
49.058 49.058 2
30.7117 30.7117 3
35.8647 35.8647 1
43.8611 43.8611 2
105.135 105.135 3
46.7648 46.7648 2
32.8005 32.8005 3
37.1947 37.1947 1
47.3219 47.3219 3
50.2111 50.2111 3
60.8962 60.8962 1
57.1358 57.1358 3
34.0079 34.0079 2
97.7483 97.7483 3
30.6897 30.6897 3
68.3639 68.3639 3
44.671 44.671 2
79.3452 79.3452 1
55.6398 55.6398 3
34.878 34.878 3
37.2526 37.2526 2
34.8683 34.8683 3
55.0718 55.0718 3
32.2785 32.2785 1
31.8397 31.8397 2
37.7508 37.7508 3
32.9107 32.9107 3
62.1449 62.1449 3
76.464 76.464 1
63.1261 63.1261 3
78.3549 78.3549 3
39.5324 39.5324 3
30.3856 30.3856 1
31.8954 31.8954 3
33.3965 33.3965 3
40.6838 40.6838 3
43.9126 43.9126 3
36.514 36.514 3
31.4688 31.4688 3
32.7436 32.7436 3
31.9455 31.9455 1
38.1067 38.1067 1
38.5025 38.5025 3
33.9779 33.9779 3
56.9919 56.9919 2
34.1632 34.1632 3
41.0361 41.0361 3
42.9499 42.9499 1
39.3342 39.3342 1
30.1669 30.1669 3
102.081 102.081 3
48.8366 48.8366 3
40.0838 40.0838 3
44.6247 44.6247 2
198.033 198.033 2
51.4135 51.4135 3
84.618 84.618 1
105.33 105.33 2
33.0669 33.0669 2
56.409 56.409 2
45.3696 45.3696 3
34.4558 34.4558 2
31.4949 31.4949 1
47.8674 47.8674 3
50.7617 50.7617 1
35.4656 35.4656 2
33.4304 33.4304 3
31.0406 31.0406 3
31.1797 31.1797 2
92.3394 92.3394 3
45.9997 45.9997 2
34.347 34.347 3
33.5031 33.5031 3
40.7192 40.7192 3
30.4343 30.4343 3
32.5735 32.5735 3
63.3034 63.3034 2
33.52 33.52 1
35.5339 35.5339 3
35.8601 35.8601 3
31.0366 31.0366 1
42.6747 42.6747 3
41.0526 41.0526 3
114.376 114.376 3
37.4282 37.4282 2
34.6134 34.6134 2
36.183 36.183 3
30.0218 30.0218 1
33.7513 33.7513 2
38.3771 38.3771 3
60.6891 60.6891 3
30.5601 30.5601 3
127.199 127.199 3
431.637 431.637 1
43.0854 43.0854 3
40.9967 40.9967 2
35.7367 35.7367 1
33.1705 33.1705 3
57.1198 57.1198 1
100.058 100.058 3
57.3807 57.3807 2
33.1599 33.1599 3
67.9376 67.9376 1
50.2665 50.2665 3
31.4531 31.4531 2
46.8653 46.8653 2
35.4402 35.4402 3
30.1736 30.1736 2
82.2173 82.2173 3
49.6653 49.6653 3
77.7182 77.7182 3
36.1878 36.1878 1
59.2512 59.2512 1
43.1773 43.1773 3
33.8248 33.8248 3
46.9768 46.9768 2
40.3661 40.3661 3
60.7237 60.7237 3
35.9853 35.9853 2
31.4922 31.4922 3
34.692 34.692 3
40.7059 40.7059 1
37.8741 37.8741 2
39.1823 39.1823 3
33.8101 33.8101 3
122.334 122.334 3
52.5925 52.5925 1
30.1866 30.1866 1
67.3411 67.3411 3
35.797 35.797 2
103.628 103.628 3
30.912 30.912 3
33.4253 33.4253 1
47.6274 47.6274 3
34.943 34.943 3
31.5477 31.5477 3
40.4288 40.4288 3
39.6739 39.6739 2
147.959 147.959 2
41.4506 41.4506 3
38.0389 38.0389 2
76.5553 76.5553 3
43.7361 43.7361 1
89.5777 89.5777 1
45.9637 45.9637 3
31.0288 31.0288 2
39.6941 39.6941 1
33.7376 33.7376 3
78.5671 78.5671 3
40.68 40.68 2
44.9066 44.9066 3
244.983 244.983 1
38.7906 38.7906 3
42.3127 42.3127 2
43.5301 43.5301 3
35.6044 35.6044 3
56.5207 56.5207 3
48.7493 48.7493 2
45.1981 45.1981 2
45.6908 45.6908 2
72.8652 72.8652 3
38.4804 38.4804 3
32.1827 32.1827 2
44.0513 44.0513 3
47.983 47.983 2
35.9355 35.9355 2
34.1985 34.1985 1
66.9465 66.9465 3
35.0322 35.0322 3
40.1239 40.1239 3
74.6694 74.6694 2
119.868 119.868 2
70.5681 70.5681 3
50.753 50.753 3
46.7882 46.7882 1
32.0424 32.0424 2
33.3956 33.3956 2
67.7705 67.7705 3
32.4402 32.4402 3
37.078 37.078 3
87.9129 87.9129 1
66.5667 66.5667 3
30.7042 30.7042 3
67.6506 67.6506 2
31.0839 31.0839 1
39.5645 39.5645 3
58.505 58.505 3
49.2581 49.2581 2
48.5533 48.5533 2
37.8479 37.8479 2
61.9105 61.9105 2
71.7434 71.7434 3
171.135 171.135 1
45.5352 45.5352 3
76.1459 76.1459 2
32.8701 32.8701 3
54.044 54.044 1
55.685 55.685 2
47.9082 47.9082 2
56.0612 56.0612 2
46.356 46.356 2
30.4388 30.4388 2
34.15 34.15 3
68.6772 68.6772 3
50.9491 50.9491 1
42.37 42.37 3
47.8094 47.8094 3
56.1269 56.1269 3
33.8813 33.8813 2
34.1596 34.1596 3
59.9499 59.9499 3
35.6723 35.6723 1
60.3881 60.3881 3
31.1546 31.1546 2
73.8106 73.8106 3
331.874 331.874 3
31.6213 31.6213 1
48.4334 48.4334 3
48.0137 48.0137 3
41.1104 41.1104 3
60.4275 60.4275 3
58.1646 58.1646 3
91.3488 91.3488 3
31.4184 31.4184 2
286.694 286.694 2
32.0782 32.0782 3
99.4598 99.4598 3
127.989 127.989 3
30.6047 30.6047 3
53.7082 53.7082 3
45.3527 45.3527 2
39.5364 39.5364 3
47.1417 47.1417 1
45.426 45.426 3
46.9084 46.9084 3
39.887 39.887 3
34.3975 34.3975 2
36.2127 36.2127 3
138.471 138.471 3
52.766 52.766 1
60.7276 60.7276 2
37.0369 37.0369 3
133.253 133.253 3
35.144 35.144 2
39.0194 39.0194 1
33.4439 33.4439 3
38.2213 38.2213 2
30.3031 30.3031 2
34.2007 34.2007 3
66.9454 66.9454 2
32.6584 32.6584 3
56.1664 56.1664 1
47.8463 47.8463 3
62.1152 62.1152 1
157.031 157.031 2
48.3827 48.3827 2
36.3276 36.3276 3
74.2512 74.2512 1
45.5325 45.5325 1
43.0808 43.0808 1
33.3023 33.3023 2
81.8737 81.8737 3
31.701 31.701 2
35.2184 35.2184 2
36.7485 36.7485 1
30.4915 30.4915 3
97.1969 97.1969 3
33.4349 33.4349 1
37.6499 37.6499 2
40.8088 40.8088 3
180.069 180.069 3
32.4069 32.4069 3
65.2163 65.2163 3
107.926 107.926 3
57.2512 57.2512 2
56.8281 56.8281 3
38.0656 38.0656 3
31.028 31.028 3
36.2609 36.2609 3
42.0088 42.0088 3
33.3926 33.3926 3
39.8548 39.8548 3
33.9672 33.9672 3
44.9063 44.9063 3
35.7052 35.7052 3
37.1433 37.1433 3
64.4509 64.4509 3
50.0269 50.0269 1
38.9704 38.9704 3
33.02 33.02 2
46.0397 46.0397 3
38.5216 38.5216 3
40.2385 40.2385 3
33.889 33.889 3
42.9094 42.9094 1
37.7298 37.7298 3
35.8098 35.8098 3
46.046 46.046 3
63.3851 63.3851 3
31.9363 31.9363 2
50.8403 50.8403 3
32.6022 32.6022 3
32.2304 32.2304 1
32.7747 32.7747 3
58.1689 58.1689 3
90.2199 90.2199 3
30.2443 30.2443 3
32.4526 32.4526 3
63.1431 63.1431 1
30.9627 30.9627 2
48.4977 48.4977 3
63.5188 63.5188 2
32.5648 32.5648 2
31.9144 31.9144 3
31.2692 31.2692 2
46.9524 46.9524 2
41.5626 41.5626 1
44.9579 44.9579 1
72.1182 72.1182 3
32.3651 32.3651 2
30.5715 30.5715 2
32.2366 32.2366 1
34.3528 34.3528 3
33.8115 33.8115 3
39.1727 39.1727 3
30.1161 30.1161 3
41.9749 41.9749 3
30.6117 30.6117 1
36.9255 36.9255 3
31.0826 31.0826 3
34.1831 34.1831 3
34.523 34.523 3
82.94 82.94 2
41.0391 41.0391 3
30.6844 30.6844 3
36.5498 36.5498 1
43.4496 43.4496 2
51.8523 51.8523 2
42.8364 42.8364 1
47.8969 47.8969 1
81.3322 81.3322 3
38.7212 38.7212 2
38.4242 38.4242 1
69.8768 69.8768 1
83.7501 83.7501 3
58.4332 58.4332 2
37.8621 37.8621 1
68.6332 68.6332 3
90.2091 90.2091 3
30.4449 30.4449 3
57.8463 57.8463 3
75.3205 75.3205 2
164.239 164.239 3
67.6272 67.6272 3
32.4844 32.4844 3
34.4233 34.4233 3
35.1612 35.1612 3
32.3091 32.3091 2
66.9817 66.9817 3
54.3664 54.3664 1
31.1454 31.1454 2
64.8366 64.8366 1
144.991 144.991 3
34.4044 34.4044 3
37.2598 37.2598 3
36.6458 36.6458 2
70.3146 70.3146 3
31.0155 31.0155 3
83.54 83.54 3
35.8356 35.8356 3
30.4327 30.4327 3
55.078 55.078 3
31.9784 31.9784 1
119.337 119.337 2
51.7757 51.7757 2
30.3285 30.3285 1
35.7334 35.7334 3
101.856 101.856 2
35.2547 35.2547 2
35.4159 35.4159 3
37.1717 37.1717 3
94.8153 94.8153 3
54.8191 54.8191 3
92.0909 92.0909 2
107.458 107.458 2
50.1156 50.1156 3
92.9387 92.9387 3
58.1876 58.1876 1
60.633 60.633 3
30.6609 30.6609 3
31.3432 31.3432 1
33.0182 33.0182 3
51.3541 51.3541 1
33.4841 33.4841 3
84.4468 84.4468 3
43.522 43.522 2
38.0269 38.0269 3
39.9813 39.9813 3
35.6114 35.6114 3
43.625 43.625 3
32.111 32.111 2
102.828 102.828 3
196.98 196.98 3
69.3615 69.3615 3
33.9464 33.9464 3
95.4244 95.4244 3
35.2868 35.2868 3
37.0773 37.0773 3
49.8299 49.8299 2
35.2246 35.2246 3
38.1914 38.1914 1
67.7384 67.7384 2
35.7196 35.7196 3
66.2993 66.2993 3
52.8792 52.8792 1
32.7854 32.7854 1
30.1682 30.1682 3
54.3387 54.3387 3
36.5607 36.5607 2
64.7556 64.7556 3
39.7459 39.7459 3
72.1905 72.1905 3
56.0786 56.0786 2
217.857 217.857 2
44.0461 44.0461 2
37.181 37.181 1
82.984 82.984 1
30.3092 30.3092 2
34.2656 34.2656 3
32.9212 32.9212 3
41.3664 41.3664 2
182.117 182.117 3
157.623 157.623 3
36.3152 36.3152 2
32.8366 32.8366 1
33.1144 33.1144 3
119.849 119.849 3
33.7551 33.7551 2
31.511 31.511 1
88.496 88.496 2
34.6242 34.6242 3
31.0798 31.0798 3
47.4973 47.4973 3
34.691 34.691 3
46.1506 46.1506 3
30.0188 30.0188 3
44.6552 44.6552 3
50.1964 50.1964 3
62.5235 62.5235 1
63.5011 63.5011 1
32.3747 32.3747 3
44.0686 44.0686 3
60.5049 60.5049 3
39.8153 39.8153 2
57.5551 57.5551 3
33.5822 33.5822 1
69.4937 69.4937 3
36.6553 36.6553 3
53.4253 53.4253 2
80.1319 80.1319 2
115.298 115.298 2
35.6871 35.6871 1
34.685 34.685 3
58.9832 58.9832 2
32.8827 32.8827 1
64.0937 64.0937 1
47.0415 47.0415 3
36.0408 36.0408 3
55.0034 55.0034 2
54.902 54.902 3
51.2891 51.2891 2
40.3974 40.3974 1
32.1567 32.1567 3
32.3087 32.3087 1
33.8466 33.8466 3
30.5568 30.5568 1
65.4514 65.4514 3
76.7962 76.7962 3
34.0774 34.0774 3
77.391 77.391 3
52.9002 52.9002 3
68.9448 68.9448 3
34.5385 34.5385 3
32.1212 32.1212 3
40.0019 40.0019 2
41.4418 41.4418 3
32.3973 32.3973 3
39.3615 39.3615 1
55.5923 55.5923 3
50.0858 50.0858 3
40.422 40.422 1
54.509 54.509 3
33.1351 33.1351 3
60.5038 60.5038 3
41.9561 41.9561 2
72.0544 72.0544 3
43.5536 43.5536 2
126.137 126.137 1
105.728 105.728 3
35.3988 35.3988 3
37.889 37.889 2
47.8726 47.8726 2
261.233 261.233 3
47.9599 47.9599 3
33.9564 33.9564 2
86.6234 86.6234 3
42.8497 42.8497 3
34.978 34.978 2
46.5221 46.5221 1
54.834 54.834 3
35.0493 35.0493 1
57.2006 57.2006 3
41.7025 41.7025 3
87.3985 87.3985 3
53.6987 53.6987 1
47.2009 47.2009 2
85.6373 85.6373 1
35.4552 35.4552 1
31.1075 31.1075 1
33.285 33.285 1
38.3229 38.3229 3
31.8273 31.8273 2
36.7905 36.7905 3
55.0837 55.0837 3
30.0391 30.0391 3
187.622 187.622 1
46.2043 46.2043 3
37.4144 37.4144 1
39.5032 39.5032 3
61.5096 61.5096 2
31.3027 31.3027 3
33.1323 33.1323 2
72.5044 72.5044 1
31.879 31.879 3
35.9432 35.9432 2
45.1103 45.1103 3
32.7314 32.7314 2
41.8383 41.8383 3
94.1741 94.1741 3
38.389 38.389 3
162.162 162.162 2
37.848 37.848 1
30.3485 30.3485 1
30.0558 30.0558 2
100.234 100.234 2
64.2562 64.2562 2
59.4026 59.4026 2
47.5223 47.5223 3
64.1755 64.1755 1
33.87 33.87 1
46.7546 46.7546 1
37.7144 37.7144 1
115.399 115.399 3
86.6624 86.6624 2
33.3918 33.3918 1
111.546 111.546 2
42.7846 42.7846 3
30.6515 30.6515 2
56.6571 56.6571 3
30.6884 30.6884 3
84.6297 84.6297 3
37.2602 37.2602 3
57.5041 57.5041 3
31.1069 31.1069 2
58.5661 58.5661 2
38.4113 38.4113 3
65.4916 65.4916 1
71.9784 71.9784 2
47.1682 47.1682 2
43.7642 43.7642 1
134.086 134.086 2
41.7221 41.7221 1
43.3263 43.3263 3
33.5831 33.5831 3
54.3976 54.3976 3
30.4275 30.4275 2
41.0895 41.0895 1
33.871 33.871 1
33.044 33.044 3
35.0142 35.0142 2
45.7717 45.7717 3
63.631 63.631 3
43.6846 43.6846 3
33.9783 33.9783 1
35.6797 35.6797 2
32.256 32.256 3
30.4078 30.4078 3
32.6543 32.6543 2
40.4183 40.4183 3
32.509 32.509 3
80.8666 80.8666 3
30.8414 30.8414 2
40.3356 40.3356 3
66.5007 66.5007 1
42.9008 42.9008 2
36.1533 36.1533 2
51.1217 51.1217 3
40.6215 40.6215 2
34.8187 34.8187 1
54.2238 54.2238 3
44.8536 44.8536 3
33.8337 33.8337 2
51.4388 51.4388 2
63.3323 63.3323 3
32.3089 32.3089 3
90.9679 90.9679 3
45.9569 45.9569 2
54.7649 54.7649 2
46.43 46.43 3
43.6426 43.6426 3
37.6869 37.6869 3
123.833 123.833 3
33.4447 33.4447 1
84.4628 84.4628 1
32.7258 32.7258 3
41.2452 41.2452 3
86.2683 86.2683 3
30.6422 30.6422 3
51.2116 51.2116 3
53.7051 53.7051 3
31.7688 31.7688 2
44.5067 44.5067 3
35.4404 35.4404 2
30.3253 30.3253 3
44.2301 44.2301 3
65.1211 65.1211 1
33.2683 33.2683 3
50.2023 50.2023 1
31.6127 31.6127 3
36.0073 36.0073 3
32.5073 32.5073 1
42.2489 42.2489 3
37.4967 37.4967 3
30.8159 30.8159 3
33.2432 33.2432 3
34.1576 34.1576 2
91.1756 91.1756 3
45.0517 45.0517 3
34.1198 34.1198 2
39.7659 39.7659 3
57.2703 57.2703 1
140.189 140.189 3
124.531 124.531 1
45.4203 45.4203 2
33.1699 33.1699 2
161.047 161.047 1
31.5952 31.5952 3
134.961 134.961 2
54.9163 54.9163 3
122.021 122.021 3
74.6212 74.6212 3
42.8401 42.8401 3
39.1939 39.1939 3
37.4354 37.4354 3
35.5554 35.5554 3
30.407 30.407 3
40.3077 40.3077 1
52.0726 52.0726 2
46.0845 46.0845 1
49.9301 49.9301 3
45.2959 45.2959 2
48.8034 48.8034 1
46.9479 46.9479 3
31.9957 31.9957 1
69.6485 69.6485 1
161.962 161.962 3
60.2451 60.2451 3
40.2237 40.2237 1
30.5224 30.5224 3
38.8346 38.8346 3
46.3773 46.3773 3
34.6305 34.6305 3
34.1193 34.1193 3
32.8948 32.8948 3
73.8851 73.8851 3
68.732 68.732 2
32.1849 32.1849 3
40.5401 40.5401 3
30.8522 30.8522 2
32.2007 32.2007 1
49.8617 49.8617 3
102.436 102.436 2
102.468 102.468 2
32.153 32.153 3
32.9289 32.9289 3
63.9605 63.9605 2
42.316 42.316 3
31.9139 31.9139 3
51.6611 51.6611 1
42.8391 42.8391 3
30.4504 30.4504 1
56.7881 56.7881 3
45.5914 45.5914 3
114.842 114.842 1
37.2197 37.2197 3
37.7757 37.7757 1
39.3116 39.3116 3
38.3008 38.3008 3
92.6942 92.6942 3
33.4553 33.4553 3
36.3501 36.3501 2
41.895 41.895 2
54.1351 54.1351 1
32.6841 32.6841 2
34.68 34.68 3
49.0344 49.0344 1
39.6532 39.6532 3
34.3093 34.3093 3
36.2891 36.2891 2
70.8189 70.8189 3
32.1693 32.1693 3
33.0326 33.0326 3
88.8704 88.8704 3
97.19 97.19 3
43.8751 43.8751 3
33.8519 33.8519 2
36.7102 36.7102 3
49.5763 49.5763 3
39.8418 39.8418 3
47.7315 47.7315 3
35.439 35.439 3
41.0276 41.0276 3
94.5826 94.5826 1
31.1877 31.1877 1
45.6835 45.6835 3
38.4023 38.4023 1
43.6808 43.6808 2
36.9069 36.9069 2
39.6635 39.6635 3
34.6814 34.6814 2
53.7877 53.7877 3
229.419 229.419 3
32.1093 32.1093 3
32.5655 32.5655 3
77.0153 77.0153 2
125.411 125.411 3
50.0634 50.0634 1
36.8986 36.8986 3
54.8255 54.8255 2
34.0415 34.0415 2
32.0961 32.0961 3
83.4178 83.4178 1
33.0758 33.0758 3
45.3231 45.3231 1
30.7236 30.7236 3
34.362 34.362 3
96.5895 96.5895 2
32.984 32.984 1
37.3355 37.3355 1
99.3419 99.3419 3
40.0185 40.0185 3
59.3762 59.3762 1
37.5828 37.5828 3
95.1374 95.1374 3
47.2827 47.2827 3
36.0925 36.0925 1
31.617 31.617 2
32.5006 32.5006 3
108.186 108.186 2
62.6321 62.6321 1
70.7141 70.7141 2
37.0111 37.0111 2
30.7509 30.7509 1
37.8563 37.8563 1
46.8234 46.8234 2
202.556 202.556 2
81.8118 81.8118 3
40.0544 40.0544 2
41.643 41.643 2
51.7638 51.7638 1
87.175 87.175 3
137.214 137.214 3
34.2248 34.2248 1
33.6728 33.6728 3
61.4553 61.4553 3
55.3268 55.3268 2
99.367 99.367 3
58.1152 58.1152 3
100.987 100.987 3
94.9358 94.9358 1
30.3284 30.3284 3
42.9766 42.9766 2
68.6959 68.6959 2
45.875 45.875 3
30.5111 30.5111 2
31.6995 31.6995 2
35.1827 35.1827 3
54.9612 54.9612 1
91.6815 91.6815 3
92.305 92.305 2
101.353 101.353 3
49.4513 49.4513 1
45.2284 45.2284 3
44.8957 44.8957 3
32.562 32.562 3
37.0019 37.0019 3
116.755 116.755 1
59.3502 59.3502 3
41.6633 41.6633 3
32.9921 32.9921 1
30.9611 30.9611 3
48.5507 48.5507 3
62.7171 62.7171 2
30.5743 30.5743 1
40.7098 40.7098 1
31.2909 31.2909 3
37.9928 37.9928 3
83.0551 83.0551 1
31.3427 31.3427 3
55.9891 55.9891 1
37.3841 37.3841 1
48.6819 48.6819 2
31.7555 31.7555 1
32.9 32.9 1
58.9039 58.9039 3
38.1648 38.1648 1
41.2332 41.2332 3
37.907 37.907 3
36.8484 36.8484 3
62.044 62.044 1
38.5896 38.5896 3
44.0101 44.0101 3
53.5145 53.5145 1
64.6598 64.6598 3
58.9825 58.9825 2
32.3796 32.3796 1
37.9704 37.9704 2
38.4256 38.4256 2
49.446 49.446 1
31.8201 31.8201 3
31.9639 31.9639 3
53.8151 53.8151 3
208.979 208.979 1
41.899 41.899 1
60.751 60.751 1
56.1878 56.1878 3
40.4915 40.4915 3
98.5634 98.5634 3
49.6616 49.6616 2
205.533 205.533 2
30.9561 30.9561 3
65.6558 65.6558 3
33.3559 33.3559 3
47.67 47.67 3
31.5914 31.5914 3
61.2016 61.2016 3
50.5494 50.5494 3
33.5623 33.5623 1
33.5714 33.5714 3
44.463 44.463 3
39.9463 39.9463 1
84.1746 84.1746 3
84.9329 84.9329 3
31.9568 31.9568 3
86.124 86.124 3
118.05 118.05 1
32.4824 32.4824 1
66.4552 66.4552 3
43.5231 43.5231 3
62.4347 62.4347 3
83.8844 83.8844 3
67.6334 67.6334 3
36.954 36.954 3
74.5102 74.5102 3
93.6725 93.6725 3
107.842 107.842 3
32.6185 32.6185 3
66.7541 66.7541 2
32.844 32.844 2
39.3423 39.3423 3
34.4816 34.4816 3
62.3695 62.3695 2
36.6897 36.6897 1
34.0255 34.0255 3
49.1098 49.1098 3
34.4202 34.4202 3
32.207 32.207 3
63.2882 63.2882 3
31.2455 31.2455 1
35.7088 35.7088 3
32.932 32.932 2
33.22 33.22 3
39.4489 39.4489 3
31.0092 31.0092 3
47.4493 47.4493 2
39.3425 39.3425 3
66.8152 66.8152 2
37.4249 37.4249 2
33.7068 33.7068 3
70.35 70.35 2
79.0765 79.0765 1
43.8565 43.8565 2
71.2804 71.2804 3
35.9271 35.9271 1
37.206 37.206 1
30.9175 30.9175 2
38.9978 38.9978 2
37.5483 37.5483 1
55.6115 55.6115 3
48.5456 48.5456 2
53.4934 53.4934 1
48.9349 48.9349 1
44.9176 44.9176 3
41.0696 41.0696 3
39.7802 39.7802 2
114.955 114.955 1
88.0956 88.0956 3
39.1652 39.1652 2
32.4806 32.4806 3
51.1711 51.1711 2
45.4439 45.4439 3
41.5509 41.5509 2
30.1943 30.1943 3
70.1875 70.1875 3
48.7555 48.7555 2
98.2489 98.2489 3
32.6005 32.6005 3
37.6946 37.6946 1
45.4603 45.4603 1
34.3156 34.3156 3
30.7866 30.7866 3
42.5982 42.5982 3
111.513 111.513 3
30.8122 30.8122 2
35.9642 35.9642 1
43.1667 43.1667 3
32.5756 32.5756 2
36.6223 36.6223 1
34.8124 34.8124 3
36.7598 36.7598 3
32.0574 32.0574 1
38.8007 38.8007 3
69.0145 69.0145 3
100.764 100.764 3
39.0694 39.0694 3
35.5773 35.5773 3
41.9502 41.9502 3
101.52 101.52 3
36.6056 36.6056 2
41.4934 41.4934 2
61.7756 61.7756 2
36.9012 36.9012 3
46.5442 46.5442 3
59.2051 59.2051 1
128.656 128.656 3
63.9303 63.9303 2
39.8107 39.8107 3
71.1339 71.1339 3
35.617 35.617 3
38.3045 38.3045 3
34.8133 34.8133 3
30.4944 30.4944 1
47.8796 47.8796 3
61.3191 61.3191 3
61.9343 61.9343 1
76.8191 76.8191 3
58.2801 58.2801 3
61.0564 61.0564 3
37.8653 37.8653 3
38.1409 38.1409 3
46.8679 46.8679 1
36.0735 36.0735 1
33.0301 33.0301 3
37.6284 37.6284 2
67.7748 67.7748 3
59.1727 59.1727 3
48.1327 48.1327 1
30.6509 30.6509 1
48.0857 48.0857 3
35.6299 35.6299 2
32.3318 32.3318 3
53.6153 53.6153 3
43.3906 43.3906 1
36.2267 36.2267 2
47.3088 47.3088 3
97.6742 97.6742 3
31.533 31.533 2
56.1066 56.1066 2
41.689 41.689 3
33.7663 33.7663 1
35.5777 35.5777 3
31.9918 31.9918 2
39.4761 39.4761 3
64.3654 64.3654 3
46.0967 46.0967 1
32.266 32.266 3
42.6954 42.6954 1
38.0559 38.0559 2
32.8784 32.8784 3
44.0144 44.0144 1
36.8206 36.8206 3
30.6356 30.6356 2
81.7445 81.7445 3
33.2767 33.2767 3
30.3906 30.3906 1
31.0184 31.0184 2
30.6681 30.6681 3
69.1789 69.1789 3
235.961 235.961 1
57.001 57.001 2
48.8648 48.8648 3
45.6803 45.6803 2
34.3287 34.3287 1
30.9663 30.9663 3
56.0996 56.0996 3
49.6666 49.6666 3
39.0088 39.0088 1
155.769 155.769 2
32.4629 32.4629 3
52.697 52.697 3
46.5498 46.5498 3
122.384 122.384 3
32.1629 32.1629 3
37.673 37.673 3
57.7669 57.7669 1
57.6663 57.6663 2
41.8244 41.8244 3
74.4806 74.4806 3
45.9437 45.9437 3
59.5488 59.5488 3
60.7812 60.7812 1
47.7751 47.7751 3
45.8816 45.8816 1
39.0977 39.0977 2
32.1882 32.1882 3
62.8217 62.8217 3
37.9366 37.9366 3
35.0118 35.0118 2
47.6817 47.6817 3
30.2293 30.2293 2
40.4613 40.4613 1
35.7337 35.7337 3
31.3275 31.3275 3
33.1676 33.1676 2
34.5636 34.5636 3
78.7052 78.7052 3
43.089 43.089 2
166.554 166.554 1
34.411 34.411 1
32.4641 32.4641 3
30.7501 30.7501 2
35.7249 35.7249 1
43.1014 43.1014 3
30.6479 30.6479 3
51.3798 51.3798 3
40.4638 40.4638 3
71.5455 71.5455 1
31.6051 31.6051 3
53.1641 53.1641 3
43.6513 43.6513 2
32.3993 32.3993 1
42.3283 42.3283 1
42.8077 42.8077 1
46.0376 46.0376 3
44.6268 44.6268 3
38.0209 38.0209 1
44.9328 44.9328 1
57.6376 57.6376 3
30.9357 30.9357 1
40.8149 40.8149 3
57.0009 57.0009 1
39.7022 39.7022 1
137.266 137.266 3
60.5065 60.5065 3
40.8505 40.8505 1
59.7375 59.7375 2
30.0226 30.0226 3
38.1859 38.1859 3
35.7541 35.7541 2
42.1277 42.1277 3
104.035 104.035 3
36.0154 36.0154 3
32.671 32.671 1
38.0981 38.0981 2
33.9269 33.9269 1
71.6502 71.6502 2
33.5857 33.5857 3
59.1702 59.1702 1
40.9729 40.9729 1
72.9445 72.9445 1
30.1776 30.1776 3
51.6096 51.6096 3
100.708 100.708 3
44.0251 44.0251 1
40.1503 40.1503 3
30.7585 30.7585 3
36.5843 36.5843 3
35.2005 35.2005 2
33.0285 33.0285 2
48.1219 48.1219 2
138.577 138.577 3
42.4697 42.4697 3
49.175 49.175 1
145.9 145.9 3
42.8252 42.8252 2
33.0118 33.0118 1
37.7244 37.7244 3
37.6058 37.6058 3
34.6614 34.6614 1
44.7956 44.7956 3
164.657 164.657 1
72.0382 72.0382 2
32.9759 32.9759 1
32.6419 32.6419 3
163.952 163.952 2
128.486 128.486 3
74.6333 74.6333 3
39.0412 39.0412 3
36.575 36.575 1
70.4128 70.4128 2
30.4767 30.4767 3
47.5169 47.5169 1
43.4845 43.4845 3
76.1562 76.1562 1
63.6839 63.6839 1
67.3067 67.3067 1
33.7076 33.7076 2
37.2482 37.2482 1
59.5672 59.5672 2
32.8543 32.8543 1
32.0594 32.0594 3
39.7999 39.7999 3
35.6153 35.6153 3
44.5798 44.5798 3
46.3111 46.3111 2
31.6027 31.6027 3
57.5966 57.5966 3
46.6429 46.6429 1
57.8134 57.8134 3
39.4054 39.4054 3
35.1595 35.1595 2
32.2387 32.2387 1
32.0323 32.0323 1
81.4669 81.4669 3
37.1084 37.1084 1
42.2023 42.2023 2
55.9281 55.9281 2
37.8104 37.8104 1
38.6041 38.6041 1
31.5185 31.5185 3
46.4415 46.4415 3
251.594 251.594 3
37.2287 37.2287 3
162.434 162.434 3
34.1335 34.1335 3
34.6612 34.6612 1
53.814 53.814 1
37.4939 37.4939 1
34.1347 34.1347 3
38.1868 38.1868 1
40.5502 40.5502 2
74.2876 74.2876 3
66.9101 66.9101 3
45.0784 45.0784 3
444.494 444.494 2
234.808 234.808 3
40.5433 40.5433 3
45.2106 45.2106 1
43.5193 43.5193 3
58.8489 58.8489 1
53.9169 53.9169 3
31.6213 31.6213 1
47.8471 47.8471 3
46.7181 46.7181 1
69.4955 69.4955 2
39.351 39.351 3
39.0976 39.0976 3
30.9362 30.9362 2
166.488 166.488 3
39.7436 39.7436 2
42.3643 42.3643 3
34.3099 34.3099 3
39.4397 39.4397 3
39.1614 39.1614 3
128.81 128.81 1
30.9538 30.9538 2
80.5525 80.5525 3
35.9571 35.9571 3
144.494 144.494 3
36.9914 36.9914 3
42.2617 42.2617 3
79.4201 79.4201 1
33.3628 33.3628 1
63.8076 63.8076 3
39.7475 39.7475 3
43.4488 43.4488 3
46.5772 46.5772 1
31.9121 31.9121 3
33.5954 33.5954 3
32.4276 32.4276 2
34.3833 34.3833 2
40.2842 40.2842 3
84.4202 84.4202 1
33.1642 33.1642 3
116.644 116.644 3
69.8929 69.8929 3
63.5631 63.5631 1
96.1167 96.1167 1
42.691 42.691 2
31.608 31.608 3
46.9289 46.9289 3
48.191 48.191 3
79.3868 79.3868 2
181.803 181.803 2
64.3514 64.3514 3
44.2719 44.2719 3
61.3961 61.3961 3
34.6556 34.6556 2
30.6919 30.6919 1
45.0937 45.0937 2
34.0236 34.0236 2
68.5745 68.5745 3
38.024 38.024 3
52.1401 52.1401 2
36.4473 36.4473 3
33.1265 33.1265 3
42.8231 42.8231 1
34.8445 34.8445 3
34.988 34.988 2
43.3892 43.3892 1
56.1146 56.1146 3
72.4367 72.4367 3
35.4826 35.4826 3
61.5002 61.5002 3
32.3815 32.3815 2
37.7809 37.7809 3
41.0288 41.0288 1
36.7464 36.7464 3
53.8733 53.8733 1
60.0014 60.0014 1
68.6615 68.6615 3
30.9436 30.9436 3
54.8183 54.8183 3
41.6004 41.6004 3
40.7352 40.7352 3
87.9131 87.9131 3
39.6082 39.6082 2
37.9509 37.9509 3
74.1468 74.1468 2
34.4638 34.4638 3
33.5384 33.5384 1
31.3163 31.3163 3
60.9694 60.9694 1
40.6462 40.6462 2
73.3516 73.3516 1
212.201 212.201 3
85.2197 85.2197 3
43.4516 43.4516 3
31.6017 31.6017 1
43.891 43.891 1
31.3583 31.3583 1
81.5471 81.5471 2
59.9712 59.9712 3
131.619 131.619 3
30.5672 30.5672 1
35.2147 35.2147 2
44.2782 44.2782 1
41.0494 41.0494 1
42.1475 42.1475 3
49.3515 49.3515 2
34.9325 34.9325 3
33.2419 33.2419 3
37.6912 37.6912 1
38.3506 38.3506 1
35.2057 35.2057 1
36.5385 36.5385 2
37.3185 37.3185 3
66.7143 66.7143 3
38.9815 38.9815 3
30.1576 30.1576 1
68.0232 68.0232 2
38.0214 38.0214 3
57.9964 57.9964 3
39.4289 39.4289 1
44.8186 44.8186 2
30.5181 30.5181 3
30.2096 30.2096 3
37.2329 37.2329 3
48.7544 48.7544 2
40.4958 40.4958 3
30.5898 30.5898 3
33.7252 33.7252 1
84.812 84.812 2
53.6825 53.6825 1
49.7505 49.7505 1
56.4595 56.4595 2
30.3635 30.3635 3
41.544 41.544 2
36.2444 36.2444 3
39.0426 39.0426 3
81.3234 81.3234 3
93.2389 93.2389 3
31.5776 31.5776 2
38.6755 38.6755 1
126.221 126.221 3
39.4126 39.4126 3
38.4665 38.4665 2
58.8711 58.8711 1
31.4582 31.4582 3
54.6308 54.6308 1
63.1547 63.1547 3
32.7302 32.7302 1
39.9295 39.9295 3
62.2661 62.2661 1
34.9675 34.9675 3
58.3286 58.3286 2
37.2111 37.2111 3
30.0651 30.0651 3
44.9096 44.9096 1
48.015 48.015 1
50.9428 50.9428 3
44.6245 44.6245 1
43.598 43.598 1
37.8169 37.8169 1
48.255 48.255 3
51.5047 51.5047 3
62.629 62.629 2
32.7054 32.7054 2
44.4047 44.4047 2
31.4572 31.4572 3
344.752 344.752 3
33.6764 33.6764 3
70.0749 70.0749 3
30.465 30.465 1
36.8357 36.8357 3
30.6136 30.6136 3
113.302 113.302 3
49.3422 49.3422 1
72.7839 72.7839 2
44.7979 44.7979 2
76.0202 76.0202 2
202.357 202.357 3
80.7032 80.7032 2
126.358 126.358 3
36.4203 36.4203 3
47.8069 47.8069 2
90.0947 90.0947 3
32.7589 32.7589 2
38.5951 38.5951 3
40.2446 40.2446 3
43.2478 43.2478 2
40.0256 40.0256 1
45.363 45.363 3
31.3045 31.3045 3
67.1403 67.1403 3
121.075 121.075 2
134.878 134.878 3
62.8016 62.8016 3
31.5453 31.5453 1
30.2716 30.2716 3
32.2833 32.2833 2
117.785 117.785 2
49.7646 49.7646 3
30.0503 30.0503 3
40.3433 40.3433 3
283.945 283.945 3
37.392 37.392 2
56.5136 56.5136 2
37.0232 37.0232 1
48.6197 48.6197 1
236.496 236.496 1
36.1568 36.1568 1
37.8501 37.8501 1
33.9635 33.9635 2
30.3827 30.3827 1
45.3647 45.3647 2
44.7073 44.7073 2
54.7472 54.7472 2
32.1697 32.1697 2
32.8851 32.8851 2
174.167 174.167 2
30.3047 30.3047 2
72.0105 72.0105 1
42.4719 42.4719 1
87.4991 87.4991 2
36.7133 36.7133 2
73.4006 73.4006 1
34.0456 34.0456 2
54.8158 54.8158 1
30.5255 30.5255 1
38.7746 38.7746 2
32.7117 32.7117 1
45.5691 45.5691 2
53.0448 53.0448 1
34.6288 34.6288 1
79.9773 79.9773 1
41.0049 41.0049 1
32.0039 32.0039 1
44.3633 44.3633 2
96.8688 96.8688 2
35.3269 35.3269 1
57.088 57.088 1
68.7145 68.7145 2
32.2759 32.2759 2
55.8996 55.8996 1
36.5515 36.5515 2
111.223 111.223 2
31.1963 31.1963 1
30.1973 30.1973 1
40.5384 40.5384 1
31.2743 31.2743 1
42.5726 42.5726 2
60.0766 60.0766 1
44.9106 44.9106 1
40.1087 40.1087 1
71.4729 71.4729 1
32.4266 32.4266 2
49.353 49.353 1
47.4714 47.4714 1
45.4493 45.4493 1
30.8672 30.8672 1
33.2373 33.2373 1
50.7198 50.7198 1
67.1151 67.1151 2
44.743 44.743 2
35.9761 35.9761 2
51.8399 51.8399 2
34.24 34.24 1
30.4214 30.4214 2
39.3133 39.3133 1
30.5713 30.5713 1
31.9202 31.9202 2
49.7984 49.7984 1
63.1636 63.1636 1
71.8726 71.8726 1
72.4411 72.4411 1
71.9803 71.9803 1
35.3704 35.3704 2
33.8278 33.8278 1
33.213 33.213 2
36.2024 36.2024 2
50.6911 50.6911 1
31.0798 31.0798 2
36.707 36.707 1
32.9713 32.9713 2
138.586 138.586 2
123.054 123.054 2
30.6005 30.6005 1
31.6891 31.6891 2
30.9857 30.9857 1
91.3957 91.3957 1
76.8918 76.8918 1
58.7265 58.7265 1
34.2045 34.2045 2
60.0098 60.0098 2
55.8407 55.8407 1
101.115 101.115 2
42.5849 42.5849 1
30.7721 30.7721 2
38.9541 38.9541 2
82.0923 82.0923 2
31.5941 31.5941 2
40.1051 40.1051 2
31.304 31.304 2
39.8427 39.8427 1
42.1904 42.1904 1
71.9468 71.9468 1
35.2793 35.2793 2
52.4387 52.4387 1
48.9355 48.9355 2
83.5944 83.5944 1
294.537 294.537 1
105.599 105.599 1
30.1326 30.1326 1
35.4165 35.4165 1
33.2341 33.2341 1
241.305 241.305 2
35.6845 35.6845 1
31.6816 31.6816 1
40.5537 40.5537 1
43.1504 43.1504 1
33.4242 33.4242 1
32.8012 32.8012 1
66.2529 66.2529 1
55.8643 55.8643 1
31.1572 31.1572 1
33.2995 33.2995 1
53.2359 53.2359 1
52.7958 52.7958 1
65.6473 65.6473 1
36.24 36.24 1
46.2135 46.2135 1
30.6322 30.6322 1
39.51 39.51 1
38.0054 38.0054 1
34.1089 34.1089 1
37.8874 37.8874 1
30.9008 30.9008 1
45.3007 45.3007 1
38.1366 38.1366 1
35.629 35.629 1
33.5365 33.5365 1
50.8454 50.8454 1
50.2826 50.2826 1
31.2639 31.2639 1
77.1193 77.1193 1
52.9589 52.9589 1
34.134 34.134 1
33.2772 33.2772 1
30.9133 30.9133 1
30.5578 30.5578 1
94.9263 94.9263 1
51.8748 51.8748 1
76.6804 76.6804 1
33.0776 33.0776 1
161.854 161.854 1
41.9 41.9 1
50.6604 50.6604 1
30.0323 30.0323 1
