5.615210162862707731e-05
3.683406472429325359e-05
3.500259147767420645e-05
3.384563121344370850e-05
3.525021474359846252e-05
4.619730023219324446e-05
3.549223770221439611e-05
3.396199571960736125e-05
3.479958436900454436e-05
3.489377652925794806e-05
3.899953676024203145e-05
3.439150580612168753e-05
3.372211857783703645e-05
3.987242612050173184e-05
4.315866700795498824e-05
3.533469744430972723e-05
3.707221691189254125e-05
3.591953132774749851e-05
4.062637234391940988e-05
4.985705398471709457e-05
3.332171573125251938e-05
3.904260643280712498e-05
3.704517837197565260e-05
3.532499018492784893e-05
3.913180515106217734e-05
3.451682189824222690e-05
3.895073666454792999e-05
4.059392444512999317e-05
3.527975852002830111e-05
3.531231750750504588e-05
3.359549602276528730e-05
3.509380441339728638e-05
3.616655122583571391e-05
3.454986367070619159e-05
3.532871506471805422e-05
4.439866309757765792e-05
3.510047887474315606e-05
3.872489106230635571e-05
4.093057687249302133e-05
3.331614461028374000e-05
5.222034881077808387e-05
3.358400004034666175e-05
3.846248184701377159e-05
4.069327709357142061e-05
3.798820037944100234e-05
3.541897346993979517e-05
5.230577576094630693e-05
3.893375464326753423e-05
3.328254693871634683e-05
3.468412113005977414e-05
3.492167015056677355e-05
3.472545137427130363e-05
3.495382438695687446e-05
3.403673921227891704e-05
3.774116914743627492e-05
4.204761880252390999e-05
3.359871752087282838e-05
3.327771874531309008e-05
3.426926858460078122e-05
4.285454581560371268e-05
4.332138672905269265e-05
3.532066797074498763e-05
4.542379688314858162e-05
3.395709637811455516e-05
3.326413094452105332e-05
3.331302249586858249e-05
3.895538702148947747e-05
3.637920278803005286e-05
4.218116797602022730e-05
3.503449123851957883e-05
3.517608101447980960e-05
3.489064204460664138e-05
3.355851628294751837e-05
3.665647927986283641e-05
4.048123432734819591e-05
3.528964945373549457e-05
3.568710739965684134e-05
3.527651801724689459e-05
3.727192684272950742e-05
3.433547900254562476e-05
3.415383421899442356e-05
3.505436907363593805e-05
3.416894823273877745e-05
3.410843617034906478e-05
3.371156007489357052e-05
4.606054446197301380e-05
4.252529559707441618e-05
5.274640209345020332e-05
3.484350578031345598e-05
3.564252382853197833e-05
4.345376087681376967e-05
3.586997714780609483e-05
3.472982419797438131e-05
3.669921365235664581e-05
3.325164248395182055e-05
3.661041126727063600e-05
3.656538047427529490e-05
3.347109079826554514e-05
3.391799812427930054e-05
3.730480247225042054e-05
3.469858255178786096e-05
3.580215060238941936e-05
3.770233447063016684e-05
3.343373105757245967e-05
3.361512542306638519e-05
3.601548939292426352e-05
3.481965210288135706e-05
3.387378727107410276e-05
3.900823679013063806e-05
3.511159522713461299e-05
5.358418829834791613e-05
3.436793067520665788e-05
3.476560880179092519e-05
3.412428839098094376e-05
3.372454518372414509e-05
3.534132197519442340e-05
3.327051676882437231e-05
3.402146306774217645e-05
3.698273038700436243e-05
3.742176656879164505e-05
3.646498491661698195e-05
3.744205551963313288e-05
3.632537706331289383e-05
3.768271986313559538e-05
3.352802017887831809e-05
3.516004035897702003e-05
3.568314632042167086e-05
4.145748829902831369e-05
3.919473798644204160e-05
3.763633526419106012e-05
3.852484328226242531e-05
3.718973199231467516e-05
3.816697745890733915e-05
3.358474204324437813e-05
3.364259350250413530e-05
4.144928219607365368e-05
3.419415179765349934e-05
3.449239442988745452e-05
4.548230503564020238e-05
4.836107861534434367e-05
4.112404806459648009e-05
3.329032651859504768e-05
3.819982238584573354e-05
4.033915160394215628e-05
3.414639300439882818e-05
3.404309183817995008e-05
3.945493167776213255e-05
5.719193600345567983e-05
3.572063151250056746e-05
3.627883471091480211e-05
3.736476193966652197e-05
4.079129831456629644e-05
3.379425998081752935e-05
3.575382907278920960e-05
3.575471798617350949e-05
3.826898747848786171e-05
4.487904853435126305e-05
3.362855438778247042e-05
3.353547227556367131e-05
3.785321987220707546e-05
3.466176991394356540e-05
3.321907080656883463e-05
3.334572099204311381e-05
3.604949640458582604e-05
3.597284425077296324e-05
4.119564133038550050e-05
3.989165692627961768e-05
6.627277982685469396e-05
3.676003274247068855e-05
3.780633736287982989e-05
3.478723310847827105e-05
4.548180923244119584e-05
3.324477713324235615e-05
3.531877965059784878e-05
3.382099420165744736e-05
3.319537257420219914e-05
3.614511704731671775e-05
3.671992680653104877e-05
5.001485212283612495e-05
3.398889361073817510e-05
3.866407290492565504e-05
3.876697719999735417e-05
3.408149562177846884e-05
4.144585766643936811e-05
3.470854449961834038e-05
3.647867867783962721e-05
3.734226818607110451e-05
3.502391771648877326e-05
3.732020688860814185e-05
3.358106012417987507e-05
4.386323748129544882e-05
3.653709352275822194e-05
3.393747954699504691e-05
3.630535170868395823e-05
4.173759741289975939e-05
3.598219656110228316e-05
3.392149705600545478e-05
3.333491868139555365e-05
4.341636676323428395e-05
3.613826005399485705e-05
3.321862964951760339e-05
4.236748599818507830e-05
3.691959513558727203e-05
4.717968494311964092e-05
4.766487538856225290e-05
3.618474285069723980e-05
4.013957877481468526e-05
3.450514397728354169e-05
4.190297322521274661e-05
3.623171062859825589e-05
3.559557340026497333e-05
4.519340715929205974e-05
3.702775528496717419e-05
4.171433005322190251e-05
3.718015601831043982e-05
5.698220914499761659e-05
3.871002977447373299e-05
3.759224206644240675e-05
3.423880534346502479e-05
4.197297115010739112e-05
3.694820404727712770e-05
4.004753097784633826e-05
3.620831729846769528e-05
3.465425833225067561e-05
3.947225614883130990e-05
3.341933353426760760e-05
3.753647293920836574e-05
3.438885883023117169e-05
3.333555951821694008e-05
4.081842756556277663e-05
3.654499098340897455e-05
3.367059515983559365e-05
3.407735626549695434e-05
3.338692010173224009e-05
3.354389339477097738e-05
3.574760497671658564e-05
4.002212877161977520e-05
3.654243443975651841e-05
3.436766282471022979e-05
3.343315317233385580e-05
3.579827232165879916e-05
3.406325563219510179e-05
3.759021161098613701e-05
3.323115224615838265e-05
5.072699629691671322e-05
4.175742740331012478e-05
3.574423935925923534e-05
3.517969869481996027e-05
4.082868833365574921e-05
3.793452993487897147e-05
4.387175292310666118e-05
3.817699156329557101e-05
3.627465630810428380e-05
3.708940888187032094e-05
3.577358704759705502e-05
5.496858478745594005e-05
3.577027613957984182e-05
3.985946073751901129e-05
3.865872473265452613e-05
3.348079420562225216e-05
3.419716627757116417e-05
3.341531190196512282e-05
4.086367176116116086e-05
4.619563772515380664e-05
3.388526561284196091e-05
3.603765335569258753e-05
3.477759230224372605e-05
4.077925467594683228e-05
3.986521466688206069e-05
3.969624381555012053e-05
3.599182528825315710e-05
3.793702042480336827e-05
4.112290344636827105e-05
3.606156342473948001e-05
4.029605494094444843e-05
3.902983140166242903e-05
3.996247161509218840e-05
3.535280136926947583e-05
4.404842659028596600e-05
3.432147999479122705e-05
3.490622973900169495e-05
5.146558901303772146e-05
4.825564440282259097e-05
3.331500673653536995e-05
3.573459444323256676e-05
3.406064772574766736e-05
3.450474657791517170e-05
3.635866240384505915e-05
3.411677477702784993e-05
3.882064945101265354e-05
3.417000960744780559e-05
3.557388576572929786e-05
3.673077330407349499e-05
3.406726250260697666e-05
6.754365394814048501e-05
3.364668284491530560e-05
3.565942701621079437e-05
3.484188081935444609e-05
3.509595376872440790e-05
3.367912194264941947e-05
3.362303664090938868e-05
3.341322823089440223e-05
3.484827628694995877e-05
5.233368881872639761e-05
3.528155290788012805e-05
4.537576288582814335e-05
3.494006127642935251e-05
3.684012894960480498e-05
5.592196341565857238e-05
3.705913981934017980e-05
3.559083005418446069e-05
3.866527402615331402e-05
4.006774360512992616e-05
3.469644309750781691e-05
3.763216190595249327e-05
4.695520424877184010e-05
4.325485865844895246e-05
3.482835718843761306e-05
3.600634937071570775e-05
4.331622790591166866e-05
3.563028068671741537e-05
4.005134716034859101e-05
3.896805861231989626e-05
3.340711985816665936e-05
4.669548141730867259e-05
3.749009462120820945e-05
3.503761586398824882e-05
3.594344487065717641e-05
4.744954551737650967e-05
3.683789391593714896e-05
3.583521269367781329e-05
3.753964607788466055e-05
3.614082601460394823e-05
3.375281079032396996e-05
3.863752518649854104e-05
4.227446527712028717e-05
3.501076481935569353e-05
3.729860158523002359e-05
4.710454678269866230e-05
3.360364790386287441e-05
3.534581082072843765e-05
3.421526494446021409e-05
3.360777877390069195e-05
3.351608734138877599e-05
3.333625857429546661e-05
3.768126427150910921e-05
4.231013225226670072e-05
3.849650131026071049e-05
3.424786830619417759e-05
3.657080035302390377e-05
4.068214730114486809e-05
3.476628349961328308e-05
3.331984925356193492e-05
3.823612601852636138e-05
4.300341296124452032e-05
3.742606831927079031e-05
3.534362859441550275e-05
3.481763642280802406e-05
3.779091495629215668e-05
5.071818018754044370e-05
3.457244064565408680e-05
5.175452483420547986e-05
3.625073776961667995e-05
3.950308078942069004e-05
3.562511327701917878e-05
3.622049443422136427e-05
3.570359085660456945e-05
3.485987273091552968e-05
3.839510209148304793e-05
3.653338077329076390e-05
3.416192454597223143e-05
3.563796733705026248e-05
3.402732803451838345e-05
3.939271364477809690e-05
3.632664201413393092e-05
3.379611139139324712e-05
5.578591503043579624e-05
3.321224577425609668e-05
4.014583445215046722e-05
3.791967973323042318e-05
3.558498970222121529e-05
3.472867908096893748e-05
3.507743214899627839e-05
3.509236287820133283e-05
3.510570981905436781e-05
4.255982253405151414e-05
3.434613566542861794e-05
4.153107935519480498e-05
3.392385688596634424e-05
3.513521059990923091e-05
3.437952309988037821e-05
3.682124113662130297e-05
5.579729316711396544e-05
3.643773733730431473e-05
3.807161247245393362e-05
3.742225402755155247e-05
3.402432706082496094e-05
3.832878468966458073e-05
4.259949733657329457e-05
6.289955917171085567e-05
3.601937432568023625e-05
3.914907624335111762e-05
3.380634521993403427e-05
3.745316139160078967e-05
3.880575456915306330e-05
3.336921407305429174e-05
3.381332176834412966e-05
3.589966095080723125e-05
4.648877398258333230e-05
3.392735415650294776e-05
4.448668560688258730e-05
4.052597121628569426e-05
3.507294952042924849e-05
3.425178903676084316e-05
3.955680160764278456e-05
3.853824020659796218e-05
3.550551833159322257e-05
3.453953754481919950e-05
3.589091505187867406e-05
3.475602939839962581e-05
3.732594969111346884e-05
3.448013628879634474e-05
3.525895521241827804e-05
3.716500177340150834e-05
3.384862009325158630e-05
3.585038883550951668e-05
3.704672551644048800e-05
3.452912359560377740e-05
3.399971364796040575e-05
3.968811462038943658e-05
4.563308203791378355e-05
3.448738118396234840e-05
3.327142457107251357e-05
3.320147084908350063e-05
5.456657073089688826e-05
4.395051724540020887e-05
4.085098729682046698e-05
3.515687007443888854e-05
3.795664281803765082e-05
3.781463932716135518e-05
3.688755204705511056e-05
3.534650508777155111e-05
3.762414548846931231e-05
6.407728710720259893e-05
3.731360713727541152e-05
4.093663824020117727e-05
3.783297652008869502e-05
3.425387057826923595e-05
3.374298298456971480e-05
3.633165462801976207e-05
3.721579431643374234e-05
4.108250775518926398e-05
3.613457352457182485e-05
3.502256997851742538e-05
3.814278537605439434e-05
3.926937267867569326e-05
4.018585623457215841e-05
3.570142000214711819e-05
3.349448674620076721e-05
4.710657275566869790e-05
3.994081873347820407e-05
3.331626130924098000e-05
3.410446994782499622e-05
4.172853665382491206e-05
3.322127635019151570e-05
3.346544371361846563e-05
3.425657335981235159e-05
3.580959270755351746e-05
3.348726843881253291e-05
3.877149614992804575e-05
3.699085037216679026e-05
3.704234511163637339e-05
3.345388206740321506e-05
4.031072824446887054e-05
3.675333079099429916e-05
3.770015414794127988e-05
3.751198765665782724e-05
3.319990974839993653e-05
4.598615508023686340e-05
4.198551758772150111e-05
4.279252344299606665e-05
3.358083175155252053e-05
4.097133592586650792e-05
4.284626607796125506e-05
3.604510350601469059e-05
3.381287359507313315e-05
3.613968305766811971e-05
3.496672974600588884e-05
3.392660482484514180e-05
3.792954760566643512e-05
3.480072308150038867e-05
3.398872792430781984e-05
3.474246563411198399e-05
4.325757640833911876e-05
3.747625374956522218e-05
3.436803781379784925e-05
3.536605314314233208e-05
3.326336910739724462e-05
3.476856682510387898e-05
3.388220205332616986e-05
3.674575643597036118e-05
3.445531800992312430e-05
4.747479132276765447e-05
3.544239936957661793e-05
3.381640251746149663e-05
4.411140904218907512e-05
4.249033270799873967e-05
4.611468854527860632e-05
3.429750282065300768e-05
3.561678771449986228e-05
3.810337292725327117e-05
3.601214507335096285e-05
3.468973538330384534e-05
3.509481591982096431e-05
3.501089208847690641e-05
3.995686231400415948e-05
3.681492449487953932e-05
3.322265828565249804e-05
3.394258070543960064e-05
4.518473904959697873e-05
3.360484457539974123e-05
4.123391541201725538e-05
3.355519833879545361e-05
5.019767734185498189e-05
3.583805359903005855e-05
4.989024213426254234e-05
3.469378131870117893e-05
5.197831354153763207e-05
3.790074143155533807e-05
3.678880625015209117e-05
4.023955788585327611e-05
3.335581579860370745e-05
3.483344314808507801e-05
3.378752522632256486e-05
4.221069157477292337e-05
3.609540448440426913e-05
3.645102639024026077e-05
3.704783673591806044e-05
3.609243165663227862e-05
3.518853760907658261e-05
3.551871191828337947e-05
3.574685980796368410e-05
3.726466033643117970e-05
3.419089207813637331e-05
4.443476751807986196e-05
3.842548290042715044e-05
3.564298423589481367e-05
3.594083996859624258e-05
4.444558709054628173e-05
3.721945194654510631e-05
3.340940723892895801e-05
4.742625135607950122e-05
5.024137828531699329e-05
4.255623639195749923e-05
3.974059431847202882e-05
3.558399171176427131e-05
4.580188113143545840e-05
3.924060733145510278e-05
3.785094012981777704e-05
3.886812374527215489e-05
3.541433743498727021e-05
3.433832524844089383e-05
4.083107315493066314e-05
3.709368716669537053e-05
4.180113754742409524e-05
3.376797353341810278e-05
4.662790051451113732e-05
3.566990174064478054e-05
3.505576418091465576e-05
3.737554827909024731e-05
4.136040886819184365e-05
3.552497354220003563e-05
4.318092951774614923e-05
3.729062179108495317e-05
4.043923815240060187e-05
3.428990447341163656e-05
5.511470053161066725e-05
3.480654444207148242e-05
4.647394550543775855e-05
3.746981379811107591e-05
3.513586595967192500e-05
3.343901743243271108e-05
3.515941139677917826e-05
3.382715108697349169e-05
3.419363573233614789e-05
3.729017238688236735e-05
3.759697164875859407e-05
3.405309542581753073e-05
3.438332243303296345e-05
3.713509680168073512e-05
3.846185289608455800e-05
4.427127708538412750e-05
4.180704567317025753e-05
3.944198877633511190e-05
3.510816029713309413e-05
3.359669349293582850e-05
3.869434085516647195e-05
3.321462909012916223e-05
3.387924917509475435e-05
3.672356560553485458e-05
3.448162276243556436e-05
3.900655393979151004e-05
3.396354538908026523e-05
5.108317316602952184e-05
4.234387609278749299e-05
3.586940564306485162e-05
3.518487220958997402e-05
3.620773715388451774e-05
5.417372166107240345e-05
3.371424290919002546e-05
3.329699075299035789e-05
3.724023862830153569e-05
3.456600928429288548e-05
3.472026970050024754e-05
3.985851637612936624e-05
4.167913344607690723e-05
3.601506551235540780e-05
3.668684193567313726e-05
3.324187138773726491e-05
3.505107094023543002e-05
3.455508952198221108e-05
3.678374091119948191e-05
4.402169711210505195e-05
3.663699285212825685e-05
3.414374798231244878e-05
4.116296198918488832e-05
4.852500579152425658e-05
4.208160661489113716e-05
3.377100945765005522e-05
5.049183852659055831e-05
3.458308206514903944e-05
3.513062214003781475e-05
3.639705799534597678e-05
3.324002191322046531e-05
3.633262014249827695e-05
3.467727619487563200e-05
4.838754772719388464e-05
3.758093466366515178e-05
3.582907517899665295e-05
3.623613422768250016e-05
3.821757600965822117e-05
3.323755550690936632e-05
3.556018752535877183e-05
3.825127946958448150e-05
3.746877889913122244e-05
4.354761531851229008e-05
3.482915765252855226e-05
3.894579992139379993e-05
3.464042740817830117e-05
3.822577464804966614e-05
3.792813834181563718e-05
3.364781853083720402e-05
3.331054173788897539e-05
4.186869380671716254e-05
3.991670233487884197e-05
4.601775096863411016e-05
3.544736973898275195e-05
4.990426870950759547e-05
3.407390117451987178e-05
3.488110536706866065e-05
3.813705266428796042e-05
3.401005559420061756e-05
5.266466841191135305e-05
5.903859244570740087e-05
3.603998051361157943e-05
4.356947528953303425e-05
3.561251362729620949e-05
3.565211630739662608e-05
3.381200521287054813e-05
3.322212905245151333e-05
3.354787278496736141e-05
3.611004812051993670e-05
4.045390597628789419e-05
4.718461524521445585e-05
3.648224765125794740e-05
3.709201510523816279e-05
3.711776791246361527e-05
4.017590465029080240e-05
3.775093825356162547e-05
3.592372943724805233e-05
3.688003120977493025e-05
3.434063399018891986e-05
3.862826338316071667e-05
3.692729169469204223e-05
3.356297692388439364e-05
4.020472993556930066e-05
3.575306023382111289e-05
3.487498372110724322e-05
3.565664362297971997e-05
3.807044000041399923e-05
4.126695884824892223e-05
4.181713731704852268e-05
3.458947838648490934e-05
3.803457099876680545e-05
4.148040333241706881e-05
4.098307645718340920e-05
4.330067034589056091e-05
3.528175226881693106e-05
4.267256251050739909e-05
3.614982624236724468e-05
3.654483262773763208e-05
4.088071713687467258e-05
4.378165888978252364e-05
3.369516791657233148e-05
7.198812225793355655e-05
5.040683210905724104e-05
4.111587029723622289e-05
3.712008694041393759e-05
3.668943803877228134e-05
3.910420659947853617e-05
3.745022186124290084e-05
3.443577958320580192e-05
3.653580323356662296e-05
4.112401536243433486e-05
3.682002236762470308e-05
3.420764337866954026e-05
3.568785600438786844e-05
3.953356606313699977e-05
4.042501848198646946e-05
4.456427137320280148e-05
3.786623387194774075e-05
4.861409216315017785e-05
3.496552920590613553e-05
3.585992453648705113e-05
3.666782574873073158e-05
3.393864412758159429e-05
3.379367083713564438e-05
3.388621237715597559e-05
4.344361216298626749e-05
4.231305037583001934e-05
4.419588810339769336e-05
4.097196364260672811e-05
5.767216451380200148e-05
3.453406733351569423e-05
3.896405728330875403e-05
3.970384614712942989e-05
3.776673624109416983e-05
4.085741411382801217e-05
3.713171941353261238e-05
3.843980208637328756e-05
3.972371579901922502e-05
3.451316875089005851e-05
3.339422719200260285e-05
3.363478019436036019e-05
3.374264492573912487e-05
3.613581026048262248e-05
3.766634594321492614e-05
3.358973512101490297e-05
3.847332680134779245e-05
3.430719611645140910e-05
6.677091939736058408e-05
3.376243384865211929e-05
3.414415704317797867e-05
4.845963866527716287e-05
3.505114706062671095e-05
3.828221389314693173e-05
3.538329714647913787e-05
3.750855536536091829e-05
3.348338431201345781e-05
3.690379236968768778e-05
6.170987268165370834e-05
3.834494767300933841e-05
3.345062206209085037e-05
3.755585749799801842e-05
4.139200309860919147e-05
3.391202543199534623e-05
3.560218685801358197e-05
3.442306590586177413e-05
3.920037247304827870e-05
3.368217993962235255e-05
4.449521930794977074e-05
3.774831038533518258e-05
3.480305194706090252e-05
3.391538716351096401e-05
5.004946843019726806e-05
3.343621565115124309e-05
3.443966840237316321e-05
4.111227066213825939e-05
3.520088177878462793e-05
3.402432706082496094e-05
3.466153442709830467e-05
3.414778346014635116e-05
3.468453902102830075e-05
3.750718641932346471e-05
3.351869864796029868e-05
3.324190074219424043e-05
3.500460347233949517e-05
3.417490708548695218e-05
3.518713182655515198e-05
3.559537883564227982e-05
3.410003721912964269e-05
3.699946838906717223e-05
3.347998828235194653e-05
3.872566264883551510e-05
4.915933959225876778e-05
3.995815423772394428e-05
3.670779775833218515e-05
3.849971641491722283e-05
4.512454188098582607e-05
3.566421789384163760e-05
3.521233715191318680e-05
4.305698321780207245e-05
3.360794967637229630e-05
3.395061629737207529e-05
3.475493859945324548e-05
3.330476106006994354e-05
3.805087741586005027e-05
3.431709704040225415e-05
3.665443768438644015e-05
4.079701561894385787e-05
3.329205138723918947e-05
3.322727339254010501e-05
3.815978853727726813e-05
4.409686750996363739e-05
4.815042058929207714e-05
3.404122213969500008e-05
3.741137742659283229e-05
4.023471405028300756e-05
4.186640576630307377e-05
3.326140569055853843e-05
3.708391244344810616e-05
4.616865836914749795e-05
3.511641772355361034e-05
3.704727024332366984e-05
3.746753269196191697e-05
4.074828104722020861e-05
3.899181574318439991e-05
4.017874616166456047e-05
3.346633704942970840e-05
4.166579532349165706e-05
3.789627916801341769e-05
4.249581674956106898e-05
3.446271017348137214e-05
3.974425861178611079e-05
3.719231892978198337e-05
3.373647371535326366e-05
5.816049733550763455e-05
3.708426011066145685e-05
4.288741690127725821e-05
3.533928783840139019e-05
4.009971014756783610e-05
3.381066050005709000e-05
3.788708398716763524e-05
3.520709953324739747e-05
3.828165640651333353e-05
3.420796895025199011e-05
3.490276460876102284e-05
3.365074243699285025e-05
3.471878511061141965e-05
3.762677639319713730e-05
3.403247479918803243e-05
3.680019625560880335e-05
3.454521664404093864e-05
4.077783221179050741e-05
3.825006221326762680e-05
3.613571692598416734e-05
3.499283261230448709e-05
3.899280002817434576e-05
3.443447416084919780e-05
3.337502217494185995e-05
3.690667699214699555e-05
3.702888988905530588e-05
3.532526337948111198e-05
3.600983652360299173e-05
3.534052820402129705e-05
3.920680649678719712e-05
3.807114753852590655e-05
4.108917966914306749e-05
3.460265560700404069e-05
4.178972117087144297e-05
3.644683368556940082e-05
3.377598337777183929e-05
4.176214576096133613e-05
3.525755713779090349e-05
4.102785647997842980e-05
3.485976969813491238e-05
3.422930244018857556e-05
4.634425583582418027e-05
3.537431929475039259e-05
5.162400398692405085e-05
3.369904183571073499e-05
5.132325593462898887e-05
3.882202887633294031e-05
3.914272846206935143e-05
3.738492352324470107e-05
3.357189331806029951e-05
3.987621737213065337e-05
3.537961278076775260e-05
3.541788859005653317e-05
3.338358405495330845e-05
3.521895003048941102e-05
3.667013422306314457e-05
3.320067559660015548e-05
3.539992548006755911e-05
3.813954718798841698e-05
3.661023117716193711e-05
3.902048343885738247e-05
3.363142604396935395e-05
3.521146018808290410e-05
3.515017466856531760e-05
3.471169834654415321e-05
3.361911012951804484e-05
3.377499999401383624e-05
3.655787933154460654e-05
4.209139559668133594e-05
3.791497826327577526e-05
3.943409997920993115e-05
3.356540671532170779e-05
4.412822731782133344e-05
3.496481393664261928e-05
4.617282100922649637e-05
3.441311517898287825e-05
3.670891507435420335e-05
3.746601174232704420e-05
3.518366691734939441e-05
3.678034072636335316e-05
3.495655988385308784e-05
3.946733197337469999e-05
3.462568915250451398e-05
3.366308327315670050e-05
6.784118957589637961e-05
3.879458747765865087e-05
3.388532130687417845e-05
3.552668517668001276e-05
3.963475573240588835e-05
3.686557318387969338e-05
3.459623968280307681e-05
3.371088221331938647e-05
4.092739615124320752e-05
4.051634993544501068e-05
3.393462308642168222e-05
3.449729963552727852e-05
3.468135225260770687e-05
3.435262720841967431e-05
3.430625404318531888e-05
3.755952969219126326e-05
3.342604293603618410e-05
3.426108569802281152e-05
3.443498036118265845e-05
3.441378236520750125e-05
5.379976396279849014e-05
3.410408693504754382e-05
3.485904844522088393e-05
3.653833841986773293e-05
3.935884679312068844e-05
5.602352784723368430e-05
3.584600006987081474e-05
3.478404623564614159e-05
4.589257957308133415e-05
3.719665094180263804e-05
3.731674722508975943e-05
3.493040797487022861e-05
3.517035092722941122e-05
4.302413526211983704e-05
3.819152825441627812e-05
4.572979551022608122e-05
3.567514801806895899e-05
3.370065325158537922e-05
3.484317048797382082e-05
3.382723502320484304e-05
5.222712932598654484e-05
4.038760477842229967e-05
3.540710879599946671e-05
3.377370742703129854e-05
3.319248439335759516e-05
4.123422380796173172e-05
3.479039327887360289e-05
3.554779298721209244e-05
3.398861746545361862e-05
3.808567439809669214e-05
3.950333647051602475e-05
3.961084822768900371e-05
4.567350393184827113e-05
3.841039939480942047e-05
3.349506172615159856e-05
3.627170061634271805e-05
3.434299598183332734e-05
4.138798715752853318e-05
6.192627754112433605e-05
3.451785411677293566e-05
3.752463545794256135e-05
3.700508681255778898e-05
3.515848047593882523e-05
4.142155957362380139e-05
3.487151004503351000e-05
3.748874491077838300e-05
4.144544154907480349e-05
4.045445338315028009e-05
4.854356369374370682e-05
3.409976354197025741e-05
3.594881880077040615e-05
3.493706620912791656e-05
3.427690649667729120e-05
4.567899224591504947e-05
3.751851294511333455e-05
3.613515690507099990e-05
3.339402427663828879e-05
3.372161062280621589e-05
4.419248096927812399e-05
4.361242330963899824e-05
3.833136409080628077e-05
3.663263369138239226e-05
3.377174021621850563e-05
4.271573620719527724e-05
3.782412997298140200e-05
3.477066815802536159e-05
3.337891204871953199e-05
4.003869892372926111e-05
3.338396121924658831e-05
3.587590503245989516e-05
3.327806995161211839e-05
3.473292069892629095e-05
3.864780892356467262e-05
4.447383705871060696e-05
5.319252908651863070e-05
4.565152025024291071e-05
3.479316425409864139e-05
3.558649871233695151e-05
3.623775507020505609e-05
3.659930866055720290e-05
4.180127824377369246e-05
3.523416671649251460e-05
3.815470585130048504e-05
3.889944356676543197e-05
4.177128047243214146e-05
3.894488833445639475e-05
3.885903144190967881e-05
4.141543482116903635e-05
3.728766829077420462e-05
3.942066068717162369e-05
3.420303019887128754e-05
3.333506432910258337e-05
5.668459820825826675e-05
3.471852463824406443e-05
3.692401569882403686e-05
3.655173066116741644e-05
3.324052100565075203e-05
3.748431523454373880e-05
3.841093203119014786e-05
4.217468589952778728e-05
3.453121236404485230e-05
3.327203949518775576e-05
3.521501778320608120e-05
3.648699721572242887e-05
4.259943797462790874e-05
3.469156274061908787e-05
3.834482875016221649e-05
4.277247428231056517e-05
4.059682175695671395e-05
4.082665342802810116e-05
3.648790602946262127e-05
3.454619371849613682e-05
3.378342644402918937e-05
3.609320418844432534e-05
3.325313826108336322e-05
3.383861706609031294e-05
3.554410649164336118e-05
3.626012547961156637e-05
3.324982383898426836e-05
5.025626745508463092e-05
3.368914252845059187e-05
3.510949901945958971e-05
3.473221819806559195e-05
3.336648330452538001e-05
3.551335288443856583e-05
3.893928458415781495e-05
4.491034177386954955e-05
3.352087909073782384e-05
3.623460582209923209e-05
3.825052119127488618e-05
3.877090011605764745e-05
4.071974615910328233e-05
3.668489452675724905e-05
3.557434862007552467e-05
3.891861702430307970e-05
3.650423135104610331e-05
3.493826944066991309e-05
3.340784375942016196e-05
3.424629966829625092e-05
3.413540019728854085e-05
3.724820520096482182e-05
3.747141879205964600e-05
4.233598297774859631e-05
3.715834753572274675e-05
3.365272915899878038e-05
3.464126607837930287e-05
4.041740616432859312e-05
3.605388783155505486e-05
3.529465430042658786e-05
3.331357694877454012e-05
3.678982797202426489e-05
3.738539105321297967e-05
3.445768504049747131e-05
3.326770507807047820e-05
3.863212806444247898e-05
3.584101321142247308e-05
4.202596059851200776e-05
4.223263749011597803e-05
3.640615945579123261e-05
3.547747085569439278e-05
4.151689319225382909e-05
4.084425780433859743e-05
3.423561144459384302e-05
3.572169129553710951e-05
4.783790871200714059e-05
3.427685253491952666e-05
3.544116878411883095e-05
3.740161712889820538e-05
4.933701624486601291e-05
4.033406464376838293e-05
3.355053453005199147e-05
3.912383690092334992e-05
3.845009416916974205e-05
3.571636742060547092e-05
4.717183835940233928e-05
5.828105459449733233e-05
5.112096109254015937e-05
3.441989213646834146e-05
3.415476065152016973e-05
4.179153585321251034e-05
3.694978433037843777e-05
3.547859981592354134e-05
3.746725808861604281e-05
5.313983946258917076e-05
4.851265760611834859e-05
3.706323185442847250e-05
3.483354639515002154e-05
4.847930546072668742e-05
3.476799603239032194e-05
3.526993478359539611e-05
3.430458505303127844e-05
3.421713571835983053e-05
3.506403022935980214e-05
3.445140744054565023e-05
3.594228456931733835e-05
6.639449215799823553e-05
3.412688294608728158e-05
3.525283751002557844e-05
3.740089543754673005e-05
3.644136294626336778e-05
3.531917721475399176e-05
4.095801548938161760e-05
3.622227946772984148e-05
3.321171608463041223e-05
3.418026489196421334e-05
5.937815211376288991e-05
3.384364753737013372e-05
4.522804654645913222e-05
3.592581613090554499e-05
4.072895046972624671e-05
3.540503567296546050e-05
4.135609468656743320e-05
3.389425693836957859e-05
4.066934020830536781e-05
4.413649522841728745e-05
3.436704674678141812e-05
4.306312103836854797e-05
3.358576935745279085e-05
3.554710947802945599e-05
3.661689288932054858e-05
3.568845968642700650e-05
3.473185392297625779e-05
3.674927681727831121e-05
3.962939810474964904e-05
4.521085568233514405e-05
3.429082083169201009e-05
5.009894210678280492e-05
3.644662857359604220e-05
3.928612574125961128e-05
3.551951925118533994e-05
3.366733585056969378e-05
4.174012466664588620e-05
3.671485762395570632e-05
3.638133294374061414e-05
3.370540145565925329e-05
3.903222877566339991e-05
4.247778830468601372e-05
3.867813121785917426e-05
3.606653725075326090e-05
3.745897514065293113e-05
3.592453569931050334e-05
3.537095407776527986e-05
4.628671420064197646e-05
3.346792183869715641e-05
3.649694533694544001e-05
3.516803805961711635e-05
4.760648393975800904e-05
3.634011197570332144e-05
4.056500489160652434e-05
3.365766618543085528e-05
3.337400595775552505e-05
3.942517857615373828e-05
3.653324492131675909e-05
3.651679656847400406e-05
3.696474391309034947e-05
3.879936623267203616e-05
4.255925713944239911e-05
3.421613258472289658e-05
3.449334910672152785e-05
3.518321490348388881e-05
3.437920197655801411e-05
3.650718093584265128e-05
4.273687362114832205e-05
4.903852299527210374e-05
3.893495203016052690e-05
4.162564708396289842e-05
3.534452136814577157e-05
3.593046256924988847e-05
4.061845736651297216e-05
3.549361050369038756e-05
3.589802154105840051e-05
3.636783616045577493e-05
3.347541077753821251e-05
3.939887771037254676e-05
3.685927741576042844e-05
4.114566489246144142e-05
3.685076790769138152e-05
3.351978891810537207e-05
3.896244505417429738e-05
3.738689979026215982e-05
3.412133813241169231e-05
3.525433599280442535e-05
3.483899148517457519e-05
3.682423219027698637e-05
3.508297627266260645e-05
3.901135615314202225e-05
4.104803520442616352e-05
4.656458105978626818e-05
4.234493222569473683e-05
3.591910432576472849e-05
3.663380226615724764e-05
3.510209640047391093e-05
3.332436913428746928e-05
4.153387998467433220e-05
4.059031471733204528e-05
4.461333256831317415e-05
3.341510933851346061e-05
3.565126877319758783e-05
3.996172855136201986e-05
3.435756067046941907e-05
3.700648558827145405e-05
3.380037418552704067e-05
3.342584055137043592e-05
4.609104443536795199e-05
3.591224665960682688e-05
4.449883950323508950e-05
3.888569961741538327e-05
3.677193656175923480e-05
3.324242911023067706e-05
4.350884650880883410e-05
3.762681814951118774e-05
3.523661771546443821e-05
3.795154612627068776e-05
3.350394171918069137e-05
3.385350688442588090e-05
4.146938161677503088e-05
3.609102693682644412e-05
4.007034284672046978e-05
3.379179099940956313e-05
3.389228107939494137e-05
4.235538403521303728e-05
3.606850749033821283e-05
3.448101226780218213e-05
3.556150435664509867e-05
3.813429609610658843e-05
3.483290108718655739e-05
3.345272818311288595e-05
3.394005811342600134e-05
3.462482320251845296e-05
4.356967058113097045e-05
4.357905568932939305e-05
3.389361690606296538e-05
3.972875086094924599e-05
3.912520588252813030e-05
4.873546043575855113e-05
3.560848109285483931e-05
3.480763079955167242e-05
3.707573968233818674e-05
3.396866345113192052e-05
3.576139490596444778e-05
3.645307668679923608e-05
4.976147958664777247e-05
3.676862235716304907e-05
4.360795701168654299e-05
3.450087789976451994e-05
3.557101082575046125e-05
3.706375415246787185e-05
5.349855542152574285e-05
3.393944817861660940e-05
3.776919528727516495e-05
3.580607558668066833e-05
3.738086383714125444e-05
3.400917341891986881e-05
3.899527936636934777e-05
3.492310551381775974e-05
3.450723673961461993e-05
3.799027454392433822e-05
3.367767762306325485e-05
3.411018637553774160e-05
3.729992753037346002e-05
3.772183812085614410e-05
3.723280466074593777e-05
3.536506282854029421e-05
3.595201370309692948e-05
3.484384106378057687e-05
3.383953947311749670e-05
3.847075385014975995e-05
3.418165156202964138e-05
3.518808576725199314e-05
4.292341676819397348e-05
6.444515777244220263e-05
3.352876559353542131e-05
4.536559255153761901e-05
3.857067223238494930e-05
3.758675705041984597e-05
4.593991518729424961e-05
6.080611975790288802e-05
3.374622224280347062e-05
4.086573487564707928e-05
3.338494759353981289e-05
3.656124633173565353e-05
3.363290425750944625e-05
3.733636166274709634e-05
3.696101654259370480e-05
4.162499865855840943e-05
3.378662698008383619e-05
3.454215289085941934e-05
3.804581536854543996e-05
3.836101275237917057e-05
3.382401705775151261e-05
3.398497176932222940e-05
3.463264083491672421e-05
5.146470664810681760e-05
3.752852634918982315e-05
4.201252232394607510e-05
3.614054611597374857e-05
3.433910382533802058e-05
3.325914883272672957e-05
3.532667893093362227e-05
3.448504629027652254e-05
3.501603269734982393e-05
4.608841525221782782e-05
3.461508372431368238e-05
3.494819815046201972e-05
3.976834078700816020e-05
3.753678818465990116e-05
4.255703999811426958e-05
3.498429064974792422e-05
3.367569494623763279e-05
4.239533111118418937e-05
3.736699650002394421e-05
3.732466897915733857e-05
3.875824286847835026e-05
3.771252547589969167e-05
3.573712061183638227e-05
3.626419295287799016e-05
3.541236414785206224e-05
4.257286551102145301e-05
3.387253292058133871e-05
4.871997575194600373e-05
3.435605938824912094e-05
4.323680429615508526e-05
3.397062711736570866e-05
3.462744711020333859e-05
4.301399430232598998e-05
3.550250566008297868e-05
4.258227283148596646e-05
3.581296538010983157e-05
3.824676910080994775e-05
3.448573619047764463e-05
3.503489773722696791e-05
3.369318806895346083e-05
4.374486555393404790e-05
4.006018912267231535e-05
3.521737226738490576e-05
3.539962917478473199e-05
3.329453593550465112e-05
3.359632285994922633e-05
3.478332065645303885e-05
3.384199888721209750e-05
3.750467983894024824e-05
3.359757726468505198e-05
3.364642730105469725e-05
3.594268713451265559e-05
3.559533019402963047e-05
3.432118426102241388e-05
3.346077424642966578e-05
3.638005031041979164e-05
3.918372378346302818e-05
5.897201044419322333e-05
4.349298715844793765e-05
3.929717238007364167e-05
3.393257046378037343e-05
3.350962841115578120e-05
3.471565908745652266e-05
3.964110628523173684e-05
4.437106403362990593e-05
3.393356907960677713e-05
3.630770108103269515e-05
3.368053777690704724e-05
4.309239385598433229e-05
3.479508027455620946e-05
4.303783389672597836e-05
3.422876074569792062e-05
4.498822421371179598e-05
3.360464513828154034e-05
3.417623995368248603e-05
3.564831407787141885e-05
3.453771440577420776e-05
3.804792140520422050e-05
3.367022675967418330e-05
3.395094869195303084e-05
3.426062643291714991e-05
3.537582840759212303e-05
4.022507369264058087e-05
3.323893558198321948e-05
3.586931038984008990e-05
4.412103319424648471e-05
3.722282899777882019e-05
4.499912859178465497e-05
3.325996955702859037e-05
4.144965020669420000e-05
3.327116102259819615e-05
3.794954770945804063e-05
3.855990242077967159e-05
3.493194480025190417e-05
3.477219853874590074e-05
3.466122043779389241e-05
3.757592710275024751e-05
3.829335894042360850e-05
3.984637674492686550e-05
4.610478118454388219e-05
3.368778428525777505e-05
4.786087173544092548e-05
3.591262641696067254e-05
3.540528249083193911e-05
5.322199844082635851e-05
3.507809048152714263e-05
3.447851689373714024e-05
3.422846280367897062e-05
3.562142447514957241e-05
4.718965613469072674e-05
3.431298157780308754e-05
3.725288418295027353e-05
4.660090851161415281e-05
3.360350543515927156e-05
3.395773312560227932e-05
3.347255976325071261e-05
3.680425701196557875e-05
3.491438830940616635e-05
3.371971971635435793e-05
3.883166193695543832e-05
3.392863069081117214e-05
3.820651017902708960e-05
3.374723609575657954e-05
3.544958364294961537e-05
3.409521961849856943e-05
3.841564596411710711e-05
5.823562767306940434e-05
4.425626493940022316e-05
3.728077428704779653e-05
4.132156886959440845e-05
3.466982614682441574e-05
3.909434369192194328e-05
4.033152912687751682e-05
3.437031429175780532e-05
3.482820225406011100e-05
3.450010932166436316e-05
4.018421843623565232e-05
4.068952319765976666e-05
3.438276063256220883e-05
3.383022837434700050e-05
3.552382417463772866e-05
3.816133507223851281e-05
3.874239567379398426e-05
3.636327301208370843e-05
3.339332854107464582e-05
3.552981443624013993e-05
3.888119800117988730e-05
3.714760310052924282e-05
3.382230979515635444e-05
3.470043471311322700e-05
3.325645177495072986e-05
3.710911680726861685e-05
3.630747076889378740e-05
3.640869668723273290e-05
3.478728492091559364e-05
4.697029945364202420e-05
3.515586347047877077e-05
3.711000602364819615e-05
3.504139995330488928e-05
4.302983846908840120e-05
3.426786464275900464e-05
3.731388486140798901e-05
3.986888316314953732e-05
3.369041574469143778e-05
3.390604984550391488e-05
3.495200891917410842e-05
3.501872941452097355e-05
3.677307076525873983e-05
3.339115411047447601e-05
4.134810696459160085e-05
3.471427818074994675e-05
3.611159106692802070e-05
3.323787851732797006e-05
3.718554872974932603e-05
4.523982419047069194e-05
3.531935114520253351e-05
3.601492421578364776e-05
3.524029333508147993e-05
5.204260028064484678e-05
3.763458260874085913e-05
4.320717187920782167e-05
3.555891933884701412e-05
3.382692725422306828e-05
3.666742228500414460e-05
3.662955445538284237e-05
3.372491195446774979e-05
4.404079027877807844e-05
5.009685171024783686e-05
4.347652257039352801e-05
3.333617119449023192e-05
3.364864183721959673e-05
4.036058367535742212e-05
3.654756965306441902e-05
3.327045819859826315e-05
3.492584763183677869e-05
3.529156696395759183e-05
4.049217536324460078e-05
4.325508634138263672e-05
3.746721584145620468e-05
3.817905770371150055e-05
3.359264443078126641e-05
3.610226048812415444e-05
3.403852707735832982e-05
3.880443109733230743e-05
3.676517382264094398e-05
3.360678179518004276e-05
4.072204777315502089e-05
3.653218069945355078e-05
3.332935362824174626e-05
3.548284480389597045e-05
3.508158413940005689e-05
4.089619900948956809e-05
3.441767802249176116e-05
3.433773457151312753e-05
3.476285773794793912e-05
3.420870145515864910e-05
3.399954810649271242e-05
4.769524837848119716e-05
3.464325769635387327e-05
4.057829287415126496e-05
3.361429985716602099e-05
3.582816744116243998e-05
4.428314066397914491e-05
4.165246123549040734e-05
3.565044540120205114e-05
3.616501471936140090e-05
3.561535508106776981e-05
3.329555883661089661e-05
3.779363781524032928e-05
4.599168566557299199e-05
3.708647627846612592e-05
3.618839210338904358e-05
3.370647519914789307e-05
3.982515699869933196e-05
5.124529791328180021e-05
3.403063101727740931e-05
4.111935457296487183e-05
3.430302353748094466e-05
3.324829831289459345e-05
4.233358254768198453e-05
4.410806484790287069e-05
3.406169095421909051e-05
3.805000687558921261e-05
3.327792361689291462e-05
4.579348964322415986e-05
3.563222096559228661e-05
3.760481579911345134e-05
4.823119079810430515e-05
3.386087528939249063e-05
3.542964480300356896e-05
3.488789230985028312e-05
3.386109850556727583e-05
3.775879816338350377e-05
4.809002283628420303e-05
3.350391299177674504e-05
4.467919014865303885e-05
4.463205134330921803e-05
4.450052426339388457e-05
3.453964322592409180e-05
3.933495548760300561e-05
3.754483498673183450e-05
3.710564613393391192e-05
3.980832328964930558e-05
3.630039823043636037e-05
3.483506919161376362e-05
4.455599698074709367e-05
4.453557485430712035e-05
3.406432608746603455e-05
5.963933499548638414e-05
4.816958962321379845e-05
3.955498199535601719e-05
3.545922199281697200e-05
3.397939066639306236e-05
3.423834525600720773e-05
3.976462878977275972e-05
3.613336001016118266e-05
3.487647582311303719e-05
4.681885742096990191e-05
3.723478172101080873e-05
3.626842087063544709e-05
3.790935483527856342e-05
3.921392716052007671e-05
3.688049449172532359e-05
3.873354969601602426e-05
3.656280525776236005e-05
3.547985137374859020e-05
3.581870409149142428e-05
4.673509605001502029e-05
3.345494931293690295e-05
3.681452544900923091e-05
3.548794675618430856e-05
3.502307857563933543e-05
3.768563058261249613e-05
3.354123020002054760e-05
3.447333873548975142e-05
3.326146430463164692e-05
3.831858145654252953e-05
3.684021745811359526e-05
3.888175124312999627e-05
3.436418024573261723e-05
4.096583401325907398e-05
3.456722200577715451e-05
3.740482182493137976e-05
3.456587745968986702e-05
3.451883332255898512e-05
3.354615522181510407e-05
4.611719429928996068e-05
3.605811348464103600e-05
3.801091786940369598e-05
4.827669777915908917e-05
3.903173800765040663e-05
3.553142766459045692e-05
3.371771560167962034e-05
3.501313181679624616e-05
3.406460054827636208e-05
4.296819146446186511e-05
3.499469323447761853e-05
3.320683007378101901e-05
3.949951904378261346e-05
3.640023735729863496e-05
3.443114338521094750e-05
3.561887567603973335e-05
3.908146464841668070e-05
3.514982218161757260e-05
3.787525844485160539e-05
4.012690193557523217e-05
4.290736241717582681e-05
3.549412526660138188e-05
4.009471451521613087e-05
3.386854602529199915e-05
3.845621072764116667e-05
4.218781497854592655e-05
3.331687396032476838e-05
3.435015974657289802e-05
3.671041213121568268e-05
3.462944091442194690e-05
3.551910335871978641e-05
4.119448590018147188e-05
3.385613098875243324e-05
3.371398877111520356e-05
3.390388124220667970e-05
3.352228469575282776e-05
4.067788511852018179e-05
3.667020145419033804e-05
3.450879946105590450e-05
3.582850187824898483e-05
3.674346100436795049e-05
4.276625041494328797e-05
3.492702630435971800e-05
3.464703042505487269e-05
4.106117699034846232e-05
4.169883535376833539e-05
3.870433200492173130e-05
3.337014355618445760e-05
3.754286049274593997e-05
3.414396614978454001e-05
4.202084558439430088e-05
3.705822547146469002e-05
3.805964050287302539e-05
3.435042797255906551e-05
3.386349782392263964e-05
3.724116221783052235e-05
3.903013345532834215e-05
3.349897087017496842e-05
3.666757918901517548e-05
5.915700791476660307e-05
3.418333710947638233e-05
4.102619426038242801e-05
3.994514126490133831e-05
3.357143622547627450e-05
3.538361855116984152e-05
3.633666534077789368e-05
4.247397362391647945e-05
3.500371212153593743e-05
3.451163305268969836e-05
3.356926480194395246e-05
4.544189792566521248e-05
3.456851368911024926e-05
4.139730250070751752e-05
3.506096278157184022e-05
4.200464187536028345e-05
3.735464861974805551e-05
4.783370093003424357e-05
3.798142667347336176e-05
3.689548736079643215e-05
3.554798826891186590e-05
3.447094809470709287e-05
3.391513714890821371e-05
4.134469156275042757e-05
3.466480468400994858e-05
3.628201956555743556e-05
3.745066600364135813e-05
3.565073600905420539e-05
3.839369982277950928e-05
3.575029684341460339e-05
3.674814059302889221e-05
3.418727822352103445e-05
4.257736925438975590e-05
3.624518523877560169e-05
4.236860076929201217e-05
3.736180324200396750e-05
3.462823417589747197e-05
3.443370149983179563e-05
3.362098818360547998e-05
4.270023286354419684e-05
3.740796211897411328e-05
3.319101056541203795e-05
6.840898555898622803e-05
4.680660583187450026e-05
3.415097274103302388e-05
4.034744215441196587e-05
4.884907882182469726e-05
3.360894655982696018e-05
3.370037056237178206e-05
4.312003334297266372e-05
3.717374668027498784e-05
3.608716318190391799e-05
3.778707728455192290e-05
3.462225124235630066e-05
3.943123692385645844e-05
4.459542960724632513e-05
4.468651722167102239e-05
3.495985703688564162e-05
3.693335787181588125e-05
3.762454224459105013e-05
3.984733973017313139e-05
3.865680587061163327e-05
4.105002364227492063e-05
4.240770227642675207e-05
3.577658533130591024e-05
4.623869108915973532e-05
3.462870639170119013e-05
4.025910790170906763e-05
3.353922526119047727e-05
3.340503478150454978e-05
3.998022307746975881e-05
3.416470182699438162e-05
3.595911069202574175e-05
3.443617917508927584e-05
3.630965857202199057e-05
3.756934534087145815e-05
3.657012298897432154e-05
3.575173868560605449e-05
3.656237600651317699e-05
3.706155601156173275e-05
3.642078186257431118e-05
3.516929510477456223e-05
4.901734870024317467e-05
3.503759046361867667e-05
3.947071866949059004e-05
4.433993528859010979e-05
3.485304499836947137e-05
3.603153965916184817e-05
3.345036237808252436e-05
3.602805828049198566e-05
3.379372694727464041e-05
3.813574487178629437e-05
3.736608143878497021e-05
3.401267418142433629e-05
4.091430165051864549e-05
3.921921875357510089e-05
3.630261024575627690e-05
5.001217925594727268e-05
3.852766063358538558e-05
6.034764209823449655e-05
4.764765128142162180e-05
3.470585919890908282e-05
3.997113788584602512e-05
3.704853392487341811e-05
3.453496598588357339e-05
3.487670734044990759e-05
3.354629836131465880e-05
3.853958896800297400e-05
3.661047880043331892e-05
3.326694346601820427e-05
3.775073135304881007e-05
3.324911977393772933e-05
3.538972371545487692e-05
3.892491365381880905e-05
4.381700779767543947e-05
