2.627548764426386609e-10
1.130623603427853912e-10
1.020984508460792583e-10
9.546056268636959272e-11
1.035481366224838781e-10
1.778492123952835028e-10
1.049749114258740919e-10
9.611809610488572566e-11
1.009175893546221221e-10
1.014646367061493986e-10
1.267469889594558089e-10
9.856463930104181414e-11
9.476510678147515332e-11
1.324841970612390536e-10
1.552225448252951866e-10
1.040450702900756870e-10
1.145291055635342774e-10
1.075177275670861611e-10
1.375418441522316597e-10
2.071438193362495483e-10
9.252806160620012739e-11
1.270270930889226867e-10
1.143621033842910509e-10
1.039879109637707399e-10
1.276081811983913755e-10
9.928424949624783692e-11
1.264299905592465279e-10
1.373222251547435293e-10
1.037217801026258024e-10
1.039133139792372819e-10
9.405477941796985306e-11
1.026312590171485738e-10
1.090016189642498961e-10
9.947442330536529785e-11
1.040098423436696958e-10
1.642701070710170056e-10
1.026703014363575401e-10
1.249680989822912300e-10
1.396093435929217305e-10
9.249712430777818734e-11
2.272470691599443395e-10
9.399042155916705725e-11
1.232802091526553266e-10
1.379952333845153694e-10
1.202586140057134606e-10
1.045419734720249200e-10
2.279911814961998607e-10
1.263197708851796925e-10
9.231066089398806998e-11
1.002490215470549157e-10
1.016269205087488615e-10
1.004880810955733954e-10
1.018141532728517629e-10
9.654163468372377425e-11
1.186996540512829831e-10
1.473335205801968502e-10
9.407281825395056413e-11
9.228388040768018558e-11
9.786523077695883907e-11
1.530426747551398000e-10
1.563952123440118793e-10
1.039624654916342317e-10
1.719434436067948884e-10
9.609036620271338431e-11
9.220853395785358812e-11
9.247978898418719002e-11
1.264601814995025673e-10
1.102871996243844575e-10
1.482709109851028759e-10
1.022846313618254202e-10
1.031130562947705803e-10
1.014464085237393861e-10
9.384783459273780801e-11
1.119747894329177762e-10
1.365608610554728168e-10
1.037799465472944852e-10
1.061308028795535115e-10
1.037027269517620629e-10
1.157663775474817027e-10
9.824375986118762962e-11
9.720703265487953597e-11
1.024007325958903142e-10
9.729308527763187453e-11
9.694878483223135909e-11
9.470577355692984764e-11
1.767978130111160897e-10
1.507000638015463868e-10
2.318485778169939918e-10
1.011724912552281110e-10
1.058657920722891548e-10
1.573524445282758934e-10
1.072212717153442906e-10
1.005133907351839138e-10
1.122360235584433736e-10
9.213931065671247280e-11
1.116935177632247382e-10
1.114189207690427515e-10
9.335949326881137750e-11
9.586921639655117470e-11
1.159706906244684218e-10
1.003326359252697511e-10
1.068161656463477528e-10
1.184555020446056356e-10
9.315119770250710632e-11
9.416472143404033635e-11
1.080929563509866655e-10
1.010340143804741848e-10
9.561945534049848560e-11
1.268035447895751157e-10
1.027353432828451746e-10
2.392721029660671614e-10
9.842955490798423280e-11
1.007206296132635476e-10
9.703892151590307348e-11
9.477874565408762864e-11
1.040840865795300242e-10
9.224394050538530073e-11
9.645499577247874022e-11
1.139768622398213228e-10
1.166990510940943245e-10
1.108079270807586661e-10
1.168256267946075008e-10
1.099610848993215473e-10
1.183322813569628254e-10
9.367734475960596473e-11
1.030190365037410726e-10
1.061072442770518883e-10
1.432269446720057943e-10
1.280189571521535663e-10
1.180411443432159526e-10
1.236802958269066885e-10
1.152563471383494754e-10
1.213931806957284114e-10
9.399457484260554755e-11
9.431867479789446463e-11
1.431702495474790430e-10
9.743666809674750077e-11
9.914377279224425091e-11
1.723866726129185034e-10
1.948994937366263382e-10
1.409322774349368014e-10
9.235381997622271063e-11
1.216022025258467450e-10
1.356039293438190841e-10
9.716467960090477131e-11
9.657767515856285873e-11
1.297243028080731354e-10
2.725764619852808286e-10
1.063302929709873806e-10
1.096794873318230478e-10
1.163437862339959894e-10
1.386608348489949349e-10
9.517100063759044284e-11
1.065280244471855774e-10
1.065333215225666252e-10
1.220429502190550647e-10
1.678440831123880188e-10
9.423997251767030595e-11
9.371899172875831378e-11
1.194055212244710436e-10
1.001198577972636229e-10
9.195888877098615197e-11
9.266142570659872878e-11
1.082971825853538616e-10
1.078371269575307913e-10
1.414234053851471668e-10
1.326120243603327221e-10
3.660067788315631698e-10
1.126083339356264336e-10
1.191099287329902800e-10
1.008459656119672260e-10
1.723829142546811224e-10
9.210126721991281441e-11
1.039513496672903842e-10
9.532163739904555823e-11
9.182773002834129122e-11
1.088724571970187938e-10
1.123627520564164570e-10
2.084571194057637762e-10
9.627040740683985638e-11
1.245758777997838632e-10
1.252398767687595647e-10
9.679569531810875200e-11
1.431465931422292432e-10
1.003902551068322247e-10
1.108911665067559483e-10
1.162037494400381875e-10
1.022229010176146798e-10
1.160664868507095521e-10
9.397396658864863453e-11
1.603319668617101440e-10
1.112466002575650747e-10
9.597937650022560030e-11
1.098398802242701068e-10
1.451689198167747362e-10
1.078932057801500928e-10
9.588899687671556741e-11
9.260140029127118242e-11
1.570817419099728927e-10
1.088311533108466940e-10
9.195644631598417189e-11
1.495836558172007160e-10
1.135880420813066063e-10
1.854935559443358452e-10
1.893283621505972827e-10
1.091113012642570961e-10
1.342654820182961316e-10
9.921708007442223008e-11
1.463215970927413734e-10
1.093947379228733223e-10
1.055870704744709374e-10
1.702036708887958778e-10
1.142545551202845388e-10
1.450071109824276512e-10
1.151970001288255096e-10
2.705810132536874995e-10
1.248722004283869205e-10
1.177647219651668438e-10
9.769131594564076411e-11
1.468108589306456294e-10
1.137641485266021580e-10
1.336503947851301686e-10
1.092535201322095830e-10
1.000764683798637698e-10
1.298382504565792693e-10
9.307098782288528589e-11
1.174155667263268292e-10
9.854946763713070422e-11
9.260496069938201172e-11
1.388453357437579155e-10
1.112946971647869423e-10
9.447574820146201686e-11
9.677218417046703461e-11
9.289053615662102779e-11
9.376606533997999438e-11
1.064909384642810303e-10
1.334808992843429441e-10
1.112791262319919425e-10
9.842802066941413178e-11
9.314797758706145262e-11
1.067930251013035383e-10
9.669211535535594187e-11
1.177520007465597368e-10
9.202578996727977611e-11
2.144356794422835005e-10
1.453068952785596220e-10
1.064708872810014193e-10
1.031342666881930900e-10
1.389151492538997622e-10
1.199190467816857206e-10
1.603942253788431411e-10
1.214568904019950834e-10
1.096542241892575020e-10
1.146353542672134180e-10
1.066457941876669795e-10
2.517954427946443853e-10
1.066260545918162384e-10
1.323980508571516426e-10
1.245414164962629053e-10
9.341363171993570207e-11
9.745384845132086558e-11
9.304858912546767062e-11
1.391533058169933345e-10
1.778364120694711514e-10
9.568426880440416312e-11
1.082260382820884392e-10
1.007900771950901671e-10
1.385789676604776171e-10
1.324362783697157100e-10
1.313159810886334287e-10
1.079509572983449468e-10
1.199347932259956572e-10
1.409244323216106291e-10
1.083696963863756912e-10
1.353143369836344499e-10
1.269439782701828942e-10
1.330832614655874058e-10
1.041517137212518088e-10
1.616886570899843063e-10
9.816366575273786268e-11
1.015370728826638640e-10
2.207255710382424264e-10
1.940506013943052843e-10
9.249080615461642752e-11
1.064134366685256556e-10
9.667731029145664349e-11
9.921479470051240391e-11
1.101626943163980077e-10
9.699619343220363491e-11
1.255869019832007481e-10
9.729912971442294195e-11
1.054584457060964709e-10
1.124291422929365163e-10
9.671486453512761564e-11
3.801787657221794983e-10
9.434160553885981442e-11
1.059662279270386930e-10
1.011630549191749436e-10
1.026438309113700808e-10
9.452360456898745460e-11
9.420904941299461078e-11
9.303698506748655831e-11
1.012001966809665715e-10
2.282345821146073653e-10
1.037323312992953957e-10
1.715799881225749156e-10
1.017339901667198260e-10
1.130995917519591653e-10
2.606054993551879543e-10
1.144483203457837419e-10
1.055589319954866562e-10
1.245836179597938320e-10
1.337853398005358472e-10
1.003202636348831557e-10
1.180149674763185070e-10
1.837326005036567526e-10
1.559152331301996994e-10
1.010845387037828272e-10
1.080380995838366170e-10
1.563579666664067309e-10
1.057930751511890110e-10
1.336758674465635829e-10
1.265424660010998903e-10
9.300297143482609213e-11
1.817056653995182938e-10
1.171255995589287182e-10
1.023028771193667489e-10
1.076609357641642969e-10
1.876216141504654283e-10
1.130858690134866052e-10
1.070135390667606307e-10
1.174354189710700906e-10
1.088466087514894612e-10
9.493768635395084832e-11
1.244048627114424385e-10
1.489275345388707209e-10
1.021461377696861868e-10
1.159321400178102988e-10
1.849031939669539000e-10
9.410042937056565597e-11
1.041105285478936228e-10
9.755702960163399326e-11
9.412356617628748884e-11
9.361067588963341671e-11
9.260884464435734311e-11
1.183231397582757381e-10
1.491789409336915718e-10
1.234983844275753820e-10
9.774304029320163890e-11
1.114519532050611079e-10
1.379197590860040591e-10
1.007245390312902315e-10
9.251769619000764740e-11
1.218334444087190447e-10
1.541077938596110917e-10
1.167258824865603879e-10
1.040976735183320921e-10
1.010223171725706622e-10
1.190127711028088451e-10
2.143611501279850050e-10
9.960447101643955526e-11
2.232109034011993298e-10
1.095096657367927636e-10
1.300411159879581587e-10
1.057623913333706881e-10
1.093270180882883953e-10
1.062288666713181193e-10
1.012675605679690175e-10
1.228486553846171680e-10
1.112239925605209336e-10
9.725309072372500445e-11
1.058387263263884425e-10
9.648825443072673040e-11
1.293154906916238757e-10
1.099687433352533820e-10
9.518142876495503163e-11
2.593390263152502149e-10
9.192110578079933124e-11
1.343073353216226264e-10
1.198251759225638443e-10
1.055242910089324939e-10
1.005067625590774583e-10
1.025355205139531390e-10
1.026228276979469029e-10
1.027009051583041878e-10
1.509448745108299177e-10
9.830475292900230896e-11
1.437358793672906731e-10
9.590233883496050989e-11
1.028735853249978386e-10
9.849596738126737151e-11
1.129836499034343996e-10
2.594448270647385789e-10
1.106423918551984050e-10
1.207873063543924920e-10
1.167020913752165383e-10
9.647123599516548487e-11
1.224246446488888314e-10
1.512264311107262599e-10
3.296962119996295979e-10
1.081162772344560471e-10
1.277208475589765567e-10
9.523908142744640055e-11
1.168949415187746694e-10
1.254905489734453291e-10
9.279203732111037963e-11
9.527839408413124418e-11
1.073988046985761219e-10
1.801005088669764136e-10
9.592211333839814266e-11
1.649220996904678853e-10
1.368628619186013862e-10
1.025093156718815258e-10
9.776542101823086867e-11
1.303950461188675665e-10
1.237663298517869837e-10
1.050534859995918617e-10
9.941497115083125622e-11
1.073464819384309384e-10
1.006651316285349206e-10
1.161022100286278045e-10
9.907331654116421522e-11
1.035994935559431599e-10
1.151031130680781171e-10
9.547742351810625186e-11
1.071041983047687808e-10
1.143716559575402257e-10
9.935503135670678945e-11
9.633171067860876089e-11
1.312622035100974743e-10
1.735315146899141281e-10
9.911495507732668373e-11
9.224897441571398300e-11
9.186147221187845255e-11
2.481258867774977316e-10
1.609706638448517648e-10
1.390669302604156010e-10
1.030004594525813835e-10
1.200588945013407711e-10
1.191622456202748521e-10
1.133909580020166334e-10
1.041146184933216701e-10
1.179646936447921346e-10
3.421582269182393762e-10
1.160254397995775530e-10
1.396506958674251185e-10
1.192778426974652077e-10
9.777730413273491194e-11
9.488240839141343276e-11
1.099990940008091396e-10
1.154179455502584927e-10
1.406477036212655011e-10
1.088089503168905904e-10
1.022150339916791701e-10
1.212393396869790815e-10
1.285069692147267609e-10
1.345752534421418493e-10
1.062159491808092001e-10
9.349005353261823921e-11
1.849190997320923720e-10
1.329390834250469669e-10
9.249777230213561282e-11
9.692623920184153217e-11
1.451058976058007726e-10
9.197110019464950042e-11
9.332799357911380031e-11
9.779273486301710809e-11
1.068605774900725083e-10
9.344976229109083138e-11
1.252690761419904447e-10
1.140269176046693413e-10
1.143446109474642556e-10
9.326351878164352948e-11
1.354129009666183655e-10
1.125672770193541301e-10
1.184418018982111605e-10
1.172624348294374330e-10
9.185283394182509109e-11
1.762272049219662406e-10
1.468986405924059667e-10
1.526000052182806768e-10
9.397268842717316807e-11
1.398875306291833041e-10
1.529835430686211276e-10
1.082707905632760522e-10
9.527586839636615589e-11
1.088397242923920014e-10
1.018893490941844281e-10
9.591787624510048351e-11
1.198875484642096938e-10
1.009241939162728202e-10
9.626946882605185736e-11
1.005865765281210225e-10
1.559348263936081095e-10
1.170391329251501074e-10
9.843016859755324177e-11
1.042298095769639682e-10
9.220431036457911397e-11
1.007377699226428426e-10
9.566696799853501012e-11
1.125208846709714403e-10
9.893074493041106397e-11
1.878213175950279356e-10
1.046803060893804223e-10
9.529575660191468675e-11
1.621513673072766832e-10
1.504523644697022865e-10
1.772137083023374828e-10
9.802655831105842586e-11
1.057129639249790299e-10
1.209889190361114647e-10
1.080728827320063270e-10
1.002814784136369016e-10
1.026371753705099110e-10
1.021468804025812297e-10
1.330459038316904938e-10
1.129448887969734668e-10
9.197875196376955902e-11
9.600823207877337938e-11
1.701383869150144811e-10
9.410713157806444688e-11
1.416863150171161791e-10
9.382927796299176883e-11
2.099839008764150851e-10
1.070305071472459487e-10
2.074196883512787846e-10
1.003048718491549041e-10
2.251454232185328657e-10
1.197055167551346182e-10
1.127846887759357935e-10
1.349351682374113861e-10
9.271753729919839818e-11
1.011140634625729435e-10
9.513307174328197800e-11
1.484785402683838142e-10
1.085731854077293210e-10
1.107231104084993250e-10
1.143785172342699833e-10
1.085553019073893110e-10
1.031860982554497528e-10
1.051315746945004873e-10
1.064864988441841178e-10
1.157212424991322669e-10
9.741809175823072816e-11
1.645373803654837770e-10
1.230431446775849485e-10
1.058685271033538537e-10
1.076453314706870917e-10
1.646175176519445233e-10
1.154406336000983520e-10
9.301570767138321453e-11
1.874374431408360861e-10
2.103496743340268358e-10
1.509194379873473220e-10
1.316095697321142715e-10
1.055183721785756975e-10
1.748176929315119557e-10
1.283187719784540046e-10
1.193911390592541582e-10
1.258942536231491058e-10
1.045146079965950600e-10
9.826004840564277473e-11
1.389313779152749523e-10
1.146618023017217293e-10
1.456112583548890376e-10
9.502300304613544959e-11
1.811800921992623194e-10
1.060284908489377910e-10
1.024088835256582542e-10
1.164109674302171643e-10
1.425569518120001949e-10
1.051686454311677103e-10
1.553827228347133765e-10
1.158825394638116629e-10
1.362776651955477033e-10
9.798312906630794554e-11
2.531358512240937553e-10
1.009579613331580927e-10
1.799856342368665452e-10
1.169989121720929379e-10
1.028774230613360271e-10
9.318065723721155966e-11
1.030153508139971381e-10
9.535634588841098773e-11
9.743372704964127280e-11
1.158797463869503474e-10
1.177943564297964759e-10
9.663444233998623602e-11
9.851773846115899376e-11
1.149179512058498946e-10
1.232761773500039986e-10
1.633288312309048025e-10
1.456524223265453131e-10
1.296392065527120798e-10
1.027152432874327087e-10
9.406148447152306357e-11
1.247710011846504444e-10
9.193429879957119679e-11
9.565029372234654160e-11
1.123850225653352015e-10
9.908185902757620059e-11
1.267926041881553746e-10
9.612686794967627992e-11
2.174575483925465449e-10
1.494169868801116846e-10
1.072178550988943811e-10
1.031646027004314070e-10
1.092500191503991055e-10
2.445660098842787497e-10
9.472084791165581355e-11
9.239079943372711952e-11
1.155696144244034744e-10
9.956741648681849227e-11
1.004580940062896419e-10
1.323917773088477399e-10
1.447625137346572260e-10
1.080904119882709832e-10
1.121603642677554372e-10
9.208516777990544137e-11
1.023814645047847245e-10
9.950451765601706126e-11
1.127536329518542192e-10
1.614924847191598351e-10
1.118557704372414192e-10
9.714962718997211519e-11
1.411991199769233381e-10
1.962230155889552175e-10
1.475718012742041303e-10
9.504008998239078766e-11
2.124521464829412178e-10
9.966579709373609446e-11
1.028467176621762627e-10
1.103954858930482156e-10
9.207492139928138928e-11
1.100049405349226222e-10
1.002094570246406754e-10
1.951128979209555169e-10
1.176938875162224154e-10
1.069768856818494962e-10
1.094214519805519433e-10
1.217152596711669601e-10
9.206125800624008808e-11
1.053772447365567994e-10
1.219300317550212640e-10
1.169924493493317754e-10
1.580328999940938428e-10
1.010891852320573505e-10
1.263979442931031007e-10
9.999660091843921573e-11
1.217674872869563863e-10
1.198786398396587872e-10
9.434797432367929829e-11
9.246601590597030117e-11
1.460822934233863478e-10
1.327785937742768432e-10
1.764694503509354509e-10
1.047096684510125082e-10
2.075363362858948868e-10
9.675256177091223344e-11
1.013909593023788482e-10
1.212028988265561281e-10
9.639032346005140156e-11
2.311306082447144788e-10
2.904629498308615798e-10
1.082400162851252042e-10
1.581915980837691528e-10
1.056875939045298440e-10
1.059227830996780346e-10
9.527097470959876680e-11
9.197582156481191151e-11
9.378831403302947951e-11
1.086612979388554577e-10
1.363765423948617796e-10
1.855323263199103860e-10
1.109128661406430072e-10
1.146514653806013340e-10
1.148107245669594728e-10
1.345086095391048581e-10
1.187611115853518664e-10
1.075428613900501821e-10
1.133447251694977346e-10
9.827326190400987386e-11
1.243452276665695702e-10
1.136354059920726553e-10
9.387278499943302570e-11
1.347016924326718687e-10
1.065234430069367120e-10
1.013553741289579402e-10
1.059496862046816869e-10
1.207798668187601810e-10
1.419134910485891675e-10
1.457227477827410106e-10
9.970266792075889325e-11
1.205523825883527400e-10
1.433853217183330941e-10
1.399677129912784149e-10
1.562456710336238244e-10
1.037335035965140475e-10
1.517456326010968013e-10
1.089008281127786252e-10
1.112937326491130868e-10
1.392694194687632094e-10
1.597361379284394315e-10
9.461369507716711446e-11
4.318574788519323899e-10
2.117373936058903580e-10
1.408762325249293387e-10
1.148250712053241131e-10
1.121762386334092052e-10
1.274282478145584009e-10
1.168765931213596281e-10
9.881857629192779953e-11
1.112387431601581156e-10
1.409320532941445865e-10
1.129761705960319629e-10
9.751357212685284023e-11
1.061352555158269371e-10
1.302419038057014728e-10
1.361818432724123144e-10
1.654978569187052266e-10
1.194876389704202085e-10
1.969441630706049573e-10
1.018823527207562419e-10
1.071611823135455047e-10
1.120441204282733779e-10
9.598596376821904803e-11
9.516768238738934644e-11
9.568961577247657239e-11
1.572789531473306981e-10
1.491995193422940836e-10
1.627730437706708152e-10
1.398918170609239748e-10
2.771732133089202135e-10
9.938348388298297705e-11
1.265164799980805049e-10
1.313662832395770325e-10
1.188605305253646369e-10
1.391106906724027082e-10
1.148970488837762332e-10
1.231348653699623478e-10
1.314977997401041245e-10
9.926323476895116305e-11
9.293120081259050735e-11
9.427486989357800044e-11
9.488050721537569298e-11
1.088163985984667697e-10
1.182294680594952935e-10
9.402252545832850458e-11
1.233497395969421823e-10
9.808197544772154420e-11
3.715296397640687097e-10
9.499182828205086428e-11
9.715195501576668882e-11
1.956947149641021058e-10
1.023819091888067113e-10
1.221273250467209926e-10
1.043314764130032170e-10
1.172409771330287781e-10
9.342808541549908404e-11
1.134908242720849304e-10
3.173423655321592038e-10
1.225279176704853547e-10
9.324534302840327016e-11
1.175368693674945139e-10
1.427748267096060609e-10
9.583545574169160813e-11
1.056263090894095872e-10
9.874562219660860585e-11
1.280557668354767626e-10
9.454077045709152391e-11
1.649853784385454903e-10
1.187445780789669924e-10
1.009377020691516343e-10
9.585445720423702416e-11
2.087457741787760704e-10
9.316504308919095749e-11
9.884089663878503710e-11
1.408515665830761979e-10
1.032585065003309640e-10
9.647123599516548487e-11
1.001184974034100950e-10
9.717259293675373458e-11
1.002514372584362442e-10
1.172324194244902195e-10
9.362526325439796574e-11
9.208533041282449957e-11
1.021101886879768579e-10
9.732702285847219734e-11
1.031778538482808728e-10
1.055859162044075369e-10
9.690104486216890928e-11
1.140800550894650840e-10
9.340913461553530662e-11
1.249730789659511614e-10
2.013867224289183733e-10
1.330545075071446591e-10
1.122885346888847781e-10
1.235190136690872133e-10
1.696853566640703074e-10
1.059947031649511697e-10
1.033257239750004762e-10
1.544919836515074469e-10
9.412452345413104909e-11
9.605369558094886206e-11
1.006588130876470862e-10
9.243392577236259894e-11
1.206557726764006980e-10
9.813859577336542433e-11
1.119623168298807364e-10
1.386997069510290874e-10
9.236339046421457109e-11
9.200430809188364677e-11
1.213474551008098042e-10
1.620444770159405553e-10
1.932052502438102017e-10
9.656706706367175176e-11
1.166342634129149658e-10
1.349026845590034032e-10
1.460663276490612768e-10
9.219342570932667186e-11
1.146013801761104284e-10
1.776287513005877873e-10
1.027635661445925211e-10
1.143750193734879542e-10
1.169846671686029112e-10
1.383685340252704741e-10
1.266968079125368996e-10
1.345276369269562288e-10
9.333297629216929267e-11
1.446698749949249515e-10
1.196773312316672959e-10
1.504912034343562540e-10
9.897319937511469823e-11
1.316338410500445331e-10
1.152723822812182843e-10
9.484580489556013959e-11
2.818869541927991874e-10
1.146035289962663768e-10
1.532775440386635239e-10
1.040721054104486897e-10
1.339988961599128940e-10
9.526339695417673262e-11
1.196192610875578461e-10
1.032949881286657567e-10
1.221237681021952869e-10
9.751542830845035158e-11
1.015169147778817379e-10
9.436437221340262145e-11
1.004495032964011120e-10
1.179811918119714351e-10
9.651744507978071545e-11
1.128545370376103565e-10
9.944766608197693306e-11
1.385692999910782909e-10
1.219222716099036624e-10
1.088158364795715495e-10
1.020415278527300374e-10
1.267032045030994435e-10
9.881108422784925015e-11
9.282434209815508175e-11
1.135085672168893649e-10
1.142615572013151870e-10
1.039895194024757853e-10
1.080590272047176633e-10
1.040794111449354011e-10
1.280978063063762370e-10
1.207843562416839280e-10
1.406933904902600097e-10
9.977864792141067991e-11
1.455317329615984236e-10
1.106976404752963620e-10
9.506808776129330039e-11
1.453397348799817489e-10
1.035912779437158544e-10
1.402737506118089961e-10
1.012669619505837589e-10
9.763709546182497362e-11
1.789825040813603055e-10
1.042785387972458220e-10
2.220864823034958793e-10
9.463545172041519595e-11
2.195063833109524556e-10
1.255958271729023964e-10
1.276794326212744981e-10
1.164693755699045853e-10
9.392266841326848066e-11
1.325093926591178824e-10
1.043097500430887532e-10
1.045355693481380535e-10
9.287197369617772466e-11
1.033645367708425045e-10
1.120582286614555682e-10
9.185707167255676398e-11
1.044295603328613684e-10
1.212187549753996045e-10
1.116924189037699933e-10
1.268831773168452757e-10
9.425606814591500692e-11
1.033205773814122844e-10
1.029612316025542425e-10
1.004085001751230203e-10
9.418704715838856440e-11
9.506255204963621890e-11
1.113732117683146899e-10
1.476404652730270884e-10
1.197954647253895577e-10
1.295873534308603952e-10
9.388637733041363228e-11
1.622750371844427477e-10
1.018781844686698333e-10
1.776607833291722886e-10
9.868854136016182036e-11
1.122953704946790983e-10
1.169751696563490131e-10
1.031575348125821871e-10
1.127327886622819005e-10
1.018300899094505796e-10
1.298058577580470750e-10
9.991152910715573386e-11
9.443359795462353396e-11
3.835355835893925956e-10
1.254183347968091249e-10
9.568458333917509821e-11
1.051787799702446064e-10
1.309094884972901326e-10
1.132558738479991272e-10
9.974165001582986403e-11
9.470196496669111387e-11
1.395876463100664338e-10
1.367978843409529160e-10
9.596322033479195175e-11
9.917197351194586811e-11
1.002330161724548101e-10
9.834191634338797962e-11
9.807658887296408393e-11
1.175598558915497457e-10
9.310836219681121244e-11
9.781849943393861077e-11
9.881398937291962050e-11
9.869236805665557189e-11
2.412012168710692477e-10
9.692406213944005127e-11
1.012627715421880416e-10
1.112541812070651955e-10
1.290932350736955662e-10
2.615529727041473458e-10
1.070779767507648677e-10
1.008274893769640351e-10
1.755107383226334965e-10
1.152992367738589123e-10
1.160449686217703465e-10
1.016777834409064704e-10
1.030794653620388878e-10
1.542563512544319540e-10
1.215494025339897404e-10
1.742678497839244709e-10
1.060596821759274649e-10
9.464450246529935354e-11
1.011705441378341543e-10
9.535681910959469722e-11
2.273060864694436259e-10
1.359298849781699742e-10
1.044719461076452276e-10
9.505527611389243641e-11
9.181175168360728743e-11
1.416884344204231718e-10
1.008642887082244745e-10
1.053037988551404378e-10
9.626884310107823170e-11
1.208765495298198244e-10
1.300427993585667861e-10
1.307516081097510847e-10
1.738390801177132841e-10
1.229465651390646744e-10
9.349326333655879662e-11
1.096363554667997250e-10
9.828678108401833782e-11
1.427471234126455608e-10
3.195719875083633920e-10
9.929018773556819979e-11
1.173415221876233475e-10
1.141147041670782008e-10
1.030098957814142981e-10
1.429787997926054630e-10
1.013351844017394264e-10
1.171171662487843508e-10
1.431437187664813208e-10
1.363802332107899158e-10
1.963731313407126642e-10
9.689948946819033216e-11
1.076931310975519911e-10
1.017165496084156295e-10
9.790885991516316942e-11
1.738808610501972463e-10
1.173032344677197299e-10
1.088124637128417019e-10
9.293007144905894967e-11
9.476225191634642209e-11
1.627479478516674247e-10
1.585036222449285984e-10
1.224411227551627601e-10
1.118291542639170210e-10
9.504420310264586829e-11
1.520528433102244735e-10
1.192220673510825040e-10
1.007499470129598938e-10
9.284598079634615039e-11
1.335914509587532252e-10
9.287407222401335364e-11
1.072567134915067608e-10
9.228582830869910731e-11
1.005313150231585406e-10
1.244710945493637667e-10
1.648268485603950941e-10
2.357870958850108812e-10
1.736717750965282068e-10
1.008803565677239656e-10
1.055332408835966236e-10
1.094312410440143607e-10
1.116257828692281302e-10
1.456122385677823184e-10
1.034538753504657463e-10
1.213151315499386109e-10
1.260972258169973764e-10
1.454033226922159126e-10
1.263920272819398101e-10
1.258353603836104232e-10
1.429365201188750634e-10
1.158641838802340049e-10
1.294990407510931861e-10
9.748727289874177118e-11
9.260220948545062448e-11
2.677619728359730148e-10
1.004479960880300142e-10
1.136152446105836652e-10
1.113357511938771735e-10
9.207768639392573080e-11
1.170894907168873314e-10
1.229499749587257726e-10
1.482253442269856646e-10
9.936705227756367876e-11
9.225238434744449622e-11
1.033414564559600376e-10
1.109417471516780286e-10
1.512260096461808744e-10
1.002920437821925404e-10
1.225271576566055750e-10
1.524570463525765566e-10
1.373418280638428428e-10
1.389013025110265685e-10
1.109472738679078822e-10
9.945329170298850014e-11
9.510999185826088656e-11
1.085599490490612461e-10
9.214760035089385172e-11
9.542100041212487891e-11
1.052819588574403042e-10
1.095663916497646596e-10
9.212923211029055537e-11
2.104743682097498803e-10
9.457986035852152727e-11
1.027230767831194804e-10
1.005272484131698807e-10
9.277685067593090173e-11
1.050998527578884256e-10
1.263556569938358605e-10
1.680782331871476851e-10
9.363744458465535125e-11
1.094122215902423091e-10
1.219251976170141029e-10
1.252652246507765727e-10
1.381748106051505477e-10
1.121484572032753344e-10
1.054611899785557874e-10
1.262215625903644528e-10
1.110465755442247698e-10
1.017235559590707508e-10
9.300700205448571341e-11
9.773408674756232152e-11
9.710212888575388567e-11
1.156190658910985584e-10
1.170089355241600598e-10
1.493612878910182391e-10
1.150618992987960603e-10
9.437551498741057328e-11
1.000014429594227097e-10
1.361305600876922467e-10
1.083235689808628074e-10
1.038093851822184169e-10
9.248286742682687063e-11
1.127909535175949234e-10
1.164722886834714377e-10
9.894433819584361110e-11
9.222835009678968797e-11
1.243701098989570236e-10
1.070481856684466955e-10
1.471817803523069723e-10
1.486329724476291420e-10
1.104507038600414505e-10
1.048875781930537543e-10
1.436377016947510308e-10
1.390211162989395318e-10
9.767309091543375023e-11
1.063366024178043208e-10
1.907054591615274119e-10
9.790855164171826469e-11
1.046730370653665916e-10
1.165734136547243022e-10
2.028450976621810697e-10
1.355697308906405546e-10
9.380319727101759068e-11
1.275562178208376403e-10
1.232008118015017547e-10
1.063049084769739902e-10
1.854318611837985058e-10
2.830567770538982067e-10
2.177793885854170504e-10
9.872741455717625698e-11
9.721230626355254458e-11
1.455443724141955562e-10
1.137738801717899964e-10
1.048942537415375035e-10
1.169829523899136741e-10
2.353202115091457651e-10
1.961231623340393581e-10
1.144735962912601178e-10
1.011146628719224273e-10
1.958535881628703676e-10
1.007344623423591096e-10
1.036640249699227024e-10
9.806704630505475344e-11
9.756769806405466421e-11
1.024571846604548288e-10
9.890828955287367770e-11
1.076539850051489450e-10
3.673523824098741152e-10
9.705367830132857881e-11
1.035635460423555319e-10
1.165689149608586584e-10
1.106644111151080654e-10
1.039536899272664590e-10
1.397965860690353871e-10
1.093377941531935653e-10
9.191817377384154088e-11
9.735754234040344970e-11
2.938137457037636897e-10
9.544937321947829788e-11
1.704646828673894745e-10
1.075553553893027602e-10
1.382372838637844865e-10
1.044597125836630562e-10
1.425272139770275970e-10
9.573505445035118041e-11
1.378329360815736495e-10
1.623358509206751574e-10
9.842449184128827702e-11
1.545360327970983290e-10
9.400032527766790919e-11
1.052997493535843028e-10
1.117330704056644812e-10
1.061388462324771344e-10
1.005251397439134384e-10
1.125424455494124219e-10
1.308740995120612506e-10
1.703351226274113426e-10
9.798836610926689087e-11
2.091586666848979187e-10
1.106963945318056107e-10
1.286166396465050793e-10
1.051363539862771515e-10
9.445745860625461238e-11
1.451865005989283561e-10
1.123317308622782010e-10
1.103001155636088338e-10
9.467117394059641232e-11
1.269595735996438273e-10
1.503635416048099913e-10
1.246664862088277120e-10
1.083995924383310511e-10
1.169312348823378739e-10
1.075476887675862328e-10
1.042586993642816845e-10
1.785383259576593010e-10
9.334181601676184486e-11
1.110022515773319542e-10
1.030659084135565105e-10
1.888647760922030815e-10
1.100503115338879994e-10
1.371266351546717613e-10
9.440320775415797551e-11
9.281868947235844666e-11
1.295287254801342965e-10
1.112231653734097395e-10
1.111230359686095632e-10
1.138660243800291677e-10
1.254492350047509069e-10
1.509408640217648851e-10
9.756197742127800106e-11
9.914926104984722982e-11
1.031548842453942333e-10
9.849412737874754437e-11
1.110645216568627621e-10
1.522033639091669400e-10
2.003980614631525511e-10
1.263275407992417795e-10
1.443912079298857458e-10
1.041029325619427521e-10
1.075831783700222681e-10
1.374882565696026539e-10
1.049830322156400544e-10
1.073889958801910880e-10
1.102182922494795513e-10
9.338359389374346612e-11
1.293559637364075527e-10
1.132171943009988951e-10
1.410804782868945128e-10
1.131649246155447588e-10
9.363135409286164500e-11
1.265060103832959231e-10
1.164816896605920534e-10
9.702214299553100904e-11
1.035723505244621288e-10
1.011462773086722140e-10
1.130020063669526407e-10
1.025679353456839523e-10
1.268238257422743346e-10
1.404117661786508059e-10
1.806883507727838608e-10
1.494244404332233769e-10
1.075151712970975348e-10
1.118362890396589888e-10
1.026797643090136296e-10
9.254279818318762272e-11
1.437552655484442723e-10
1.372978040710051894e-10
1.658624535709094061e-10
9.304746100873411527e-11
1.059177470948977846e-10
1.330783124010618826e-10
9.837016460208224947e-11
1.141233312995785609e-10
9.520544125680357044e-11
9.310723471380335551e-11
1.770320314285885879e-10
1.074741216783701344e-10
1.650122264278896350e-10
1.260081362279882406e-10
1.126812765418371304e-10
9.208825776239267085e-11
1.577516437105905616e-10
1.179814536713653708e-10
1.034682690021485192e-10
1.200266544478709638e-10
9.354284256018804306e-11
9.550499403115586808e-11
1.433091343064765674e-10
1.085468521128943415e-10
1.338026979878101877e-10
9.515709491231476527e-11
9.572389306372603163e-11
1.494982130641982853e-10
1.084114360483819803e-10
9.907835058436038603e-11
1.053850493423073600e-10
1.211853782287941811e-10
1.011109165124768655e-10
9.325708524110293469e-11
9.599396206189450886e-11
9.990653181713834404e-11
1.581930162123557792e-10
1.582611745644727260e-10
9.573143891457978414e-11
1.315311370809479601e-10
1.275651446125178022e-10
1.979287586571155895e-10
1.056636604783500500e-10
1.009642634898248531e-10
1.145508727493755458e-10
9.615584138802213146e-11
1.065731138016949910e-10
1.107355666611388353e-10
2.063504042210302505e-10
1.126609658369725277e-10
1.584711595610918090e-10
9.919254798787166410e-11
1.054414009304713732e-10
1.144768226562149452e-10
2.385079526825051136e-10
9.599051188908352719e-11
1.188760093873607167e-10
1.068395874099241160e-10
1.164440817675745569e-10
9.638532305318047315e-11
1.267193177384325755e-10
1.016352748941040312e-10
9.922911561698409507e-11
1.202717466602288125e-10
9.451549750691462476e-11
9.695873454782671399e-11
1.159403828142593308e-10
1.185780892680063322e-10
1.155234785754387107e-10
1.042239724055501965e-10
1.077122741089724537e-10
1.011744383398334683e-10
9.542620264605642023e-11
1.233332418165677098e-10
9.736544195900027708e-11
1.031834483302901936e-10
1.535349755880062964e-10
3.460981966929139914e-10
9.368151018552037711e-11
1.715030822960104445e-10
1.239747297048392774e-10
1.177303587972738491e-10
1.758729839513157418e-10
3.081153500010356646e-10
9.490062630505697472e-11
1.391673572438898241e-10
9.287956048528330175e-11
1.113937277774878040e-10
9.426435406623308734e-11
1.161669918509542609e-10
1.138430619884904552e-10
1.443867094437491162e-10
9.512801355761074413e-11
9.943002719462564172e-11
1.206236722547873639e-10
1.226306082823497619e-10
9.533867749358877471e-11
9.624819218013573633e-11
9.995165093336177842e-11
2.207180025313075020e-10
1.173658574951529097e-10
1.470876693350056129e-10
1.088449227967354354e-10
9.826450429394535865e-11
9.218091508978898542e-11
1.039978536907724526e-10
9.910153480354287237e-11
1.021768788218226636e-10
1.770118350384053988e-10
9.985033510343715437e-11
1.017813794969964114e-10
1.317934107459680543e-10
1.174175389350019322e-10
1.509251377834248196e-10
1.019917160221700011e-10
9.450436917600456184e-11
1.497803416689118373e-10
1.163577022860668092e-10
1.160942428669725134e-10
1.251834491876627450e-10
1.185195481475319458e-10
1.064284824687450588e-10
1.095909742102971513e-10
1.045029612116731772e-10
1.510374064849599839e-10
9.561237387132221390e-11
1.978030031058505416e-10
9.836156805740838686e-11
1.557851038120012114e-10
9.616695889559186544e-11
9.992167444749412542e-11
1.541836421533777161e-10
1.050356590120186643e-10
1.511041632912589851e-10
1.068807074430787890e-10
1.219012788875558677e-10
9.910550004993496228e-11
1.022870049548292818e-10
9.460257685415564672e-11
1.594677718609804585e-10
1.337348960453560922e-10
1.033552757849642853e-10
1.044278121426891971e-10
9.237717693005088096e-11
9.405940914249557119e-11
1.008232829908027167e-10
9.544007405683873307e-11
1.172167508184509181e-10
9.406643317137348964e-11
9.434017251042990753e-11
1.076563965374551424e-10
1.055856276351664497e-10
9.816197408992106188e-11
9.330195109754422568e-11
1.102923383823896031e-10
1.279470174615605118e-10
2.898081679858362198e-10
1.576366609970764492e-10
1.286889797557685422e-10
9.595161152328501003e-11
9.357459968781156695e-11
1.004314154897085440e-10
1.309514422930865987e-10
1.640659436230404499e-10
9.595725920670376103e-11
1.098540964824685630e-10
9.453155207847188444e-11
1.547462006866063460e-10
1.008914676094008760e-10
1.543545955435146460e-10
9.763400518218590453e-11
1.686616931586003574e-10
9.410601457248575485e-11
9.733461478097358226e-11
1.059001913828804678e-10
9.940447636456859702e-11
1.206370269380497872e-10
9.447368083732328411e-11
9.605557642363559516e-11
9.781587696465844590e-11
1.042874362936168209e-10
1.348380461315304475e-10
9.206890321860251512e-11
1.072172856535575303e-10
1.622221308439833245e-10
1.154615832164903147e-10
1.687434645016642456e-10
9.218546457787238173e-11
1.431727918547753808e-10
9.224751298263812225e-11
1.200140142793693287e-10
1.239055062250041567e-10
1.016867306273205021e-10
1.007588159348302114e-10
1.001166835197784190e-10
1.176625248026000558e-10
1.221984449116767328e-10
1.323111449748873799e-10
1.771375706728893025e-10
9.457223417083838728e-11
1.908885869396940013e-10
1.074763946803484663e-10
1.044611690213008862e-10
2.360484265029436334e-10
1.025393693191837627e-10
9.906401059930978242e-11
9.763230549190290292e-11
1.057404901365654123e-10
1.855719705091961761e-10
9.811505872988783229e-11
1.156481149956922244e-10
1.809703895089860297e-10
9.409963146089822958e-11
9.609396991913552644e-11
9.336768809203254755e-11
1.128794445169014467e-10
1.015845425849998340e-10
9.475162481245806709e-11
1.256581640654994782e-10
9.592933171278780890e-11
1.216447850050083676e-10
9.490632867522798480e-11
1.047227483715400866e-10
9.687366673613747649e-11
1.229801545700322580e-10
2.826156942063639445e-10
1.632180821988654612e-10
1.158213442868170006e-10
1.422893378203861307e-10
1.001664037542524918e-10
1.273639757251764353e-10
1.355526868093474509e-10
9.844320870951755850e-11
1.010836393541431381e-10
9.918812860056601869e-11
1.345642842775917740e-10
1.379697748377410222e-10
9.851451905967246889e-11
9.537369598837273929e-11
1.051618403325480008e-10
1.213572912079717674e-10
1.250811018787342355e-10
1.101906353459446077e-10
9.292619925434588170e-11
1.051973094894715259e-10
1.259789631672462424e-10
1.149953680095374880e-10
9.532905332329413134e-11
1.003433474399194515e-10
9.216596538830196723e-11
1.147572125179588437e-10
1.098527028028397339e-10
1.104660995385759893e-10
1.008462660140801221e-10
1.838507525637336799e-10
1.029945613629119623e-10
1.147627122562671209e-10
1.023249758906229854e-10
1.542972498896533327e-10
9.785721226453772844e-11
1.160271669542010243e-10
1.324606537230723937e-10
9.458700942084606834e-11
9.580168467714966677e-11
1.018035772905022027e-10
1.021926174839530323e-10
1.126882277922272474e-10
9.291409773578803621e-11
1.424721624629423777e-10
1.004234258008743113e-10
1.086705841154196377e-10
9.206304736105434444e-11
1.152304195277134705e-10
1.705534743987247565e-10
1.039547137765099584e-10
1.080895638557199575e-10
1.034898561952156880e-10
2.257026869975812594e-10
1.180301506778449931e-10
1.555716418166172539e-10
1.053697287122190171e-10
9.535508395520828608e-11
1.120416547522348890e-10
1.118103549666547639e-10
9.478080719471681874e-11
1.616326006982761626e-10
2.091412126065467952e-10
1.575173345678281497e-10
9.260835915903002876e-11
9.435259145745708247e-11
1.357480595512940037e-10
1.113104039621329271e-10
9.224361572872286392e-11
1.016512360668565712e-10
1.037912248976252328e-10
1.366346888039794009e-10
1.559168745333722448e-10
1.169826885758555550e-10
1.214700372619443803e-10
9.403881332107497462e-11
1.086144343626975546e-10
9.655177713300468772e-11
1.254819893989675564e-10
1.126398338507502440e-10
9.411798188573706231e-11
1.381904312365933135e-10
1.112166855547938729e-10
9.257048443969925889e-11
1.049193562814472739e-10
1.025597954774838148e-10
1.393749244519812884e-10
9.871471337165937159e-11
9.825666795864065359e-11
1.007046898424005784e-10
9.751960460401446344e-11
9.633077262047600807e-11
1.895697264904177636e-10
1.000129419846651613e-10
1.372164877150329516e-10
9.416009624062263152e-11
1.069714651826643745e-10
1.634163789221469238e-10
1.445772939145025942e-10
1.059128547753407048e-10
1.089923574709689045e-10
1.057044597958783173e-10
9.238285318685148688e-11
1.190299216091303242e-10
1.762695958634060387e-10
1.146172268961025569e-10
1.091333102523858718e-10
9.467720586256433456e-11
1.321702608309208800e-10
2.188400465184169969e-10
9.650698728617359911e-11
1.409001100414339405e-10
9.805811865108097626e-11
9.212077839193580113e-11
1.493443509434504009e-10
1.621267820522337450e-10
9.668323255506087441e-11
1.206502519360321925e-10
9.228501668764659495e-11
1.747536411420065345e-10
1.058045975783995390e-10
1.178435142737710397e-10
1.938539804835950974e-10
9.554657294698258382e-11
1.046049775722498194e-10
1.014304191519758730e-10
9.554783266697752980e-11
1.188105698952611055e-10
1.927208580328613513e-10
9.354268214671222186e-11
1.663525026949578945e-10
1.660016672593158565e-10
1.650247216430756382e-10
9.941557951451033937e-11
1.289365602676424823e-10
1.174678861817435653e-10
1.147357479180603906e-10
1.320585502611029569e-10
1.098099093073556157e-10
1.011235037987098652e-10
1.654364055790286892e-10
1.652847856336327178e-10
9.669819264943492081e-11
2.964041898919872538e-10
1.933591137057355481e-10
1.303830500544115621e-10
1.047797020279895768e-10
9.621658250494666263e-11
9.768869048912927410e-11
1.317688085657020592e-10
1.088016421353262761e-10
1.013640471533490132e-10
1.826671175170923507e-10
1.155357474842767184e-10
1.096165293707954176e-10
1.197599320022548634e-10
1.281443402792145129e-10
1.133475728295151576e-10
1.250239893378119225e-10
1.114032273597545804e-10
1.049016544586074843e-10
1.069149635661520455e-10
1.820141002336774520e-10
9.326946946093144433e-11
1.129424403363123530e-10
1.049495304141476938e-10
1.022180027429505883e-10
1.183505627007615252e-10
9.375117694423087591e-11
9.903425696431816963e-11
9.219375064069043016e-11
1.223594737368070763e-10
1.131001351967581399e-10
1.259825483110534223e-10
9.840807366343332634e-11
1.398499630334911715e-10
9.957440309972369306e-11
1.165933913129052432e-10
9.956665704652465808e-11
9.929582116255071645e-11
9.377871084717606562e-11
1.772329675032051977e-10
1.083489623392709728e-10
1.204024897728794378e-10
1.942199623716886644e-10
1.269563809914884327e-10
1.052068626570020074e-10
9.474036211631242781e-11
1.021599499683624704e-10
9.669975087613585985e-11
1.538554564772211359e-10
1.020523795479327960e-10
9.189113029574729829e-11
1.300176670575120952e-10
1.104147733056399331e-10
9.879196956774629095e-11
1.057253587020979164e-10
1.272800732554535702e-10
1.029591666166112240e-10
1.195446001886919187e-10
1.341806882456059556e-10
1.534201457999060620e-10
1.049860773700992124e-10
1.339655110047235928e-10
9.558986748894353625e-11
1.232400119607286307e-10
1.483176443886686679e-10
9.250117420734721504e-11
9.832778955125641945e-11
1.123045299036422930e-10
9.993318150378673162e-11
1.051338919506182747e-10
1.414154723816875121e-10
9.551980046063023016e-11
9.471941990490682393e-11
9.578943027380450537e-11
9.364529760192536048e-11
1.378908614762938030e-10
1.120586395575752653e-10
9.923810335361435610e-11
1.069734622366409169e-10
1.125068272149590169e-10
1.524126812128030792e-10
1.016580972054529697e-10
1.000347264395565045e-10
1.405016879860601695e-10
1.448994058217233377e-10
1.248354429956007093e-10
9.279720674669659314e-11
1.174555311648153100e-10
9.715086870313603160e-11
1.471459553022924843e-10
1.144426729244928530e-10
1.207113529339944137e-10
9.832932515816401844e-11
9.556137373923443548e-11
1.155753469445639699e-10
1.269459431283950546e-10
9.351508744673591629e-11
1.120426136318915654e-10
2.916292987856465304e-10
9.737504466167541979e-11
1.402623846242196696e-10
1.329678592227436274e-10
9.392011085343506282e-11
1.043333718145575431e-10
1.100294373406407812e-10
1.503365362837627178e-10
1.021049885239468358e-10
9.925440133029201075e-11
9.390796161191942843e-11
1.720805072572146845e-10
9.958184488951689019e-11
1.428113878612570692e-10
1.024392592642304803e-10
1.470324949231058922e-10
1.162808144587371030e-10
1.906719120553299216e-10
1.202157310127028032e-10
1.134397489658907827e-10
1.053049558305579764e-10
9.902052187899920753e-11
9.585304398577115895e-11
1.424486267015805309e-10
1.001373903150465045e-10
1.096987453129577223e-10
1.168793653430248754e-10
1.059145814989395134e-10
1.228396821734749446e-10
1.065069770326883511e-10
1.125354864204181637e-10
9.739749936103629560e-11
1.510693643853878380e-10
1.094761210827630743e-10
1.495915275956376436e-10
1.163253617911848574e-10
9.992621684506614199e-11
9.880664991495985945e-11
9.419757053684494926e-11
1.519424905500750011e-10
1.166129691578835240e-10
9.180359852944113056e-11
3.899824421007988671e-10
1.825715291250389930e-10
9.719074492989838137e-11
1.356596740336349788e-10
1.988527084784035032e-10
9.413010740510871227e-11
9.464291467009788751e-11
1.549447729582561939e-10
1.151572868541046468e-10
1.085236122097801457e-10
1.189886008090583395e-10
9.989169009073687617e-11
1.295685371121084090e-10
1.657293618212385270e-10
1.664070684502250606e-10
1.018493003366235404e-10
1.136727436406353387e-10
1.179671815929180503e-10
1.323175402976528429e-10
1.245290533431795015e-10
1.404253700859441459e-10
1.498677676971708831e-10
1.066636714973511089e-10
1.781680461365616643e-10
9.992894219688724278e-11
1.350663140867877739e-10
9.373996926007312524e-11
9.299136239612739065e-11
1.332015197770204520e-10
9.726890424395276981e-11
1.077548034801133373e-10
9.882086968157101916e-11
1.098659421347341648e-10
1.176213091118049914e-10
1.114478246190590215e-10
1.065155682536550366e-10
1.114006116034708777e-10
1.144632444998439669e-10
1.105394459567684946e-10
1.030732765138933389e-10
2.002250394667692586e-10
1.023027287913551968e-10
1.298281360238394122e-10
1.638358217830298840e-10
1.012278954715306008e-10
1.081893208508127475e-10
9.324389526875322879e-11
1.081684152885439356e-10
9.516799841557967611e-11
1.211945864104978865e-10
1.163520035074925509e-10
9.640516708097746802e-11
1.394983399624694015e-10
1.281789266367314053e-10
1.098232925546073872e-10
2.084348394940835420e-10
1.236983861580604200e-10
3.034864922347170172e-10
1.891915560529966231e-10
1.003747218945418618e-10
1.331409886574429636e-10
1.143828221652080507e-10
9.938865630384460159e-11
1.013653929092827058e-10
9.377951114552855442e-11
1.237749931518847161e-10
1.116939298330814515e-10
9.222412729760427209e-11
1.187598098075052154e-10
9.212533047847140831e-11
1.043693787213524435e-10
1.262624085797708455e-10
1.599941810284625204e-10
