Fracture Radii List After Isolated Fracture and Cluster Removal
Format: xRadius yRadius Family# (-2 = userPolygon, -1 = userRectangle, 0 = userEllipse, > 0 is family in order of famProb)
215.666 215.666 2
44.3706 44.3706 1
36.6467 36.6467 1
32.3068 32.3068 3
37.6284 37.6284 1
103.746 103.746 2
38.6064 38.6064 1
32.7253 32.7253 2
35.856 35.856 3
36.2213 36.2213 1
54.9708 54.9708 3
34.3045 34.3045 3
31.8669 31.8669 1
59.7285 59.7285 3
80.383 80.383 1
37.9677 37.9677 3
45.456 45.456 3
40.3784 40.3784 1
64.0751 64.0751 3
138.081 138.081 3
30.471 30.471 3
55.1988 55.1988 3
45.3318 45.3318 3
37.9286 37.9286 3
55.6732 55.6732 3
34.7756 34.7756 3
54.7133 54.7133 3
63.8834 63.8834 3
37.7468 37.7468 3
37.8776 37.8776 3
31.4205 31.4205 3
37.0061 37.0061 2
41.4296 41.4296 3
34.9006 34.9006 3
37.9436 37.9436 3
89.3915 89.3915 3
37.0325 37.0325 3
53.5331 53.5331 3
65.8929 65.8929 1
30.4519 30.4519 2
164.27 164.27 2
31.3802 31.3802 1
52.1854 52.1854 2
64.4717 64.4717 2
49.8129 49.8129 2
38.3084 38.3084 3
165.28 165.28 3
54.6239 54.6239 3
30.3369 30.3369 2
35.4119 35.4119 1
36.33 36.33 2
35.5704 35.5704 3
36.4556 36.4556 3
32.9962 32.9962 2
48.609 48.609 3
72.8936 72.8936 1
31.4318 31.4318 1
30.3204 30.3204 3
33.8495 33.8495 3
78.2794 78.2794 2
81.5254 81.5254 1
37.9112 37.9112 3
97.3805 97.3805 2
32.7076 32.7076 3
30.274 30.274 1
30.4412 30.4412 1
54.7378 54.7378 1
42.3505 42.3505 3
73.7656 73.7656 2
36.7721 36.7721 1
37.3325 37.3325 2
36.2091 36.2091 2
31.291 31.291 3
43.5737 43.5737 1
63.2209 63.2209 2
37.7865 37.7865 3
39.4073 39.4073 3
37.7338 37.7338 2
46.3811 46.3811 3
34.0954 34.0954 3
33.4239 33.4239 1
36.8504 36.8504 2
33.4794 33.4794 2
33.2576 33.2576 3
31.8295 31.8295 1
102.599 102.599 3
76.0478 76.0478 3
170.562 170.562 2
36.026 36.026 3
39.223 39.223 3
82.4635 82.4635 2
40.1699 40.1699 3
35.5872 35.5872 3
43.7645 43.7645 3
30.2314 30.2314 3
43.3687 43.3687 2
43.169 43.169 3
30.9864 30.9864 1
32.5666 32.5666 3
46.5347 46.5347 1
35.4673 35.4673 3
39.8858 39.8858 3
48.4217 48.4217 3
30.8569 30.8569 1
31.4894 31.4894 3
40.7844 40.7844 2
35.9336 35.9336 3
32.4077 32.4077 1
55.0168 55.0168 2
37.0765 37.0765 3
180.945 180.945 3
34.2164 34.2164 3
35.7249 35.7249 1
33.3156 33.3156 1
31.8755 31.8755 3
37.9944 37.9944 1
30.2958 30.2958 3
32.9407 32.9407 2
45.0459 45.0459 2
47.0842 47.0842 3
42.7262 42.7262 3
47.18 47.18 3
42.116 42.116 2
48.3273 48.3273 3
31.1845 31.1845 3
37.2687 37.2687 3
39.3909 39.3909 2
69.1306 69.1306 3
56.0097 56.0097 3
48.1046 48.1046 2
52.5034 52.5034 3
45.9987 45.9987 1
50.6977 50.6977 2
31.3828 31.3828 2
31.586 31.586 3
69.0793 69.0793 2
33.5721 33.5721 1
34.6834 34.6834 3
97.8517 97.8517 3
123.174 123.174 2
67.0685 67.0685 3
30.3635 30.3635 3
50.8615 50.8615 3
62.3928 62.3928 2
33.3966 33.3966 3
33.0193 33.0193 3
57.4168 57.4168 3
231.028 231.028 3
39.5463 39.5463 2
41.914 41.914 2
46.8158 46.8158 3
65.056 65.056 1
32.1233 32.1233 3
39.6843 39.6843 2
39.688 39.688 3
51.2077 51.2077 3
93.0728 93.0728 1
31.5366 31.5366 3
31.2105 31.2105 2
49.1524 49.1524 1
35.3264 35.3264 1
30.1205 30.1205 3
30.5534 30.5534 1
40.929 40.929 3
40.6036 40.6036 1
67.5074 67.5074 3
59.8366 59.8366 3
401.482 401.482 3
44.0371 44.0371 1
48.9245 48.9245 3
35.8083 35.8083 3
97.8477 97.8477 3
30.208 30.208 3
37.9036 37.9036 1
32.2187 32.2187 3
30.04 30.04 3
41.3376 41.3376 3
43.8572 43.8572 2
139.727 139.727 3
32.8226 32.8226 1
53.2185 53.2185 1
53.7516 53.7516 3
33.1592 33.1592 3
69.0579 69.0579 1
35.5055 35.5055 3
42.7864 42.7864 3
46.7102 46.7102 2
36.7305 36.7305 3
46.6068 46.6068 2
31.3699 31.3699 2
85.4155 85.4155 3
43.0439 43.0439 3
32.6368 32.6368 3
42.029 42.029 2
70.8985 70.8985 2
40.6432 40.6432 3
32.5792 32.5792 2
30.5163 30.5163 1
82.1977 82.1977 1
41.3082 41.3082 1
30.119 30.119 3
74.9949 74.9949 3
44.7582 44.7582 3
112.264 112.264 3
116.655 116.655 3
41.5078 41.5078 1
61.2431 61.2431 1
34.7315 34.7315 1
71.9577 71.9577 3
41.7102 41.7102 3
39.0296 39.0296 2
95.5412 95.5412 3
45.2519 45.2519 3
70.7504 70.7504 1
45.9543 45.9543 3
227.867 227.867 3
53.4561 53.4561 2
47.8936 47.8936 1
33.7368 33.7368 3
72.4095 72.4095 2
44.8884 44.8884 3
60.7181 60.7181 2
41.6093 41.6093 1
35.2977 35.2977 3
57.5114 57.5114 1
30.8071 30.8071 3
47.6277 47.6277 2
34.2946 34.2946 3
30.5185 30.5185 3
65.2184 65.2184 2
43.0788 43.0788 3
31.6847 31.6847 1
33.1441 33.1441 2
30.6952 30.6952 2
31.2399 31.2399 1
39.6584 39.6584 1
60.5738 60.5738 3
43.0675 43.0675 3
34.2154 34.2154 3
30.8549 30.8549 2
39.8696 39.8696 2
33.0927 33.0927 3
47.8839 47.8839 3
30.1616 30.1616 2
147.335 147.335 3
71.0249 71.0249 2
39.6444 39.6444 2
37.3469 37.3469 3
65.2799 65.2799 2
49.5495 49.5495 3
85.4777 85.4777 2
50.7476 50.7476 3
41.8959 41.8959 2
45.5351 45.5351 3
39.7666 39.7666 2
199.108 199.108 3
39.7528 39.7528 2
59.6557 59.6557 3
53.1909 53.1909 1
31.0201 31.0201 3
33.5832 33.5832 3
30.7932 30.7932 3
65.4899 65.4899 1
103.732 103.732 2
32.4489 32.4489 3
40.8786 40.8786 1
35.7711 35.7711 1
64.984 64.984 3
59.688 59.688 3
58.7448 58.7448 2
40.684 40.684 1
49.5617 49.5617 3
67.0615 67.0615 3
40.9804 40.9804 3
62.1432 62.1432 3
55.1311 55.1311 2
60.2359 60.2359 3
38.0407 38.0407 3
86.7757 86.7757 3
34.0433 34.0433 3
36.2698 36.2698 3
155.542 155.542 1
122.17 122.17 1
30.448 30.448 3
39.6043 39.6043 3
33.0832 33.0832 1
34.73 34.73 3
42.2609 42.2609 1
33.2881 33.2881 2
54.0312 54.0312 1
33.4833 33.4833 3
38.9405 38.9405 3
43.9058 43.9058 3
33.1073 33.1073 2
431.123 431.123 1
31.6004 31.6004 1
39.2928 39.2928 3
36.0197 36.0197 2
37.0146 37.0146 3
31.7148 31.7148 1
31.5172 31.5172 3
30.786 30.786 2
36.0445 36.0445 3
165.611 165.611 3
37.754 37.754 3
96.9949 96.9949 1
36.4018 36.4018 2
44.398 44.398 1
212.37 212.37 3
45.3959 45.3959 3
39.0101 39.0101 1
53.2247 53.2247 2
60.8331 60.8331 1
35.4591 35.4591 3
48.0846 48.0846 3
110.274 110.274 2
81.0569 81.0569 2
35.9673 35.9673 2
40.7456 40.7456 3
81.489 81.489 1
39.1725 39.1725 2
60.7398 60.7398 3
54.8046 54.8046 3
30.7649 30.7649 2
108.004 108.004 2
47.4074 47.4074 1
36.7844 36.7844 3
40.4793 40.4793 2
114.691 114.691 2
44.3879 44.3879 3
40.0241 40.0241 3
47.6428 47.6428 3
41.3192 41.3192 1
31.9758 31.9758 1
53.0816 53.0816 3
74.3793 74.3793 2
36.6788 36.6788 2
46.5057 46.5057 3
111.595 111.595 2
31.4491 31.4491 1
38.0125 38.0125 2
33.6499 33.6499 2
31.4636 31.4636 2
31.1429 31.1429 3
30.5209 30.5209 2
48.3203 48.3203 2
74.6149 74.6149 3
52.3587 52.3587 1
33.7703 33.7703 3
43.193 43.193 3
64.4056 64.4056 3
35.7275 35.7275 2
30.4646 30.4646 1
51.043 51.043 3
79.304 79.304 3
47.1045 47.1045 3
38.0037 38.0037 1
35.9258 35.9258 2
48.8497 48.8497 1
147.239 147.239 3
34.9862 34.9862 3
158.842 158.842 1
41.7924 41.7924 3
57.68 57.68 3
39.1512 39.1512 2
41.6618 41.6618 3
39.4756 39.4756 3
36.0895 36.0895 2
51.8434 51.8434 3
43.0275 43.0275 3
33.4536 33.4536 3
39.2042 39.2042 3
32.962 32.962 1
57.078 57.078 3
42.1215 42.1215 1
32.1299 32.1299 3
210.439 210.439 1
30.0973 30.0973 1
61.2789 61.2789 3
49.4768 49.4768 1
38.9861 38.9861 3
35.5828 35.5828 2
36.9414 36.9414 3
37.0004 37.0004 3
37.0532 37.0532 3
76.2796 76.2796 1
34.1351 34.1351 1
69.5919 69.5919 3
32.5877 32.5877 3
37.1701 37.1701 2
34.2597 34.2597 2
44.3127 44.3127 2
210.6 210.6 3
42.6066 42.6066 3
50.2243 50.2243 1
47.0865 47.0865 1
32.9511 32.9511 3
51.5084 51.5084 1
76.5466 76.5466 1
330.056 330.056 2
40.8009 40.8009 3
55.7654 55.7654 2
32.1664 32.1664 3
47.2325 47.2325 3
53.9535 53.9535 2
30.6342 30.6342 1
32.1913 32.1913 3
40.2947 40.2947 3
106.222 106.222 3
32.6003 32.6003 3
90.0579 90.0579 3
63.4833 63.4833 2
36.9237 36.9237 3
33.7848 33.7848 3
57.9747 57.9747 3
52.5719 52.5719 1
38.6606 38.6606 2
34.8615 34.8615 2
40.2579 40.2579 3
35.688 35.688 3
46.6337 46.6337 2
34.6372 34.6372 3
37.6634 37.6634 3
45.8841 45.8841 2
32.3175 32.3175 3
40.0877 40.0877 3
45.3389 45.3389 2
34.8221 34.8221 3
32.8618 32.8618 2
58.6997 58.6997 3
99.0737 99.0737 3
34.6645 34.6645 1
30.2989 30.2989 3
30.0607 30.0607 2
193.702 193.702 3
86.0546 86.0546 2
65.4137 65.4137 3
37.2561 37.2561 1
49.6579 49.6579 1
48.9648 48.9648 3
44.6127 44.6127 2
38.0153 38.0153 3
48.0462 48.0462 2
353.834 353.834 3
46.5759 46.5759 3
65.9295 65.9295 1
49.0539 49.0539 3
33.7925 33.7925 3
31.9409 31.9409 2
42.1433 42.1433 2
46.1197 46.1197 1
66.8148 66.8148 3
41.2924 41.2924 3
36.7252 36.7252 2
50.5773 50.5773 2
56.4107 56.4107 2
61.5083 61.5083 1
39.4666 39.4666 2
31.0677 31.0677 2
111.613 111.613 1
60.1136 60.1136 2
30.4523 30.4523 3
33.2431 33.2431 1
70.8408 70.8408 2
30.128 30.128 3
30.9668 30.9668 1
33.8025 33.8025 3
39.9169 39.9169 3
31.0426 31.0426 2
53.7751 53.7751 3
45.083 45.083 3
45.3188 45.3188 3
30.9267 30.9267 3
62.2281 62.2281 3
44.007 44.007 3
48.4112 48.4112 1
47.5113 47.5113 3
30.0554 30.0554 1
101.979 101.979 3
72.4907 72.4907 3
77.8554 77.8554 3
31.3691 31.3691 1
66.1393 66.1393 2
78.2227 78.2227 2
40.9103 40.9103 2
32.1897 32.1897 3
41.3143 41.3143 3
36.5061 36.5061 1
32.5976 32.5976 3
49.5251 49.5251 1
35.8604 35.8604 1
32.822 32.822 2
35.6358 35.6358 1
81.076 81.076 3
47.3418 47.3418 2
34.2168 34.2168 3
38.0942 38.0942 3
30.2714 30.2714 3
35.7363 35.7363 3
32.4379 32.4379 2
43.973 43.973 3
34.5438 34.5438 3
114.92 114.92 3
38.4035 38.4035 1
32.2023 32.2023 1
87.2419 87.2419 3
75.8136 75.8136 2
103.052 103.052 1
33.9542 33.9542 1
39.1169 39.1169 2
50.3816 50.3816 3
40.7702 40.7702 3
35.4334 35.4334 1
37.0101 37.0101 3
36.6793 36.6793 1
60.2042 60.2042 3
44.2842 44.2842 2
30.1327 30.1327 1
32.6552 32.6552 2
95.4725 95.4725 2
31.4533 31.4533 1
67.7429 67.7429 2
31.2794 31.2794 3
141.652 141.652 3
40.036 40.036 3
138.426 138.426 3
35.4489 35.4489 2
161.433 161.433 3
49.3842 49.3842 2
44.1665 44.1665 3
61.8171 61.8171 1
30.5881 30.5881 1
35.987 35.987 2
32.0993 32.0993 3
73.9594 73.9594 3
41.1248 41.1248 3
42.6649 42.6649 2
45.344 45.344 1
41.1121 41.1121 2
37.3821 37.3821 3
38.7145 38.7145 3
39.6553 39.6553 2
46.3472 46.3472 1
33.5601 33.5601 2
89.6644 89.6644 3
51.9974 51.9974 3
39.2249 39.2249 3
40.4683 40.4683 3
89.7463 89.7463 1
46.1367 46.1367 1
30.7728 30.7728 3
114.48 114.48 3
142.115 142.115 3
76.2555 76.2555 1
58.9913 58.9913 2
38.982 38.982 3
100.455 100.455 2
56.2559 56.2559 1
49.1413 49.1413 3
54.2794 54.2794 3
38.2896 38.2896 1
34.106 34.106 3
65.2942 65.2942 3
45.5548 45.5548 3
71.3041 71.3041 2
32.0297 32.0297 3
107.419 107.419 1
39.3361 39.3361 3
36.8559 36.8559 1
46.8665 46.8665 2
68.5255 68.5255 3
38.7401 38.7401 1
80.5386 80.5386 2
46.4684 46.4684 3
62.9753 62.9753 1
33.926 33.926 3
201.1 201.1 3
35.8829 35.8829 3
106.095 106.095 1
47.3113 47.3113 3
37.1727 37.1727 1
30.8752 30.8752 1
37.2662 37.2662 3
32.2407 32.2407 3
33.5702 33.5702 2
46.4663 46.4663 1
47.9162 47.9162 3
33.0557 33.0557 3
34.2739 34.2739 3
45.7458 45.7458 1
52.1822 52.1822 3
88.4335 88.4335 3
71.3419 71.3419 1
57.3462 57.3462 3
37.0629 37.0629 3
31.4247 31.4247 3
53.3749 53.3749 3
30.1054 30.1054 3
32.4273 32.4273 1
43.8735 43.8735 3
34.6428 34.6428 3
55.0079 55.0079 2
32.7309 32.7309 2
151.252 151.252 3
74.8383 74.8383 2
40.1675 40.1675 2
37.3675 37.3675 3
41.6068 41.6068 3
188.524 188.524 3
31.839 31.839 3
30.3863 30.3863 2
46.2334 46.2334 2
34.9618 34.9618 3
35.5505 35.5505 1
59.6504 59.6504 3
70.5268 70.5268 3
40.7826 40.7826 3
43.7092 43.7092 3
30.1981 30.1981 3
36.8374 36.8374 3
34.9204 34.9204 2
44.1437 44.1437 1
86.5784 86.5784 2
43.4869 43.4869 3
33.3869 33.3869 3
67.3068 67.3068 3
124.747 124.747 3
73.1148 73.1148 1
32.0405 32.0405 3
144.79 144.79 3
35.0266 35.0266 2
37.1519 37.1519 2
42.4285 42.4285 3
30.1918 30.1918 3
42.1475 42.1475 2
35.3857 35.3857 2
123.427 123.427 3
47.8396 47.8396 3
39.9984 39.9984 3
41.7293 41.7293 3
50.9502 50.9502 2
30.1834 30.1834 2
38.8843 38.8843 3
51.1189 51.1189 3
47.3064 47.3064 3
83.1334 83.1334 3
35.9704 35.9704 1
54.6873 54.6873 1
35.2449 35.2449 1
50.9912 50.9912 2
49.5182 49.5182 3
31.6044 31.6044 3
30.4327 30.4327 3
71.7372 71.7372 2
59.9776 59.9776 3
102.242 102.242 3
38.4237 38.4237 1
138.572 138.572 2
33.1315 33.1315 3
36.172 36.172 1
50.5488 50.5488 1
32.8993 32.8993 2
169.573 169.573 2
260.267 260.267 1
40.8885 40.8885 2
83.29 83.29 3
39.0993 39.0993 1
39.2626 39.2626 3
32.1866 32.1866 3
30.1309 30.1309 1
31.2538 31.2538 3
41.1874 41.1874 3
63.061 63.061 3
112.308 112.308 3
42.8021 42.8021 1
45.5471 45.5471 2
45.6658 45.6658 2
61.4512 61.4512 3
48.6562 48.6562 3
40.3961 40.3961 3
44.5786 44.5786 3
34.1146 34.1146 1
53.0339 53.0339 1
44.7932 44.7932 3
31.3066 31.3066 1
61.6167 61.6167 2
39.6811 39.6811 3
36.1482 36.1482 2
39.2813 39.2813 3
50.2185 50.2185 3
67.9467 67.9467 3
71.4065 71.4065 3
35.0509 35.0509 2
50.0413 50.0413 2
69.274 69.274 1
66.2104 66.2104 2
81.3793 81.3793 3
37.7548 37.7548 1
77.0401 77.0401 2
41.3578 41.3578 1
43.0781 43.0781 1
65.5924 65.5924 3
84.8213 84.8213 1
31.7715 31.7715 2
547.504 547.504 3
143.878 143.878 2
67.0185 67.0185 3
45.6765 45.6765 1
43.7208 43.7208 1
55.5261 55.5261 3
47.2186 47.2186 2
34.4704 34.4704 3
43.0382 43.0382 2
67.0683 67.0683 3
44.3072 44.3072 1
33.6218 33.6218 3
39.4104 39.4104 3
57.8471 57.8471 3
62.8923 62.8923 2
90.6483 90.6483 3
49.2158 49.2158 2
125.608 125.608 1
36.5014 36.5014 2
40.1277 40.1277 3
43.6243 43.6243 3
32.641 32.641 2
32.1212 32.1212 3
32.4523 32.4523 1
82.3913 82.3913 3
74.6342 74.6342 3
87.8701 87.8701 3
66.1431 66.1431 1
238.387 238.387 3
34.8408 34.8408 3
54.7835 54.7835 2
58.787 58.787 2
48.7326 48.7326 1
65.4523 65.4523 3
45.7302 45.7302 1
52.0701 52.0701 1
58.8974 58.8974 1
34.7618 34.7618 3
30.7204 30.7204 2
31.5585 31.5585 3
31.9397 31.9397 1
41.2977 41.2977 3
48.2486 48.2486 2
31.4003 31.4003 3
52.2406 52.2406 1
33.9902 33.9902 3
412.916 412.916 3
32.01 32.01 2
33.3884 33.3884 3
124.118 124.118 1
36.8377 36.8377 1
51.2741 51.2741 2
38.1639 38.1639 3
47.495 47.495 2
31.0291 31.0291 3
44.6864 44.6864 3
307.248 307.248 1
51.5899 51.5899 1
30.9154 30.9154 1
47.72 47.72 3
68.722 68.722 2
32.5451 32.5451 2
39.0568 39.0568 3
34.4227 34.4227 3
56.0399 56.0399 3
31.7256 31.7256 3
90.1227 90.1227 1
48.6435 48.6435 2
35.8694 35.8694 1
32.5572 32.5572 3
140.09 140.09 2
30.8655 30.8655 1
34.485 34.485 2
66.9965 66.9965 3
37.4313 37.4313 1
32.9511 32.9511 1
35.3255 35.3255 3
33.4017 33.4017 3
35.4135 35.4135 1
47.4885 47.4885 3
31.152 31.152 1
30.1982 30.1982 2
36.6546 36.6546 3
33.5013 33.5013 3
37.3765 37.3765 3
39.0288 39.0288 1
33.2269 33.2269 3
45.1224 45.1224 3
31.0173 31.0173 1
53.5371 53.5371 2
130.973 130.973 3
60.2115 60.2115 3
43.8029 43.8029 3
52.3751 52.3751 2
94.9964 94.9964 3
39.3126 39.3126 2
37.477 37.477 2
79.6751 79.6751 3
31.4642 31.4642 3
32.6842 32.6842 1
35.6838 35.6838 2
30.4129 30.4129 3
50.1218 50.1218 2
34.027 34.027 1
43.5646 43.5646 3
65.0902 65.0902 2
30.3694 30.3694 1
30.1484 30.1484 1
50.6619 50.6619 1
87.1341 87.1341 2
121.174 121.174 3
33.0125 33.0125 1
47.0352 47.0352 3
61.7892 61.7892 3
71.7225 71.7225 3
30.2647 30.2647 3
45.5098 45.5098 3
103.505 103.505 2
37.0956 37.0956 1
45.3414 45.3414 2
47.3005 47.3005 1
64.7991 64.7991 3
54.93 54.93 1
61.4675 61.4675 3
30.9699 30.9699 3
70.4422 70.4422 3
49.3624 49.3624 3
75.8503 75.8503 2
34.5716 34.5716 3
59.0117 59.0117 3
46.0107 46.0107 3
31.9178 31.9178 3
246.045 246.045 1
45.5114 45.5114 3
78.5048 78.5048 1
37.9862 37.9862 3
61.0153 61.0153 1
32.1818 32.1818 1
49.3175 49.3175 3
37.4561 37.4561 3
51.2713 51.2713 3
33.623 33.623 3
36.2563 36.2563 2
31.6147 31.6147 3
35.5448 35.5448 3
48.0588 48.0588 3
32.9807 32.9807 1
44.2178 44.2178 3
34.883 34.883 3
64.9755 64.9755 3
51.1128 51.1128 3
41.2973 41.2973 3
36.6084 36.6084 3
54.9352 54.9352 2
34.4655 34.4655 3
30.6542 30.6542 3
44.6995 44.6995 3
45.2571 45.2571 3
37.9297 37.9297 2
40.7604 40.7604 3
37.9912 37.9912 1
56.0744 56.0744 3
50.222 50.222 3
66.8555 66.8555 3
35.101 35.101 1
71.2311 71.2311 1
42.6465 42.6465 1
32.0582 32.0582 3
71.055 71.055 1
37.6578 37.6578 1
66.4821 66.4821 3
36.0891 36.0891 3
33.7017 33.7017 3
104.989 104.989 1
38.1276 38.1276 3
157.345 157.345 3
31.7852 31.7852 3
153.935 153.935 2
54.0384 54.0384 3
55.7315 55.7315 1
46.9106 46.9106 3
31.3378 31.3378 1
59.7498 59.7498 1
38.149 38.149 3
38.304 38.304 3
30.6837 30.6837 2
37.5034 37.5034 3
43.6346 43.6346 2
30.058 30.058 3
38.2312 38.2312 2
50.5612 50.5612 1
43.3679 43.3679 3
55.0816 55.0816 2
31.5467 31.5467 2
37.4735 37.4735 3
37.2295 37.2295 3
35.5176 35.5176 2
31.5034 31.5034 3
32.0547 32.0547 1
43.1358 43.1358 2
73.1786 73.1786 2
49.4538 49.4538 1
57.3032 57.3032 2
31.3151 31.3151 3
87.3667 87.3667 1
36.4986 36.4986 2
103.54 103.54 3
34.3854 34.3854 1
43.8079 43.8079 3
47.2933 47.2933 1
37.3627 37.3627 3
44.1284 44.1284 1
36.4663 36.4663 3
57.4845 57.4845 2
35.1887 35.1887 1
31.6582 31.6582 3
438.288 438.288 3
53.8953 53.8953 3
32.4491 32.4491 3
38.7471 38.7471 3
58.4043 58.4043 3
44.5131 44.5131 2
35.0766 35.0766 3
31.8271 31.8271 2
65.8737 65.8737 3
63.4268 63.4268 2
32.6265 32.6265 3
34.7019 34.7019 2
35.4013 35.4013 3
34.1593 34.1593 2
33.9867 33.9867 3
47.7375 47.7375 3
30.8303 30.8303 3
33.8192 33.8192 2
34.4674 34.4674 3
34.3879 34.3879 3
183.69 183.69 2
33.2417 33.2417 2
36.0863 36.0863 1
43.0494 43.0494 1
56.8942 56.8942 2
213.82 213.82 1
40.0693 40.0693 1
35.796 35.796 1
101.203 101.203 3
46.0308 46.0308 1
46.5906 46.5906 2
36.3641 36.3641 3
37.3097 37.3097 1
79.4474 79.4474 2
50.8201 50.8201 2
99.8634 99.8634 1
39.3578 39.3578 1
31.7909 31.7909 3
36.0247 36.0247 3
32.241 32.241 3
164.35 164.35 3
62.6743 62.6743 3
38.2603 38.2603 1
32.0501 32.0501 2
30.0302 30.0302 2
67.7448 67.7448 3
35.8205 35.8205 1
38.8335 38.8335 2
32.8216 32.8216 1
50.2939 50.2939 3
57.6814 57.6814 3
58.2723 58.2723 2
99.4032 99.4032 3
51.9209 51.9209 2
31.0697 31.0697 3
41.8831 41.8831 3
34.1234 34.1234 2
68.697 68.697 2
311.308 311.308 1
34.7795 34.7795 2
47.5714 47.5714 2
45.1481 45.1481 3
37.2625 37.2625 3
68.9062 68.9062 2
36.1347 36.1347 2
47.401 47.401 3
69.0553 69.0553 3
63.0642 63.0642 3
124.926 124.926 2
33.2259 33.2259 3
40.502 40.502 3
36.3901 36.3901 3
33.8778 33.8778 3
99.448 99.448 1
47.5423 47.5423 1
41.2949 41.2949 2
30.7197 30.7197 1
31.8651 31.8651 3
87.8447 87.8447 3
83.5983 83.5983 3
51.5214 51.5214 2
43.4675 43.4675 1
32.0431 32.0431 2
77.3328 77.3328 2
49.0109 49.0109 3
35.7444 35.7444 1
30.6676 30.6676 3
60.6679 60.6679 3
30.685 30.685 3
40.1948 40.1948 3
30.3216 30.3216 3
35.5991 35.5991 1
53.1346 53.1346 3
89.9604 89.9604 1
176.035 176.035 2
99.2239 99.2239 1
35.8312 35.8312 3
38.9923 38.9923 3
41.7363 41.7363 2
43.3194 43.3194 2
71.305 71.305 1
37.5642 37.5642 2
50.6366 50.6366 2
54.4436 54.4436 3
71.1133 71.1133 3
54.6825 54.6825 2
54.2318 54.2318 2
68.868 68.868 3
46.4546 46.4546 2
57.23 57.23 1
33.6048 33.6048 3
30.5168 30.5168 1
223.436 223.436 2
35.5438 35.5438 3
44.7783 44.7783 2
43.1086 43.1086 3
30.1935 30.1935 3
47.38 47.38 2
51.9236 51.9236 2
73.7231 73.7231 3
34.83 34.83 3
30.301 30.301 3
37.4877 37.4877 2
42.823 42.823 3
76.5462 76.5462 3
35.4404 35.4404 2
51.5893 51.5893 3
77.7187 77.7187 2
63.9005 63.9005 3
65.2677 65.2677 3
42.827 42.827 3
34.8867 34.8867 2
32.0847 32.0847 2
41.1154 41.1154 3
30.2365 30.2365 3
32.2817 32.2817 2
38.8184 38.8184 3
41.833 41.833 1
30.2252 30.2252 1
142.273 142.273 1
31.7502 31.7502 3
37.0682 37.0682 1
35.5964 35.5964 2
30.6248 30.6248 3
38.6926 38.6926 2
54.653 54.653 2
93.3164 93.3164 3
31.1596 31.1596 3
41.7227 41.7227 2
51.1151 51.1151 2
53.772 53.772 3
64.6291 64.6291 3
43.7005 43.7005 3
38.9424 38.9424 1
54.5443 54.5443 3
42.8989 42.8989 2
36.3948 36.3948 3
30.7674 30.7674 3
33.7645 33.7645 3
33.3563 33.3563 1
46.2705 46.2705 3
47.3189 47.3189 2
74.786 74.786 1
45.8533 45.8533 1
31.6217 31.6217 3
35.2481 35.2481 3
62.8479 62.8479 3
40.9477 40.9477 3
37.8066 37.8066 2
30.4431 30.4431 2
44.1711 44.1711 1
46.9128 46.9128 3
34.5527 34.5527 2
30.2862 30.2862 2
53.0538 53.0538 3
40.0484 40.0484 3
72.7529 72.7529 2
74.1037 74.1037 1
42.4683 42.4683 3
38.5462 38.5462 1
69.5028 69.5028 2
65.3733 65.3733 1
33.725 33.725 3
39.5507 39.5507 3
118.251 118.251 3
33.8776 33.8776 3
38.3985 38.3985 2
46.9892 46.9892 1
132.757 132.757 3
62.3633 62.3633 3
31.2631 31.2631 3
55.6307 55.6307 3
52.1224 52.1224 1
39.5286 39.5286 3
112.194 112.194 3
247.963 247.963 1
151.672 151.672 3
34.4108 34.4108 3
33.4273 33.4273 3
71.2427 71.2427 3
44.8956 44.8956 1
38.5508 38.5508 3
47.2992 47.2992 1
175.382 175.382 1
124.628 124.628 3
45.4147 45.4147 3
35.9874 35.9874 1
124.307 124.307 3
35.7341 35.7341 3
37.7074 37.7074 2
33.9805 33.9805 2
33.6568 33.6568 2
36.8885 36.8885 3
34.5291 34.5291 2
40.4744 40.4744 2
404.254 404.254 3
33.3251 33.3251 3
37.6389 37.6389 1
46.9858 46.9858 3
42.6225 42.6225 1
37.9052 37.9052 2
66.0587 66.0587 3
41.6695 41.6695 3
30.0955 30.0955 1
33.521 33.521 1
265.925 265.925 1
32.2997 32.2997 1
95.8161 95.8161 2
40.4049 40.4049 2
64.6839 64.6839 3
38.2519 38.2519 3
68.4987 68.4987 3
32.4812 32.4812 3
64.3296 64.3296 3
87.4281 87.4281 3
34.2131 34.2131 1
79.7177 79.7177 2
31.3864 31.3864 1
38.8307 38.8307 2
43.3975 43.3975 3
39.4129 39.4129 3
35.595 35.595 3
43.9888 43.9888 1
58.3747 58.3747 2
95.6796 95.6796 1
33.9294 33.9294 3
140.61 140.61 1
42.6456 42.6456 2
56.501 56.501 1
38.7178 38.7178 3
31.6732 31.6732 2
70.9146 70.9146 3
43.8345 43.8345 3
42.3598 42.3598 3
31.8077 31.8077 1
55.1438 55.1438 2
75.7297 75.7297 3
53.2911 53.2911 3
41.0016 41.0016 3
47.26 47.26 3
40.3995 40.3995 3
38.114 38.114 3
104.501 104.501 3
30.9754 30.9754 2
42.8668 42.8668 3
37.3005 37.3005 3
116.12 116.12 1
42.1801 42.1801 1
63.7129 63.7129 2
31.6391 31.6391 3
30.6507 30.6507 3
57.2546 57.2546 1
43.0269 43.0269 3
42.9543 42.9543 3
44.9638 44.9638 1
53.9202 53.9202 3
76.2758 76.2758 3
33.6531 33.6531 3
34.687 34.687 3
37.3609 37.3609 2
34.2585 34.2585 2
42.9119 42.9119 3
77.4764 77.4764 3
129.77 129.77 3
54.6302 54.6302 3
70.188 70.188 1
38.0073 38.0073 3
40.4245 40.4245 3
64.0283 64.0283 1
38.612 38.612 2
40.2878 40.2878 2
42.3009 42.3009 1
31.0014 31.0014 2
57.1115 57.1115 2
44.4846 44.4846 3
67.2008 67.2008 3
44.4461 44.4461 2
31.1558 31.1558 2
54.775 54.775 2
46.9199 46.9199 1
33.3048 33.3048 1
37.6449 37.6449 1
36.0085 36.0085 3
44.3262 44.3262 3
36.9633 36.9633 3
55.0333 55.0333 1
66.6048 66.6048 3
106.873 106.873 2
74.8453 74.8453 3
40.3766 40.3766 2
43.4727 43.4727 1
37.0389 37.0389 1
30.4801 30.4801 2
69.6095 69.6095 3
63.8621 63.8621 3
91.0231 91.0231 3
30.7925 30.7925 3
39.2591 39.2591 3
60.2317 60.2317 3
34.1777 34.1777 2
45.1545 45.1545 3
32.1451 32.1451 1
30.8296 30.8296 1
102.854 102.854 1
40.3477 40.3477 2
90.1502 90.1502 3
54.3715 54.3715 3
44.0906 44.0906 1
30.2 30.2 3
82.8562 82.8562 1
48.059 48.059 2
37.574 37.574 1
49.6329 49.6329 1
31.1006 31.1006 2
32.335 32.335 3
69.205 69.205 3
41.1061 41.1061 1
60.8479 60.8479 3
32.1145 32.1145 1
32.4741 32.4741 3
74.9146 74.9146 3
41.01 41.01 2
34.6405 34.6405 3
38.8897 38.8897 1
50.5351 50.5351 3
35.9849 35.9849 3
30.9227 30.9227 3
32.6461 32.6461 1
35.1854 35.1854 3
83.2914 83.2914 3
83.3587 83.3587 1
32.4789 32.4789 2
58.9254 58.9254 3
55.638 55.638 3
126.788 126.788 3
39.0827 39.0827 1
35.8871 35.8871 1
45.4722 45.4722 2
32.7494 32.7494 3
39.7158 39.7158 1
42.6739 42.6739 1
137.091 137.091 3
44.0757 44.0757 1
83.5662 83.5662 3
34.7154 34.7154 2
38.9287 38.9287 3
45.4171 45.4171 1
179.863 179.863 3
32.6439 32.6439 3
48.7445 48.7445 1
39.9022 39.9022 1
46.8915 46.8915 3
32.8961 32.8961 3
54.9483 54.9483 2
36.3356 36.3356 3
34.7394 34.7394 1
49.8231 49.8231 3
31.7097 31.7097 1
33.264 33.264 3
46.5119 46.5119 1
48.5157 48.5157 3
46.1988 46.1988 1
38.0902 38.0902 2
40.5155 40.5155 2
36.0273 36.0273 3
32.285 32.285 2
52.2275 52.2275 2
33.5261 33.5261 3
37.3803 37.3803 3
78.7522 78.7522 3
361.512 361.512 3
31.1871 31.1871 3
96.9134 96.9134 3
52.738 52.738 3
47.8674 47.8674 3
101.595 101.595 3
290.711 290.711 3
31.9524 31.9524 3
65.5023 65.5023 1
30.6884 30.6884 3
43.1507 43.1507 3
31.5519 31.5519 3
46.6825 46.6825 3
44.9468 44.9468 3
70.1839 70.1839 3
32.0961 32.0961 2
34.8714 34.8714 2
50.0968 50.0968 3
51.671 51.671 1
32.2295 32.2295 2
32.8084 32.8084 3
35.2152 35.2152 2
155.532 155.532 1
47.5899 47.5899 3
72.6657 72.6657 3
41.318 41.318 3
34.1089 34.1089 2
30.257 30.257 2
37.9354 37.9354 3
34.6557 34.6557 2
36.6995 36.6995 3
102.832 102.832 2
35.1483 35.1483 1
36.4336 36.4336 1
59.1459 59.1459 2
47.6292 47.6292 3
76.2609 76.2609 2
36.5749 36.5749 1
31.7027 31.7027 3
75.1799 75.1799 3
46.8263 46.8263 3
46.6277 46.6277 3
53.7062 53.7062 3
48.4708 48.4708 2
39.6148 39.6148 2
41.8506 41.8506 2
38.2816 38.2816 3
76.3673 76.3673 1
32.4032 32.4032 2
126.637 126.637 3
34.1721 34.1721 3
80.9301 80.9301 3
32.7565 32.7565 3
35.1954 35.1954 3
79.3772 79.3772 3
38.6483 38.6483 3
76.4306 76.4306 2
39.931 39.931 3
51.0963 51.0963 3
34.6583 34.6583 3
36.7737 36.7737 3
31.7645 31.7645 3
84.5543 84.5543 3
60.7901 60.7901 2
37.4971 37.4971 2
38.23 38.23 3
30.3779 30.3779 3
31.4234 31.4234 3
35.7932 35.7932 1
32.2938 32.2938 3
47.4766 47.4766 1
31.4278 31.4278 3
31.5995 31.5995 3
40.4761 40.4761 3
39.0286 39.0286 1
34.0422 34.0422 1
30.9506 30.9506 2
42.3542 42.3542 2
55.9507 55.9507 1
259.168 259.168 3
82.743 82.743 3
56.5606 56.5606 3
32.6191 32.6191 1
31.1204 31.1204 2
35.5328 35.5328 3
58.4394 58.4394 1
89.1833 89.1833 3
32.6227 32.6227 3
42.0392 42.0392 3
31.7198 31.7198 3
79.9211 79.9211 3
35.8386 35.8386 3
79.5423 79.5423 3
33.6997 33.6997 3
93.9247 93.9247 3
31.4526 31.4526 2
33.5062 33.5062 3
39.2469 39.2469 3
34.8546 34.8546 3
50.1072 50.1072 2
31.6834 31.6834 1
32.6854 32.6854 1
33.8175 33.8175 2
38.1337 38.1337 2
61.7337 61.7337 3
30.1881 30.1881 2
40.1671 40.1671 1
87.3133 87.3133 1
46.1524 46.1524 1
94.0101 94.0101 3
30.2598 30.2598 3
69.0816 69.0816 1
30.298 30.298 1
49.6231 49.6231 1
52.6828 52.6828 1
36.3701 36.3701 2
35.7503 35.7503 1
35.3243 35.3243 3
47.8157 47.8157 3
51.3301 51.3301 1
59.5823 59.5823 3
102.969 102.969 3
31.7454 31.7454 1
118.464 118.464 2
40.3493 40.3493 2
38.2529 38.2529 1
176.401 176.401 1
36.944 36.944 1
34.6311 34.6311 3
33.6986 33.6986 3
39.136 39.136 2
112.353 112.353 3
34.0117 34.0117 2
46.2923 46.2923 2
107.186 107.186 3
31.4486 31.4486 3
32.7099 32.7099 1
30.9915 30.9915 2
44.2361 44.2361 2
36.3016 36.3016 2
31.8584 31.8584 2
54.0887 54.0887 3
32.6049 32.6049 3
50.8949 50.8949 3
31.956 31.956 3
38.4327 38.4327 1
33.2093 33.2093 2
51.9475 51.9475 1
247.239 247.239 2
88.3211 88.3211 2
46.4224 46.4224 1
68.2845 68.2845 3
35.3572 35.3572 3
55.4736 55.4736 3
62.3486 62.3486 3
34.2253 34.2253 2
35.9667 35.9667 3
34.7125 34.7125 1
61.4989 61.4989 3
64.4494 64.4494 2
34.2718 34.2718 3
32.2517 32.2517 3
38.7354 38.7354 3
50.6696 50.6696 3
53.6239 53.6239 1
42.281 42.281 3
30.7173 30.7173 3
38.7599 38.7599 3
54.3479 54.3479 3
45.8036 45.8036 3
32.2234 32.2234 1
35.4744 35.4744 3
30.2478 30.2478 3
45.6259 45.6259 3
42.0382 42.0382 3
42.4794 42.4794 3
35.8085 35.8085 1
110.407 110.407 2
37.2521 37.2521 3
45.63 45.63 2
36.7993 36.7993 1
79.4869 79.4869 3
33.8443 33.8443 3
46.5772 46.5772 3
59.7086 59.7086 3
31.7547 31.7547 3
32.5236 32.5236 3
36.4485 36.4485 2
36.7101 36.7101 3
44.0957 44.0957 3
30.7098 30.7098 2
68.4491 68.4491 3
35.5275 35.5275 3
41.194 41.194 3
30.1845 30.1845 3
45.9793 45.9793 1
95.9097 95.9097 3
37.9059 37.9059 3
40.782 40.782 2
37.5887 37.5887 3
162.183 162.183 2
48.0962 48.0962 1
80.7223 80.7223 1
38.8791 38.8791 1
32.2399 32.2399 1
43.6225 43.6225 3
43.4538 43.4538 3
31.8768 31.8768 2
86.7193 86.7193 3
140.588 140.588 3
82.6256 82.6256 3
30.5206 30.5206 3
31.6073 31.6073 1
62.5172 62.5172 1
43.0902 43.0902 3
30.2956 30.2956 3
36.3463 36.3463 1
37.7942 37.7942 2
63.285 63.285 3
81.0585 81.0585 2
47.299 47.299 3
50.7579 50.7579 3
31.4105 31.4105 3
41.1541 41.1541 1
33.0027 33.0027 1
53.9466 53.9466 3
44.0602 44.0602 3
31.4601 31.4601 1
64.6428 64.6428 1
43.0222 43.0222 2
30.4972 30.4972 3
38.5681 38.5681 1
36.9578 36.9578 2
65.6856 65.6856 3
34.4025 34.4025 3
34.1038 34.1038 3
35.7143 35.7143 1
33.6257 33.6257 1
32.8612 32.8612 1
116.934 116.934 3
35.2557 35.2557 3
63.7912 63.7912 1
31.4865 31.4865 1
39.9946 39.9946 2
88.5224 88.5224 2
70.3577 70.3577 3
39.2557 39.2557 2
41.423 41.423 2
39.111 39.111 2
30.3814 30.3814 2
48.8629 48.8629 2
102.025 102.025 1
45.5216 45.5216 3
41.5235 41.5235 3
31.8115 31.8115 3
59.4634 59.4634 1
153.06 153.06 1
32.974 32.974 3
67.0398 67.0398 3
33.9747 33.9747 2
30.22 30.22 3
74.7701 74.7701 1
87.2171 87.2171 1
33.087 33.087 2
50.1175 50.1175 2
30.3211 30.3211 1
100.386 100.386 3
39.1805 39.1805 3
47.9537 47.9537 1
121.938 121.938 3
32.3614 32.3614 3
38.3517 38.3517 3
36.1984 36.1984 3
32.3622 32.3622 2
48.6942 48.6942 1
120.605 120.605 1
31.1005 31.1005 3
91.528 91.528 3
91.1664 91.1664 3
90.163 90.163 3
34.8619 34.8619 3
56.7648 56.7648 3
47.6675 47.6675 3
45.6099 45.6099 1
59.3692 59.3692 3
42.0075 42.0075 3
35.9933 35.9933 2
90.5852 90.5852 3
90.4296 90.4296 1
33.0966 33.0966 2
270.338 270.338 2
121.355 121.355 3
57.9647 57.9647 1
38.4719 38.4719 3
32.7882 32.7882 3
33.7351 33.7351 1
59.1252 59.1252 3
41.2872 41.2872 2
36.154 36.154 2
109.078 109.078 3
46.208 46.208 3
41.8689 41.8689 2
49.4263 49.4263 3
56.1126 56.1126 1
44.5807 44.5807 3
53.578 53.578 3
43.1576 43.1576 3
38.5559 38.5559 2
39.955 39.955 2
108.348 108.348 3
30.9304 30.9304 3
44.2824 44.2824 2
38.5889 38.5889 2
36.7272 36.7272 3
48.3413 48.3413 3
31.2306 31.2306 3
34.6116 34.6116 3
30.2649 30.2649 1
51.457 51.457 3
44.3984 44.3984 3
54.3508 54.3508 3
34.2024 34.2024 3
66.106 66.106 1
34.9664 34.9664 2
47.0043 47.0043 3
34.9613 34.9613 3
34.7832 34.7832 3
31.2478 31.2478 3
103.073 103.073 3
40.9657 40.9657 3
49.9247 49.9247 3
122.37 122.37 1
55.1412 55.1412 3
38.7665 38.7665 2
31.8513 31.8513 3
36.6881 36.6881 3
33.0976 33.0976 2
79.0607 79.0607 3
36.6157 36.6157 3
30.0789 30.0789 1
57.6605 57.6605 2
42.4424 42.4424 3
34.453 34.453 3
39.1255 39.1255 3
55.4051 55.4051 3
37.2281 37.2281 1
49.2598 49.2598 2
61.1706 61.1706 1
78.6418 78.6418 1
38.6141 38.6141 3
60.9868 60.9868 3
32.3889 32.3889 2
52.1535 52.1535 3
73.8092 73.8092 1
30.4544 30.4544 3
34.1501 34.1501 3
43.8146 43.8146 1
35.203 35.203 3
38.7161 38.7161 2
67.5003 67.5003 3
32.3444 32.3444 3
31.8381 31.8381 2
32.5158 32.5158 1
31.1645 31.1645 3
64.3803 64.3803 1
43.6349 43.6349 1
34.7453 34.7453 3
39.996 39.996 3
43.9627 43.9627 3
77.6763 77.6763 3
36.3509 36.3509 3
35.2701 35.2701 1
66.6848 66.6848 3
70.6519 70.6519 2
53.4266 53.4266 3
30.6374 30.6374 3
47.6581 47.6581 3
33.3877 33.3877 3
72.7197 72.7197 3
45.3917 45.3917 3
50.1651 50.1651 3
34.1511 34.1511 1
32.3708 32.3708 1
46.2377 46.2377 2
55.1327 55.1327 2
31.0833 31.0833 1
43.6232 43.6232 2
262.23 262.23 3
33.5323 33.5323 3
66.472 66.472 3
60.138 60.138 1
31.3362 31.3362 2
38.1652 38.1652 3
42.1651 42.1651 1
75.7042 75.7042 3
36.6511 36.6511 3
34.756 34.756 2
31.3286 31.3286 3
97.5261 97.5261 2
34.9713 34.9713 2
68.755 68.755 3
36.8764 36.8764 2
72.6146 72.6146 2
46.7683 46.7683 3
118.212 118.212 3
49.7796 49.7796 2
44.6487 44.6487 2
38.8343 38.8343 2
34.6026 34.6026 2
32.5563 32.5563 2
68.4279 68.4279 2
35.338 35.338 2
41.9278 41.9278 2
47.2207 47.2207 2
39.2569 39.2569 2
51.8363 51.8363 2
39.6696 39.6696 2
43.9837 43.9837 2
33.5468 33.5468 2
76.3976 76.3976 2
41.7684 41.7684 2
75.0023 75.0023 2
46.8019 46.8019 2
35.1984 35.1984 2
34.4626 34.4626 2
31.51 31.51 2
77.2276 77.2276 2
47.0191 47.0191 2
30.0252 30.0252 2
452.203 452.203 2
108.971 108.971 2
33.4134 33.4134 2
62.4409 62.4409 2
127.9 127.9 2
31.4677 31.4677 2
31.7899 31.7899 2
80.1135 80.1135 2
45.9246 45.9246 2
41.0896 41.0896 2
48.8311 48.8311 2
35.1756 35.1756 2
57.2876 57.2876 2
90.8862 90.8862 2
91.5843 91.5843 2
36.4792 36.4792 2
44.8208 44.8208 2
48.0481 48.0481 2
59.5877 59.5877 2
53.181 53.181 2
66.6169 66.6169 2
75.2622 75.2622 2
39.7791 39.7791 2
104.095 104.095 2
35.2002 35.2002 2
61.9298 61.9298 2
31.2236 31.2236 2
30.7577 30.7577 2
60.3363 60.3363 2
33.4638 33.4638 2
40.5455 40.5455 2
34.4719 34.4719 2
42.0477 42.0477 2
47.7843 47.7843 2
43.19 43.19 2
39.6756 39.6756 2
43.1557 43.1557 2
45.407 45.407 2
42.5323 42.5323 2
37.3055 37.3055 2
129.56 129.56 2
36.7843 36.7843 2
57.503 57.503 2
88.9489 88.9489 2
36.063 36.063 2
40.8526 40.8526 2
30.9145 30.9145 2
40.8378 40.8378 2
32.1214 32.1214 2
50.5423 50.5423 2
46.822 46.822 2
32.9088 32.9088 2
65.7947 65.7947 2
56.141 56.141 2
42.0171 42.0171 2
139.699 139.699 2
52.5178 52.5178 2
282.576 282.576 2
116.497 116.497 2
35.4952 35.4952 2
60.2849 60.2849 2
45.3472 45.3472 2
34.8442 34.8442 2
36.1549 36.1549 2
31.2483 31.2483 2
52.5788 52.5788 2
43.369 43.369 2
30.2836 30.2836 2
48.6552 48.6552 2
30.2228 30.2228 2
38.1899 38.1899 2
54.5774 54.5774 2
85.0784 85.0784 2
