3.546126184191079547e-05
4.109471820881605160e-05
3.556694096234381413e-05
4.376469215958222976e-05
3.359210255304320551e-05
3.382407302956217467e-05
4.183134174808970658e-05
3.719591826114222613e-05
3.889866236874179738e-05
3.549628214508442975e-05
3.376218070689450932e-05
3.331407301670689095e-05
3.375962086921231779e-05
4.512015850728850699e-05
3.657951269421078571e-05
5.217630130291974432e-05
3.395385676286614279e-05
3.501771185249216126e-05
3.535096733787910882e-05
5.645075502653152684e-05
3.477256165274468340e-05
3.470755387266201376e-05
4.327253696743820090e-05
3.323467739660889239e-05
3.908327029796602157e-05
3.833886148513637884e-05
3.478570454609666835e-05
3.719742667806942560e-05
3.965302185115414076e-05
3.720856220888861543e-05
3.345200694984636948e-05
3.575579901514771859e-05
3.451944197954887918e-05
4.232056237551039892e-05
4.053868210689422582e-05
3.745149080109679685e-05
3.539799937380095848e-05
3.797131078479074452e-05
3.358856549730275694e-05
3.405380965862068717e-05
3.556659971800275470e-05
3.397507878188493194e-05
4.485052923516825519e-05
3.846898589947837397e-05
4.196941548115226071e-05
3.844515570217758681e-05
3.628158111671516659e-05
3.937333937539261314e-05
3.379737355688888100e-05
3.350362571401163783e-05
3.692291619221611836e-05
3.571137882460681973e-05
3.321050948263908997e-05
3.363898579493390895e-05
4.044932064392790468e-05
3.695485315100287992e-05
3.437350066446551779e-05
3.587281048899215486e-05
4.242384652021352902e-05
4.074138735483656931e-05
3.428715499443174384e-05
4.758219629195863896e-05
3.379563453958008424e-05
4.137134974925503033e-05
3.398441929728980581e-05
3.648942815303449281e-05
3.540765170163677635e-05
3.421548186019824413e-05
3.674733849421141918e-05
3.662811573619364819e-05
4.224876894272722654e-05
3.478264686707374729e-05
3.675834087248210585e-05
3.961744486569039109e-05
3.684251847411815510e-05
3.544291618043258964e-05
3.685750965094307374e-05
3.580717628445977195e-05
3.758778304137030176e-05
3.419542828826622132e-05
3.757267854012431472e-05
3.323946407964539063e-05
3.475597745772740358e-05
3.460191951956354206e-05
3.797896453380865227e-05
3.691339069667208062e-05
3.338216233035849891e-05
3.359281554507311039e-05
3.637670571723736624e-05
3.712468047365902749e-05
3.335758952193527532e-05
3.430875710982794020e-05
4.362459141477276030e-05
4.616199599746200323e-05
3.753369846523658406e-05
3.426775664068079023e-05
3.383769458991221318e-05
3.950375650815045304e-05
3.383350064450838657e-05
3.335773489759310330e-05
3.441802483729884508e-05
5.232871637758833099e-05
3.711657573369467507e-05
4.082556914309784719e-05
3.692639032586812211e-05
3.409157780309338527e-05
5.448021923635937964e-05
3.739503558415501101e-05
3.987377898131468378e-05
3.484629094292105258e-05
3.461878613879578403e-05
3.485580229914670531e-05
3.407582078844427254e-05
4.623703267175080078e-05
3.802700883229540290e-05
3.542947235750681007e-05
4.769111468383008788e-05
4.163884678161915181e-05
3.587578602513003234e-05
3.503197573930547180e-05
3.646302751020063306e-05
3.504690900029403845e-05
3.557200981801198798e-05
3.618311546908665333e-05
3.477989950806848092e-05
3.965701561095463708e-05
3.862303757554071430e-05
3.699233813989797969e-05
3.930935825597125453e-05
3.678349648230201722e-05
3.430948371253986418e-05
4.344806884151378976e-05
3.939433311887822152e-05
3.453435808102485189e-05
3.493937016971689915e-05
3.700392834134755889e-05
3.546561080407496195e-05
3.488341950553556576e-05
3.758152120345733090e-05
3.395285978714347524e-05
3.462786688469569256e-05
3.576614832044799447e-05
3.452044752209339987e-05
3.598129940710749844e-05
3.361797177449064313e-05
4.091212916961433970e-05
3.360561380236712912e-05
4.300737457485705629e-05
4.742039526913347430e-05
3.751737650642939344e-05
3.449003394467221086e-05
4.477813218538884583e-05
3.713449066600811604e-05
6.093924842807997431e-05
3.681020168945486605e-05
4.791959672863875118e-05
3.691570119519593633e-05
3.521281319284100779e-05
4.344497601199491077e-05
3.392332943373892152e-05
3.474766419936805662e-05
4.289037394179522376e-05
3.586652392521892229e-05
4.707920187788649933e-05
3.417422699561534010e-05
4.507604424682627541e-05
3.704171299533189673e-05
3.350141344829172624e-05
4.393334755470930402e-05
3.427293968488485601e-05
4.125983099663064427e-05
3.606864821041234231e-05
3.582470312345942709e-05
3.446204558898636512e-05
3.864788650806842197e-05
3.913581571092022103e-05
3.867292392255658332e-05
3.392413448334361925e-05
3.429696408327785546e-05
3.831127182599913469e-05
3.446483660706084348e-05
3.888812150434769820e-05
3.441911857489792387e-05
3.486381310629380412e-05
3.938431889054891009e-05
3.401625661314456646e-05
3.525555962382218418e-05
3.916073455480235780e-05
4.087331935042583030e-05
3.435335126233145844e-05
3.690925281027843721e-05
3.877997248481366096e-05
3.325577741651341331e-05
3.329424366217161296e-05
3.468051624560073841e-05
3.430972590404036818e-05
3.658314491232573574e-05
4.070520580323548057e-05
3.735505329713375953e-05
3.908266844027285565e-05
3.555999242783695473e-05
3.669597082156047808e-05
3.721067197289904135e-05
3.848592938950400413e-05
3.717575397151316209e-05
3.506575376047777799e-05
3.533995765070531918e-05
3.838741751027358365e-05
4.369398655825171464e-05
4.169538818701093712e-05
3.371071274206884988e-05
3.509084529678603592e-05
4.138699103829011493e-05
4.335870949762004554e-05
3.338335194802519602e-05
3.607169677468463566e-05
4.570218728975957177e-05
3.350336715823114660e-05
3.433585495900422327e-05
3.411628281814195587e-05
3.354815902198354712e-05
3.321442314312441198e-05
3.698474442538489837e-05
3.462253995794086229e-05
3.372666101789497723e-05
4.006219232059264862e-05
3.714520227009108198e-05
3.354397929459852518e-05
3.346155261540753264e-05
3.819838028393675555e-05
3.327183452395527069e-05
3.366923485798604460e-05
4.012014811627232137e-05
3.989770020122625883e-05
4.166245106923473392e-05
3.454228496459813116e-05
3.373509251717268949e-05
3.390830145297491546e-05
3.651783935530395961e-05
3.360133970632489081e-05
3.942376459324928095e-05
3.478933134246471820e-05
3.777233561361552225e-05
3.419703050590372967e-05
3.479184358459519656e-05
3.613574025967092963e-05
4.128465044348929151e-05
3.814264460098858877e-05
3.799354783663438787e-05
3.590771245317822704e-05
3.697874520489316552e-05
3.590272538210688891e-05
3.643801100278186206e-05
3.839028243738886901e-05
3.856128813188875593e-05
3.562157010566565512e-05
4.574854148716292533e-05
4.056979198092289750e-05
4.115121519605845506e-05
3.426878262263209694e-05
3.555582151422249443e-05
3.405573238836108344e-05
4.909476474558171507e-05
3.417338363248120320e-05
4.383465974189947208e-05
4.256800356504118255e-05
4.971185251634901753e-05
3.396376675456107492e-05
3.560055812135498403e-05
3.760981279080186524e-05
3.950682423669613183e-05
3.589096259977981018e-05
4.146752789948257871e-05
3.702496200596794491e-05
3.358525571115049413e-05
4.147805590287243768e-05
3.792889405193030142e-05
3.395673646283577503e-05
4.095887523193781092e-05
3.449533778344773848e-05
4.417793216059714544e-05
3.766692883280229237e-05
4.590635938751051856e-05
3.933170289005619044e-05
4.120162861150090657e-05
3.357312166958337636e-05
3.830538955621134474e-05
3.481753304594848830e-05
3.478402032282022690e-05
3.965228080573411960e-05
3.562178854836992172e-05
3.684333700950830531e-05
3.806714441789992064e-05
4.283486876789471110e-05
3.507419063180864115e-05
3.331436481188418576e-05
3.492869163341740289e-05
4.064102415219701957e-05
4.489362353966692650e-05
4.222739339826641041e-05
3.463366358884015309e-05
4.652770974883549919e-05
3.687071805460822948e-05
3.748792236545301986e-05
3.880562030955335542e-05
3.780874812703513576e-05
3.907544415907501925e-05
3.386991230958879927e-05
3.812173369512695452e-05
3.356795033161016423e-05
4.412729792149897327e-05
3.505949217299742990e-05
3.336282194834221034e-05
4.122898021402858303e-05
5.397943165633336410e-05
3.422507659780281956e-05
4.379005293624171333e-05
4.070981319564938793e-05
3.385155240075220733e-05
4.033290905437858617e-05
3.364091761320420811e-05
3.382407302956217467e-05
3.421672905230851953e-05
3.419559123508300044e-05
3.343078355562302398e-05
4.389263894146574807e-05
3.603560793630527001e-05
3.725475103200059348e-05
3.407949464866500859e-05
3.421697305353425833e-05
3.654157460658868418e-05
3.376912614859542980e-05
3.391185871071478658e-05
3.705008068404784148e-05
3.489696160564364271e-05
3.373278077636206309e-05
3.525343692415641055e-05
3.967673326645188204e-05
3.638101229706855835e-05
3.788776001121449660e-05
3.743746244537036886e-05
3.910330513204144114e-05
4.127626855410796358e-05
3.757569658505572192e-05
6.245158882046893426e-05
3.419116375407318633e-05
4.561366417851322520e-05
3.481109617407879460e-05
3.396694844497885835e-05
4.585105048801184791e-05
3.390935762097662488e-05
3.702932624978719635e-05
3.376552738180667502e-05
3.745650195798371846e-05
4.060034520618927435e-05
4.040687272000548062e-05
3.505589100127830108e-05
4.768480346012243505e-05
3.874742326344709153e-05
3.352535351486444435e-05
3.321324623572461553e-05
3.482091819934984096e-05
4.105869736377384282e-05
3.405597957481340695e-05
3.584542751322766557e-05
5.305546325550973075e-05
3.588722956249360457e-05
3.521792325436628779e-05
3.487567834215656905e-05
3.367034011475062767e-05
3.367832900396413291e-05
3.467181325677172709e-05
3.359680753159268953e-05
3.560510348624769020e-05
3.337737366558132850e-05
3.451425421729448147e-05
3.989560311455813600e-05
3.465944101730254637e-05
3.322262888441622388e-05
3.810032724300228607e-05
3.548446391110521731e-05
3.588444692292708308e-05
3.345901552576049969e-05
3.532729973762664167e-05
3.919770476529959745e-05
4.592278359909436250e-05
3.554298324428589631e-05
3.733290611495422199e-05
3.752444614303940442e-05
3.646635037790164565e-05
4.401459064670507076e-05
3.602179888147590469e-05
3.364142892580271121e-05
3.375162849093265308e-05
3.422507659780281956e-05
4.391700559092418069e-05
3.445311015139418094e-05
4.986870080293941978e-05
3.662226934081785369e-05
3.405391953693409174e-05
3.326811515700821097e-05
3.876091761097312852e-05
5.173774828642079178e-05
3.817889723779951917e-05
3.890742455727210213e-05
3.339984949772351123e-05
3.885761740699097462e-05
3.584292228215887422e-05
4.004353786388480151e-05
3.490587043612310072e-05
3.604881524937741000e-05
3.886615678895497141e-05
4.652526433041608874e-05
3.437475892407285713e-05
3.454117550202866785e-05
3.550556731231396736e-05
3.343069685356991454e-05
3.697554744659840658e-05
4.524035247686445527e-05
3.490794911912936221e-05
4.110736067161189811e-05
3.471802972594029173e-05
3.555830958951716324e-05
5.457370594172451816e-05
3.343055234877390021e-05
3.378530756184663962e-05
4.144003097752162375e-05
3.495206006266127235e-05
3.414317527445813661e-05
3.360914592676047863e-05
3.359267294999635921e-05
3.402173848050412238e-05
3.646730611714781982e-05
3.787597605475453625e-05
4.157165362692889332e-05
4.642106429856677092e-05
3.661979509301839113e-05
3.378836727253380588e-05
4.620418600921929184e-05
3.628541128266863676e-05
3.408053629142425222e-05
3.577085201020957478e-05
3.951939872837473863e-05
3.734719187881276541e-05
4.501936032243215993e-05
3.419654171562635218e-05
3.801357731518758193e-05
5.228584895991838816e-05
3.629013977309064376e-05
3.413905645414216223e-05
3.342682353103977052e-05
3.617027534511704870e-05
3.596766926702085477e-05
3.612775772155221146e-05
3.485907420496018948e-05
3.368181188781291827e-05
4.223716572849322773e-05
3.966541516065724980e-05
4.144167996695628786e-05
3.779062613657551258e-05
3.384677657092217197e-05
3.768864460474366941e-05
4.600129972090492359e-05
3.325604130038040086e-05
3.335639737581647368e-05
3.430843416170541811e-05
3.366220422292495198e-05
3.829419445945311389e-05
3.481528439039434267e-05
3.463397826564596529e-05
4.904386301242767953e-05
3.372358588530000094e-05
3.400820846764683527e-05
3.337505120846832456e-05
5.481701687159489450e-05
3.334155843804918512e-05
3.678845085033919987e-05
3.332471899023241747e-05
3.508312813255591914e-05
4.228772137116362616e-05
3.462660751923388408e-05
3.621390858175223422e-05
3.331777829340101978e-05
3.514440776788148692e-05
3.444339627325243439e-05
3.514020057004267649e-05
4.375497497057688278e-05
4.810224658628817353e-05
3.364685320452392775e-05
3.628877906412487301e-05
4.024171018706702851e-05
3.613632358837431778e-05
3.476511573060986576e-05
3.719667249063302576e-05
6.371607487529667513e-05
3.533444926817623413e-05
3.720018449122258818e-05
3.324310421355935872e-05
3.695375616581137991e-05
3.424459557908883349e-05
3.328257619462292950e-05
4.392352801203256086e-05
4.278063199641543368e-05
5.694536641668441324e-05
4.188802724607222248e-05
3.374450413405921965e-05
4.054672497234183077e-05
3.919854430758914013e-05
3.641041075757875341e-05
3.478565272718576432e-05
3.939803145843798459e-05
4.834421386981688597e-05
3.692568677644973197e-05
3.434221764757580854e-05
3.737346401301613039e-05
4.066149881748830737e-05
3.800693789551273381e-05
4.196909079184304211e-05
4.166417061291568125e-05
3.412756563359641216e-05
3.398370104672112507e-05
3.486347835076421308e-05
3.542032944130107182e-05
3.964325868674003134e-05
3.553328507199906742e-05
4.130487391603785953e-05
3.492528388022035136e-05
3.648424767512027937e-05
3.537859877687789224e-05
4.032585280965772853e-05
3.504602060539629163e-05
3.701288750256384179e-05
3.630613487925379688e-05
3.701448204499775137e-05
3.360549984587173213e-05
3.877103470655351378e-05
3.330403098029157934e-05
3.411532617556882149e-05
3.879957730500292783e-05
3.536709289140703183e-05
3.683747342238228337e-05
3.497298604581717131e-05
3.971437830785347442e-05
3.636233267027133017e-05
4.309637614233283192e-05
3.436651100215486584e-05
3.429876876189033054e-05
3.435817721626580350e-05
3.509565035226954409e-05
3.694141988751528476e-05
3.767887260667136270e-05
3.334176223270155594e-05
4.239581231406698705e-05
3.346135082082400068e-05
3.362707564831850986e-05
3.351838302524247728e-05
3.553597295202923033e-05
4.632611842540204969e-05
4.004890280834013072e-05
3.367909362429468502e-05
4.470117446389172927e-05
4.585904954549876908e-05
3.751331401639662367e-05
3.440887104181726699e-05
4.209872556113914007e-05
3.549074216299992067e-05
3.585982921398918382e-05
5.024929555690722197e-05
3.590588408162021758e-05
3.364918121481388886e-05
4.393490176227419678e-05
3.760512947154750010e-05
3.852979283534521031e-05
4.986427396829852326e-05
3.403550130822768558e-05
4.182029153436543802e-05
3.780738826076694015e-05
3.410211696817263519e-05
3.434224448749569612e-05
3.517675940748140088e-05
4.514673215510234440e-05
4.213555225679177914e-05
3.781507179834521954e-05
3.728034597240400063e-05
3.830419690138350819e-05
3.556891512788309495e-05
3.616494487389244027e-05
3.872921140245763388e-05
4.143261630030552033e-05
3.991038289127029395e-05
4.039557604734419268e-05
3.356712157103715132e-05
4.360447771492565296e-05
3.715073867784086096e-05
6.854115477677205333e-05
3.755218431610923217e-05
3.509390556764757272e-05
3.836045840935012357e-05
4.007436373269397125e-05
3.485049331653663454e-05
3.409535650798994986e-05
3.645619708513226287e-05
3.689786703994835836e-05
3.629449771000708703e-05
5.479705220607692892e-05
4.338218729455310251e-05
3.934721999692817370e-05
4.229038635979077575e-05
3.365582212697413249e-05
3.442487912713919026e-05
3.557634601204651549e-05
3.320727166204250709e-05
3.840899866145922856e-05
5.565912294857733452e-05
3.558126510153721591e-05
3.414347526758128006e-05
3.870297965314300717e-05
4.391314273433419003e-05
3.335953741101837296e-05
3.569705307318603754e-05
3.347405734896215923e-05
3.644984162988074708e-05
3.967956591621175737e-05
3.707947890056872563e-05
3.580731984687574862e-05
3.490497213442655001e-05
4.226142528214016613e-05
4.109480012446987035e-05
3.601226284559028428e-05
3.388796648348970476e-05
4.181496646070387524e-05
5.149336223853064439e-05
3.516494520256179934e-05
3.748992591471217065e-05
3.385213877843842140e-05
3.696555502737046786e-05
3.333092725315038915e-05
3.623351730397309878e-05
3.415781194059840575e-05
3.560911277758218544e-05
3.759582079485052520e-05
3.366132510956131713e-05
3.870987528911095770e-05
3.567473709596680718e-05
4.254793001704412748e-05
4.104749285721955628e-05
3.348338431201345781e-05
3.799612932794060942e-05
3.580954486194292633e-05
3.435222493811161351e-05
4.434168986993184525e-05
3.698833391985837673e-05
3.371853422330409428e-05
3.436926984158606286e-05
3.386899217560580193e-05
3.646311855876720740e-05
3.320553465504473605e-05
4.467443814867777996e-05
4.483617351059043967e-05
3.442874467797805087e-05
3.607268154403387898e-05
3.403613403021173801e-05
4.005509202626242614e-05
3.521123467338944371e-05
3.319696372553864730e-05
3.557702797770424797e-05
3.475376978181275310e-05
3.539669044481483798e-05
3.741678501094183905e-05
3.553597295202923033e-05
3.355863067872560625e-05
3.704116804367309955e-05
3.650357327732688795e-05
3.555794372611700670e-05
3.831282147017705310e-05
3.345396860431295352e-05
3.331381039503784371e-05
3.414088417882287169e-05
3.427431606874266839e-05
3.538762307485637684e-05
3.503639658912474837e-05
3.825471115977169972e-05
4.023433203087280207e-05
3.767789502346216232e-05
3.727010522332468295e-05
3.334254826570273554e-05
3.383646451408550053e-05
4.483573516577562087e-05
4.047310436212122990e-05
3.871933439085495105e-05
3.373131456861392058e-05
3.366007722733888974e-05
3.818244711275238160e-05
3.341377812324429161e-05
3.373700924015775093e-05
3.846943773034886910e-05
3.318366822106464666e-05
4.927944454058258813e-05
3.397507878188493194e-05
3.450191143056358366e-05
3.684875577964834791e-05
4.630324216816658980e-05
3.412024526601047564e-05
5.336212758443073355e-05
3.491713231030463065e-05
4.120410092083744949e-05
4.110212157012993993e-05
4.364957975805561799e-05
4.253561110608533016e-05
4.415662203309974725e-05
4.323318523482284605e-05
3.767005103328466417e-05
3.441498321078102692e-05
3.497770815193176859e-05
4.248596799252939160e-05
3.525972908103768499e-05
4.137721914787535022e-05
3.390477097175556613e-05
4.103401001774470446e-05
3.801175027004272036e-05
3.540920625933570084e-05
3.345434359047523966e-05
3.471967067646589242e-05
3.544891951168320206e-05
3.934505969423367027e-05
3.515936107846665974e-05
4.084015864904867320e-05
3.703438700117048108e-05
3.362232540990747986e-05
4.772578542677808781e-05
3.922564428108889288e-05
3.372096153853372009e-05
3.557710104332113891e-05
3.539145339734085127e-05
4.628376106941444379e-05
3.531890389071865098e-05
3.595589386770550456e-05
3.406995131901494593e-05
3.689674335516650479e-05
3.884224497984899334e-05
4.019559211816367447e-05
3.345359360659143913e-05
3.512835251228551566e-05
3.351861256984779925e-05
3.504932004575133747e-05
3.748231086038882650e-05
3.562603531338357930e-05
3.874776992764782785e-05
4.817011885686090525e-05
3.609158884279096459e-05
3.373015839661266366e-05
3.723884238500626453e-05
3.562538018903143287e-05
3.536446860317167632e-05
3.732693148844796089e-05
4.166082599996365595e-05
3.588772894781933959e-05
3.986726272829033894e-05
3.497331792676904347e-05
3.833043159317690152e-05
3.434291546674587124e-05
3.391491490945075884e-05
3.485884236542184542e-05
3.346296508379595868e-05
3.844810718700748131e-05
3.609154201821278708e-05
3.749903307946955087e-05
3.801105999013467833e-05
3.465650965930472404e-05
4.428779563115136698e-05
3.545064126285234961e-05
3.935046906879736847e-05
3.446616544485387362e-05
4.336680777674813066e-05
3.496182469748862335e-05
3.523126492794237884e-05
4.862028356240467554e-05
3.511174674688167954e-05
3.391091391421246159e-05
3.533928783840139019e-05
5.000778726448267366e-05
3.399430481319211589e-05
3.922510427570476133e-05
3.914712914240048482e-05
3.588944098101599380e-05
3.900562734145501223e-05
4.437733828247248773e-05
3.638451608558316625e-05
5.440250549169275285e-05
4.041690882621108623e-05
3.413163367243396510e-05
3.920270397654291417e-05
3.488439645947751151e-05
3.324231169710730442e-05
3.518557524429872423e-05
3.425149164528896176e-05
3.421342100797965772e-05
3.320609405745696618e-05
3.487416041725984394e-05
3.853585512233675346e-05
3.557271637571221383e-05
3.350276384006986813e-05
3.652454750387058716e-05
4.104752572730819914e-05
3.623358678654036802e-05
3.531594664969995017e-05
3.371277448314870685e-05
3.556411323742457800e-05
3.856540542311796371e-05
4.530004014245530826e-05
3.582446417103603401e-05
3.336898169114666370e-05
3.626363837130622351e-05
3.389606554565711337e-05
3.562035646799989453e-05
4.237903653754240282e-05
3.387827401268374858e-05
3.379148234185032807e-05
3.495975481242868786e-05
3.825570858532763280e-05
3.449716708761918401e-05
3.470677174382156096e-05
3.655105232480970338e-05
3.428844894241800493e-05
3.675869707343380196e-05
3.934051645511052909e-05
3.327760167428159147e-05
4.250946610082200356e-05
3.779380281965743468e-05
4.514914810897060137e-05
3.470559845967134628e-05
4.551718465678768855e-05
3.569780110450853614e-05
3.618685814593354045e-05
3.490710228936606059e-05
3.739061779357656304e-05
3.350020658855124613e-05
4.472347960007226733e-05
3.870276712890564257e-05
3.535106648140092449e-05
3.546514403658915417e-05
3.549841415934992019e-05
3.338311983665908495e-05
4.511706663777065470e-05
3.443306202017239128e-05
3.492538638237558643e-05
3.441557024890415611e-05
3.510858971392636930e-05
3.445917417888803153e-05
3.962831185631041591e-05
3.768267827694913560e-05
3.792401184277549017e-05
3.353727729067127394e-05
4.810309661637981706e-05
3.559027046796558633e-05
4.161833882911704667e-05
3.858098554754090908e-05
3.586185466716374295e-05
3.486674827623382984e-05
3.913572201914511189e-05
3.458295041943567282e-05
4.412958764146829961e-05
3.497352215689624485e-05
3.409532913021258400e-05
3.624999756729723865e-05
3.753432907702728913e-05
3.647210652711334214e-05
4.735473736454408523e-05
4.079576201273680327e-05
3.407639661463620408e-05
3.393065622418161810e-05
3.691352273587313244e-05
3.367070851150140225e-05
4.003660448372002454e-05
3.358625444801449075e-05
3.962501640172618313e-05
3.413752859718563064e-05
3.836113153730509676e-05
3.764642952819705253e-05
4.053014132433290564e-05
3.825411267010834040e-05
3.936970838822099566e-05
3.407971394915348289e-05
3.393770138034163364e-05
3.588011719267400387e-05
3.850134329018251131e-05
3.804474197653119719e-05
4.049263603971131457e-05
4.135458121024432478e-05
3.712994378097349415e-05
3.321245175839228445e-05
3.739754119279446455e-05
4.371306107761223299e-05
3.786524901519971347e-05
3.453853352996981771e-05
3.356031789190267215e-05
4.074291397198018819e-05
3.334525532272909824e-05
3.668744624616003574e-05
3.382888565270493708e-05
3.777799465208007458e-05
3.474685856181410038e-05
3.563098407138294381e-05
3.401344586978133681e-05
3.832551014677529035e-05
3.398599377747627237e-05
3.558584158440043392e-05
3.963727095832745092e-05
3.586483270340873640e-05
3.377050352239745277e-05
3.821797605546453056e-05
3.606606810246198688e-05
3.492963949244593300e-05
3.879387724337336052e-05
3.660928566412029644e-05
3.626222870482590351e-05
4.306918445611640056e-05
3.344819812904903101e-05
3.510828659768929611e-05
4.626402084843182988e-05
3.452153235924523204e-05
3.857451380490109169e-05
3.480703590105254432e-05
3.608357941052818947e-05
3.688955836137488241e-05
3.642224321559729098e-05
3.612250340537146261e-05
3.584762217713208455e-05
3.992732912623739170e-05
4.644366436414165147e-05
3.593397000970557096e-05
3.494679120207581431e-05
3.547393608045918984e-05
3.960533663151622559e-05
3.337467376720665508e-05
3.347722471175079879e-05
3.511566038394280006e-05
3.566409693386370279e-05
3.596015125989314833e-05
3.452462759866782886e-05
3.420932540679983081e-05
3.526661694987558388e-05
4.602902933732721402e-05
3.369779779080288827e-05
3.535909456854124196e-05
3.547113702963758234e-05
4.109806000297512802e-05
3.509767299239297385e-05
3.860995481842474707e-05
3.517836730645222914e-05
3.477191322757421945e-05
3.407875448086388783e-05
3.829676038307076516e-05
3.575630346457838463e-05
3.346114902289378055e-05
5.569828055495412033e-05
3.393753500570552650e-05
3.380446731989848025e-05
3.375857990343515837e-05
3.691169607829045238e-05
3.413086931049647173e-05
3.523021411827795133e-05
3.525428604620035563e-05
3.381405001507050703e-05
4.241244968707104086e-05
3.368996306074350052e-05
3.657953525763301279e-05
3.783052885892415786e-05
4.159626609835242480e-05
3.686760487087265242e-05
3.364000856025604316e-05
3.860917685608578190e-05
3.982969267652692322e-05
3.859020067818226410e-05
5.278693293055260687e-05
3.647851952927369225e-05
4.194735182165554559e-05
3.657675966948127513e-05
3.731027400420529810e-05
3.521922549300497452e-05
4.257848384010267870e-05
3.512590590631936728e-05
3.447756108702263697e-05
3.335529235526919989e-05
3.928925896118575661e-05
3.428952712983911037e-05
3.846214772035425126e-05
3.446919466831401202e-05
4.106173526006663590e-05
4.108449160842234788e-05
3.558671774756723958e-05
3.490589610095172756e-05
3.491608094078918234e-05
3.866068208971168343e-05
3.341661401495962455e-05
4.068413477673749865e-05
3.690835022941922996e-05
4.055748160910670555e-05
3.515694556654090587e-05
5.063975190732531676e-05
3.863480747052134456e-05
3.651457470603006259e-05
3.844245946813731326e-05
3.669210075763944197e-05
3.403431830643983340e-05
3.322453981596169180e-05
4.985493557736364899e-05
3.331827418933430468e-05
3.408330444271298159e-05
3.455656714632405075e-05
3.868116952919522481e-05
3.542212896466244974e-05
3.398334190578151519e-05
3.575841713509459211e-05
3.453890343951537134e-05
4.612900209952108289e-05
3.346088956349427214e-05
3.596776380563117980e-05
3.620304864766521355e-05
3.356800748543767912e-05
3.378901280221668885e-05
3.635701045149367208e-05
3.445031651978044832e-05
3.415555078936377152e-05
5.119039830747745747e-05
3.562768510942565558e-05
3.927399425655917208e-05
3.363335905650212903e-05
3.652638258936139175e-05
3.367985819689023460e-05
3.662989163271453146e-05
3.676644209681105042e-05
3.377839935778904012e-05
3.345717003730753911e-05
3.584483107331294205e-05
3.733350343300444792e-05
3.606463709651159280e-05
3.614264521041165597e-05
3.522243043949275387e-05
3.873665316610397011e-05
3.407433996963661605e-05
3.559104901611882620e-05
4.472843791270237295e-05
3.442325257312082353e-05
3.875870473077731919e-05
3.339828478742878166e-05
4.776103719793753919e-05
4.991367773039146204e-05
4.908129896777471734e-05
3.731469663781942044e-05
3.337865082759054871e-05
3.662708156077729035e-05
3.730063322251572826e-05
4.844193018543705039e-05
3.381346181914128806e-05
3.534367819458305638e-05
3.469127560199902381e-05
3.692265229723191826e-05
3.737714316479262745e-05
3.391494268960195123e-05
3.338648501718026956e-05
4.182433484615899732e-05
3.994025174868182440e-05
3.488005100844066735e-05
4.159948242400831296e-05
3.341872603487426770e-05
4.136674911298957264e-05
3.411081529520852565e-05
3.394044623806550501e-05
4.188519797809758935e-05
3.668008074473620223e-05
3.379577479203407623e-05
3.497150524065560184e-05
3.425919449773039268e-05
3.533928783840139019e-05
4.614520937634715821e-05
4.219168598763524305e-05
3.374210964687473992e-05
3.654811246713599661e-05
3.961322264043606401e-05
4.322648634860348923e-05
3.373884112193877678e-05
3.341250465041039296e-05
3.594406049893021323e-05
4.258773923218038977e-05
3.588256771098544671e-05
3.894428057723077935e-05
3.391402591157015198e-05
3.669883349917724981e-05
3.355122133774919270e-05
3.735599039847981154e-05
3.647565452852005941e-05
4.179625926865667161e-05
3.888707270659651005e-05
3.762919804879526756e-05
3.532568557781726577e-05
3.376859202330608308e-05
3.367643140653121310e-05
3.638293606053937467e-05
4.771372917086892364e-05
3.755296101407730583e-05
3.779563836019724231e-05
4.013353023614756114e-05
3.803911036706745407e-05
3.836922632631992029e-05
3.885050687065595742e-05
3.814656565773520789e-05
3.380802667801731094e-05
3.368761449426947870e-05
3.550684074583652483e-05
4.057610448956235348e-05
3.543481709494502907e-05
3.736167551392841470e-05
3.508694934481056365e-05
3.488087392999958002e-05
4.415004592668450247e-05
5.094858280945497377e-05
3.652774174850608645e-05
3.435745344200763219e-05
3.597362386537913221e-05
3.488408795583482880e-05
3.918316351173572754e-05
4.180079361753133752e-05
3.924066313435663444e-05
3.748589742702126368e-05
3.585019805033312932e-05
3.452446888700394788e-05
3.381102470763308712e-05
3.927648075189973037e-05
4.172470343941344435e-05
3.830676098303204344e-05
3.972367982797782613e-05
3.485420468393548617e-05
4.098924849742750657e-05
3.511336284564545748e-05
3.346509788860093764e-05
3.382838209430193339e-05
3.627777292181876375e-05
3.708934371983315753e-05
3.855619350604837849e-05
3.355405401090060116e-05
3.525788170441717783e-05
3.388440232315061390e-05
3.336837166746427777e-05
4.532065577083170662e-05
4.312890097753617371e-05
4.271147875034925825e-05
3.701068104327282204e-05
3.808508876953616088e-05
3.800137213269349996e-05
4.373969112980027012e-05
4.083877534541075003e-05
3.571284909311416456e-05
3.930134045202786559e-05
4.068278736480580176e-05
3.733107133088232107e-05
3.988945228168986668e-05
3.488557898727500989e-05
3.364367276729481179e-05
5.641541707887811545e-05
3.534630672958583258e-05
3.635880005722444300e-05
3.356163318443236196e-05
3.321368758943905522e-05
4.126380033178274738e-05
3.512063275999930024e-05
3.374946064619876215e-05
3.981370434176187569e-05
4.662269081442242544e-05
3.468751609348108355e-05
4.250271760001222266e-05
3.635177790682651096e-05
3.798189463385038043e-05
3.563423369787651886e-05
3.489711570196711945e-05
3.357672031372287846e-05
3.635336165864318724e-05
3.416943810925498766e-05
3.995429582340246033e-05
3.381416204920026277e-05
3.461920620214899218e-05
3.994274985935788682e-05
3.902190019274464418e-05
3.336331600533009711e-05
3.839326528840063214e-05
3.596641656591714433e-05
3.506250927311095053e-05
3.905642523891060574e-05
3.630210335831668932e-05
3.738337205860027562e-05
3.617337021690692953e-05
3.565107504331502860e-05
3.917996954213384556e-05
3.393623166011490731e-05
3.513163073406338680e-05
3.437173353287175954e-05
3.320582908059748118e-05
4.363084566475977709e-05
3.919679054078770728e-05
3.570315671475118196e-05
3.388178423618563124e-05
3.345653558599281197e-05
3.563842790630706745e-05
3.478111775032684120e-05
3.440168742937941621e-05
4.742614088227736400e-05
5.251609500717057760e-05
3.732804126079703095e-05
4.303654970810412222e-05
3.784350266932520106e-05
4.066896931146398423e-05
3.622373976978088294e-05
4.102859701323345387e-05
4.147144281067285075e-05
3.553858698992037228e-05
3.409672531978452621e-05
3.936701680852305657e-05
3.785471895646192435e-05
4.108665551154529872e-05
3.919891742162396643e-05
3.327818701811339342e-05
3.349376798308961761e-05
5.402349416404215256e-05
4.516000918444724430e-05
3.456972616901423008e-05
5.314500988260747539e-05
3.349250285698180025e-05
5.370793471055796970e-05
3.493506910525377652e-05
3.516456797369157462e-05
3.473383129003911854e-05
3.399226208652662379e-05
3.361364505835379645e-05
3.805373159395938014e-05
3.359566709711889085e-05
4.068202939166039843e-05
4.671126924669207414e-05
3.766070312240430936e-05
3.741973176974616630e-05
3.679295928560654625e-05
3.766509681056292929e-05
3.454791001664879414e-05
3.506045569432855773e-05
3.635765290193542865e-05
3.435479924426779067e-05
3.599783964734128042e-05
3.708654145435917625e-05
4.289194691716426079e-05
4.185072265718198009e-05
3.384820113514942102e-05
3.580643452009343853e-05
3.335314018419576469e-05
3.332661386775825370e-05
3.823147085384589013e-05
3.919533512364832095e-05
4.152977433908369302e-05
3.459560843151571706e-05
3.534035456004145970e-05
4.684070519012890557e-05
3.811861146115783311e-05
4.068733438833772376e-05
4.542735401067887535e-05
3.923541670746383628e-05
3.677106916475341011e-05
3.345768910922968913e-05
3.475130192284954148e-05
3.587533378737538221e-05
3.496029148165751314e-05
4.167262351249178344e-05
4.103636217050652107e-05
3.526075251296272760e-05
3.387891484239226054e-05
3.380519609128809013e-05
3.836881081582075047e-05
3.573971844447814224e-05
3.931633545471731583e-05
3.536318102066867645e-05
3.553861141768722910e-05
4.312307587977982253e-05
4.466177672339485566e-05
3.536087790735833487e-05
4.537515159497537459e-05
3.917143009599585442e-05
4.584413912144217354e-05
3.360361941025503772e-05
3.906974115605567832e-05
3.460488989442802655e-05
3.468819497652567856e-05
3.755069377194885716e-05
3.344600463045405169e-05
3.758093466366515178e-05
4.063482383359517160e-05
4.434194240758851846e-05
3.873166029241645227e-05
3.400434790941816142e-05
3.340196443383219437e-05
4.802802860201478764e-05
4.059685564028066274e-05
3.438546239408050059e-05
4.127812980251490104e-05
3.443140987987097296e-05
4.865007513864856857e-05
3.344031700868433624e-05
3.733267144710089634e-05
3.595475832896320403e-05
3.596627474313711625e-05
3.385403733359695281e-05
4.048101235011635282e-05
4.144555358180317372e-05
3.708006577671587884e-05
4.211078629288138596e-05
3.730435353769046328e-05
4.601042795824967732e-05
3.925588917140480243e-05
3.500004419280209077e-05
3.448759342546962230e-05
3.929550481083152587e-05
3.698038759333407088e-05
3.676277044683987587e-05
3.395321981544108903e-05
3.347011138977188722e-05
4.441034070653160793e-05
3.565308485006986745e-05
3.559275192694375168e-05
3.778109167867250301e-05
3.505837642573717445e-05
4.253456794247006782e-05
3.359880303579704464e-05
3.871657453416787407e-05
4.937127295739635583e-05
3.582539606070245350e-05
3.464249777401460508e-05
3.553839156612323251e-05
5.963545190738372064e-05
4.088643335327535745e-05
3.367374027915135472e-05
3.948123978861144915e-05
3.394781828826684322e-05
3.359307221201668218e-05
3.984188196733050123e-05
3.447575547550147046e-05
3.597626948371586241e-05
4.408639159629643682e-05
3.377126241746008888e-05
3.423636939305142079e-05
5.067909982050774928e-05
4.486726591493892891e-05
3.489372515050614298e-05
3.819118756824739985e-05
4.138191301880496479e-05
3.751245084455468500e-05
3.412764755357383266e-05
3.650286978313411763e-05
3.386550619609658339e-05
3.669733514295691593e-05
3.522726138216194733e-05
3.848013989010036230e-05
3.496790463294893958e-05
4.141577158692659645e-05
3.363847438020312752e-05
3.330216177547561850e-05
3.415326197614438074e-05
3.329047270343546449e-05
3.549307120623879536e-05
4.172520621123401962e-05
3.469722586676725519e-05
3.323426618203764802e-05
3.819922152824499186e-05
3.744584311086771299e-05
3.595525513929813388e-05
3.849583467175347651e-05
3.356143304036554874e-05
4.173940263708594573e-05
3.967057890687733518e-05
4.453536472434361506e-05
4.074232683015641446e-05
4.437258970973680008e-05
3.399642999480045170e-05
3.376727066618359559e-05
4.834756715726301770e-05
3.394643290052311681e-05
3.648629284225454446e-05
3.708136985448655490e-05
3.601829136936139750e-05
5.371193627253449232e-05
4.306074399896217417e-05
4.623335987953335551e-05
3.395316442715555109e-05
4.802834872458087051e-05
3.542035409400452089e-05
3.488020531029991425e-05
3.415023682583307011e-05
3.370845290148315204e-05
3.359826143116799311e-05
3.805953934415352217e-05
3.321177494018052513e-05
3.420422436247001551e-05
3.476721763715787605e-05
3.473497594001955023e-05
4.721785778744620862e-05
3.467583880904154926e-05
5.586620291607574391e-05
3.617560365692658146e-05
3.448536471047028570e-05
4.268884602966721662e-05
3.735667188612922505e-05
3.345370899173696238e-05
3.584452091377107990e-05
3.590766496624637338e-05
3.523274091976532360e-05
3.444821423380262662e-05
3.444887955233430542e-05
3.740011002403044189e-05
3.843582491212955141e-05
4.982168267253672840e-05
3.542910282366967264e-05
3.385314393234933845e-05
3.928653365494940976e-05
3.532814398658660153e-05
3.704838141787240570e-05
3.498724911279014500e-05
3.531753718328284900e-05
4.296824943593509512e-05
3.487467498842805098e-05
3.469302443590973153e-05
3.654293221247776041e-05
3.602405825764047132e-05
3.547774083343263753e-05
3.394077890661357529e-05
3.409634206771444540e-05
3.737216650230140827e-05
3.679844287063845933e-05
3.360384735725738259e-05
3.339782113084665942e-05
4.167088916016274713e-05
3.619053004881660999e-05
3.469399010596314697e-05
3.637576633006416737e-05
3.788198200868729012e-05
3.460076272371884675e-05
3.447280752138173759e-05
3.508912515296616538e-05
3.946262588507235561e-05
3.414459335991379201e-05
3.370113380828337717e-05
4.598880037098721977e-05
3.446403923674976847e-05
3.834060633180680008e-05
3.484953952576478768e-05
3.726553938357587937e-05
4.142995701742587037e-05
3.485474583422154679e-05
4.114466888483448109e-05
3.418483216189378593e-05
3.641520897438975000e-05
3.376639905493329153e-05
3.659592874704211356e-05
3.339196594344863992e-05
3.475795105322713796e-05
3.352733206335727252e-05
3.572328080799063316e-05
3.785040608151987631e-05
4.078624786797894157e-05
4.127309580742707164e-05
3.717912037153784201e-05
3.845575846926309387e-05
3.847242337620818332e-05
3.379260469581333079e-05
4.045811364304191483e-05
3.934596447608565639e-05
4.088537003755340004e-05
3.654664229440023445e-05
3.397933539534365381e-05
3.407664338909871548e-05
3.503916519078436524e-05
3.802721162529859101e-05
3.435587171528622344e-05
3.436383193444895919e-05
3.663708271672482203e-05
3.535473425428568264e-05
3.321092150662944187e-05
4.660705210122161464e-05
3.610090361120061795e-05
3.406196547342395752e-05
4.504104402422284337e-05
3.719238359687900513e-05
3.340323901198791396e-05
3.646589523976289326e-05
3.547425523188857491e-05
3.412961347082388194e-05
3.762082481508099730e-05
3.992867687774927953e-05
3.340037102302804783e-05
3.384705591023683152e-05
4.118435986826587394e-05
3.997965762813835805e-05
3.444169224138895775e-05
4.526707169591900296e-05
3.505647435870122900e-05
4.074745933986739300e-05
3.512658696741866206e-05
4.341925396207322598e-05
3.921843631774434794e-05
3.397366880086742440e-05
3.634578547641950793e-05
3.414554774932269813e-05
3.795050616996161798e-05
3.411056920000459099e-05
3.336578598852778574e-05
3.358736723003663798e-05
3.952858994200256882e-05
3.442847812658108198e-05
4.088124897066352029e-05
3.378367914824505252e-05
3.789887891923969092e-05
3.518816107533077653e-05
3.671963655286730705e-05
3.488889461864662112e-05
4.530655576545054993e-05
3.326612321479546601e-05
3.888566147414590230e-05
3.385121731524716232e-05
3.592052761142500356e-05
3.427793172569052821e-05
4.388056476751672254e-05
3.881495789628357896e-05
4.074363528579690876e-05
3.722702225168754073e-05
3.383277354857439512e-05
3.749171831448995843e-05
3.515057749888894720e-05
3.496979444071351463e-05
3.611603187044681081e-05
3.662726142313976161e-05
3.320553465504473605e-05
3.988239160843234297e-05
3.451234797005767283e-05
3.634858687399978742e-05
3.699992757006667025e-05
4.213957409373028179e-05
3.507540629729544163e-05
3.378853567485124668e-05
3.680050695809610129e-05
3.621084643021012250e-05
3.698623286862050611e-05
3.735403093101979157e-05
3.410348503392509456e-05
3.616946078412559628e-05
4.581282020093034113e-05
3.691347872295042473e-05
3.379310972165417971e-05
3.380385063343596447e-05
3.578552810491386822e-05
3.438187775224475697e-05
3.447150595167127477e-05
3.987673347526935407e-05
3.414186612872362360e-05
3.663238647973556162e-05
3.371410172202107477e-05
3.552316385340357466e-05
3.385428859101635729e-05
3.963178756314347854e-05
3.396376675456107492e-05
3.610431893016692893e-05
3.789312605568101444e-05
3.544500782222519142e-05
3.327514292094539206e-05
3.653141078368111149e-05
3.683213864768849317e-05
3.543045772925725929e-05
3.342491532141078549e-05
4.311358752966164623e-05
3.753395071344921074e-05
3.608446958890035289e-05
3.524629208192522293e-05
3.576302758763665268e-05
3.357155050022679155e-05
3.421030196393567377e-05
4.405139077277218885e-05
3.429370422574977531e-05
3.346261918832974501e-05
3.689083695460058964e-05
3.517861852241073965e-05
3.785578669774536831e-05
3.649912475105817483e-05
4.296408943669277662e-05
4.693907281973355917e-05
3.476106662934641691e-05
3.487421187531624712e-05
3.392638279190941022e-05
3.348614648499381692e-05
3.512633472680118331e-05
3.357592070668534727e-05
3.860557821940561785e-05
3.329091124736527265e-05
3.462637137418660127e-05
3.993458068294987933e-05
3.991155468130437139e-05
3.799834455402964668e-05
3.447867618777222896e-05
3.950258767731330253e-05
4.398042473751616343e-05
3.794430558826932404e-05
3.369256576505026902e-05
4.034914794429452005e-05
3.384423429176185730e-05
3.344906387487367688e-05
3.735222030221901029e-05
4.787465654997337373e-05
3.328468243406981374e-05
3.323964024039774429e-05
3.415263520372046133e-05
4.540729472898709336e-05
3.336523391827262677e-05
3.513125252063529499e-05
3.487843072557422655e-05
3.363199460878325641e-05
3.959570440553707648e-05
3.614616627149220299e-05
4.146642514920072860e-05
4.009811523691737443e-05
3.330987038661941584e-05
3.319560831356081570e-05
3.470481620963449204e-05
3.996903369514665151e-05
3.712249224003795695e-05
3.340292037998753824e-05
3.897421958722975039e-05
3.457288860972367305e-05
3.912743722772991922e-05
3.786769051007612166e-05
3.748507470985260059e-05
3.460864785958163995e-05
3.504688361844209054e-05
3.361290480875905434e-05
3.399838925415134765e-05
3.516273196763843761e-05
4.331452682460880491e-05
4.231397256922135851e-05
4.048918914774808756e-05
3.817203558494348638e-05
3.737157088212792551e-05
3.596634565471936611e-05
3.343806432156603881e-05
4.515198102606798652e-05
3.695884542106313319e-05
3.363645692467567540e-05
3.345102600397359405e-05
3.704493865763955725e-05
3.769876271316717758e-05
4.214310571115341950e-05
4.030008335287084680e-05
3.356194768990597389e-05
3.651115049615609497e-05
4.603790270985975676e-05
3.811315089725846668e-05
4.816927207535006875e-05
3.516469371788481037e-05
5.478011480599503360e-05
3.552169635202169360e-05
3.631375684851100363e-05
3.332326119048703035e-05
4.553951998925071957e-05
3.469010087594427065e-05
3.425373542379643777e-05
3.345930385804633545e-05
3.645788225030123725e-05
4.494038385227593318e-05
4.166771951259366303e-05
3.363421175903247247e-05
3.426281454424213985e-05
3.357346444330035911e-05
3.817795446310819649e-05
3.384725144398497359e-05
3.516320985760636500e-05
3.808349331093177794e-05
5.680211261082387350e-05
3.597308050252998529e-05
3.551761092844805425e-05
3.734376040270428158e-05
3.709963541924043658e-05
3.657930962168835131e-05
3.610647059273627732e-05
3.427420812256072060e-05
3.318753161772558887e-05
3.353681889944486904e-05
3.646578145278725610e-05
3.360401831471869114e-05
3.352185442571706779e-05
3.324342707573705262e-05
4.192513215281281795e-05
3.785512963598765008e-05
3.533412663203621432e-05
3.578044610283874412e-05
3.787931757415806611e-05
4.140722182026338203e-05
3.436517154009647933e-05
3.883985348473436910e-05
3.468968316920501704e-05
3.640874239865530865e-05
3.411201835703768628e-05
3.921500799754203066e-05
3.963960484012028768e-05
3.795800841170530391e-05
4.062234773580626005e-05
3.487063504325872503e-05
3.595042818250075370e-05
4.136443217603548363e-05
4.472084407000657600e-05
5.081848986958460110e-05
3.768837440911893834e-05
3.530644905297724065e-05
3.814342890101773292e-05
3.667891622023437614e-05
4.707615796669152044e-05
3.895062275910034238e-05
3.506060782261926918e-05
3.384549152841029806e-05
3.514637233195755465e-05
4.168003169192864349e-05
3.642856627571660282e-05
3.347869293674402268e-05
3.728790373830940489e-05
3.792701491241250281e-05
3.610822440462316653e-05
3.648288405519328233e-05
4.778150459937496804e-05
3.531264069190301081e-05
3.355937422514524506e-05
3.338309082242626227e-05
3.447052304416506119e-05
3.836465503008204211e-05
4.256145908622982108e-05
3.352847890098370362e-05
3.643194342489804898e-05
3.450736918118291175e-05
3.886917394965219832e-05
4.134386981727506457e-05
3.562943172333329873e-05
3.592899295620640635e-05
3.586719082564053426e-05
3.918661816982169430e-05
3.487598705041109869e-05
3.609381281784721689e-05
4.126671590904574399e-05
3.389525866134832831e-05
3.849340313284023267e-05
3.625071463892332859e-05
3.547793717733006342e-05
3.373368297095126131e-05
3.676853337390389282e-05
3.418852824696020406e-05
3.464380795632928224e-05
4.002359108472384325e-05
3.437655239435831396e-05
4.457217465177198707e-05
3.477868114845189654e-05
4.730919470523070201e-05
3.417351966266455010e-05
3.652053661963131521e-05
3.838787198622584389e-05
3.623078403229712405e-05
3.791669550770160985e-05
3.387069297542780628e-05
3.620137709321093341e-05
3.388679710701164956e-05
4.023134498976445246e-05
3.650709018915911401e-05
3.482879615888122597e-05
3.363591698576757724e-05
3.651523223466843145e-05
3.741964697984903729e-05
4.279583559385018827e-05
4.246009819328166806e-05
3.396871876994673670e-05
3.569555688120906365e-05
3.365329673461937035e-05
4.470395615660069529e-05
3.592759429995158677e-05
3.418309244741487754e-05
3.458684654936571321e-05
3.474662465741853963e-05
3.431403074619414839e-05
3.358545546505728257e-05
3.574012731527970415e-05
3.627357109198194892e-05
3.581715010681993800e-05
4.791240119672713737e-05
3.464881159874850451e-05
3.899408706699678689e-05
3.375402112172473299e-05
3.732699551624219685e-05
3.720763639225990532e-05
5.918376153259495142e-05
3.607352557320883999e-05
5.854051258788240981e-05
3.793336619119266857e-05
4.282333145974224852e-05
3.495860473064257547e-05
3.625531684750266640e-05
3.344375299677680041e-05
4.193985591496045457e-05
4.526874177721904968e-05
4.886994550173444455e-05
4.247992710560651627e-05
3.365270077952672243e-05
3.761514229668976283e-05
3.832342594609656220e-05
3.690753565312103837e-05
3.403123646849573800e-05
3.451676896167031898e-05
3.374374358288629639e-05
3.948789613117425394e-05
3.687025443475791460e-05
4.028347848021360782e-05
4.552496279904121046e-05
3.560945290274878283e-05
3.969595549670017887e-05
3.757416668725928793e-05
4.662859502025899089e-05
3.431273944949190548e-05
3.442693201655350546e-05
3.973231031009643070e-05
3.349540670109389445e-05
3.433257838642922113e-05
3.773487349719308292e-05
3.385065881913442917e-05
3.575820098001860324e-05
3.605651728686798483e-05
3.389395084010876559e-05
3.724528538412141810e-05
3.507978679724474110e-05
3.894302699557262336e-05
3.945212776232107560e-05
3.561081331408327632e-05
3.625601050845479002e-05
3.389370039042262914e-05
5.537732102148097913e-05
3.567961897609759931e-05
4.682641008181403499e-05
3.421507514008715592e-05
3.529642171522950509e-05
3.375942393651101104e-05
3.650652300833233404e-05
3.436075029634095602e-05
3.328111331265361440e-05
3.514614566689887721e-05
3.349195651189712140e-05
3.437767652812028792e-05
3.397004634718620887e-05
3.465221608308327692e-05
3.565862836449444639e-05
3.395153036093638235e-05
4.385782740390814808e-05
3.953343849180254249e-05
3.747884998384284092e-05
4.001455057922205912e-05
3.649669558955668857e-05
3.375269819528861029e-05
3.332573934571703118e-05
3.442938437817738405e-05
4.440479423329908668e-05
3.888077828594893311e-05
3.854265740527469263e-05
3.474568899653269940e-05
3.622325302041861083e-05
4.744502162524923665e-05
3.573026272558049298e-05
3.353002696068245822e-05
4.021417504496836617e-05
3.429138678404861074e-05
3.503939376403607443e-05
3.599592950334530182e-05
4.004454064303752546e-05
3.523229063520037899e-05
3.462972946519754617e-05
3.637507893132754848e-05
3.364372956806749494e-05
4.820300580759844693e-05
3.383666021619285887e-05
4.905494096664817497e-05
3.401989309791094075e-05
4.878449140238151990e-05
4.707705992273094491e-05
3.590001731698889899e-05
3.647338027784833566e-05
3.433550585695380761e-05
3.634681884792102227e-05
3.343604232388823266e-05
3.390224063500020893e-05
3.781529832544199622e-05
3.690026832530877223e-05
3.433268582867399915e-05
3.621857003622338812e-05
3.503675222301335827e-05
3.325906089467669927e-05
3.721374991601686887e-05
3.546728120192925947e-05
4.683487423496144063e-05
3.513387457012335667e-05
7.234559053521435600e-05
3.870224546489811916e-05
3.524244320885845427e-05
3.446975260331833446e-05
3.804056913341669977e-05
3.996567343131180122e-05
3.376088678972281897e-05
3.690035643769859318e-05
3.640135795753607530e-05
3.367351363089690972e-05
3.492243911534172624e-05
3.743269840421597355e-05
4.402917990169469156e-05
3.938645486486901548e-05
3.323385495347380562e-05
3.463631187325721180e-05
3.496414972200908878e-05
3.943294381413070201e-05
5.195846911415739081e-05
3.369907010799088188e-05
3.448995437001450246e-05
3.450355430428434189e-05
3.500661514903009950e-05
3.342497315034668673e-05
3.319528417075578422e-05
3.752057512912009598e-05
3.346734557556858483e-05
3.760023536196837154e-05
4.090131179493805368e-05
4.431367351455647781e-05
3.840434169291241553e-05
3.378915313026874408e-05
3.431478394089572322e-05
3.371427114642870393e-05
5.052250068179932612e-05
3.503184868071288171e-05
3.599977308948770945e-05
3.392738190865329090e-05
3.926727484259010171e-05
3.382857792501919658e-05
3.469612997620565541e-05
3.537384920704646094e-05
3.675960979504880479e-05
3.765599552271701469e-05
3.345768910922968913e-05
3.363915626175950754e-05
3.535736052974906759e-05
3.948727451552972307e-05
3.544796015055366961e-05
3.990331463594088448e-05
3.386054045754282547e-05
3.960687791524572239e-05
4.237155301659252581e-05
3.516753520695486957e-05
3.556167504717934247e-05
3.785527337092712126e-05
3.322274648893201032e-05
3.916142664228776236e-05
3.513979741249817116e-05
3.874526605008592233e-05
4.394114433591116831e-05
3.383204640966655979e-05
3.349161143921531425e-05
3.359332887356745946e-05
4.156227067920910807e-05
3.495369654560038212e-05
3.594654639507689992e-05
4.560718240372073438e-05
3.440115316702228317e-05
3.554801267891690938e-05
3.542217826313421479e-05
5.022638262058661180e-05
3.480064544526692100e-05
3.450384575941221660e-05
4.179974614673554064e-05
4.429964705134446107e-05
3.437922873714992548e-05
3.571087262807606268e-05
3.449926118083730941e-05
3.416720629313111675e-05
3.664409028844623124e-05
3.370526016661821924e-05
3.753590547904739924e-05
3.349457299492379484e-05
3.985600371883518233e-05
3.783573218879924123e-05
4.237272773318406425e-05
3.861401897076843754e-05
3.552864105272554053e-05
6.469232984726897462e-05
3.593074699139184129e-05
4.039098966029458981e-05
6.090734604850382852e-05
3.343884414510461394e-05
3.787111607976018774e-05
4.261774035496194979e-05
3.904709477755560965e-05
3.325615858025076607e-05
4.742558850265127474e-05
3.502208679243777037e-05
3.348485179442730318e-05
3.812549958360271577e-05
3.486952833689054834e-05
3.509699038718776471e-05
4.481421599840826152e-05
3.340152988797986293e-05
3.323770233089706045e-05
3.933168440727487209e-05
4.073494363289519791e-05
3.612107853966222288e-05
3.628185803346865103e-05
3.645391949451721341e-05
3.640613659564008941e-05
3.770970347105780107e-05
3.439441950546839107e-05
4.084400788823253808e-05
3.810712364481322573e-05
4.060302111056238541e-05
3.460249787760608439e-05
3.780802700258379106e-05
3.818878248695590079e-05
3.431518741935635344e-05
4.114430965269967881e-05
3.794614157714939660e-05
3.968593283757329668e-05
3.398919736342523388e-05
4.400775244219018000e-05
4.438973369509704574e-05
4.410764677458749676e-05
3.992158204471734755e-05
3.352211258956100799e-05
3.432742007093778357e-05
3.392710438434064425e-05
3.657811368727697371e-05
3.954963100158335164e-05
3.805450070437870044e-05
4.787099602320892499e-05
3.365417642481185274e-05
3.590849596262137038e-05
3.456524468234959584e-05
3.453160892640024112e-05
3.394338450006934683e-05
3.821615575403437972e-05
3.622135220778893255e-05
3.379327805898890621e-05
3.483367545279776210e-05
3.428327234453382356e-05
3.926749763627089725e-05
4.093629052354690647e-05
3.882486393849708315e-05
3.453269279961014110e-05
4.119679667147769895e-05
3.615273950345011599e-05
3.518406869404587457e-05
3.990363438012382440e-05
3.364043468723673636e-05
3.391105285941453944e-05
3.584953028022705917e-05
3.902148462626525661e-05
3.333381170162748970e-05
3.824295609967720338e-05
4.025775568013089490e-05
3.732552280055525385e-05
3.933815192248110753e-05
3.358708191097830746e-05
3.609917221975844772e-05
3.908966346246758010e-05
3.733068727492332953e-05
3.873395453524306668e-05
3.774336366235809490e-05
3.522293113994450262e-05
3.366452931523252905e-05
3.394784599443590118e-05
3.336944645051168322e-05
4.108406534813065599e-05
4.455459345546901225e-05
4.071354514110838303e-05
6.223202244005159012e-05
4.391603655216171277e-05
3.732898022807526928e-05
4.034758000338420667e-05
3.514214058784570325e-05
3.520268724444516916e-05
3.668149147476582918e-05
3.319778868441112868e-05
3.390176787714972983e-05
3.943753122190893861e-05
3.592726239343481691e-05
4.510772413148011404e-05
3.825133933190101484e-05
3.794463200414774086e-05
3.590141892959382199e-05
3.917359814263116140e-05
3.401209538355805229e-05
5.057673088856952718e-05
3.553831828143740404e-05
5.441598362320320575e-05
4.002646242872078951e-05
4.915963986133238409e-05
3.512456890299074733e-05
3.357663464404500413e-05
3.879869461788324901e-05
3.531236722871108690e-05
4.984896418809770446e-05
3.996892759343056794e-05
3.963377847588093783e-05
3.912168001881066422e-05
3.680862705061931821e-05
4.066500687834915888e-05
3.606731130874578898e-05
3.944877333964620560e-05
3.370268842145007125e-05
3.574161838215147671e-05
3.872292332527408682e-05
4.072710334797926120e-05
3.371921166193907459e-05
4.064487481158854523e-05
3.545366606870060217e-05
3.503413554151048028e-05
3.667318169359636563e-05
4.056160885095064060e-05
4.850788204080306204e-05
3.507836899660061417e-05
3.379266081082063175e-05
3.865352963207574260e-05
3.361219298802189433e-05
3.782277162706155420e-05
3.500888108759092241e-05
4.252150754161339367e-05
3.824956330695040079e-05
4.510052030417639670e-05
4.290970470566107255e-05
5.415117996572526188e-05
3.507125229508383532e-05
4.194241175159791810e-05
4.247974763719132351e-05
3.384090898025009984e-05
3.427401921449260431e-05
3.401793724275462103e-05
3.325697950749831257e-05
3.588518426127886219e-05
3.667280079786348998e-05
3.383257778463460741e-05
3.724562892465746352e-05
3.841556708292990759e-05
3.766449302227408574e-05
3.896136380951280444e-05
3.417090762293249940e-05
3.879391563533000719e-05
3.480256033335076682e-05
3.423225426089163148e-05
3.385414900419423512e-05
3.626976058361031547e-05
4.245064618339588976e-05
3.793908188370684337e-05
3.372976358121163552e-05
3.345163189164746160e-05
4.081755966313462848e-05
3.437540139076859997e-05
3.712725823444404025e-05
4.935494481962978249e-05
3.323024141512850751e-05
3.580212666592848562e-05
4.477682536175675663e-05
4.364037518013197278e-05
3.412043652457964521e-05
4.392721104795584630e-05
3.703674221961936549e-05
4.469384099235147652e-05
4.156295356058453753e-05
4.035977451148964920e-05
3.721796749821321062e-05
3.912801844508100209e-05
4.297311827201587557e-05
3.437644532872764720e-05
3.327572838372392337e-05
3.483764978456370566e-05
3.361797177449064313e-05
3.359769129509286242e-05
4.399827724330494788e-05
5.622286790341060955e-05
3.332364023529243400e-05
3.658763305413151627e-05
3.370884840366146859e-05
4.249931237062046647e-05
3.771961942292533524e-05
3.686073564623669241e-05
3.998365064331249537e-05
3.775923239564556952e-05
3.781638972187915628e-05
5.410025121568756880e-05
3.484317048797382082e-05
3.448942385939344672e-05
4.802632118255481969e-05
6.824892198999382015e-05
