1.047917576183798765e-10
1.407313220551664737e-10
1.054172741182375194e-10
1.596123566519165455e-10
9.403577949451432146e-11
9.533899302576293840e-11
1.458217627037893984e-10
1.152946946074644770e-10
1.260921611731141175e-10
1.049988371769533007e-10
9.499040384041664593e-11
9.248562174687318264e-11
9.497600010274632290e-11
1.696523919769032705e-10
1.115050624121606577e-10
2.268638681377553917e-10
9.607203242276925254e-11
1.021866786153474963e-10
1.041409076436496188e-10
2.655573119221228689e-10
1.007609203244941630e-10
1.003845246519779887e-10
1.560427046331921235e-10
9.204531513805549888e-11
1.272918347653227469e-10
1.224890249980394603e-10
1.008371033973608795e-10
1.153040459558625874e-10
1.310301784940089846e-10
1.153730918043945062e-10
9.325306408104749162e-11
1.065397636009698891e-10
9.929932288162012663e-11
1.492524999816221895e-10
1.369487289136521790e-10
1.168845136020531745e-10
1.044181966389677540e-10
1.201517035595971719e-10
9.401597768054976889e-11
9.663849602213063523e-11
1.054152512917194745e-10
9.619216485294064679e-11
1.676308310562235328e-10
1.233219063445221683e-10
1.467859863191319292e-10
1.231691664137231427e-10
1.096960940273985358e-10
1.291883211308201927e-10
9.518853827865765054e-11
9.354107799871515219e-11
1.136084783447846049e-10
1.062752147962147026e-10
9.191149500803841137e-11
9.429844710931378094e-11
1.363456283796076678e-10
1.138050976176822842e-10
9.846146232750094677e-11
1.072382110315954599e-10
1.499818961308861238e-10
1.383217202997364216e-10
9.796741646768214737e-11
1.886721169972068763e-10
9.517874282773820858e-11
1.426323816729320310e-10
9.624506291450030197e-11
1.109565305779555247e-10
1.044751499187017967e-10
9.755826657712959155e-11
1.125305738673460338e-10
1.118015718653330646e-10
1.487465397646627177e-10
1.008193769232962684e-10
1.125979686414657122e-10
1.307951614738348219e-10
1.131142639596448082e-10
1.046833589477641915e-10
1.132063348057801506e-10
1.068461561221981920e-10
1.177367861637604013e-10
9.744394298482980141e-11
1.176421810566265157e-10
9.207183102516967347e-11
1.006648307535046186e-10
9.977440286986270866e-11
1.202001455883579652e-10
1.135498677270964038e-10
9.286406348753383203e-11
9.403977135377546359e-11
1.102720599032074713e-10
1.148534916892733211e-10
9.272739822616050760e-11
9.809090120176411521e-11
1.585920813421554517e-10
1.775774895391414989e-10
1.173982100399419317e-10
9.785659543207686644e-11
9.541579793001451935e-11
1.300455648546032567e-10
9.539214715516244711e-11
9.272820645817505459e-11
9.871670280841002850e-11
2.281912131438400765e-10
1.148033495162576970e-10
1.388939246548219333e-10
1.136298585415305593e-10
9.685297309203079416e-11
2.473411906701485653e-10
1.165323905283516194e-10
1.324931875208943829e-10
1.011886660398918131e-10
9.987169614363993594e-11
1.012439128264333975e-10
9.676346353384756802e-11
1.781552658573792533e-10
1.205044500609560452e-10
1.046039592942782759e-10
1.895368683155194631e-10
1.444827967752629703e-10
1.072560019100762704e-10
1.022699436832739193e-10
1.107960312674706841e-10
1.023571525395742755e-10
1.054473235410617669e-10
1.091014870874381628e-10
1.008034508159451780e-10
1.310565739306249670e-10
1.243115859634691769e-10
1.140360900880458858e-10
1.287688038746912809e-10
1.127521344552937437e-10
9.809505605175318022e-11
1.573112238380767905e-10
1.293261234900954644e-10
9.938515733903721041e-11
1.017299656547086013e-10
1.141075593909654305e-10
1.048174624755098948e-10
1.014044130332649276e-10
1.176975613304927490e-10
9.606639064378537241e-11
9.992409708201704728e-11
1.066014471400237388e-10
9.930510809380036617e-11
1.078878255853262039e-10
9.418066885253746190e-11
1.394835260992673854e-10
9.411143991948734716e-11
1.541361889851717673e-10
1.873911572900713554e-10
1.172961283270983488e-10
9.913020345872012246e-11
1.670900935010130448e-10
1.149141997519869814e-10
3.094659999149372790e-10
1.129159123681954889e-10
1.913573125529471283e-10
1.135640828944158925e-10
1.033285177461598067e-10
1.572888283902344247e-10
9.589935665583145682e-11
1.006166806093370343e-10
1.532986814055855610e-10
1.072006282065251072e-10
1.847042707882326217e-10
9.732314922898702117e-11
1.693208137451533383e-10
1.143407084690449835e-10
9.352872525278180026e-11
1.608449189469068565e-10
9.788619955364625981e-11
1.418644711558769045e-10
1.084122819772067823e-10
1.069507794903336357e-10
9.896938218144788393e-11
1.244715942950447653e-10
1.276343392799258359e-10
1.246329203933207810e-10
9.590390837033197233e-11
9.802347877747092780e-11
1.223127957437995983e-10
9.898541352928343848e-11
1.260238328447424940e-10
9.872297695607360971e-11
1.012904553592153085e-10
1.292603812060373086e-10
9.642547616427511891e-11
1.035795403657400779e-10
1.277969275726409603e-10
1.392190195601578906e-10
9.834606191276086985e-11
1.135244119177538841e-10
1.253238554935753844e-10
9.216222763139030366e-11
9.237555508633788902e-11
1.002281839217813984e-10
9.809644096753155482e-11
1.115272076396853651e-10
1.380761482903129453e-10
1.162833339026419762e-10
1.272879143676916617e-10
1.053760884556517999e-10
1.122161895447348343e-10
1.153861757228911904e-10
1.234305634144906689e-10
1.151697236125397190e-10
1.024672572325384444e-10
1.040760505628037741e-10
1.227994852590049179e-10
1.590970384460567912e-10
1.448754496721275951e-10
9.470101279819025462e-11
1.026139519702475430e-10
1.427402522669588487e-10
1.566648074415839023e-10
9.287068227380980216e-11
1.084306090170661610e-10
1.740574935890217803e-10
9.353963424493677716e-11
9.824591131381457387e-11
9.699339611062067438e-11
9.378991448035799448e-11
9.193315872754321818e-11
1.139892766842532709e-10
9.989335609493429316e-11
9.479063861799972486e-11
1.337482711276793800e-10
1.149805043071649709e-10
9.376654557637121021e-11
9.330629195280723023e-11
1.215930213596873622e-10
9.225124771578849755e-11
9.446811466018521069e-11
1.341355237393024650e-10
1.326522067789108199e-10
1.446466524246981970e-10
9.943078754795851507e-11
9.483803892851673600e-11
9.581440895215173312e-11
1.111293825983155701e-10
9.408750250498714718e-11
1.295194345586612989e-10
1.008581312713165090e-10
1.188957781423006338e-10
9.745307461847586204e-11
1.008726983345781593e-10
1.088159770095335438e-10
1.420351968534250377e-10
1.212384447631103232e-10
1.202924731012187877e-10
1.074469844683442265e-10
1.139522997440341045e-10
1.074171408219151871e-10
1.106440538199043431e-10
1.228178154685406973e-10
1.239144118658787149e-10
1.057413547327377519e-10
1.744107540168889643e-10
1.371590017812796686e-10
1.411185426760260199e-10
9.786245520310096508e-11
1.053513702959372598e-10
9.664940904230550465e-11
2.008579937853344402e-10
9.731834574106118539e-11
1.601231162240085241e-10
1.510029106261132280e-10
2.059390233839363466e-10
9.612812101318567530e-11
1.056166448793311910e-10
1.178748348465969596e-10
1.300657634391000780e-10
1.073467663615660906e-10
1.432963225078638434e-10
1.142373176286141682e-10
9.399745009861390052e-11
1.433690934568175807e-10
1.198834170002128233e-10
9.608832926720672469e-11
1.398024550221207224e-10
9.916069406617975773e-11
1.626408074988602721e-10
1.182331273079493809e-10
1.756161526846062744e-10
1.289152376859712040e-10
1.414645166866708456e-10
9.392954155338740248e-11
1.222752390877587591e-10
1.010217172838095905e-10
1.008273391515308911e-10
1.310252810913992138e-10
1.057426516153982196e-10
1.131192901663503735e-10
1.207589570111040892e-10
1.529021651968968119e-10
1.025165707063710869e-10
9.248724190160894011e-11
1.016677916018635743e-10
1.376410703449551368e-10
1.679531195434446826e-10
1.485960627676627937e-10
9.995755446541267386e-11
1.804023145393234881e-10
1.132874874885344408e-10
1.171120269398527351e-10
1.254896806341016590e-10
1.191251195777985695e-10
1.272408613524158451e-10
9.559757998826958076e-11
1.211055483268481385e-10
9.390060745545391866e-11
1.622682018210606273e-10
1.024306659523723349e-10
9.275649069639873179e-11
1.416524007907300322e-10
2.428149201617303626e-10
9.761298901045584677e-11
1.597973946799042725e-10
1.381074075353890691e-10
9.549396666173938457e-11
1.355619627323978410e-10
9.430927815486610355e-11
9.533899302576293840e-11
9.756537891992449025e-11
9.744487165974044058e-11
9.313477409524290261e-11
1.605469794371562667e-10
1.082137532782589394e-10
1.156597062046957714e-10
9.678432962569891756e-11
9.756677041219079613e-11
1.112738895607405900e-10
9.502949006997930859e-11
9.583451343462352639e-11
1.143923732245379173e-10
1.014831607754805414e-10
9.482504157550849163e-11
1.035670679137895545e-10
1.311869302247641138e-10
1.102981713132878010e-10
1.196235298889487071e-10
1.167969661957097372e-10
1.274223726874615453e-10
1.419775288125701521e-10
1.176610811543473604e-10
3.250167455167433548e-10
9.741963990482066667e-11
1.733838633158483837e-10
1.009843680700802774e-10
9.614613222198764536e-11
1.751932359045176098e-10
9.582037785560712947e-11
1.142642502094315837e-10
9.500923661429469763e-11
1.169157949107031688e-10
1.373656692384780193e-10
1.360596135842269353e-10
1.024096244911254100e-10
1.894867067525420458e-10
1.251135674630600681e-10
9.366244402471948318e-11
9.192664379290628722e-11
1.010413620204844092e-10
1.404847191008307635e-10
9.665081206667566932e-11
1.070745561338382414e-10
2.345735151047286045e-10
1.073244371392595717e-10
1.033585098625361515e-10
1.013594116521307275e-10
9.447431695358210274e-11
9.451915370827097865e-11
1.001778862093709720e-10
9.406212302624027614e-11
1.056436161888672831e-10
9.283742273432016426e-11
9.926947868133582913e-11
1.326382623228617361e-10
1.001064043026561796e-10
9.197858916597059265e-11
1.209695780019885152e-10
1.049289315882107216e-10
1.073077942470309066e-10
9.329214332942352670e-11
1.040015088960096078e-10
1.280383382389659018e-10
1.757418377907708614e-10
1.052753048252989970e-10
1.161454899156655391e-10
1.173403381951554101e-10
1.108162258236572983e-10
1.614403491497514354e-10
1.081308328881248966e-10
9.431214501415294326e-11
9.493103548249473414e-11
9.761298901045584677e-11
1.607252816727721583e-10
9.891806659200840903e-11
2.072406099810908869e-10
1.117658843059506190e-10
9.663911965233178589e-11
9.223062384166329660e-11
1.252007278370538962e-10
2.230662164790864655e-10
1.214690161912046297e-10
1.261489738066516897e-10
9.296249553921512467e-11
1.258262025456740007e-10
1.070595898104067646e-10
1.336237437213646398e-10
1.015349825752843840e-10
1.082930900736454491e-10
1.258815119619692109e-10
1.803833517512573268e-10
9.846867092401053491e-11
9.942440042182877751e-11
1.050537758474381784e-10
9.313429100960745194e-11
1.139325924146375020e-10
1.705574576859113237e-10
1.015470759753103709e-10
1.408179251154987336e-10
1.004451323376061355e-10
1.053661150719957004e-10
2.481907816844848254e-10
9.313348586200934422e-11
9.512058392071431629e-11
1.431063472848293061e-10
1.018038752186567625e-10
9.714636815186411040e-11
9.413122416052337844e-11
9.403897299378474666e-11
9.645655743631791291e-11
1.108220346201472407e-10
1.195491301750282562e-10
1.440168654397791841e-10
1.795762675509725325e-10
1.117507827212211551e-10
9.513781357863613345e-11
1.779022337312113157e-10
1.097192559960346969e-10
9.679024615925713099e-11
1.066294877946928668e-10
1.301485729876889235e-10
1.162343951027381774e-10
1.688952336534148984e-10
9.745028877571443814e-11
1.204193383581453222e-10
2.278175001216165908e-10
1.097478537292046140e-10
9.712293129825879003e-11
9.311271094793951079e-11
1.090240682117985211e-10
1.078061027084830373e-10
1.087679064989312887e-10
1.012629212022434180e-10
9.453870433716796082e-11
1.486648473980168930e-10
1.311120966556081751e-10
1.431177365403021794e-10
1.190109519828686935e-10
9.546702368682716670e-11
1.183694943452228264e-10
1.763432980010439659e-10
9.216369024771724403e-11
9.272077049111467751e-11
9.808905455233962155e-11
9.442866609549220769e-11
1.222037774415341262e-10
1.010086689320029969e-10
9.995937087543642432e-11
2.004417082651476387e-10
9.477335374693379495e-11
9.637985359824381840e-11
9.282450359732357735e-11
2.504087782250599441e-10
9.263829325648741409e-11
1.127825096639852493e-10
9.254474131482975023e-11
1.025688232971113854e-10
1.490209482304307510e-10
9.991682902425537903e-11
1.092872645639590000e-10
9.250619586735201186e-11
1.029274497795940439e-10
9.886229556969163909e-11
1.029028080085689646e-10
1.595414862229841286e-10
1.928188438873393619e-10
9.434256088056518062e-11
1.097396238304056437e-10
1.349496032316578438e-10
1.088194902069748404e-10
1.007177726468914625e-10
1.152993703646179861e-10
3.383115164595343623e-10
1.040436087571099995e-10
1.153211438484164614e-10
9.209199814613066268e-11
1.137983412301868799e-10
9.772436053127920772e-11
9.231082317924007942e-11
1.607730260853174050e-10
1.525152061677269916e-10
2.702312296942041030e-10
1.462172355473074129e-10
9.489096327112832548e-11
1.370030754985607188e-10
1.280438229861690955e-10
1.104765009613005544e-10
1.008368029713638670e-10
1.293504069000057614e-10
1.947635845575495977e-10
1.136255286593728756e-10
9.828232607945561632e-11
1.163979843610176464e-10
1.377797905070502478e-10
1.203772773494468188e-10
1.467837151578303665e-10
1.446585927385122108e-10
9.705756133961923374e-11
9.624099473607620705e-11
1.012885102261837490e-10
1.045499781441916207e-10
1.309656632753157433e-10
1.052178623339959824e-10
1.421743841016487190e-10
1.016479545094982931e-10
1.109250273682932919e-10
1.043037709512754851e-10
1.355145337355149954e-10
1.023519633561551139e-10
1.141628201064538886e-10
1.098446191558807546e-10
1.141726567549550789e-10
9.411080165757374421e-11
1.252660943513980903e-10
9.242987329468510498e-11
9.698795667212092997e-11
1.254505999205748683e-10
1.042359382991178164e-10
1.130832873453934293e-10
1.019258127467435566e-10
1.314359870316085656e-10
1.101849364352901430e-10
1.547748030501195577e-10
9.842142320510260771e-11
9.803379488180200032e-11
9.837369513536055831e-11
1.026420561373964364e-10
1.137223752754758207e-10
1.183081200758141309e-10
9.263942573183364919e-11
1.497837418141328270e-10
9.330516656285491863e-11
9.423168472147796482e-11
9.362350005223858812e-11
1.052337811372794112e-10
1.788424373636979295e-10
1.336595513459895003e-10
9.452344561283391296e-11
1.665162498709404930e-10
1.752543687680425789e-10
1.172707273743982681e-10
9.866420053103424287e-11
1.476918911560091543e-10
1.049660649400450158e-10
1.071606126047060175e-10
2.104159753304513314e-10
1.074360426402290140e-10
9.435561636894864846e-11
1.608562994050570240e-10
1.178454802143208557e-10
1.237120779945515965e-10
2.072038181987944938e-10
9.653461244186403907e-11
1.457447320016097939e-10
1.191165505916981477e-10
9.691286514257733278e-11
9.828247970324403646e-11
1.031170335343192697e-10
1.698522853570460048e-10
1.479503969987358936e-10
1.191649712595003220e-10
1.158186829851782703e-10
1.222676250216631628e-10
1.054289769478792353e-10
1.089919364776399184e-10
1.249959846546878799e-10
1.430551411240285480e-10
1.327365552106500543e-10
1.359835470163973216e-10
9.389597088039897708e-11
1.584458730659539748e-10
1.150147820257684144e-10
3.914908248444519055e-10
1.175138789092533624e-10
1.026318506659137844e-10
1.226270641146233794e-10
1.338295523816881647e-10
1.012130737004970507e-10
9.687444461724438688e-11
1.107545254925005064e-10
1.134543826748089445e-10
1.097742136684758095e-10
2.502264108729600514e-10
1.568345145383070651e-10
1.290169767905553523e-10
1.490397315383648048e-10
9.439286358687680078e-11
9.875602524317863053e-11
1.054730329640714988e-10
9.189357426972428873e-11
1.229375981813313936e-10
2.581614972837373692e-10
1.055022021854891799e-10
9.714807527899455522e-11
1.248267195026334781e-10
1.606970087338339813e-10
9.273822802309453939e-11
1.061899665091550675e-10
9.337604295013396137e-11
1.107159129036156285e-10
1.312056626082495001e-10
1.145739796281434453e-10
1.068470128847051485e-10
1.015297566420911555e-10
1.488356722398263192e-10
1.407318831058440630e-10
1.080735896049902117e-10
9.569952269884346144e-11
1.457076183424824890e-10
2.209638628857111359e-10
1.030477809249311759e-10
1.171245454242172621e-10
9.549727498955452188e-11
1.138710215401295188e-10
9.257922596290027505e-11
1.094056480181098352e-10
9.722967638077392230e-11
1.056674094005472374e-10
1.177871451032095878e-10
9.442373401096526682e-11
1.248712037415435931e-10
1.060572389055291974e-10
1.508605290612737123e-10
1.404080558219575402e-10
9.342808541549908404e-11
1.203088203254657020e-10
1.068602919349585885e-10
9.833961318321812367e-11
1.638487883767680316e-10
1.140114038472454854e-10
9.474496251401079092e-11
9.843722578697976942e-11
9.559238591593725052e-11
1.107965845858928037e-10
9.188396097728142224e-11
1.663171186583363808e-10
1.675235379226476467e-10
9.877820500845016509e-11
1.084365294814402052e-10
9.653820164354479650e-11
1.337008664360293221e-10
1.033192539353752423e-10
9.183653338289405862e-11
1.054770766438625634e-10
1.006520428372700952e-10
1.044104745371705148e-10
1.166679833795868257e-10
1.052337811372794112e-10
9.384847441925862822e-11
1.143373441699690927e-10
1.110425718344311378e-10
1.053639468358086509e-10
1.223226907504716429e-10
9.326400128152974433e-11
9.248416358637762743e-11
9.713333104264982844e-11
9.789406183167266450e-11
1.043569889073422932e-10
1.022957571625360255e-10
1.219519104931301138e-10
1.349001228308764298e-10
1.183019811165862421e-10
1.157550619464744759e-10
9.264379373755970476e-11
9.540886090108060318e-11
1.675202623212973868e-10
1.365060147255963857e-10
1.249322379725702398e-10
9.481679854389880992e-11
9.441673324586818272e-11
1.214916056265110431e-10
9.304004737244990079e-11
9.484881603920745858e-11
1.233248032740990985e-10
9.176298638380798484e-11
2.023719711856962591e-10
9.619216485294064679e-11
9.919849103020450521e-11
1.131525668756806155e-10
1.786658529403233833e-10
9.701592808439251376e-11
2.372930550280885993e-10
1.016005107312766207e-10
1.414814943912131404e-10
1.407820331304783920e-10
1.587738177545715364e-10
1.507731843473441408e-10
1.624839391145025246e-10
1.557590254623753376e-10
1.182527287375225867e-10
9.869925578319499467e-11
1.019533389634761786e-10
1.504214563551860006e-10
1.036040412390145451e-10
1.426728553676085351e-10
9.579445788726656677e-11
1.403158315113643896e-10
1.204077632160077306e-10
1.044843239930148853e-10
9.326609208913097042e-11
1.004546276568537992e-10
1.047188245454828278e-10
1.290028101952342448e-10
1.030150559538330071e-10
1.389932132066221073e-10
1.142954850460387598e-10
9.420506383080918589e-11
1.898125495502386367e-10
1.282209307722101486e-10
9.475860392360587633e-11
1.054775098872235049e-10
1.043795811313457763e-10
1.785155448942203514e-10
1.039520810034850990e-10
1.077355253188085293e-10
9.673013190667069487e-11
1.134474725180853005e-10
1.257266662562170133e-10
1.346404688108151270e-10
9.326191043291462872e-11
1.028334291856163477e-10
9.362478238396324611e-11
1.023712363057922133e-10
1.170769689529018347e-10
1.057678660125378183e-10
1.251158061971607729e-10
1.933633625570088782e-10
1.085502320997561021e-10
9.481029878838165187e-11
1.155609485146115778e-10
1.057639761344194470e-10
1.042204699653929374e-10
1.161083178619406593e-10
1.446353685832706593e-10
1.073274240860125199e-10
1.324498864538773279e-10
1.019277472339054182e-10
1.224351655099345008e-10
9.828632022967106480e-11
9.585178777627377351e-11
1.012615742547774175e-10
9.331416934994561615e-11
1.231880788553013723e-10
1.085499504377015867e-10
1.171814568245959735e-10
1.204033901311347758e-10
1.000894718137901338e-10
1.634507368222191833e-10
1.047289971622874652e-10
1.290382846611982076e-10
9.899304670600326638e-11
1.567233347287851796e-10
1.018607655148271254e-10
1.034368357019052289e-10
1.969943311407198452e-10
1.027362299680963615e-10
9.582917354142736158e-11
1.040721054104486897e-10
2.083982322574796235e-10
9.630106331101805495e-11
1.282174004533259910e-10
1.277081433409817735e-10
1.073376644941525248e-10
1.267865803583718895e-10
1.641123460864165018e-10
1.103194175651716765e-10
2.466360503144716528e-10
1.361272099221882874e-10
9.708070142910233372e-11
1.280709999227044557e-10
1.014100930285005959e-10
9.208760724730308956e-11
1.031687254393505959e-10
9.776372332727496971e-11
9.754651475577199002e-11
9.188705687938989947e-11
1.013505887340644462e-10
1.237510108341439876e-10
1.054515125289053215e-10
9.353626541029108669e-11
1.111702141968749407e-10
1.404082806945023920e-10
1.094060676181460598e-10
1.039346739803710882e-10
9.471259694597021193e-11
1.054005125303631776e-10
1.239408746207880260e-10
1.710078030756718696e-10
1.069493527618203843e-10
9.279074492534009372e-11
1.095876223270727624e-10
9.574527162295694038e-11
1.057341495756151654e-10
1.496652281541961565e-10
9.564478750654023902e-11
9.515535657163187868e-11
1.018487047120942411e-10
1.219582699471258732e-10
9.917121142259301658e-11
1.003800004064775547e-10
1.113316188375813960e-10
9.797481090640053652e-11
1.126001508780392311e-10
1.289730195795685289e-10
9.228323109934574960e-11
1.505878923480779297e-10
1.190309609642621856e-10
1.698704645804803153e-10
1.003732137036618529e-10
1.726511749233423867e-10
1.061944169747542353e-10
1.091240585394930604e-10
1.015421491866887695e-10
1.165048582487770359e-10
9.352198678963436750e-11
1.666824689615066947e-10
1.248253486195249330e-10
1.041414917810356600e-10
1.048147034613346076e-10
1.050114506523945748e-10
9.286939083572843362e-11
1.696291418330864770e-10
9.880298000708654549e-11
1.016485511631855091e-10
9.870262296310474721e-11
1.027177559750680449e-10
9.895289042424531591e-11
1.308669250484160558e-10
1.183320201770045242e-10
1.198525561875813054e-10
9.372908067261459437e-11
1.928256586737309403e-10
1.055556126652452819e-10
1.443405105745993190e-10
1.240410371516300546e-10
1.071727183473978356e-10
1.013075112798545508e-10
1.276337281633166367e-10
9.966503830942883654e-11
1.622850421171692905e-10
1.019289376715760397e-10
9.687428904146022921e-11
1.095051936357546456e-10
1.174021549385480154e-10
1.108512128770919658e-10
1.868725959054123067e-10
1.386911831833215825e-10
9.676673385316581952e-11
9.594078598363289558e-11
1.135506800643185431e-10
9.447638430554107918e-11
1.335774748821525236e-10
9.400304065389777284e-11
1.308451604030890838e-10
9.711423822697222575e-11
1.226313677352019685e-10
1.181044713517922507e-10
1.368910296475331632e-10
1.219480946814452967e-10
1.291644948811298937e-10
9.678557523801053981e-11
9.598063124843685670e-11
1.072819008133350582e-10
1.235294529290401558e-10
1.206168660050695893e-10
1.366377977870439682e-10
1.425167822562243966e-10
1.148860604315210266e-10
9.192224598362790669e-11
1.165480072722298900e-10
1.592359757312547974e-10
1.194814235819235882e-10
9.940919153340412281e-11
9.385791141713022777e-11
1.383320865773482128e-10
9.265883771149944317e-11
1.121640593387401810e-10
9.536612537531549129e-11
1.189314066610492388e-10
1.006120149928928210e-10
1.057972521579287631e-10
9.640954166137875317e-11
1.224037273342146474e-10
9.625398108688798975e-11
1.055293434391702706e-10
1.309261040853223945e-10
1.071905187369580671e-10
9.503724234635489454e-11
1.217178078146716786e-10
1.083967723642855010e-10
1.016733095893532102e-10
1.254137426311601185e-10
1.116866497364303322e-10
1.095791025534249786e-10
1.545795541429148753e-10
9.323182984000992537e-11
1.027159823187908221e-10
1.783633020886779217e-10
9.931134970253464087e-11
1.239994262737087427e-10
1.009608123514300579e-10
1.085020585896578313e-10
1.134032930081069501e-10
1.105483167380102511e-10
1.087362710225894140e-10
1.070876679795343366e-10
1.328493009295737287e-10
1.797511632974200842e-10
1.076041833882016127e-10
1.017731846101236286e-10
1.048666784200420215e-10
1.307152241413100796e-10
9.282240408895599895e-11
9.339371453342153034e-11
1.027591336833674948e-10
1.059939841756688634e-10
1.077610398861995713e-10
9.932915923555802627e-11
9.752316206569337176e-11
1.036445225907709878e-10
1.765559618113774532e-10
9.462846466248667052e-11
1.041887973922535713e-10
1.048501301812772153e-10
1.407542113340120026e-10
1.026538874567459381e-10
1.242273842567333481e-10
1.031264605289722521e-10
1.007571624588292529e-10
9.678012558058337845e-11
1.222201546531948715e-10
1.065427697875850052e-10
9.330404116102545665e-11
2.585248713981983655e-10
9.597969018862400138e-11
9.522850089850703038e-11
9.497014309138467284e-11
1.135394422813402344e-10
9.707635332418248377e-11
1.034306655683092582e-10
1.035720570522764341e-10
9.528249820180748712e-11
1.499013240381943757e-10
9.458446758618845403e-11
1.115051999720347226e-10
1.192624094788244561e-10
1.441874461104119462e-10
1.132683574095660743e-10
9.430418132784165228e-11
1.242223781253758185e-10
1.322003682255485256e-10
1.241002990318648984e-10
2.322050240178882609e-10
1.108901989206335159e-10
1.466316937374790565e-10
1.114882789932493300e-10
1.160047121890731247e-10
1.033661536939276286e-10
1.510772738434903971e-10
1.028191054783001484e-10
9.905851820911478964e-11
9.271462734212333378e-11
1.286371558099262715e-10
9.798097256566437231e-11
1.232780672718626425e-10
9.901044842351059542e-11
1.405055085473166212e-10
1.406612875602105338e-10
1.055345400037514256e-10
1.015351318842030895e-10
1.015943923553118104e-10
1.245540283034794847e-10
9.305584101873300061e-11
1.379332352109784595e-10
1.135188597214558860e-10
1.370757762060857144e-10
1.030009017973933504e-10
2.136987061029548140e-10
1.243873623570209868e-10
1.111095138301875317e-10
1.231518908299483603e-10
1.121925215007304141e-10
9.652790188200545699e-11
9.198917049853531495e-11
2.071262167852566430e-10
9.250894957963838064e-11
9.680597014455486533e-11
9.951302774486689721e-11
1.246860730121951102e-10
1.045606016990981990e-10
9.623896059043716815e-11
1.065553663339522184e-10
9.941132090034722749e-11
1.773237362248017114e-10
9.330259419836331509e-11
1.078066694314726943e-10
1.092217276154345060e-10
9.390092721186666746e-11
9.514144884569694993e-11
1.101526840808349981e-10
9.890202569275479482e-11
9.721680414373400981e-11
2.183714065731825675e-10
1.057776621880325544e-10
1.285372187386869044e-10
9.426690345196615228e-11
1.111813854220335866e-10
9.452773734688620434e-11
1.118124134187008380e-10
1.126476053715133221e-10
9.508168859785692542e-11
9.328185224210911831e-11
1.070709928895284100e-10
1.161492065485129006e-10
1.083881707419233429e-10
1.088575669004743885e-10
1.033849671720754753e-10
1.250440248759193981e-10
9.675505369719795950e-11
1.055602308389810666e-10
1.667194298425392308e-10
9.874669314273911902e-11
1.251864327006316898e-10
9.295378556184973279e-11
1.900930561852311163e-10
2.076146020477813658e-10
2.007478256970069762e-10
1.160322154310409912e-10
9.284452758918426678e-11
1.117952586383193107e-10
1.159447699000536824e-10
1.955517166742297680e-10
9.527918334954379843e-11
1.040979656935204807e-10
1.002903835744877323e-10
1.136068543885237891e-10
1.164209025967836838e-10
9.585194480324873444e-11
9.288811515020022401e-11
1.457729154436358200e-10
1.329353091456734674e-10
1.013848298626185605e-10
1.442097448287813812e-10
9.306760414949859582e-11
1.426006610147519561e-10
9.696231000865265439e-11
9.599615756991791923e-11
1.461974841387025416e-10
1.121190269533639676e-10
9.517953281615716669e-11
1.019171815664335247e-10
9.780770063611003336e-11
1.040721054104486897e-10
1.774483623655764684e-10
1.483448638732680121e-10
9.487749695180978458e-11
1.113137104092018004e-10
1.307672839967297031e-10
1.557107601705003003e-10
9.485911668761892207e-11
9.303295558447467387e-11
1.076646237625629363e-10
1.511429610756830753e-10
1.072965554611212826e-10
1.263880824731728822e-10
9.584676279422098285e-11
1.122336983500278597e-10
9.380703777121973658e-11
1.162891682209429961e-10
1.108727811069954861e-10
1.455772740710640619e-10
1.260170353073436054e-10
1.179963788162881393e-10
1.039920051285672302e-10
9.502648393637425592e-11
9.450850268990016044e-11
1.103098363654413641e-10
1.897166626159190111e-10
1.175187400770675078e-10
1.190425232545677796e-10
1.342250207679808785e-10
1.205811597931615583e-10
1.226831274066968016e-10
1.257801570089071432e-10
1.212633726233252703e-10
9.524855565512752997e-11
9.457128085954293451e-11
1.050613116458497341e-10
1.372016879623235198e-10
1.046355218793507058e-10
1.163245664340064982e-10
1.025911678604418677e-10
1.013896138433770298e-10
1.624355462773625881e-10
2.163131741909909216e-10
1.111896597704628635e-10
9.836955058497684686e-11
1.078418011673145965e-10
1.014082993758683846e-10
1.279433585656181795e-10
1.456088622546207239e-10
1.283191369353379881e-10
1.170993754924299464e-10
1.071030583540091119e-10
9.932824599414196171e-11
9.526544931501459893e-11
1.285534950211958499e-10
1.450792397589166907e-10
1.222839947509288372e-10
1.314975615896410357e-10
1.012346320124725337e-10
1.400098743653219214e-10
1.027456875274962485e-10
9.332606472447024714e-11
9.536328625984064738e-11
1.096730673472538858e-10
1.146349514639939407e-10
1.238816714729872555e-10
9.382287838053623304e-11
1.035931851902229623e-10
9.567939339976122091e-11
9.278735231150273175e-11
1.711634866248517592e-10
1.550085082941767370e-10
1.520225347534613567e-10
1.141492092739061938e-10
1.208728322152874530e-10
1.203420236639545158e-10
1.594300483441940284e-10
1.389837976427440826e-10
1.062839658622954263e-10
1.287162801105168298e-10
1.379240989808335480e-10
1.161340738926186602e-10
1.325973669444343992e-10
1.014169684397836442e-10
9.432472643940121533e-11
2.652249403486477083e-10
1.041134499518303948e-10
1.101635284667686800e-10
9.386526850053262707e-11
9.192908694073815307e-11
1.418917681517694963e-10
1.027882371218946774e-10
9.491884115910991309e-11
1.320942544511023715e-10
1.811396082314357915e-10
1.002686477279591033e-10
1.505400836155323978e-10
1.101209797489366741e-10
1.202186933314093577e-10
1.058165509362398671e-10
1.014840570263733524e-10
9.394967891883088435e-11
1.101305753236757101e-10
9.729587505851724409e-11
1.330288128953296104e-10
9.528312959079794194e-11
9.987411983890926419e-11
1.329519388606028819e-10
1.268923912210437056e-10
9.275923790595961747e-11
1.228369016254590754e-10
1.077985933827566068e-10
1.024482963772492934e-10
1.271170293702177697e-10
1.098202256864923082e-10
1.164597088726446469e-10
1.090427260707841092e-10
1.059165959786733134e-10
1.279225011102113206e-10
9.597231827408210797e-11
1.028526231695489366e-10
9.845133883789507341e-11
9.188559041082110516e-11
1.586375577851739119e-10
1.280323657248653869e-10
1.062262832831735448e-10
9.566460858561976256e-11
9.327831445140027576e-11
1.058414619694205258e-10
1.008105126635084110e-10
9.862300816572682065e-11
1.874365699154683696e-10
2.298283529001805438e-10
1.161152220306471354e-10
1.543453842315097459e-10
1.193442245236019742e-10
1.378304220713999576e-10
1.093466102424004417e-10
1.402788144061924225e-10
1.433233807332424040e-10
1.052492637700114522e-10
9.688222312773627038e-11
1.291468343668780818e-10
1.194149789393931385e-10
1.406761050936996266e-10
1.280462605856079165e-10
9.228647760104423253e-11
9.348604114208659817e-11
2.432114934743580267e-10
1.699522024616132945e-10
9.958883061671894122e-11
2.353660062852038801e-10
9.347897896874449772e-11
2.403785209061298062e-10
1.017049211157380763e-10
1.030455700646979291e-10
1.005365863404083737e-10
9.628949014659294886e-11
9.415642784241605157e-11
1.206738740187585262e-10
9.405573730836973747e-11
1.379189596186600387e-10
1.818285562197467341e-10
1.181940466394894838e-10
1.166863604766458760e-10
1.128101544160250811e-10
1.182216264790898291e-10
9.946317387653850664e-11
1.024362961244979763e-10
1.101565770448011414e-10
9.835435259282856415e-11
1.079870382729746455e-10
1.146176297538251457e-10
1.533099258620697341e-10
1.459569155773637590e-10
9.547506000712753837e-11
1.068417294201449234e-10
9.270266334555119147e-11
9.255526599088805847e-11
1.218037803040389904e-10
1.280228579545916582e-10
1.437268463879345299e-10
9.973801022889678361e-11
1.040783883691202534e-10
1.828376385590474115e-10
1.210857116438927737e-10
1.379549316357007948e-10
1.719703743676285046e-10
1.282848270173610184e-10
1.126759606265899082e-10
9.328474671082225279e-11
1.006377487777538631e-10
1.072532978629664763e-10
1.018518317068712310e-10
1.447172958678235775e-10
1.403319183490815701e-10
1.036100556483672775e-10
9.564840590817220965e-11
9.523260689753662331e-11
1.226804702850202890e-10
1.064439562075475955e-10
1.288145194656551706e-10
1.042128809917151112e-10
1.052494084581140839e-10
1.549666394444373584e-10
1.662228583408645651e-10
1.041993071982585653e-10
1.715753651889163649e-10
1.278667446471241514e-10
1.751404243155120581e-10
9.410026978910577036e-11
1.272037228334325736e-10
9.979153371712392015e-11
1.002725725607884452e-10
1.175045502295565635e-10
9.321960214502949146e-11
1.176938875162224154e-10
1.375990756656095021e-10
1.638506547064914306e-10
1.250117924172624360e-10
9.635797306206260218e-11
9.297426900324924829e-11
1.922242942829958778e-10
1.373420573231489946e-10
9.853000200456035895e-11
1.419903333327724055e-10
9.879349885963970193e-11
1.972358175830126294e-10
9.318790013677525091e-11
1.161440297814318815e-10
1.077287205411790741e-10
1.077977432415685736e-10
9.550798698204803150e-11
1.365593634075227220e-10
1.431444926418431623e-10
1.145776065004646862e-10
1.477765268503939149e-10
1.159678994054165825e-10
1.764132900751069534e-10
1.284187362198014065e-10
1.020835911248416101e-10
9.911617502337462301e-11
1.286780581948402918e-10
1.139624222127680326e-10
1.126251075772536151e-10
9.606842798630511507e-11
9.335402970364481873e-11
1.643565301391848885e-10
1.059285382771901222e-10
1.055703324777465135e-10
1.189509073693547037e-10
1.024241464673903361e-10
1.507657891710502027e-10
9.407329711985706329e-11
1.249144286383147108e-10
2.031268827861447224e-10
1.069549169088495605e-10
1.000085543352172352e-10
1.052481062589249062e-10
2.963655936831563854e-10
1.393083693626522821e-10
9.449339869897836942e-11
1.298973579371529870e-10
9.603786387776540767e-11
9.404120838681394495e-11
1.322812965582246260e-10
9.904814296721413155e-11
1.078576638304120885e-10
1.619674936651664371e-10
9.504151377241269007e-11
9.767741576812233976e-11
2.140309298847490451e-10
1.677559625568200475e-10
1.014643379065887434e-10
1.215472339894212154e-10
1.427052270913283216e-10
1.172653306970942909e-10
9.705802729507951030e-11
1.110382918670371479e-10
9.557270915982132959e-11
1.122245338828750588e-10
1.034133287072632084e-10
1.233934304968077544e-10
1.018961962015843221e-10
1.429388446783730219e-10
9.429557988563185772e-11
9.241949824332911991e-11
9.720377530092913319e-11
9.235463106818181038e-11
1.049798419709281120e-10
1.450827361141668291e-10
1.003247902374552309e-10
9.204303738821094605e-11
1.215983771136612972e-10
1.168492638569765728e-10
1.077316976776687409e-10
1.234941072562480982e-10
9.386414897691169302e-11
1.451814777083980995e-10
1.311462359005650896e-10
1.652832259275257802e-10
1.383280996279402777e-10
1.640772264623867037e-10
9.631310436594732340e-11
9.501904735360858148e-11
1.947906041688381547e-10
9.603002555580987142e-11
1.109374637808962604e-10
1.145856658571020104e-10
1.081097760973511338e-10
2.404143415120671843e-10
1.545189728120130680e-10
1.781269638125370546e-10
9.606811455145509762e-11
1.922268567674957436e-10
1.045501236787219102e-10
1.013857268740561879e-10
9.718655627170710960e-11
9.468831641762566356e-11
9.407026426642589442e-11
1.207107112574308262e-10
9.191849955643360310e-11
9.749408035318226956e-11
1.007299518524584781e-10
1.005432127961447592e-10
1.857938411696245512e-10
1.002011497592193351e-10
2.600860523550124764e-10
1.090561916619199826e-10
9.910336493451245620e-11
1.518614646120528795e-10
1.162934112006598038e-10
9.326255377531853687e-11
1.070691399614810224e-10
1.074467002773497523e-10
1.034455027266088176e-10
9.888995532483015631e-11
9.889377520093639628e-11
1.165640191507985244e-10
1.231093863896565555e-10
2.068500053602455430e-10
1.046017772408465254e-10
9.550294617536340221e-11
1.286193105517893810e-10
1.040064797947495890e-10
1.143818804736794554e-10
1.020089667067029093e-10
1.039440360577138861e-10
1.538558716323947262e-10
1.013535796290407629e-10
1.003004953758858114e-10
1.112821578904787223e-10
1.081443977791562246e-10
1.048891745536844588e-10
9.599803939896874208e-11
9.688004519988280472e-11
1.163899024229782955e-10
1.128437831419702115e-10
9.410154643415449850e-11
9.295120469066896353e-11
1.447052502832140999e-10
1.091462054345248315e-10
1.003060791227223951e-10
1.102663646749525019e-10
1.195870467422089607e-10
9.976773175525764321e-11
9.903120486718612026e-11
1.026038920000435668e-10
1.297749034787652380e-10
9.715443797615575449e-11
9.464720166365173327e-11
1.762474799635428463e-10
9.898083337601896126e-11
1.225001744908819857e-10
1.012075337631535207e-10
1.157267021290704129e-10
1.430367782054795926e-10
1.012377755973486918e-10
1.410736481368889011e-10
9.738356249473731107e-11
1.105056203873729781e-10
9.501414209475000106e-11
1.116051667382152738e-10
9.291861579736948461e-11
1.006762634515444704e-10
9.367349960721872970e-11
1.063460659738793330e-10
1.193877700446630544e-10
1.386265012623514013e-10
1.419557031274211775e-10
1.151905826334416702e-10
1.232371132871916672e-10
1.233439467031841456e-10
9.516167767729210208e-11
1.364049132961078613e-10
1.290087433794495448e-10
1.393011235923057878e-10
1.113047552495703343e-10
9.621626949243783734e-11
9.676813538898377203e-11
1.023119247722562262e-10
1.205057353329370229e-10
9.836049344310032721e-11
9.840607876825449879e-11
1.118563191660113910e-10
1.041631028492634521e-10
9.191377560995849610e-11
1.810181087971654905e-10
1.086062701287664748e-10
9.668479099272715887e-11
1.690579705659983471e-10
1.152727831347828806e-10
9.298136470766594906e-11
1.108134596364468412e-10
1.048685653547645049e-10
9.706920963898691241e-11
1.179438716472511747e-10
1.328582697673091471e-10
9.296539870632764707e-11
9.546859948255816357e-11
1.413459581465690517e-10
1.331977520052634641e-10
9.885251370421268882e-11
1.707589816602892597e-10
1.024130328718563957e-10
1.383629535545122006e-10
1.028230926649688932e-10
1.571026345519176401e-10
1.281738122674140619e-10
9.618418098258605237e-11
1.100846768248256107e-10
9.715986925843969556e-11
1.200200765463578948e-10
9.696091092902515982e-11
9.277297288601975616e-11
9.400926978711158784e-11
1.302091185669155515e-10
9.877667550937267099e-11
1.392730431167814427e-10
9.511141473263062163e-11
1.196937519445992135e-10
1.031838899886186629e-10
1.123609757145557337e-10
1.014362473092524184e-10
1.710569996106567116e-10
9.221957947849614634e-11
1.260078890234895795e-10
9.549207614367410654e-11
1.075236919902621642e-10
9.791471694925844398e-11
1.604586636930191725e-10
1.255500797075222379e-10
1.383369846918362362e-10
1.154875988106366025e-10
9.538804716575959854e-11
1.171357451810884880e-10
1.029635915421164901e-10
1.019072102688131540e-10
1.086973131722608181e-10
1.117963566132518483e-10
9.188396097728142224e-11
1.325504300340295382e-10
9.925851353386199517e-11
1.101016473113924782e-10
1.140828866825149634e-10
1.479786420667486872e-10
1.025236772433627351e-10
9.513876192089127991e-11
1.128564426977399520e-10
1.092687832660217662e-10
1.139984518176519941e-10
1.162769688996319463e-10
9.692064095492941144e-11
1.090191577845332869e-10
1.749012078968976083e-10
1.135504092858094696e-10
9.516452205497986202e-11
9.522502647063742622e-11
1.067170018122983683e-10
9.850945981419190795e-11
9.902372688134234715e-11
1.325128227214722847e-10
9.713891856264045493e-11
1.118276449333927360e-10
9.472005457689870292e-11
1.051579308463131927e-10
9.550940466698503468e-11
1.308898821208445181e-10
9.612812101318567530e-11
1.086268204509341669e-10
1.196574168559776242e-10
1.046957149598004173e-10
9.226959470077851622e-11
1.112119978205043916e-10
1.130505364468790260e-10
1.046097779087237882e-10
9.310208035362345261e-11
1.548984524731496766e-10
1.173997880133028836e-10
1.085074121260228670e-10
1.035250921270320660e-10
1.065828451861716950e-10
9.392075024910647912e-11
9.752873003863842246e-11
1.617104190846232062e-10
9.800484579360065610e-11
9.331224024526450528e-11
1.134111542675770499e-10
1.031279334287750023e-10
1.194217155420995879e-10
1.110155089661089567e-10
1.538260817603446579e-10
1.836063797646874631e-10
1.006943127674884141e-10
1.013508878270373867e-10
9.591662077859724868e-11
9.344350053453864588e-11
1.028216159449398881e-10
9.394520427513516733e-11
1.241992224712204431e-10
9.235706430666263602e-11
9.991546621192410821e-11
1.328975611935861471e-10
1.327443497565624154e-10
1.203228490705628629e-10
9.906492597177098025e-11
1.300378694336520745e-10
1.611898133410269758e-10
1.199808605479972177e-10
9.459908231935312328e-11
1.356711449858805604e-10
9.545268289963910208e-11
9.323665617544826614e-11
1.162656967921251633e-10
1.909985616481590592e-10
9.232250706140629930e-11
9.207280694258907401e-11
9.720020761320051143e-11
1.718185345504249026e-10
9.276990286842084087e-11
1.028504086390536352e-10
1.013754108232233576e-10
9.425925511376884051e-11
1.306516506142223614e-10
1.088787780105300435e-10
1.432887012211888940e-10
1.339882371294254390e-10
9.246228876444875907e-11
9.182903427561232063e-11
1.003686890120424160e-10
1.331269712103140307e-10
1.148399525093065277e-10
9.297959082598224195e-11
1.265824827028002447e-10
9.960705223503008133e-11
1.275796953341620963e-10
1.194968320472424377e-10
1.170942355002692460e-10
9.981320888904373745e-11
1.023570042803853782e-10
9.415228080689146546e-11
9.632420598973282228e-11
1.030348099523318460e-10
1.563456861699796569e-10
1.492060228824014700e-10
1.366145364868434714e-10
1.214253583915159673e-10
1.163861925164926444e-10
1.077981683128958729e-10
9.317534546443230624e-11
1.698917825482002787e-10
1.138296879048366157e-10
9.428426953713019475e-11
9.324759505987646603e-11
1.143606233456898003e-10
1.184330591753069851e-10
1.480034465817876788e-10
1.353413931873614922e-10
9.386702772833208105e-11
1.110886758794132994e-10
1.766240404935426753e-10
1.210510226097661600e-10
1.933565643557583087e-10
1.030463070227206251e-10
2.500717481798330426e-10
1.051492426437692821e-10
1.098907447043983146e-10
9.253664469745158869e-11
1.728206567376138268e-10
1.002835915652657754e-10
9.777653254028723298e-11
9.329375122208952451e-11
1.107647648480691697e-10
1.683031750658252824e-10
1.446832374483482410e-10
9.427168338761984342e-11
9.782837170776089292e-11
9.393145956046279092e-11
1.214630172489302503e-10
9.546970252602856967e-11
1.030376106241721279e-10
1.208627052303154531e-10
2.688733330877263840e-10
1.078385434034585894e-10
1.051250571720510466e-10
1.162130367512153564e-10
1.146985790200466341e-10
1.115038243666118371e-10
1.086397682220107989e-10
9.789344520238394333e-11
9.178435457312798303e-11
9.372651849118021167e-11
1.108127680802035855e-10
9.410250390799576486e-11
9.364289367824724285e-11
9.209378697832061457e-11
1.464763921692349293e-10
1.194175699797858699e-10
1.040417087373975765e-10
1.066866936098456850e-10
1.195702249903266666e-10
1.428798349060413203e-10
9.841375124835474896e-11
1.257111848929693722e-10
1.002811765316521492e-10
1.104663769209700689e-10
9.696914969923967812e-11
1.281514043539404520e-10
1.309415226567406439e-10
1.200675335485908831e-10
1.375145946307303364e-10
1.013300990266786164e-10
1.077027738754286925e-10
1.425846874371533068e-10
1.666628245278201987e-10
2.152099093854227304e-10
1.183677971334942738e-10
1.038787787275397929e-10
1.212434306939162216e-10
1.121119079242477082e-10
1.846803874087411404e-10
1.264292511101454677e-10
1.024371850742926265e-10
9.545977473330776019e-11
1.029389573413826161e-10
1.447687534866813346e-10
1.105867034086897582e-10
9.340190672939951188e-11
1.158656470997857028e-10
1.198715383471966977e-10
1.086503224712186735e-10
1.109167357487230086e-10
1.902560151483409400e-10
1.039152160529536916e-10
9.385263319861191253e-11
9.286922940486338190e-11
9.901807991152621014e-11
1.226538962980999545e-10
1.509564832957345758e-10
9.367990811780912280e-11
1.106072084762476839e-10
9.922987731720435478e-11
1.259010569606934199e-10
1.424429642889823517e-10
1.057880337439724331e-10
1.075743779039274603e-10
1.072046148102426967e-10
1.279659202989499708e-10
1.013612060617035614e-10
1.085636103108159983e-10
1.419118201598240848e-10
9.574071330997575151e-11
1.234785070622795081e-10
1.095095259860541770e-10
1.048903355298815529e-10
9.483011389872059872e-11
1.126604205389903688e-10
9.740462197443297187e-11
1.000161191429186728e-10
1.334906536097654990e-10
9.847894621017186379e-11
1.655565627656721220e-10
1.007963885354736110e-10
1.865133253047857191e-10
9.731912051121005436e-11
1.111457995821526515e-10
1.228023929692385847e-10
1.093891426329130246e-10
1.198063165186466034e-10
9.560198688630789064e-11
1.092116419537381096e-10
9.569291818098108119e-11
1.348800933071204508e-10
1.110639695066164718e-10
1.010870868230749610e-10
9.428124262278732311e-11
1.111135154293140513e-10
1.166858316747104334e-10
1.526236286813212307e-10
1.502383282152600871e-10
9.615615457264431381e-11
1.061810650883026447e-10
9.437869842569522796e-11
1.665369746709397646e-10
1.075660026818261499e-10
9.737365077237600259e-11
9.968749618578092290e-11
1.006106604236271690e-10
9.812105883756310854e-11
9.399856823294551083e-11
1.064463917093668633e-10
1.096476633137556994e-10
1.069056868145392894e-10
1.912998490363450087e-10
1.000450121004640669e-10
1.267115688490438442e-10
9.494449515715329236e-11
1.161087161891304225e-10
1.153673504915519820e-10
2.918931357622554841e-10
1.084416039400793444e-10
2.855826345043349335e-10
1.199116892162599235e-10
1.528198097759125090e-10
1.018420037261087901e-10
1.095373333094008939e-10
9.320705120911810019e-11
1.465792928473036206e-10
1.707715818410447770e-10
1.990226311118745767e-10
1.503786839081369319e-10
9.437535581302986761e-11
1.179082441666849366e-10
1.223904146871622736e-10
1.135138489988667202e-10
9.651042129788951873e-11
9.928394496277728722e-11
9.488668591563168229e-11
1.299411617388672276e-10
1.132846385069821356e-10
1.352298865388194087e-10
1.727101864878405015e-10
1.056694280027569684e-10
1.313140735663334221e-10
1.176515001868288118e-10
1.811854894636101218e-10
9.811367404405983894e-11
9.876780400603306518e-11
1.315547068814829161e-10
9.349518917264047327e-11
9.822716155502557877e-11
1.186600564874304065e-10
9.548892520745361906e-11
1.065540781106169488e-10
1.083393699048508187e-10
9.573332529597579751e-11
1.156009402787207110e-10
1.025492868116788719e-10
1.263799459648248313e-10
1.297058654145421016e-10
1.056775020742075581e-10
1.095415248324320121e-10
9.573191051297792385e-11
2.555539736263465865e-10
1.060862675232919838e-10
1.827260567625179362e-10
9.755594723681750870e-11
1.038197821582770812e-10
9.497489204375604754e-11
1.110605185131581698e-10
9.838843007729124656e-11
9.230270861080746387e-11
1.029376296032395596e-10
9.347592924956732385e-11
9.848538695600604384e-11
9.616367073583159968e-11
1.000646732890579331e-10
1.059614814030939889e-10
9.605886782079874702e-11
1.602924187159163769e-10
1.302410632487612379e-10
1.170553496759497187e-10
1.334303548380933825e-10
1.110007324130638838e-10
9.493705295518658132e-11
9.255040857822268964e-11
9.878187572169040826e-11
1.643154792418026665e-10
1.259762433434264913e-10
1.237947033216980112e-10
1.006052419869811290e-10
1.093436716151054881e-10
1.875858397516973094e-10
1.063876395365839025e-10
9.368855899867436898e-11
1.347649895456130491e-10
9.799160063110198027e-11
1.023132596125975225e-10
1.079755784008170655e-10
1.336304362759903377e-10
1.034428586169356920e-10
9.993484690273093745e-11
1.102621972716924328e-10
9.432504493743825079e-11
1.936274807406141198e-10
9.540996454884072304e-11
2.005322694367781070e-10
9.644609386610737067e-11
1.983272167824196955e-10
1.846874642473666761e-10
1.074009369466752235e-10
1.108589557410446571e-10
9.824391353774244388e-11
1.100909366969655711e-10
9.316407719040376724e-11
9.578016000612160797e-11
1.191663989535146817e-10
1.134691502066488171e-10
9.822777635086937695e-11
1.093154012890682218e-10
1.022978338614026200e-10
9.218042763298440840e-11
1.154052652343204724e-10
1.048273363213937262e-10
1.827921203837212332e-10
1.028657618590967221e-10
4.361570391574081015e-10
1.248219836687689362e-10
1.035024836108011083e-10
9.901365371116425154e-11
1.205904083328546062e-10
1.331045877348551614e-10
9.498312306904006538e-11
1.134696921024336657e-10
1.104215717627229129e-10
9.449212668751666001e-11
1.016313961470624832e-10
1.167672424850827498e-10
1.615473902346496391e-10
1.292744022351969985e-10
9.204075958904462474e-11
9.997284168179487969e-11
1.018743138152556873e-10
1.295797548206990645e-10
2.249735427239039487e-10
9.463561051194036988e-11
9.912974603714020904e-11
9.920793830239154846e-11
1.021219253493586444e-10
9.310240250844973500e-11
9.182724093143579852e-11
1.173161298349954756e-10
9.333860165621084350e-11
1.178148082729513926e-10
1.394097755455615633e-10
1.636418050295586963e-10
1.229077884054975667e-10
9.514223910506249782e-11
9.812536640919624699e-11
9.472100657790957604e-11
2.127102562618678049e-10
1.022692018323637362e-10
1.079986385412169635e-10
9.592227026463455080e-11
1.284932394636257920e-10
9.536439036909134503e-11
1.003184529438130600e-10
1.042757673102384637e-10
1.126057426903540020e-10
1.181644999005736614e-10
9.328474671082225279e-11
9.429940283358948252e-11
1.041785786358881059e-10
1.299370707220669151e-10
1.047131565696034124e-10
1.326895432445744924e-10
9.554468333974121989e-11
1.307253981827649521e-10
1.496123754198259252e-10
1.030629610443675260e-10
1.053860610134314922e-10
1.194184768323020096e-10
9.197924035565368696e-11
1.278014447216071574e-10
1.029004468492844298e-10
1.250996367743283819e-10
1.609020137957815088e-10
9.538394702215265450e-11
9.347400306628150938e-11
9.404264540063842947e-11
1.439518620009870915e-10
1.018134085168263481e-10
1.076795164777846805e-10
1.733345905671878563e-10
9.861994493507727397e-11
1.053051004517031164e-10
1.045608927421048377e-10
2.102241259291304117e-10
1.009237436172647731e-10
9.920961434910904032e-11
1.456015648276277212e-10
1.635382274061410043e-10
9.849428071343959745e-11
1.062722019882226701e-10
9.918325183530234644e-11
9.728316548978154788e-11
1.118991127556499499e-10
9.467038024161840432e-11
1.174120166776650403e-10
9.349053500935652136e-11
1.323750860363169832e-10
1.192952191885449159e-10
1.496206712958788367e-10
1.242535384229053917e-10
1.051903612544512213e-10
3.487581284223207304e-10
1.075848816132844871e-10
1.359526704781687197e-10
3.091420668893495640e-10
9.317969148004976195e-11
1.195184527605558956e-10
1.513559827469126879e-10
1.270563008806175482e-10
9.216434029289888347e-11
1.874322037352340634e-10
1.022122136080870088e-10
9.343627497456345070e-11
1.211294765416075768e-10
1.013236672031010769e-10
1.026498945198625350e-10
1.673594962959992386e-10
9.297184990480099652e-11
9.206207135310997786e-11
1.289151165261224422e-10
1.382779693979290859e-10
1.087276929057039063e-10
1.096977685300644684e-10
1.107406872093951880e-10
1.104505651517003752e-10
1.185018113229257241e-10
9.858134109317870587e-11
1.390194150311668279e-10
1.210127393734235937e-10
1.373837769420645518e-10
9.977773828081113517e-11
1.191205754856754265e-10
1.215319256530024696e-10
9.812767396879604879e-11
1.410711847331030049e-10
1.199924717160888367e-10
1.312477720990315547e-10
9.627212811748939450e-11
1.613901895844246583e-10
1.642040381268028107e-10
1.621237086659815673e-10
1.328110594127582163e-10
9.364433603893371902e-11
9.819764739388518347e-11
9.592070099216218014e-11
1.114965334099465868e-10
1.303477760301169254e-10
1.206787519882965774e-10
1.909693550211737137e-10
9.438363256936348998e-11
1.074516735247996126e-10
9.956301166255808967e-11
9.936933458715372884e-11
9.601277927662899241e-11
1.217062133847179196e-10
1.093321963133913465e-10
9.516547016434508583e-11
1.011154121292371188e-10
9.794523022078981587e-11
1.284946975512117093e-10
1.396483234856863589e-10
1.256141716535676064e-10
9.937557266602050970e-11
1.414313379992563193e-10
1.089183811336935572e-10
1.031598908222782461e-10
1.326916697285500100e-10
9.430657049552004432e-11
9.582995883616725317e-11
1.070990684427430741e-10
1.268896885364879824e-10
9.259525021329647618e-11
1.218769742701531504e-10
1.350572410334259295e-10
1.160995543612308393e-10
1.289575163896836756e-10
9.400767260789718471e-11
1.085958529126483400e-10
1.273334824674144010e-10
1.161316843681768952e-10
1.250266028281897438e-10
1.187134583790844563e-10
1.033879065074393468e-10
9.444171116801252965e-11
9.603802063849480134e-11
9.279332970113055214e-11
1.406583687941225173e-10
1.654259831651768325e-10
1.381327298297558430e-10
3.227353847482570221e-10
1.607181888709002901e-10
1.161210637390028572e-10
1.356606010107907564e-10
1.029141704246593657e-10
1.032690991025185543e-10
1.121276514011098433e-10
9.184109779456796636e-11
9.577748876634511207e-11
1.296099057399201881e-10
1.075640152572263120e-10
1.695588980268094706e-10
1.219304133903531341e-10
1.199829248275160764e-10
1.074093234298497924e-10
1.278808992866962871e-10
9.640188603168758423e-11
2.131671422812318863e-10
1.052476721893956791e-10
2.467582728067266271e-10
1.335098078798164006e-10
2.013891826079916523e-10
1.028112783850787276e-10
9.394919950164026290e-11
1.254448920043135548e-10
1.039136066079457297e-10
2.070766025521873004e-10
1.331262644140746191e-10
1.309030330229335772e-10
1.275421539578508011e-10
1.129062521126320228e-10
1.378035653680153572e-10
1.084042454201651480e-10
1.296838098335651091e-10
9.465593390277872704e-11
1.064552737146123607e-10
1.249553992379213270e-10
1.382247455930819668e-10
9.474876959188734511e-11
1.376671540374754174e-10
1.047468698092443729e-10
1.022825544284106514e-10
1.120768546276276281e-10
1.371036760481264531e-10
1.960845516737053472e-10
1.025409976218059378e-10
9.516199372293104422e-11
1.245079460848131370e-10
9.414829312200235106e-11
1.192135044627377088e-10
1.021351462504234487e-10
1.506732169676237347e-10
1.219190910977005537e-10
1.695047443089522767e-10
1.534368964939193475e-10
2.443625243066970707e-10
1.024993947954519359e-10
1.465971586283815985e-10
1.503774132766218126e-10
9.543392671746432442e-11
9.789236609295069230e-11
9.643500452099932435e-11
9.216889049684688379e-11
1.073122041221613494e-10
1.120745265299814257e-10
9.538694329611259621e-11
1.156030728327733968e-10
1.229796495252573068e-10
1.182178362187444471e-10
1.264989891581011830e-10
9.730424398124885926e-11
1.254139908600918278e-10
1.009348504797100214e-10
9.765393598186109635e-11
9.550861706651545229e-11
1.096246277327010324e-10
1.501714467823219920e-10
1.199478278482177309e-10
9.480807927036923335e-11
9.325097301785713685e-11
1.388394314044629078e-10
9.847235173137132306e-11
1.148694420005910731e-10
2.029925481790583775e-10
9.202074537564347928e-11
1.068160228169323006e-10
1.670803407897719337e-10
1.587068621552232321e-10
9.701701571898905306e-11
1.607999892043045284e-10
1.143100228535446330e-10
1.664616185541331033e-10
1.439565923899422564e-10
1.357426165515241460e-10
1.154314253915045687e-10
1.275834856198832598e-10
1.538907411683887235e-10
9.847833278658341409e-11
9.227284162228084061e-11
1.011384868759926351e-10
9.418066885253746190e-11
9.406707169669656772e-11
1.613207000315604900e-10
2.634175729403632453e-10
9.253874987760006858e-11
1.115545743753147554e-10
9.469053839175252988e-11
1.505159626646311657e-10
1.185641407841938594e-10
1.132261526984786970e-10
1.332243598972053246e-10
1.188133025923641549e-10
1.191732776330872947e-10
2.439030984667087149e-10
1.011705441378341543e-10
9.912669651274150290e-11
1.922106271941594599e-10
3.881596127330218576e-10
