Fracture Radii List After Isolated Fracture and Cluster Removal
Format: xRadius yRadius Family# (-2 = userPolygon, -1 = userRectangle, 0 = userEllipse, > 0 is family in order of famProb)
38.4802 38.4802 2
66.8893 66.8893 2
38.912 38.912 3
84.6981 84.6981 1
31.4086 31.4086 3
32.2297 32.2297 2
71.4975 71.4975 3
46.0274 46.0274 3
54.4395 54.4395 1
38.6229 38.6229 1
32.0091 32.0091 1
30.4448 30.4448 2
32 32 3
94.9618 94.9618 3
43.2316 43.2316 3
163.751 163.751 2
32.6959 32.6959 3
36.7061 36.7061 3
38.0333 38.0333 3
219.999 219.999 3
35.7517 35.7517 2
35.5017 35.5017 3
81.1812 81.1812 2
30.1736 30.1736 3
55.4147 55.4147 2
51.5592 51.5592 3
35.8024 35.8024 1
46.0344 46.0344 3
58.5053 58.5053 2
46.0861 46.0861 3
30.9202 30.9202 3
39.6925 39.6925 2
34.7855 34.7855 1
74.6839 74.6839 3
63.558 63.558 3
47.2246 47.2246 3
38.2234 38.2234 1
49.7299 49.7299 1
31.3962 31.3962 3
33.0583 33.0583 3
38.9106 38.9106 3
32.7726 32.7726 2
92.8512 92.8512 3
52.2185 52.2185 1
72.3865 72.3865 3
52.0973 52.0973 2
41.9259 41.9259 3
56.9728 56.9728 1
32.1344 32.1344 3
31.0995 31.0995 3
44.7733 44.7733 3
39.5079 39.5079 2
30.0914 30.0914 1
31.5733 31.5733 3
63.0342 63.0342 3
44.9187 44.9187 1
34.2372 34.2372 2
40.1818 40.1818 2
75.3697 75.3697 1
64.758 64.758 3
33.9158 33.9158 3
115.898 115.898 2
32.1282 32.1282 2
68.5935 68.5935 3
32.8064 32.8064 2
42.8337 42.8337 2
38.2625 38.2625 3
33.6507 33.6507 1
43.9801 43.9801 1
43.4474 43.4474 2
74.2099 74.2099 3
35.7906 35.7906 3
44.0295 44.0295 2
58.3087 58.3087 3
44.4088 44.4088 2
38.4056 38.4056 3
44.4766 44.4766 3
39.9068 39.9068 2
47.8723 47.8723 2
33.5768 33.5768 3
47.8002 47.8002 2
30.1899 30.1899 2
35.6878 35.6878 3
35.0982 35.0982 3
49.7675 49.7675 2
44.73 44.73 3
30.6788 30.6788 3
31.4111 31.4111 3
42.3396 42.3396 1
45.6977 45.6977 1
30.5942 30.5942 3
33.996 33.996 3
83.6858 83.6858 3
103.449 103.449 2
47.6145 47.6145 3
33.8439 33.8439 3
32.2784 32.2784 1
57.6837 57.6837 3
32.2634 32.2634 2
30.5947 30.5947 1
34.4038 34.4038 3
165.552 165.552 3
45.6603 45.6603 2
65.2612 65.2612 3
44.7891 44.7891 2
33.196 33.196 2
192.555 192.555 3
46.9582 46.9582 3
59.7361 59.7361 1
36.0368 36.0368 3
35.1624 35.1624 1
36.0737 36.0737 3
33.1385 33.1385 2
104.081 104.081 3
50.004 50.004 1
38.351 38.351 3
116.896 116.896 1
70.2715 70.2715 2
40.1943 40.1943 3
36.7622 36.7622 2
42.7176 42.7176 3
36.821 36.821 3
38.9328 38.9328 1
41.5008 41.5008 3
35.78 35.78 3
58.5274 58.5274 2
53.007 53.007 2
45.0898 45.0898 3
56.6264 56.6264 1
44.1426 44.1426 1
33.9987 33.9987 1
82.423 82.423 3
57.0868 57.0868 3
34.8419 34.8419 2
36.3991 36.3991 2
45.1428 45.1428 3
38.4979 38.4979 3
36.181 36.181 3
47.8424 47.8424 2
32.6923 32.6923 2
35.197 35.197 3
39.7356 39.7356 2
34.7893 34.7893 3
40.6394 40.6394 3
31.4994 31.4994 3
65.7816 65.7816 3
31.456 31.456 1
79.3314 79.3314 1
114.427 114.427 3
47.5369 47.5369 3
34.6745 34.6745 2
92.2904 92.2904 1
45.743 45.743 2
293.105 293.105 1
44.2629 44.2629 1
119.01 119.01 2
44.7405 44.7405 3
37.4789 37.4789 3
82.401 82.401 1
32.5858 32.5858 2
35.6558 35.6558 2
78.5251 78.5251 2
40.1554 40.1554 3
111.37 111.37 2
33.4988 33.4988 3
94.6141 94.6141 1
45.3159 45.3159 2
31.0918 31.0918 3
85.9286 85.9286 3
33.8631 33.8631 3
67.9027 67.9027 2
41.0106 41.0106 2
39.9801 39.9801 3
34.5691 34.5691 3
53.135 53.135 3
55.6946 55.6946 2
53.2642 53.2642 3
32.5887 32.5887 2
33.9522 33.9522 3
51.4202 51.4202 1
34.5796 34.5796 3
54.3842 54.3842 3
34.4079 34.4079 2
36.1048 36.1048 3
57.0324 57.0324 1
32.9218 32.9218 1
37.6498 37.6498 3
55.8277 55.8277 3
65.5479 65.5479 3
34.162 34.162 3
44.7112 44.7112 1
53.8192 53.8192 3
30.2455 30.2455 1
30.3769 30.3769 3
35.3981 35.3981 3
33.9996 33.9996 1
43.2477 43.2477 3
64.5426 64.5426 3
46.7702 46.7702 3
55.4115 55.4115 1
38.8835 38.8835 3
43.75 43.75 3
46.0959 46.0959 1
52.3048 52.3048 1
45.9339 45.9339 3
36.8953 36.8953 1
37.9889 37.9889 1
51.8045 51.8045 1
84.1861 84.1861 3
70.63 70.63 3
31.8265 31.8265 3
36.9944 36.9944 3
68.6908 68.6908 1
81.7891 81.7891 3
30.6829 30.6829 3
41.0236 41.0236 3
99.6375 99.6375 2
31.0986 31.0986 2
34.0968 34.0968 3
33.2863 33.2863 1
31.2548 31.2548 2
30.1047 30.1047 1
45.0551 45.0551 2
35.1767 35.1767 2
31.883 31.883 1
60.8015 60.8015 3
45.7925 45.7925 2
31.2402 31.2402 2
30.9533 30.9533 1
50.8543 50.8543 2
30.3003 30.3003 3
31.6799 31.6799 3
61.132 61.132 1
59.8706 59.8706 3
70.421 70.421 2
34.8719 34.8719 3
31.9129 31.9129 2
32.5317 32.5317 3
42.9589 42.9589 3
31.441 31.441 3
57.2469 57.2469 3
35.8164 35.8164 1
48.7597 48.7597 3
33.5827 33.5827 3
35.8261 35.8261 3
41.2974 41.2974 3
68.056 68.056 3
50.5766 50.5766 3
49.8392 49.8392 2
40.3286 40.3286 3
45.0277 45.0277 2
40.3076 40.3076 1
42.6078 42.6078 2
51.819 51.819 3
52.6899 52.6899 1
39.1366 39.1366 2
100.017 100.017 1
63.7411 63.7411 2
67.2348 67.2348 1
33.8477 33.8477 3
38.8664 38.8664 3
33.0653 33.0653 3
130.329 130.329 3
33.4957 33.4957 2
85.207 85.207 3
76.3346 76.3346 2
136.579 136.579 3
32.7317 32.7317 3
39.0501 39.0501 3
47.9776 47.9776 3
57.7005 57.7005 2
40.2581 40.2581 2
69.1934 69.1934 1
45.2391 45.2391 2
31.3846 31.3846 2
69.2593 69.2593 2
49.5219 49.5219 3
32.7063 32.7063 3
66.0639 66.0639 1
34.6945 34.6945 1
87.7363 87.7363 3
48.2514 48.2514 3
101.317 101.317 3
56.7472 56.7472 3
67.5442 67.5442 3
31.3421 31.3421 3
51.3906 51.3906 3
35.9254 35.9254 3
35.7959 35.7959 3
58.5012 58.5012 3
39.1375 39.1375 1
44.4125 44.4125 1
50.2022 50.2022 3
78.1447 78.1447 2
36.9286 36.9286 2
30.4458 30.4458 3
36.3574 36.3574 2
64.1618 64.1618 3
93.1862 93.1862 3
74.0692 74.0692 2
35.2191 35.2191 3
106.556 106.556 2
44.5364 44.5364 2
47.3971 47.3971 3
53.9528 53.9528 3
48.9362 48.9362 3
55.3731 55.3731 3
32.3938 32.3938 2
50.4727 50.4727 1
31.324 31.324 2
87.3598 87.3598 3
36.8706 36.8706 3
30.6122 30.6122 1
67.7125 67.7125 3
186.001 186.001 3
33.6861 33.6861 3
84.8823 84.8823 2
64.57 64.57 1
32.328 32.328 3
62.3566 62.3566 3
31.5801 31.5801 1
32.2297 32.2297 1
33.6553 33.6553 3
33.5774 33.5774 3
30.8467 30.8467 3
85.6304 85.6304 3
40.8699 40.8699 2
46.301 46.301 3
33.1519 33.1519 2
33.6562 33.6562 3
43.0637 43.0637 3
32.0338 32.0338 3
32.5445 32.5445 3
45.3543 45.3543 2
36.2337 36.2337 3
31.9047 31.9047 3
37.6413 37.6413 2
58.6366 58.6366 3
42.3584 42.3584 1
49.3208 49.3208 3
47.1583 47.1583 1
55.5213 55.5213 3
68.0042 68.0042 2
47.8146 47.8146 1
321.327 321.327 3
33.5611 33.5611 2
98.9157 98.9157 2
35.9005 35.9005 3
32.7432 32.7432 3
100.86 100.86 1
32.5355 32.5355 3
45.2591 45.2591 3
32.021 32.021 1
47.2483 47.2483 3
63.9213 63.9213 1
62.7865 62.7865 3
36.8564 36.8564 3
116.838 116.838 3
53.65 53.65 2
31.1752 31.1752 3
30.1007 30.1007 3
35.9385 35.9385 3
66.6697 66.6697 1
33.0662 33.0662 1
40.0669 40.0669 1
174.34 174.34 3
40.2424 40.2424 1
37.4993 37.4993 2
36.1509 36.1509 2
31.6838 31.6838 1
31.712 31.712 1
35.3648 35.3648 1
31.4251 31.4251 1
39.0688 39.0688 3
30.6623 30.6623 1
34.7659 34.7659 1
59.8588 59.8588 2
35.3175 35.3175 3
30.1326 30.1326 1
50.3665 50.3665 3
38.5747 38.5747 3
40.2307 40.2307 1
30.9445 30.9445 3
37.9379 37.9379 1
56.0256 56.0256 3
101.453 101.453 3
38.8138 38.8138 3
46.6663 46.6663 2
47.5705 47.5705 2
42.7322 42.7322 3
86.526 86.526 3
40.8112 40.8112 1
31.5819 31.5819 1
31.9716 31.9716 3
33.6861 33.6861 1
85.8088 85.8088 2
34.5355 34.5355 3
138.202 138.202 2
43.4214 43.4214 3
33.0587 33.0587 3
30.2876 30.2876 3
53.7201 53.7201 1
158.649 158.649 2
50.7571 50.7571 3
54.4855 54.4855 3
30.7398 30.7398 1
54.2244 54.2244 2
40.0564 40.0564 3
60.6954 60.6954 3
36.2684 36.2684 1
40.9261 40.9261 3
54.2691 54.2691 1
106.535 106.535 1
34.2419 34.2419 3
34.8677 34.8677 3
38.6608 38.6608 1
30.8464 30.8464 3
45.0131 45.0131 3
95.9139 95.9139 1
36.2765 36.2765 1
66.9665 66.9665 1
35.5419 35.5419 1
38.8766 38.8766 2
193.797 193.797 3
30.8459 30.8459 2
32.0914 32.0914 1
69.0215 69.0215 3
36.4487 36.4487 3
33.3848 33.3848 3
31.4684 31.4684 2
31.4106 31.4106 3
32.9417 32.9417 1
42.7364 42.7364 3
49.2633 49.2633 3
69.8472 69.8472 3
105.643 105.643 3
43.4104 43.4104 3
32.1023 32.1023 3
103.804 103.804 1
41.9425 41.9425 3
33.1557 33.1557 2
39.7552 39.7552 3
57.7694 57.7694 3
46.7333 46.7333 3
94.1687 94.1687 1
33.5809 33.5809 3
49.9378 49.9378 3
165.044 165.044 3
41.963 41.963 2
33.3697 33.3697 2
30.833 30.833 3
41.4456 41.4456 2
40.5817 40.5817 3
41.2632 41.2632 1
36.0864 36.0864 1
31.7243 31.7243 2
74.1335 74.1335 1
58.5739 58.5739 3
69.0318 69.0318 3
48.8483 48.8483 3
32.3109 32.3109 3
48.3558 48.3558 3
102.105 102.105 2
30.2464 30.2464 3
30.5901 30.5901 3
33.9948 33.9948 3
31.6551 31.6551 3
51.3343 51.3343 2
35.9167 35.9167 3
35.2203 35.2203 3
129.823 129.823 1
31.8721 31.8721 3
32.8926 32.8926 2
30.6543 30.6543 1
197.057 197.057 3
30.5391 30.5391 3
44.1649 44.1649 3
30.4813 30.4813 2
36.9639 36.9639 2
74.4668 74.4668 1
35.1922 35.1922 2
41.6334 41.6334 2
30.4575 30.4575 3
37.2066 37.2066 1
34.499 34.499 3
37.1899 37.1899 1
84.6276 84.6276 3
120.72 120.72 1
31.601 31.601 1
41.9571 41.9571 1
61.8295 61.8295 3
41.2999 41.2999 1
35.723 35.723 3
46.0309 46.0309 1
346.412 346.412 3
37.9667 37.9667 2
46.0472 46.0472 2
30.2023 30.2023 3
44.9137 44.9137 2
33.7582 33.7582 3
30.337 30.337 2
85.8566 85.8566 3
77.7743 77.7743 3
227.315 227.315 2
71.8615 71.8615 1
31.9463 31.9463 2
63.6053 63.6053 2
56.0301 56.0301 1
42.4869 42.4869 3
35.8022 35.8022 2
57.1069 57.1069 2
123.013 123.013 1
44.7859 44.7859 3
34.1205 34.1205 2
46.8567 46.8567 3
64.2831 64.2831 2
49.9051 49.9051 2
72.3844 72.3844 2
70.4319 70.4319 2
33.3276 33.3276 2
32.8038 32.8038 3
36.1035 36.1035 2
38.3139 38.3139 3
58.4513 58.4513 2
38.7741 38.7741 2
68.1811 68.1811 3
36.3441 36.3441 3
42.8109 42.8109 3
38.1449 38.1449 3
62.3157 62.3157 3
36.8175 36.8175 2
45.1838 45.1838 3
42.0324 42.0324 1
45.1911 45.1911 1
31.4556 31.4556 3
53.7727 53.7727 3
30.4104 30.4104 1
33.2828 33.2828 3
53.9213 53.9213 3
38.0984 38.0984 2
44.386 44.386 2
36.5306 36.5306 2
58.8455 58.8455 2
42.2769 42.2769 3
79.9488 79.9488 3
34.2111 34.2111 2
33.9589 33.9589 3
34.18 34.18 3
37.0134 37.0134 2
44.8575 44.8575 3
48.3088 48.3088 3
30.5398 30.5398 1
75.1831 75.1831 3
30.9526 30.9526 3
31.5314 31.5314 3
31.1509 31.1509 3
38.7851 38.7851 3
104.835 104.835 3
60.7259 60.7259 3
31.7147 31.7147 3
91.697 91.697 2
100.926 100.926 2
47.5176 47.5176 3
34.3695 34.3695 3
73.2264 73.2264 3
38.6003 38.6003 1
40.1273 40.1273 3
142.199 142.199 3
40.3209 40.3209 3
31.6092 31.6092 3
85.94 85.94 2
47.9552 47.9552 3
52.5287 52.5287 3
138.156 138.156 3
32.9917 32.9917 3
71.4267 71.4267 3
48.9296 48.9296 2
33.2345 33.2345 3
34.1206 34.1206 2
37.3352 37.3352 3
95.1717 95.1717 3
73.4669 73.4669 3
48.9669 48.9669 3
46.4204 46.4204 3
51.3846 51.3846 3
38.9201 38.9201 3
41.4227 41.4227 3
53.5555 53.5555 3
68.9752 68.9752 2
59.942 59.942 3
62.7207 62.7207 2
31.3211 31.3211 3
83.5412 83.5412 1
45.8181 45.8181 3
455.488 455.488 2
47.7025 47.7025 2
37.0065 37.0065 3
51.6682 51.6682 3
60.8708 60.8708 3
36.0531 36.0531 2
33.2098 33.2098 1
42.6876 42.6876 3
44.6595 44.6595 1
41.9819 41.9819 1
196.788 196.788 1
81.9553 81.9553 2
56.8312 56.8312 3
74.4844 74.4844 2
31.6326 31.6326 2
34.4295 34.4295 2
38.9506 38.9506 3
30.0804 30.0804 3
51.9138 51.9138 3
208.651 208.651 3
38.9708 38.9708 1
33.3859 33.3859 3
53.4196 53.4196 3
85.7805 85.7805 3
30.6009 30.6009 3
39.4485 39.4485 3
30.9967 30.9967 3
42.6597 42.6597 1
58.6523 58.6523 1
45.4894 45.4894 2
39.9074 39.9074 3
36.2649 36.2649 2
74.2933 74.2933 3
66.8898 66.8898 3
40.7707 40.7707 1
32.4586 32.4586 3
71.3926 71.3926 3
155.857 155.857 1
37.2882 37.2882 3
47.4066 47.4066 2
32.3301 32.3301 3
44.9675 44.9675 3
30.5026 30.5026 3
41.718 41.718 1
33.4385 33.4385 3
39.0853 39.0853 2
47.9107 47.9107 2
31.652 31.652 1
53.4553 53.4553 3
39.3561 39.3561 3
76.1997 76.1997 3
66.6015 66.6015 2
31.0291 31.0291 3
49.8519 49.8519 3
39.9167 39.9167 3
34.1578 34.1578 3
88.9621 88.9621 1
45.0715 45.0715 2
31.8542 31.8542 3
34.2214 34.2214 2
32.3905 32.3905 3
42.718 42.718 2
30.0745 30.0745 2
91.4915 91.4915 3
92.7398 92.7398 2
34.444 34.444 3
41.0278 41.0278 2
32.994 32.994 3
60.7611 60.7611 2
37.4726 37.4726 3
30.0454 30.0454 2
38.9534 38.9534 3
35.6793 35.6793 3
38.2181 38.2181 1
47.0607 47.0607 3
38.7851 38.7851 2
31.2914 31.2914 3
45.3134 45.3134 3
42.896 42.896 3
38.8751 38.8751 1
51.428 51.428 1
30.927 30.927 2
30.4439 30.4439 3
33.3764 33.3764 3
33.8682 33.8682 1
38.1814 38.1814 1
36.7796 36.7796 3
51.1361 51.1361 1
61.787 61.787 1
48.3041 48.3041 3
46.3726 46.3726 3
30.5425 30.5425 2
32.274 32.274 3
92.7364 92.7364 3
63.1733 63.1733 1
53.5043 53.5043 3
31.8995 31.8995 3
31.6476 31.6476 3
50.7748 50.7748 1
30.7879 30.7879 2
31.9197 31.9197 2
52.2208 52.2208 3
30.0003 30.0003 2
132.177 132.177 3
32.7726 32.7726 3
34.7193 34.7193 2
44.437 44.437 3
104.641 104.641 3
33.3008 33.3008 2
178.149 178.149 1
36.3123 36.3123 1
67.5594 67.5594 3
66.9345 66.9345 3
83.8657 83.8657 3
76.117 76.117 2
87.5777 87.5777 3
80.9047 80.9047 3
48.2664 48.2664 2
34.3924 34.3924 3
36.5491 36.5491 3
75.7844 75.7844 2
37.6665 37.6665 3
68.63 68.63 3
32.519 32.519 1
66.5195 66.5195 3
49.9288 49.9288 2
38.2688 38.2688 1
30.9283 30.9283 3
35.5482 35.5482 3
38.43 38.43 3
56.8195 56.8195 1
37.266 37.266 1
65.3487 65.3487 3
45.2823 45.2823 1
31.5147 31.5147 3
117.215 117.215 3
56.1755 56.1755 1
31.8628 31.8628 2
38.9537 38.9537 1
38.1969 38.1969 2
104.476 104.476 2
37.9041 37.9041 1
40.5319 40.5319 3
33.1171 33.1171 3
44.6544 44.6544 3
54.144 54.144 3
61.5642 61.5642 3
30.9257 30.9257 3
37.1429 37.1429 3
31.1517 31.1517 1
36.8305 36.8305 3
47.3705 47.3705 3
39.155 39.155 3
53.6518 53.6518 2
121.36 121.36 1
41.1085 41.1085 2
31.8954 31.8954 3
46.2269 46.2269 2
39.1523 39.1523 3
38.0878 38.0878 2
46.6383 46.6383 1
70.4107 70.4107 3
40.2445 40.2445 3
59.6995 59.6995 3
36.5319 36.5319 1
51.5167 51.5167 2
34.1231 34.1231 1
32.5555 32.5555 3
36.0855 36.0855 3
30.9582 30.9582 2
52.1123 52.1123 2
41.1083 41.1083 1
47.4498 47.4498 3
49.9254 49.9254 3
35.3063 35.3063 3
88.5573 88.5573 3
38.437 38.437 3
56.8488 56.8488 2
34.5846 34.5846 3
81.8464 81.8464 3
36.4869 36.4869 3
37.5526 37.5526 2
125.668 125.668 3
37.0771 37.0771 1
32.5411 32.5411 3
37.9862 37.9862 3
139.653 139.653 3
32.8422 32.8422 3
56.1726 56.1726 2
55.755 55.755 3
40.2517 40.2517 3
55.003 55.003 3
89.2306 89.2306 3
42.3737 42.3737 2
191.527 191.527 3
62.845 62.845 2
33.3425 33.3425 1
56.0524 56.0524 3
36.1848 36.1848 2
30.1996 30.1996 3
37.3703 37.3703 3
33.7837 33.7837 2
33.6431 33.6431 3
30.0764 30.0764 2
36.145 36.145 3
52.5597 52.5597 2
38.9357 38.9357 3
31.0965 31.0965 3
42.9885 42.9885 2
66.6017 66.6017 3
41.7183 41.7183 1
37.8922 37.8922 3
31.8338 31.8338 1
38.9004 38.9004 2
52.711 52.711 3
96.3893 96.3893 3
39.9791 39.9791 3
30.6334 30.6334 3
41.8482 41.8482 3
32.4877 32.4877 2
39.1316 39.1316 3
75.0716 75.0716 3
32.4238 32.4238 3
32.1134 32.1134 3
36.4788 36.4788 3
51.1411 51.1411 2
34.7014 34.7014 2
35.4987 35.4987 2
43.1056 43.1056 3
33.9206 33.9206 3
44.0311 44.0311 2
56.7949 56.7949 3
30.32 30.32 1
75.9417 75.9417 2
48.8637 48.8637 3
95.1908 95.1908 3
35.4942 35.4942 2
98.1334 98.1334 2
39.4516 39.4516 2
41.5169 41.5169 3
36.2732 36.2732 2
46.9374 46.9374 3
31.0876 31.0876 3
91.8687 91.8687 3
53.4185 53.4185 3
38.0337 38.0337 2
38.496 38.496 3
38.6316 38.6316 3
30.6821 30.6821 2
94.9374 94.9374 2
34.4602 34.4602 2
36.3445 36.3445 3
34.3946 34.3946 2
37.0646 37.0646 1
34.5583 34.5583 1
58.3687 58.3687 3
48.3271 48.3271 2
49.498 49.498 3
31.2168 31.2168 3
120.728 120.728 3
39.0078 39.0078 2
70.1418 70.1418 1
52.7909 52.7909 1
40.1358 40.1358 3
36.1162 36.1162 2
55.6941 55.6941 2
35.0261 35.0261 3
87.3768 87.3768 1
36.5327 36.5327 2
33.2097 33.2097 1
41.7892 41.7892 3
47.6175 47.6175 2
42.7575 42.7575 3
113.834 113.834 1
65.0827 65.0827 1
33.1406 33.1406 3
32.6122 32.6122 3
44.7306 44.7306 3
31.6851 31.6851 1
60.656 60.656 2
31.3881 31.3881 3
58.3505 58.3505 3
33.3641 33.3641 3
51.6716 51.6716 1
48.153 48.153 3
63.5078 63.5078 3
51.1331 51.1331 2
56.9531 56.9531 3
33.1527 33.1527 3
32.6376 32.6376 2
40.2125 40.2125 3
52.3834 52.3834 2
50.0915 50.0915 3
63.2877 63.2877 3
68.4893 68.4893 1
45.722 45.722 3
30.098 30.098 3
46.97 46.97 2
84.324 84.324 3
49.211 49.211 2
34.8577 34.8577 2
31.2973 31.2973 2
64.7671 64.7671 3
30.5518 30.5518 3
43.7119 43.7119 3
32.2469 32.2469 3
48.7871 48.7871 3
35.6527 35.6527 2
39.1754 39.1754 2
32.9116 32.9116 2
51.4919 51.4919 2
32.8121 32.8121 2
38.9896 38.9896 1
58.4182 58.4182 2
40.1483 40.1483 3
32.0387 32.0387 2
50.9522 50.9522 3
40.9996 40.9996 3
36.3611 36.3611 3
53.8916 53.8916 1
43.3637 43.3637 1
41.8421 41.8421 3
79.7598 79.7598 3
30.907 30.907 2
37.0634 37.0634 3
104.309 104.309 3
34.7934 34.7934 1
52.7577 52.7577 3
35.8848 35.8848 3
41.0743 41.0743 2
44.6218 44.6218 3
42.5387 42.5387 3
41.2407 41.2407 2
40.0761 40.0761 3
60.0375 60.0375 3
105.836 105.836 3
40.4393 40.4393 3
36.4281 36.4281 1
38.5318 38.5318 3
58.2419 58.2419 3
30.653 30.653 1
31.0077 31.0077 3
37.0926 37.0926 2
39.3121 39.3121 2
40.5499 40.5499 1
34.8051 34.8051 3
33.628 33.628 3
37.6941 37.6941 1
102.336 102.336 1
31.7808 31.7808 3
38.0661 38.0661 3
38.5204 38.5204 3
66.9097 66.9097 3
37.0214 37.0214 2
52.9397 52.9397 1
37.3416 37.3416 3
35.7492 35.7492 3
33.1492 33.1492 1
51.3472 51.3472 1
39.6946 39.6946 3
30.9519 30.9519 2
209.202 209.202 3
32.637 32.637 3
32.1597 32.1597 2
31.9963 31.9963 2
44.7223 44.7223 3
33.3397 33.3397 3
37.5484 37.5484 3
37.6447 37.6447 2
32.1939 32.1939 2
75.2938 75.2938 3
31.7531 31.7531 3
43.2317 43.2317 3
49.042 49.042 3
70.0024 70.0024 3
44.5223 44.5223 3
31.5769 31.5769 3
52.9357 52.9357 1
59.4888 59.4888 3
52.8382 52.8382 3
171.054 171.054 3
42.7857 42.7857 3
72.2439 72.2439 3
43.2194 43.2194 2
46.5603 46.5603 3
37.5045 37.5045 2
76.4051 76.4051 2
37.1332 37.1332 3
34.6275 34.6275 3
30.5863 30.5863 3
56.5179 56.5179 2
33.9246 33.9246 3
52.1837 52.1837 1
34.596 34.596 3
66.6882 66.6882 2
66.8269 66.8269 3
38.9932 38.9932 3
36.2685 36.2685 1
36.3082 36.3082 2
53.201 53.201 3
30.7977 30.7977 3
64.4174 64.4174 1
44.7071 44.7071 2
63.6686 63.6686 3
37.2564 37.2564 2
146.387 146.387 3
53.0676 53.0676 2
42.9445 42.9445 1
52.0836 52.0836 2
43.7327 43.7327 2
32.9874 32.9874 3
30.1391 30.1391 2
138.059 138.059 3
30.4592 30.4592 3
33.1658 33.1658 3
34.926 34.926 2
53.3068 53.3068 3
38.3212 38.3212 1
32.8025 32.8025 3
39.7034 39.7034 1
34.8591 34.8591 2
103.172 103.172 2
30.951 30.951 3
40.5821 40.5821 3
41.5866 41.5866 2
31.3242 31.3242 1
32.1046 32.1046 3
42.2537 42.2537 3
34.525 34.525 3
33.4302 33.4302 1
152.446 152.446 2
39.1618 39.1618 3
56.4356 56.4356 1
31.5535 31.5535 3
42.9966 42.9966 3
31.7174 31.7174 1
43.4553 43.4553 2
44.0659 44.0659 3
32.0668 32.0668 1
30.9381 30.9381 3
40.0644 40.0644 3
46.6691 46.6691 3
40.9935 40.9935 3
41.327 41.327 3
37.5173 37.5173 2
53.5941 53.5941 3
33.1331 33.1331 2
39.011 39.011 2
91.9069 91.9069 3
34.4234 34.4234 2
53.7086 53.7086 3
30.7344 30.7344 3
117.54 117.54 3
138.67 138.67 2
130.195 130.195 3
46.581 46.581 3
30.6667 30.6667 3
43.4428 43.4428 2
46.5152 46.5152 2
123.948 123.948 3
32.1918 32.1918 3
38.0039 38.0039 3
35.4393 35.4393 2
44.7721 44.7721 2
46.874 46.874 3
32.5556 32.5556 1
30.6937 30.6937 2
71.4526 71.4526 3
60.1104 60.1104 1
36.1679 36.1679 3
70.0227 70.0227 1
30.805 30.805 3
68.5649 68.5649 1
33.2663 33.2663 2
32.6475 32.6475 3
71.8433 71.8433 1
43.679 43.679 2
32.1287 32.1287 2
36.5248 36.5248 2
33.8122 33.8122 3
37.9862 37.9862 2
103.308 103.308 3
73.8346 73.8346 1
31.9378 31.9378 3
43.0926 43.0926 2
58.2854 58.2854 2
80.8577 80.8577 3
31.9262 31.9262 2
30.7835 30.7835 3
40.4819 40.4819 3
76.4674 76.4674 3
40.2228 40.2228 1
54.6793 54.6793 2
32.5523 32.5523 3
43.7628 43.7628 2
31.2655 31.2655 2
46.7746 46.7746 1
42.7731 42.7731 3
71.2729 71.2729 3
54.3787 54.3787 3
48.0704 48.0704 2
37.9314 37.9314 1
32.0319 32.0319 1
31.7053 31.7053 2
42.3668 42.3668 2
117.104 117.104 3
47.7062 47.7062 2
48.8726 48.8726 3
61.2085 61.2085 1
50.0637 50.0637 2
51.7125 51.7125 3
54.1872 54.1872 2
50.5961 50.5961 2
32.1724 32.1724 1
31.7448 31.7448 2
38.666 38.666 1
63.7783 63.7783 2
38.3727 38.3727 3
46.8013 46.8013 2
36.979 36.979 3
36.1711 36.1711 3
87.5288 87.5288 3
149.763 149.763 1
43.0026 43.0026 3
34.1773 34.1773 2
40.6069 40.6069 2
36.1836 36.1836 1
55.9477 55.9477 3
71.3019 71.3019 1
56.2562 56.2562 1
47.3875 47.3875 1
40.0869 40.0869 3
34.8045 34.8045 2
32.1831 32.1831 3
56.449 56.449 1
70.8164 70.8164 3
51.3975 51.3975 3
58.8972 58.8972 2
36.0675 36.0675 3
66.2478 66.2478 1
37.0835 37.0835 3
30.9656 30.9656 3
32.2451 32.2451 2
41.9094 41.9094 1
45.5348 45.5348 3
52.6638 52.6638 2
31.2754 31.2754 3
37.6591 37.6591 1
32.4458 32.4458 3
30.6313 30.6313 3
96.5539 96.5539 3
80.1753 80.1753 3
77.3039 77.3039 2
45.1737 45.1737 1
50.291 50.291 3
49.8777 49.8777 2
84.5168 84.5168 1
65.3404 65.3404 3
39.514 39.514 3
56.5831 56.5831 1
64.4094 64.4094 3
46.6577 46.6577 3
59.8242 59.8242 3
36.1894 36.1894 2
31.5898 31.5898 3
219.483 219.483 3
38.0145 38.0145 1
42.2615 42.2615 2
31.3019 31.3019 2
30.1022 30.1022 3
67.9272 67.9272 3
37.1123 37.1123 2
31.9639 31.9639 2
59.3993 59.3993 2
107.374 107.374 2
35.4249 35.4249 2
75.8965 75.8965 3
42.2309 42.2309 1
49.7819 49.7819 2
39.1888 39.1888 1
36.2343 36.2343 3
31.3547 31.3547 3
42.2378 42.2378 1
33.4812 33.4812 3
60.1897 60.1897 3
32.1943 32.1943 3
35.164 35.164 3
60.1245 60.1245 3
55.0891 55.0891 1
30.6139 30.6139 3
51.8341 51.8341 3
40.5764 40.5764 3
36.8825 36.8825 1
55.2721 55.2721 3
42.0149 42.0149 3
46.9033 46.9033 2
41.4589 41.4589 2
39.2583 39.2583 3
55.9306 55.9306 1
32.6323 32.6323 3
37.1559 37.1559 3
34.2306 34.2306 3
30.0755 30.0755 3
83.7308 83.7308 1
56.0207 56.0207 1
39.4738 39.4738 3
32.4364 32.4364 1
30.9359 30.9359 3
39.2061 39.2061 1
35.7847 35.7847 2
34.3426 34.3426 2
114.479 114.479 3
167.786 167.786 1
46.6435 46.6435 2
79.5334 79.5334 3
49.1051 49.1051 3
64.3274 64.3274 2
41.6758 41.6758 2
66.4866 66.4866 3
69.2179 69.2179 2
38.7958 38.7958 3
33.2148 33.2148 3
56.9385 56.9385 3
49.1597 49.1597 1
66.8401 66.8401 2
56.0321 56.0321 2
30.322 30.322 3
31.0652 31.0652 2
186.571 186.571 3
95.2767 95.2767 1
34.9759 34.9759 3
175.446 175.446 3
31.0608 31.0608 1
182.517 182.517 3
36.3823 36.3823 3
37.2867 37.2867 3
35.6026 35.6026 3
32.8348 32.8348 3
31.4842 31.4842 1
50.1359 50.1359 2
31.4211 31.4211 3
64.4049 64.4049 1
108.141 108.141 2
48.2215 48.2215 2
47.0746 47.0746 2
44.1852 44.1852 3
48.2426 48.2426 3
34.8932 34.8932 3
36.8744 36.8744 2
42.2565 42.2565 2
34.1674 34.1674 3
40.7095 40.7095 3
45.5219 45.5219 2
78.5359 78.5359 3
71.6218 71.6218 3
32.316 32.316 1
39.9037 39.9037 2
30.5789 30.5789 3
30.4878 30.4878 3
51.0197 51.0197 3
56.0129 56.0129 2
69.5837 69.5837 3
35.0742 35.0742 3
37.9905 37.9905 3
109.269 109.269 2
50.4572 50.4572 2
64.4364 64.4364 3
97.4091 97.4091 2
56.228 56.228 3
44.0867 44.0867 1
30.9399 30.9399 3
35.6698 35.6698 2
40.1924 40.1924 1
36.4809 36.4809 3
70.4855 70.4855 3
66.5338 66.5338 3
37.6706 37.6706 3
32.4261 32.4261 3
32.1623 32.1623 3
51.7104 51.7104 1
39.6256 39.6256 1
56.6641 56.6641 2
38.0826 38.0826 2
38.7959 38.7959 1
80.1347 80.1347 3
91.3943 91.3943 3
38.0733 38.0733 2
96.99 96.99 3
55.8849 55.8849 3
100.803 100.803 3
31.449 31.449 3
55.3428 55.3428 3
35.1095 35.1095 2
35.4275 35.4275 1
47.6954 47.6954 2
30.8994 30.8994 2
47.8396 47.8396 3
64.1251 64.1251 3
88.964 88.964 2
53.5682 53.5682 1
32.8786 32.8786 3
30.7471 30.7471 3
120.023 120.023 3
63.9007 63.9007 2
34.2819 34.2819 3
68.0157 68.0157 3
34.454 34.454 3
125.957 125.957 2
30.8797 30.8797 3
46.6652 46.6652 3
40.5271 40.5271 2
40.5758 40.5758 1
32.3369 32.3369 1
63.2196 63.2196 3
69.056 69.056 3
45.4921 45.4921 1
73.3051 73.3051 3
46.5326 46.5326 2
102.181 102.181 3
56.3381 56.3381 3
36.6367 36.6367 1
34.6653 34.6653 1
56.5516 56.5516 2
45.0352 45.0352 3
44.0494 44.0494 2
32.6936 32.6936 1
30.983 30.983 2
89.4797 89.4797 3
39.2666 39.2666 3
39.018 39.018 3
48.8021 48.8021 1
36.8662 36.8662 1
76.11 76.11 3
31.4321 31.4321 2
53.49 53.49 1
133.103 133.103 3
39.983 39.983 1
35.2528 35.2528 3
38.795 38.795 2
270.272 270.272 1
65.6268 65.6268 3
31.6958 31.6958 2
57.5605 57.5605 3
32.6741 32.6741 3
31.412 31.412 3
59.5571 59.5571 1
34.6207 34.6207 2
40.6181 40.6181 3
87.0565 87.0565 3
32.0414 32.0414 3
33.7278 33.7278 1
146.814 146.814 3
92.9812 92.9812 1
36.2211 36.2211 2
50.8184 50.8184 3
68.6592 68.6592 1
47.5135 47.5135 1
33.3279 33.3279 2
42.8929 42.8929 3
32.378 32.378 2
43.7561 43.7561 2
37.5366 37.5366 1
52.2753 52.2753 3
36.5107 36.5107 3
68.8701 68.8701 3
31.5715 31.5715 1
30.404 30.404 3
33.4218 33.4218 2
30.364 30.364 3
38.6098 38.6098 2
70.8196 70.8196 1
35.4621 35.4621 3
30.1722 30.1722 3
50.8585 50.8585 1
47.1979 47.1979 3
40.5292 40.5292 2
52.3553 52.3553 3
31.3012 31.3012 1
70.91 70.91 1
58.6025 58.6025 3
90.428 90.428 3
64.7636 64.7636 3
89.1948 89.1948 3
32.8499 32.8499 3
32.0272 32.0272 2
123.045 123.045 3
32.6691 32.6691 2
42.8199 42.8199 3
45.4981 45.4981 3
40.7963 40.7963 1
182.568 182.568 1
79.7012 79.7012 3
104.05 104.05 2
32.6934 32.6934 3
120.026 120.026 3
38.314 38.314 2
36.1685 36.1685 3
33.4107 33.4107 3
31.8185 31.8185 3
31.4302 31.4302 3
50.1646 50.1646 2
30.0957 30.0957 3
33.6092 33.6092 3
35.7311 35.7311 1
35.607 35.607 3
112.605 112.605 2
35.3802 35.3802 3
211.577 211.577 3
41.4685 41.4685 3
34.6569 34.6569 2
77.1504 77.1504 3
46.7778 46.7778 3
30.9261 30.9261 3
40.0631 40.0631 3
40.3284 40.3284 2
37.5585 37.5585 1
34.5171 34.5171 3
34.5196 34.5196 3
46.9821 46.9821 1
52.0499 52.0499 3
137.714 137.714 2
38.3495 38.3495 3
32.3337 32.3337 3
56.5032 56.5032 2
37.9413 37.9413 3
45.3465 45.3465 2
36.5865 36.5865 1
37.8986 37.8986 3
79.0611 79.0611 2
36.147 36.147 2
35.446 35.446 3
43.0697 43.0697 3
40.8208 40.8208 3
38.5473 38.5473 1
32.6487 32.6487 2
33.2134 33.2134 3
46.8506 46.8506 3
44.2099 44.2099 3
31.4498 31.4498 2
30.7328 30.7328 1
70.4745 70.4745 2
41.5327 41.5327 3
35.4497 35.4497 1
42.3355 42.3355 1
49.2926 49.2926 3
35.0938 35.0938 2
34.6096 34.6096 3
36.9876 36.9876 3
57.4588 57.4588 2
33.39 33.39 3
31.7926 31.7926 3
102.001 102.001 3
34.5766 34.5766 1
51.568 51.568 3
36.0494 36.0494 3
46.3513 46.3513 3
68.9586 68.9586 3
36.0696 36.0696 3
67.1947 67.1947 3
33.5378 33.5378 2
42.5079 42.5079 3
32.0241 32.0241 3
43.3044 43.3044 2
30.7126 30.7126 2
35.6954 35.6954 3
31.1821 31.1821 1
39.5573 39.5573 1
49.1387 49.1387 2
65.0258 65.0258 3
67.9846 67.9846 3
45.9495 45.9495 2
52.1512 52.1512 1
52.236 52.236 2
32.1174 32.1174 3
63.0856 63.0856 3
56.8244 56.8244 3
65.6204 65.6204 2
43.0861 43.0861 3
32.788 32.788 3
33.1415 33.1415 3
36.7905 36.7905 2
50.005 50.005 1
34.1714 34.1714 2
34.2011 34.2011 3
43.4873 43.4873 2
38.0485 38.0485 3
30.0928 30.0928 1
107.239 107.239 3
41.1483 41.1483 2
33.088 33.088 3
94.3389 94.3389 2
46.011 46.011 3
30.7515 30.7515 1
42.7302 42.7302 2
38.5331 38.5331 1
33.3351 33.3351 3
48.0303 48.0303 1
60.0451 60.0451 3
30.7416 30.7416 2
32.3119 32.3119 1
67.4381 67.4381 3
60.3331 60.3331 3
34.4926 34.4926 3
96.1265 96.1265 3
36.8587 36.8587 2
64.7942 64.7942 2
37.1359 37.1359 3
82.2182 82.2182 3
56.1368 56.1368 2
32.7675 32.7675 2
42.2048 42.2048 3
33.3935 33.3935 1
49.6278 49.6278 3
33.2654 33.2654 3
30.6224 30.6224 3
31.392 31.392 3
57.8198 57.8198 2
34.443 34.443 3
65.5956 65.5956 3
32.0856 32.0856 3
49.3751 49.3751 1
37.3806 37.3806 2
43.8559 43.8559 1
36.2023 36.2023 3
96.4413 96.4413 3
30.2808 30.2808 3
54.3713 54.3713 1
32.3268 32.3268 3
40.3826 40.3826 1
33.8816 33.8816 3
85.5421 85.5421 2
54.0015 54.0015 1
64.7714 64.7714 2
46.1719 46.1719 3
32.2608 32.2608 3
47.4151 47.4151 3
37.2311 37.2311 2
36.5181 36.5181 3
41.213 41.213 2
43.4436 43.4436 3
30.0745 30.0745 2
59.7845 59.7845 2
34.7587 34.7587 3
42.217 42.217 3
45.1245 45.1245 1
73.4932 73.4932 1
36.9334 36.9334 2
32.1029 32.1029 3
44.2192 44.2192 3
41.6202 41.6202 3
45.0619 45.0619 2
46.7654 46.7654 1
33.2395 33.2395 1
41.4421 41.4421 1
100.545 100.545 3
44.7304 44.7304 1
32.1192 32.1192 1
32.1575 32.1575 3
39.8164 39.8164 3
34.2685 34.2685 1
34.6047 34.6047 1
59.7527 59.7527 2
33.38 33.38 2
43.4664 43.4664 3
31.8385 31.8385 2
38.7327 38.7327 3
32.3378 32.3378 1
58.3879 58.3879 3
32.7317 32.7317 1
41.1629 41.1629 3
49.347 49.347 3
38.4141 38.4141 3
30.3116 30.3116 2
43.0188 43.0188 2
44.3619 44.3619 2
38.355 38.355 1
30.8264 30.8264 3
80.0686 80.0686 3
47.6157 47.6157 2
41.0781 41.0781 1
37.6127 37.6127 1
39.7226 39.7226 1
31.3366 31.3366 1
33.6316 33.6316 3
86.7976 86.7976 2
33.9401 33.9401 3
30.957 30.957 3
44.6276 44.6276 3
37.3426 37.3426 2
49.1649 49.1649 2
42.8764 42.8764 1
79.0324 79.0324 3
110.132 110.132 3
35.7074 35.7074 1
36.1452 36.1452 3
32.5968 32.5968 3
31.0387 31.0387 3
37.1349 37.1349 2
31.3519 31.3519 3
52.9172 52.9172 3
30.3655 30.3655 2
35.1913 35.1913 1
60.0784 60.0784 3
59.9486 59.9486 1
49.8628 49.8628 3
34.6317 34.6317 3
57.6773 57.6773 1
86.2744 86.2744 2
49.5974 49.5974 3
31.7623 31.7623 3
62.4508 62.4508 1
32.3018 32.3018 3
30.91 30.91 2
46.7569 46.7569 2
118.592 118.592 1
30.3442 30.3442 1
30.1905 30.1905 2
33.4195 33.4195 3
97.2479 97.2479 3
30.6205 30.6205 3
37.1544 37.1544 1
36.1616 36.1616 1
31.5487 31.5487 1
58.1888 58.1888 1
41.3421 41.3421 3
69.1865 69.1865 3
61.0062 61.0062 3
30.4304 30.4304 3
30.0408 30.0408 1
35.4912 35.4912 2
60.273 60.273 1
45.6876 45.6876 1
30.7504 30.7504 2
54.8371 54.8371 3
34.9879 34.9879 1
55.6499 55.6499 3
49.2229 49.2229 3
47.3836 47.3836 3
35.1238 35.1238 3
36.8209 36.8209 3
31.4816 31.4816 2
32.857 32.857 2
37.2794 37.2794 1
81.477 81.477 2
74.6403 74.6403 3
63.2675 63.2675 3
50.7229 50.7229 3
46.8478 46.8478 3
40.5761 40.5761 1
30.8719 30.8719 1
95.2132 95.2132 3
44.9369 44.9369 2
31.5644 31.5644 1
30.9168 30.9168 1
45.3307 45.3307 3
48.4045 48.4045 2
73.5163 73.5163 3
62.1665 62.1665 3
31.303 31.303 3
42.9294 42.9294 1
102.41 102.41 3
50.4301 50.4301 1
121.352 121.352 3
37.2872 37.2872 1
196.56 196.56 1
38.7267 38.7267 3
42.0655 42.0655 2
30.4763 30.4763 2
98.3141 98.3141 3
35.4348 35.4348 2
33.792 33.792 1
30.9455 30.9455 2
42.695 42.695 3
93.5507 93.5507 3
70.4544 70.4544 2
31.5565 31.5565 1
33.8256 33.8256 2
31.3433 31.3433 3
50.7524 50.7524 1
32.3126 32.3126 3
37.2813 37.2813 3
50.2831 50.2831 3
225.178 225.178 2
40.6046 40.6046 3
38.71 38.71 3
46.7172 46.7172 3
45.5822 45.5822 3
43.2307 43.2307 3
41.1721 41.1721 3
33.8678 33.8678 3
30.0134 30.0134 1
31.2152 31.2152 2
42.7297 42.7297 1
31.4504 31.4504 3
31.163 31.163 3
30.2034 30.2034 3
72.1005 72.1005 1
49.1617 49.1617 1
37.9654 37.9654 1
39.7952 39.7952 2
49.2796 49.2796 1
68.8168 68.8168 3
34.2061 34.2061 3
54.1315 54.1315 3
35.4332 35.4332 3
42.4796 42.4796 3
33.2707 33.2707 3
56.1184 56.1184 3
58.4311 58.4311 3
49.6646 49.6646 2
64.0513 64.0513 1
36.1313 36.1313 3
40.5088 40.5088 3
68.5505 68.5505 3
91.8484 91.8484 3
148.334 148.334 2
48.3545 48.3545 3
37.854 37.854 3
50.5805 50.5805 3
43.6738 43.6738 2
111.343 111.343 1
54.7127 54.7127 3
36.875 36.875 3
32.3063 32.3063 1
37.2144 37.2144 3
70.5325 70.5325 1
42.5664 42.5664 1
31.0128 31.0128 1
46.4557 46.4557 2
49.5127 49.5127 2
41.1796 41.1796 3
42.8049 42.8049 3
117.729 117.729 2
37.8789 37.8789 3
31.294 31.294 2
30.682 30.682 2
34.601 34.601 2
51.6894 51.6894 2
76.2906 76.2906 1
31.1861 31.1861 2
42.5812 42.5812 2
34.7399 34.7399 3
54.2849 54.2849 1
68.4228 68.4228 3
39.169 39.169 1
40.4183 40.4183 3
40.1582 40.1582 3
55.9662 55.9662 3
36.1521 36.1521 3
41.118 41.118 1
67.9452 67.9452 3
32.4848 32.4848 3
52.3429 52.3429 3
41.7923 41.7923 1
38.5481 38.5481 3
31.9079 31.9079 1
44.0753 44.0753 3
33.5514 33.5514 2
35.2578 35.2578 2
60.5821 60.5821 3
34.2486 34.2486 3
90.7086 90.7086 3
35.7753 35.7753 3
113.424 113.424 3
33.4962 33.4962 2
42.9708 42.9708 3
51.8068 51.8068 2
41.7062 41.7062 1
49.4622 49.4622 3
32.3966 32.3966 1
41.5794 41.5794 2
32.4544 32.4544 2
61.7698 61.7698 1
42.9115 42.9115 3
35.969 35.969 3
31.5625 31.5625 2
42.9474 42.9474 3
47.0742 47.0742 2
77.878 77.878 2
75.6115 75.6115 1
32.7496 32.7496 3
39.4423 39.4423 1
31.6237 31.6237 2
91.7184 91.7184 2
40.4124 40.4124 3
33.5314 33.5314 3
35.0409 35.0409 1
35.6518 35.6518 3
34.0156 34.0156 3
31.3853 31.3853 2
39.6273 39.6273 3
41.8912 41.8912 1
39.9485 39.9485 3
118.943 118.943 3
35.2769 35.2769 3
54.942 54.942 3
31.9801 31.9801 3
46.6386 46.6386 1
46.0818 46.0818 1
262.675 262.675 2
41.0314 41.0314 1
252.128 252.128 3
49.5438 49.5438 3
78.0658 78.0658 3
36.4743 36.4743 3
41.8122 41.8122 3
30.8916 30.8916 3
72.1955 72.1955 1
96.1398 96.1398 2
128.105 128.105 3
75.744 75.744 2
31.6216 31.6216 3
48.0031 48.0031 3
51.4814 51.4814 3
44.7034 44.7034 1
32.9762 32.9762 2
34.7754 34.7754 3
31.9436 31.9436 1
57.5969 57.5969 2
44.5343 44.5343 1
62.0705 62.0705 1
98.1963 98.1963 3
39.0867 39.0867 1
58.7432 58.7432 3
47.8073 47.8073 3
107.425 107.425 3
34.0108 34.0108 3
34.4372 34.4372 3
58.9452 58.9452 1
31.0709 31.0709 3
34.0846 34.0846 1
48.5786 48.5786 3
32.3248 32.3248 3
39.7025 39.7025 3
40.9589 40.9589 1
32.4801 32.4801 1
46.2569 46.2569 3
36.9507 36.9507 2
54.6727 54.6727 2
57.4015 57.4015 3
39.0923 39.0923 3
41.8152 41.8152 1
32.4792 32.4792 2
204.717 204.717 2
39.3763 39.3763 1
109.144 109.144 3
33.6492 33.6492 3
37.8137 37.8137 2
31.9993 31.9993 3
42.909 42.909 3
34.1896 34.1896 3
30.332 30.332 3
37.2135 37.2135 3
31.0589 31.0589 2
34.2528 34.2528 1
32.7544 32.7544 3
35.2899 35.2899 3
39.2895 39.2895 2
32.6875 32.6875 3
85.376 85.376 2
57.8464 57.8464 3
47.3541 47.3541 2
60.5308 60.5308 2
42.8657 42.8657 3
31.9754 31.9754 2
30.4848 30.4848 3
34.4464 34.4464 3
89.4378 89.4378 3
54.3457 54.3457 1
52.5945 52.5945 2
35.6482 35.6482 3
41.6737 41.6737 3
114.65 114.65 3
39.5863 39.5863 3
31.1915 31.1915 3
61.671 61.671 2
33.9315 33.9315 3
36.7914 36.7914 3
40.7014 40.7014 3
60.7011 60.7011 1
37.5567 37.5567 3
35.2041 35.2041 3
42.3325 42.3325 3
31.59 31.59 2
121.671 121.671 2
32.2747 32.2747 2
129.933 129.933 3
32.935 32.935 1
127.267 127.267 1
111.351 111.351 2
40.2962 40.2962 1
42.7631 42.7631 3
34.0955 34.0955 3
42.2093 42.2093 3
30.8649 30.8649 2
32.5099 32.5099 3
48.968 48.968 1
44.6704 44.6704 1
34.085 34.085 3
41.6535 41.6535 1
36.781 36.781 3
30.2567 30.2567 2
46.1102 46.1102 3
38.5047 38.5047 1
109.218 109.218 1
37.1648 37.1648 3
557.769 557.769 3
53.4158 53.4158 2
37.5973 37.5973 3
34.5981 34.5981 3
50.0709 50.0709 1
60.254 60.254 2
32.0045 32.0045 1
44.6708 44.6708 3
42.4473 42.4473 1
31.695 31.695 3
36.333 36.333 3
47.1358 47.1358 3
86.6336 86.6336 3
57.044 57.044 3
30.1708 30.1708 1
35.2292 35.2292 3
36.496 36.496 3
57.2969 57.2969 3
161.202 161.202 2
31.7853 31.7853 3
34.6742 34.6742 1
34.7255 34.7255 1
36.6625 36.6625 2
30.8266 30.8266 3
30.0397 30.0397 3
47.5521 47.5521 1
30.9734 30.9734 1
47.9318 47.9318 1
65.7164 65.7164 3
88.7515 88.7515 1
51.8902 51.8902 1
32.1051 32.1051 1
34.0184 34.0184 2
31.8391 31.8391 2
145.12 145.12 2
36.7617 36.7617 3
40.7177 40.7177 2
32.6004 32.6004 3
56.3994 56.3994 1
32.2458 32.2458 3
35.4579 35.4579 2
38.1257 38.1257 3
44.0352 44.0352 1
48.1989 48.1989 1
30.9399 30.9399 3
31.5739 31.5739 2
38.0591 38.0591 2
57.5935 57.5935 3
38.4261 38.4261 2
59.9022 59.9022 3
32.3602 32.3602 3
58.2504 58.2504 1
75.0219 75.0219 2
37.2985 37.2985 3
38.8904 38.8904 3
49.1624 49.1624 3
30.133 30.133 3
55.8314 55.8314 1
37.1883 37.1883 3
53.6388 53.6388 3
85.9858 85.9858 3
32.2582 32.2582 1
31.0577 31.0577 3
31.4129 31.4129 2
69.7881 69.7881 3
36.4551 36.4551 1
40.4924 40.4924 2
98.863 98.863 1
34.3406 34.3406 3
38.8344 38.8344 3
38.3214 38.3214 3
141.956 141.956 2
35.8601 35.8601 3
34.7266 34.7266 3
71.2952 71.2952 1
88.6462 88.6462 3
34.2586 34.2586 3
39.5058 39.5058 3
34.7093 34.7093 3
33.473 33.473 3
43.5185 43.5185 1
31.8072 31.8072 1
47.625 47.625 2
31.068 31.068 2
59.6363 59.6363 1
49.0673 49.0673 3
75.0297 75.0297 1
52.9606 52.9606 3
38.7551 38.7551 3
366.739 366.739 1
40.4257 40.4257 1
62.694 62.694 2
292.53 292.53 1
30.8746 30.8746 3
49.2396 49.2396 3
76.6696 76.6696 3
55.2226 55.2226 3
30.2468 30.2468 3
114.474 114.474 3
36.7233 36.7233 2
31.0342 31.0342 1
50.4914 50.4914 2
36.127 36.127 3
37.0187 37.0187 2
92.5696 92.5696 1
30.7456 30.7456 3
30.1839 30.1839 3
56.7471 56.7471 3
64.7196 64.7196 3
41.2346 41.2346 1
41.9271 41.9271 3
42.6776 42.6776 3
42.4682 42.4682 3
48.4572 48.4572 2
34.3154 34.3154 2
65.3718 65.3718 2
50.4002 50.4002 3
63.9371 63.9371 1
35.1004 35.1004 1
48.9327 48.9327 3
50.8064 50.8064 2
34.0199 34.0199 3
67.1925 67.1925 1
49.6064 49.6064 3
58.6876 58.6876 2
32.8237 32.8237 2
86.4756 86.4756 2
89.3241 89.3241 3
87.214 87.214 2
60.0051 60.0051 3
31.1639 31.1639 3
34.0654 34.0654 1
32.5994 32.5994 3
43.2254 43.2254 2
57.9353 57.9353 3
50.1397 50.1397 3
118.558 118.558 3
31.6268 31.6268 3
40.3319 40.3319 3
34.9589 34.9589 3
34.8315 34.8315 3
32.6581 32.6581 1
50.9431 50.9431 1
41.6655 41.6655 2
32.1198 32.1198 1
35.9879 35.9879 2
33.9014 33.9014 2
56.4006 56.4006 1
65.9274 65.9274 1
54.0532 54.0532 3
34.8356 34.8356 1
67.5145 67.5145 2
41.3703 41.3703 3
37.3643 37.3643 3
59.904 59.904 3
31.5784 31.5784 3
32.5416 32.5416 2
40.0841 40.0841 2
55.0869 55.0869 2
30.5125 30.5125 2
51.0772 51.0772 3
61.922 61.922 3
46.6317 46.6317 2
56.7821 56.7821 3
31.391 31.391 1
41.1409 41.1409 3
55.4487 55.4487 1
46.6559 46.6559 2
53.5801 53.5801 2
48.6196 48.6196 3
37.5193 37.5193 3
31.6633 31.6633 1
32.6742 32.6742 1
30.635 30.635 1
66.8243 66.8243 2
90.5745 90.5745 1
64.5922 64.5922 2
317.111 317.111 2
85.8017 85.8017 3
46.6479 46.6479 3
62.4417 62.4417 1
37.1976 37.1976 3
37.4385 37.4385 3
43.6853 43.6853 3
30.0482 30.0482 2
32.5082 32.5082 1
57.3219 57.3219 1
40.411 40.411 2
94.8637 94.8637 3
51.1192 51.1192 3
49.599 49.599 3
40.3021 40.3021 3
55.8965 55.8965 3
32.9067 32.9067 2
145.705 145.705 2
38.7947 38.7947 3
191.705 191.705 3
60.5984 60.5984 3
130.976 130.976 3
37.1279 37.1279 3
31.3544 31.3544 3
53.9167 53.9167 2
37.8778 37.8778 3
137.997 137.997 3
60.2724 60.2724 3
58.3989 58.3989 3
55.6192 55.6192 2
44.2558 44.2558 3
64.3039 64.3039 1
41.0049 41.0049 2
57.3832 57.3832 3
31.7981 31.7981 3
39.6335 39.6335 2
53.5229 53.5229 1
64.6729 64.6729 3
31.8566 31.8566 2
64.1846 64.1846 1
38.4493 38.4493 1
36.7707 36.7707 2
43.6482 43.6482 2
63.6929 63.6929 3
124.582 124.582 1
36.9451 36.9451 2
32.1176 32.1176 3
53.1641 53.1641 3
31.4791 31.4791 2
49.0043 49.0043 3
36.6714 36.6714 1
76.0224 76.0224 3
51.1103 51.1103 3
94.8069 94.8069 3
78.6579 78.6579 1
188.23 188.23 1
36.917 36.917 2
72.212 72.212 1
75.7428 75.7428 2
32.2899 32.2899 2
33.8671 33.8671 3
32.9279 32.9279 2
30.2496 30.2496 3
40.2338 40.2338 1
43.6465 43.6465 2
32.2601 32.2601 1
46.2585 46.2585 3
51.9471 51.9471 3
48.2397 48.2397 1
54.7693 54.7693 3
33.4866 33.4866 3
53.8918 53.8918 3
35.8675 35.8675 3
33.7126 33.7126 2
32.3373 32.3373 3
41.8747 41.8747 3
75.5484 75.5484 3
49.5718 49.5718 1
31.894 31.894 3
30.9189 30.9189 3
65.2132 65.2132 2
34.2443 34.2443 1
45.7096 45.7096 3
132.938 132.938 3
30.1585 30.1585 1
39.8857 39.8857 1
92.2803 92.2803 3
83.7994 83.7994 2
33.3015 33.3015 1
85.8836 85.8836 3
45.2931 45.2931 3
91.6406 91.6406 1
69.7924 69.7924 3
62.5125 62.5125 3
46.1298 46.1298 2
55.653 55.653 1
79.0947 79.0947 3
34.2482 34.2482 3
30.3136 30.3136 2
36.0033 36.0033 3
31.4994 31.4994 2
31.4282 31.4282 3
86.4058 86.4058 2
216.687 216.687 2
30.4776 30.4776 3
43.2676 43.2676 3
31.8199 31.8199 3
75.8737 75.8737 3
48.505 48.505 3
44.4912 44.4912 3
60.3557 60.3557 3
48.6963 48.6963 3
48.9733 48.9733 3
187.567 187.567 3
36.0247 36.0247 3
34.6722 34.6722 3
120.007 120.007 3
448.248 448.248 3
