1.046571890617947632e-10
1.325782156035476872e-10
9.906812971710477967e-11
1.719873219055651942e-10
9.497014309138467284e-11
1.270311432596737017e-10
1.431033616206366093e-10
9.471116883036853177e-11
9.466164916854646507e-11
9.192501499612044291e-11
1.168748769553049471e-10
9.271381900653089777e-11
1.043157288350327642e-10
1.130228072052720158e-10
9.736699083806194380e-11
1.025658634328617250e-10
9.985518334982849385e-11
1.286160326158084376e-10
2.030902537858621952e-10
9.453186996669060234e-11
1.162182108286029636e-10
9.546072027629905701e-11
1.261634204054624462e-10
9.668229748191042019e-11
1.005530011793092193e-10
1.462748485726416896e-10
9.895731900263551060e-11
1.640914516835652202e-10
2.008768979172582749e-10
2.874878462844445274e-10
1.716862855332089704e-10
1.121937528939837158e-10
9.891852486997098264e-11
1.047791210050266107e-10
1.071943632814334032e-10
1.370650971739671253e-10
9.425527138921900299e-11
1.103916003020524702e-10
9.694723010845850251e-11
1.383700145252749703e-10
9.776711868339196742e-11
9.259670684301257207e-11
1.660006961290623897e-10
9.393753302346994934e-11
1.251201591909096645e-10
9.586419221387727526e-11
1.080239572912078703e-10
1.247153858090869173e-10
9.629371292868737864e-11
1.325814076617922990e-10
1.114727317230317463e-10
1.422007394770058535e-10
9.719307189397614308e-11
9.268972777521937152e-11
1.050924642548641919e-10
1.104433521079141296e-10
1.130626321437621317e-10
1.202937603547320159e-10
1.134518083457395401e-10
1.029519388804097865e-10
9.454998804927960038e-11
9.208077659608551902e-11
9.499926672917264545e-11
2.114601730344927616e-10
1.168183631696139876e-10
1.387543618226013046e-10
1.257207216100185882e-10
1.439627526925918114e-10
1.098131158403461889e-10
9.195726047395863874e-11
9.316198437963775989e-11
1.105448516632200922e-10
1.028241263579477185e-10
1.203103648445821914e-10
9.876413283517656433e-11
1.172388706708698505e-10
9.231828803099103703e-11
1.324240892208350141e-10
9.193918468243768162e-11
9.727851528454145958e-11
1.221668264446466922e-10
1.175527633265462158e-10
1.096500364360362000e-10
9.679818627275766706e-11
9.467339626676033551e-11
9.228517901235678689e-11
9.486545506174343421e-11
1.158883914338543654e-10
9.218318985838860967e-11
9.718453945401729543e-11
1.008061554044546738e-10
1.634166742891947455e-10
1.216210730184068962e-10
9.591928862772984681e-11
9.288246592049015416e-11
9.224621391400759929e-11
1.141975819274833542e-10
1.945997078939074866e-10
2.081474009129171316e-10
9.737736777171117576e-11
9.895594463479699869e-11
1.184112651538438661e-10
1.054786651952403500e-10
1.264738577680916900e-10
9.336270699998925312e-11
1.113594407800178666e-10
1.414986936688087588e-10
1.081583850138935286e-10
9.799837742156336872e-11
1.017023865462577618e-10
1.146507941237613729e-10
1.013296503063930292e-10
1.107550789923563310e-10
1.143224056358773613e-10
1.001014155261849338e-10
1.571117042591653687e-10
1.783961305087154316e-10
1.147302470487739629e-10
1.098713768247216990e-10
1.275897210368582725e-10
2.620099517241124471e-10
2.003675861231730265e-10
1.670128306450462909e-10
1.076166711577864950e-10
1.045742799542352594e-10
1.145385115817690360e-10
1.004699993660392690e-10
1.182171827148344363e-10
9.615176990670828240e-11
1.033071951881598397e-10
9.684441443922707664e-11
9.827771726809682583e-11
9.608629229391675528e-11
1.101207016054252010e-10
1.847113468261871584e-10
1.653675290753708961e-10
9.658110697098429106e-11
1.069079703879790239e-10
1.261815692088848878e-10
1.428374188408772924e-10
1.153119272913057742e-10
1.151936577223491341e-10
9.575721664583441686e-11
1.382427547973454283e-10
9.283887603879244109e-11
1.761479283490904326e-10
1.070554559317702176e-10
1.986453136500642434e-10
9.186799119036351923e-11
2.431009273223589972e-10
1.239581793412399134e-10
9.792334780919736621e-11
1.093945980436761845e-10
1.607189880735353475e-10
1.207957715451948004e-10
9.511663177930917983e-11
1.295616613222715947e-10
1.109399509170325933e-10
1.378068798472044854e-10
1.020589198080637938e-10
9.231406883185719277e-11
9.647107985056851103e-11
1.083036738781003752e-10
1.278582023909366414e-10
1.019237294169484747e-10
1.231686620471646393e-10
9.878416985685804646e-11
1.204574008500801660e-10
1.034632754847498054e-10
9.564714734727669859e-11
1.280434573427511306e-10
2.646546799386293238e-10
9.782852595512264901e-11
1.197282678042854400e-10
1.024610360403230171e-10
1.112399837867686052e-10
1.040213912438373364e-10
9.990335160961024386e-11
1.022941254446902806e-10
1.697531738882594463e-10
1.005332729692258148e-10
1.230839027944790030e-10
1.321110953570431688e-10
9.278218240550529546e-11
1.005201691560951398e-10
1.089958656933782638e-10
1.455858797222833485e-10
9.910427998890770293e-11
2.479639262850603401e-10
9.561300335383244101e-11
9.636703838303605922e-11
1.021550490526504119e-10
9.631482440912617492e-11
1.274906564089405508e-10
1.139643116531325968e-10
9.499277789942367873e-11
1.248963679536193628e-10
1.673787799266423806e-10
1.021180627809808155e-10
1.157843473954915769e-10
1.408642363798071204e-10
1.077570713006851355e-10
1.349117667066730644e-10
1.171991049840299213e-10
1.236276448138198111e-10
9.206516201387503450e-11
1.028839174067057374e-10
1.027288407197192846e-10
1.127107145616579781e-10
1.019124192621231777e-10
9.299813448946817594e-11
1.099410315106497191e-10
1.013854278710152542e-10
1.078129032123209548e-10
1.172554581640159497e-10
1.260567036806800683e-10
1.798933262490007572e-10
1.069259520375673401e-10
9.533567989235954704e-11
9.356674147887365455e-11
1.570615603667053932e-10
1.200993772791199483e-10
1.324047975905177508e-10
1.957493666236478130e-10
1.033702693982824447e-10
9.407840489015288644e-11
1.450054713272077847e-10
2.086607249295504537e-10
1.417620385888535515e-10
1.060167021741536065e-10
1.114094223576480641e-10
1.866457124269481127e-10
1.124201283480162684e-10
9.863908876100348648e-11
1.819961804994396178e-10
9.401677621139810517e-11
9.569967994440780102e-11
1.303712929742005998e-10
9.338150538832264098e-11
1.068427290120553768e-10
9.862653077805809101e-11
1.039605641743591764e-10
1.496667167271153100e-10
1.500717652239678713e-10
1.258070186974243317e-10
1.087576434267945104e-10
9.267015972316223334e-11
1.182218878724356286e-10
9.510920136445168648e-11
1.058218791608157195e-10
1.006473786552002713e-10
9.655037284947862330e-11
9.499293616817825355e-11
1.103552364714607896e-10
1.781132678620507973e-10
9.970342645448035367e-11
1.521141783666242061e-10
9.235463106818181038e-11
9.252401273643223992e-11
9.625961324431790279e-11
1.196255995628557495e-10
2.120801423699377855e-10
1.153980569323263700e-10
1.503481861584851197e-10
2.267640987201336713e-10
1.130672526728955120e-10
1.777961772246233051e-10
1.077729448755126074e-10
9.924206382502612353e-11
1.222610258287671095e-10
9.486561351634876811e-11
9.533031555799942289e-11
9.544937321947829788e-11
1.148699781118438920e-10
2.505781604833221488e-10
1.448627591657462385e-10
9.663693693122144212e-11
9.722952130245525444e-11
2.877946078370623956e-10
1.265207907955937872e-10
1.732092497849668862e-10
1.196756502600596425e-10
9.455125937959977043e-11
1.059268117526647487e-10
1.114372273023850240e-10
2.437976633347836484e-10
1.044862169682437605e-10
9.759506032305668955e-11
2.222663329363790525e-10
9.549144596370802488e-11
9.350032456583888848e-11
1.055423344308458704e-10
1.114233255889190968e-10
9.295297904634122371e-11
1.156138683594767181e-10
1.121240921755601862e-10
9.801346970861555361e-11
1.208246262499418221e-10
1.473164876271659198e-10
1.374973036187691395e-10
9.198754267053903552e-11
1.038959012730674326e-10
1.815566636787920206e-10
1.264627690009260394e-10
1.817227129949941123e-10
1.497114741908517674e-10
1.000669416702294970e-10
1.956072445198944622e-10
9.464323223100283968e-11
9.191687063336986242e-11
9.328603311613712676e-11
1.770228515011706362e-10
9.768297604681732848e-11
1.786412646508500262e-10
1.086323093448596356e-10
9.517431878656167994e-11
9.774288592780511265e-11
1.124066062447538590e-10
9.869435788752463884e-11
9.770938358961417618e-11
9.441736969782738329e-11
1.578533605457194107e-10
9.890019230217415396e-11
1.309782100788271171e-10
1.134928560300316400e-10
9.474147257503203555e-11
1.785219238483867572e-10
1.162036167594587575e-10
1.206842715878690482e-10
1.850825063284644075e-10
1.131027165283516964e-10
1.112438434365798369e-10
1.388683832734203491e-10
9.791456282070978330e-11
9.747953665013950731e-11
1.114635125340079191e-10
9.291893850869835206e-11
1.264166798963879099e-10
1.465891463318891272e-10
1.320459746813551989e-10
1.610234311318303075e-10
9.322217651322906249e-11
1.036826445465716732e-10
1.178612067057547950e-10
1.545668399890900828e-10
1.070367804633368339e-10
1.364352390783958301e-10
1.047208591380155759e-10
1.068245922860958732e-10
9.598894359284401568e-11
9.731385196776288304e-11
1.171489201661527978e-10
1.249002293954998916e-10
1.217586991332625513e-10
1.667670233479273943e-10
9.613062709732854130e-11
9.512627475193285154e-11
1.061905407719514291e-10
1.348748525952064739e-10
1.134806650049126334e-10
1.082833521741102706e-10
1.803725150891768984e-10
1.203987596544891403e-10
1.734953596157005522e-10
1.058113664923979562e-10
1.882340884326117253e-10
1.275532828658145316e-10
1.029290727090560619e-10
1.031886009078701305e-10
9.235317109816767357e-11
1.051149181009749276e-10
1.069102539187391728e-10
1.957056463643238902e-10
9.434303854824355166e-11
1.495041730979174267e-10
9.689233437449628122e-11
1.101092971921299223e-10
9.861565627229653964e-11
9.941770876173511579e-11
1.133512340146998813e-10
1.496105672908536721e-10
1.113904234087978879e-10
1.713748702980779511e-10
1.254951386797837523e-10
1.022166668142148648e-10
9.355968463586539144e-11
9.387998115386416157e-11
1.185791320876178743e-10
1.109702071664920596e-10
1.670017215383546527e-10
1.378777244472695572e-10
9.529275781933800638e-11
9.457223417083838728e-11
9.298684742748455196e-11
1.008084091797122691e-10
1.101090190227964683e-10
1.034969042213067195e-10
1.169944277976395673e-10
1.618929599499339617e-10
9.475765225311583863e-11
1.021394538610258413e-10
1.012374762119927500e-10
9.654803233721962198e-11
1.023218615515174617e-10
1.014804719812461183e-10
1.064218912044072430e-10
1.053123312873927797e-10
1.089844986941990829e-10
9.509750138384203349e-11
9.256918933779542395e-11
9.349855930226459332e-11
1.472014161482675070e-10
9.209638886177958029e-11
1.026748851105965311e-10
9.478223439216900867e-11
1.075415835230823044e-10
9.223598318909850024e-11
9.639501113535879521e-11
1.924121306097305843e-10
1.054533903037777636e-10
1.541381578205298344e-10
1.016850903613793341e-10
1.697556499112755476e-10
9.216141505798813091e-11
9.334053028416417979e-11
9.952579168429633950e-11
1.175792928543604761e-10
1.259743888886354069e-10
1.000754098957581741e-10
1.058958740144149537e-10
9.571225885715755677e-11
1.207714006525159402e-10
9.892081623191789362e-11
9.890660903910781799e-11
1.078869760594197706e-10
1.355983653638262242e-10
1.351993243214648554e-10
1.065074066081379690e-10
1.004458859630651218e-10
9.910489002106417146e-11
1.027306141817431443e-10
1.015657361571295864e-10
2.105430011735127378e-10
1.095631787995105746e-10
1.717382342978069356e-10
1.303277357043040394e-10
1.517530910256438399e-10
9.780847201340904313e-11
1.624530641596109389e-10
1.124511282032829977e-10
9.381919844766839742e-11
1.289526713083912614e-10
1.046001770430160008e-10
9.337170493238175099e-11
1.367550878960091115e-10
1.099911589838621746e-10
9.674929103243456586e-11
1.288617965221921521e-10
2.360277292144505924e-10
9.790654784362463170e-11
9.472338654380949860e-11
1.486755423501248697e-10
2.920335660595989598e-10
1.582070955998794701e-10
1.179011699432081748e-10
9.212760644793645805e-11
1.140648173661899622e-10
1.050255123897723954e-10
1.267881785417000886e-10
1.555953838887183667e-10
9.190465290516789633e-11
9.399249822095911951e-11
1.099158209745090253e-10
9.603755035563484628e-11
1.058810498770504319e-10
1.659867113021742814e-10
1.182192739162199560e-10
9.569905096079394402e-11
1.979828703215793233e-10
1.305634888491886671e-10
9.340110360072923643e-11
1.126132435204353816e-10
9.185104100424630394e-11
4.090254118344281645e-10
9.222445213431742351e-11
9.765022819561933164e-11
9.894815623487130460e-11
1.106412838665921783e-10
1.135222452352730781e-10
1.205910505695089331e-10
1.076744106070369367e-10
1.197395126645247936e-10
1.007082990404495851e-10
9.933981317594618071e-11
1.123467640949656186e-10
1.001423775233462117e-10
1.678477378941061671e-10
1.977138491903216965e-10
1.165629605736147405e-10
1.011386366969572975e-10
1.330343529265233853e-10
1.136709852241044503e-10
2.139640546039018739e-10
1.590883702398129649e-10
9.276844861853036699e-11
9.928303135746165911e-11
1.437895162204630529e-10
1.041179779861868664e-10
1.029877781944094237e-10
1.721750593671177657e-10
2.068307786458736807e-10
1.344063115535361611e-10
1.112649315968271701e-10
1.922712684174103109e-10
1.045635120972671312e-10
1.289376505440104485e-10
1.452406508064938153e-10
9.223192310242715756e-11
1.053171034009840796e-10
9.990865190628142326e-11
1.055657146906880288e-10
1.191270669994224210e-10
2.161336219474197648e-10
1.008246350602433968e-10
3.224660612328660700e-10
9.512121625000562823e-11
1.145287024333620858e-10
1.319224172681052255e-10
9.212663103847579867e-11
9.996981467265425350e-11
9.580372694436165504e-11
1.024512592132871142e-10
1.057390491291985307e-10
1.345529642130142800e-10
2.275781304503070674e-10
1.066779714576373494e-10
9.456985087683359594e-11
1.029786350443756257e-10
9.411112078900402904e-11
9.365363078599215830e-11
1.689334920267230565e-10
1.136523174887194277e-10
1.231638704747225877e-10
9.561316072389336937e-11
1.008312449491450430e-10
1.189982174619786153e-10
1.007141637459030988e-10
1.082808117264699088e-10
1.424677220136488584e-10
1.503582467783194354e-10
1.410333331606123749e-10
1.157141845947209970e-10
1.059260923601785261e-10
1.356634977786811480e-10
9.881460097288506395e-11
9.928424949624783692e-11
9.993454410472916640e-11
1.175364752785027453e-10
1.217273629371281073e-10
1.140320434837848427e-10
1.160530715745498288e-10
1.548704892540792222e-10
1.024204420527891578e-10
1.525578722509902246e-10
1.088640289461522534e-10
9.583043001030841167e-11
1.312246312360813581e-10
1.486503011826718371e-10
1.045747164685146359e-10
9.817689060101746977e-11
9.828109708158410207e-11
9.379295526444918924e-11
1.087407707815522792e-10
9.757960224468943789e-11
9.635312749826613370e-11
1.197970150342301086e-10
1.089393011014888228e-10
1.021887572537123443e-10
1.049002033736209150e-10
1.287592224152286989e-10
1.454768055626804694e-10
1.080614308259915771e-10
1.168901896576756877e-10
1.177993385752563355e-10
1.409850539082406709e-10
9.528849624941629240e-11
1.008998752536088138e-10
1.280524762804022797e-10
1.003361059621162528e-10
2.205809732805091097e-10
9.755347322063627267e-11
1.104842667982020683e-10
1.349762578556869752e-10
1.344014051440972918e-10
1.036827911458018271e-10
1.258846047018869748e-10
1.120539826576867182e-10
9.876199126370125895e-11
1.126428334406737492e-10
1.009404035099172294e-10
1.722580020100753491e-10
2.070926082798716090e-10
1.500844937548288459e-10
1.380985095485503086e-10
9.320544200782081121e-11
1.130096201343712056e-10
1.000327599578386231e-10
1.167289221561867231e-10
1.094462028461714894e-10
9.747969138037629533e-11
1.046406118387264744e-10
9.276764069330523140e-11
9.755517411265821542e-11
1.096276993882140822e-10
1.410123877903050569e-10
1.015421491866887695e-10
9.349952217692025442e-11
1.517444770418353610e-10
1.231363788275909883e-10
1.047175165748750698e-10
1.789097541256075369e-10
1.337235145711248933e-10
9.375774090055185147e-11
9.779628362963572398e-11
1.031092262335190183e-10
1.245351726137812190e-10
1.260700475938047781e-10
1.022129558208975246e-10
1.227585180676072893e-10
1.138618374224708161e-10
1.350799226669910452e-10
1.022749881445965961e-10
1.065423403368983153e-10
1.020794300637191235e-10
9.708489408318467857e-11
1.547944193259197993e-10
1.636112196981537271e-10
1.030305351142507780e-10
1.221118262682439577e-10
1.869715081910262663e-10
1.182865671818786394e-10
1.216418530967737045e-10
1.337807653555446108e-10
1.011398352576837964e-10
2.203173042288899383e-10
1.157341588204810637e-10
9.778177926387208561e-11
1.306517703638174626e-10
1.036564003618236989e-10
1.223985292132789398e-10
1.189949686688112421e-10
1.424182027985391416e-10
1.219478402902849964e-10
9.536454809807122738e-11
1.158212112230058526e-10
9.976939957050020362e-11
1.503094207891672920e-10
9.672982034873611296e-11
1.080894224997286827e-10
1.146389794404604184e-10
1.126969503991689870e-10
1.058025812328993152e-10
9.747566832437264999e-11
1.213189647758515455e-10
2.511479045135469521e-10
1.261749025669314082e-10
1.062044658129343826e-10
1.788979298128206899e-10
9.931774318974512072e-11
1.007672332627609690e-10
3.946217385154401099e-10
9.201586328236453110e-11
1.307033735018282992e-10
1.082666971786603020e-10
1.082665560250513527e-10
9.551507522261435279e-11
9.680830519930574057e-11
1.160239783434785028e-10
2.374805347095347481e-10
9.180930580387904803e-11
1.220571856958031735e-10
9.816581874124935357e-11
1.029808471619387064e-10
1.072421964128229126e-10
1.277144955882000761e-10
1.065912879634253537e-10
9.414813361153282461e-11
1.622021136479442396e-10
1.046157416946489982e-10
1.011235037987098652e-10
1.022927903858766518e-10
1.348312895598878497e-10
1.947044677199882001e-10
1.185361091148305646e-10
1.152783949566246899e-10
1.386833409121725112e-10
2.636029444401344218e-10
9.370313575379475497e-11
9.593968768076388032e-11
1.618365682972103269e-10
1.381530303573674219e-10
1.180813159544060676e-10
1.098683111310845704e-10
1.330085370171739143e-10
1.022975371923944345e-10
1.033360164893213178e-10
9.622972822583695244e-11
1.961223230425820111e-10
1.385197012531923136e-10
9.678292829508127519e-11
9.957015042991027702e-11
1.425782531927009067e-10
1.343255695043799291e-10
1.310269533932254856e-10
9.297684931422426122e-11
1.218708656366343531e-10
1.374655793976929339e-10
1.023948042903782278e-10
1.104516748141613979e-10
9.443296159836755345e-11
1.445952663699259146e-10
1.008480684103151643e-10
9.716250721398249643e-11
1.749772689424712620e-10
1.083007105040796127e-10
9.552720292232651227e-11
1.126876826096778070e-10
1.107660101186071982e-10
1.061490432882310327e-10
9.640266724276217414e-11
1.286486873075411646e-10
1.221495538966448429e-10
9.241528308759911199e-11
1.223527520515462849e-10
1.003617508048915897e-10
1.153895132493834114e-10
1.082113526177424353e-10
1.372229119791288047e-10
9.234587094515012933e-11
9.430386276814958541e-11
2.477608323618270445e-10
1.038862427048291662e-10
1.756318676266634408e-10
9.530364774048686441e-11
1.299235936342418998e-10
1.549506524203973632e-10
1.256461449418508230e-10
1.519347254535192381e-10
1.071651702012194972e-10
9.193934754128713961e-11
9.406675243450908718e-11
1.236767779936466528e-10
1.922166066501513745e-10
1.036216435270300219e-10
9.538773177557244748e-11
9.594910134839841228e-11
1.227398006784203948e-10
1.418485364993043784e-10
1.739585241290445834e-10
1.471328966844954512e-10
1.506471059923023747e-10
1.265795280018311739e-10
1.250669191947553578e-10
1.032352582900784370e-10
9.187809480717686040e-11
1.087514570561642003e-10
1.080410692594926966e-10
1.263117538688447163e-10
9.556483746478871293e-11
1.098214803234153700e-10
1.107813674481648646e-10
1.300073243019893002e-10
1.912037568790759011e-10
2.194219517971880503e-10
1.151742700911102845e-10
1.016187147238698007e-10
1.163997066777846513e-10
1.235620234895593968e-10
1.326776107535854012e-10
1.006549014360313041e-10
1.146366969356674406e-10
9.439636480068840835e-11
1.174348931216561434e-10
1.000788877353213547e-10
1.024376295466586626e-10
9.693028220421859174e-11
1.595176555084283784e-10
1.016407944262080323e-10
1.094297028133559426e-10
1.084933233762072523e-10
1.470162954720250204e-10
9.640422964829361856e-11
9.568458333917509821e-11
1.169373048100008274e-10
1.101651967509304688e-10
1.559649814485360730e-10
9.319417691798093637e-11
9.750521892704828640e-11
1.081578199037791584e-10
1.093278578150459078e-10
9.759830624733422370e-11
1.001499334854951310e-10
9.708644687782563845e-11
1.034989598164760340e-10
9.306067533953257561e-11
1.305316132200986548e-10
1.176668556543695994e-10
9.916587665363567973e-11
9.463830993219993678e-11
1.928972012117012977e-10
1.177377043339102643e-10
9.846406974550186975e-11
1.159984666967841515e-10
1.624970000501657201e-10
1.013993306962818731e-10
1.106522248286788999e-10
9.685421793185539955e-11
1.059725563362609122e-10
1.013450553747516944e-10
9.949129536174518609e-11
1.581248321549372004e-10
1.321467871242015734e-10
9.283903751583836602e-11
1.079229342034704440e-10
1.998918096166955857e-10
2.094306269989152828e-10
9.921860363143949626e-11
1.476447692950893425e-10
2.315185102307379460e-10
1.079713337336369965e-10
1.236172128098071847e-10
1.071061931930531355e-10
1.221903187603398530e-10
9.424411617661863526e-11
9.438601997720979091e-11
1.154567797766963610e-10
1.072195634190272276e-10
1.057234851545730954e-10
9.507931648148957118e-11
9.585351506061882333e-11
1.109773902383942861e-10
1.240856424788291747e-10
9.481109146236804500e-11
1.166324118736098900e-10
1.077101472547143558e-10
1.026318506659137844e-10
1.979678868486779480e-10
1.329844853760009317e-10
1.033830565648766280e-10
9.574967257255935973e-11
9.653352005295805891e-11
1.099141493789080796e-10
1.282438149148705262e-10
1.136607047741909872e-10
1.038581405830374691e-10
1.118570050736615307e-10
9.793752563426495491e-11
9.246488157246670869e-11
9.793752563426495491e-11
1.174979803479254831e-10
1.025303392303586746e-10
9.870583699562340846e-11
9.712308652548727432e-11
1.355306542657957997e-10
1.006442189405339988e-10
9.702400740094673204e-11
1.120831539738146031e-10
9.663007666973289500e-11
9.435338749502385902e-11
2.138061252501847460e-10
1.516609412245889358e-10
1.125798273673881437e-10
1.187808970716344065e-10
1.020251740757830192e-10
9.971283185315050032e-11
1.177706231531464176e-10
1.041058541523918209e-10
1.008740498244525977e-10
2.387504242216963614e-10
1.095524221355934378e-10
1.180953143248833094e-10
1.354057052506004894e-10
9.558451563880471326e-11
9.258829048344795334e-11
1.702043359693597178e-10
1.021831151492151216e-10
2.469860969316423182e-10
1.224399820257090273e-10
2.398012351858858986e-10
9.697614440073665091e-11
9.345634476753246579e-11
9.664005509103109841e-11
1.333483902107015894e-10
1.324307164526781331e-10
1.243387250587139144e-10
9.512848777251455715e-11
1.043342466051130801e-10
1.310459446536496363e-10
9.597576901916463230e-11
9.285179342598352913e-11
1.371998522367072905e-10
1.206162238886922349e-10
9.581865004859169864e-11
9.509671079918468533e-11
1.095863653477358938e-10
1.341702758477532382e-10
1.059462337341230359e-10
9.913858919373831333e-11
9.425272172818840409e-11
1.550628405446296385e-10
1.186106735889593287e-10
1.021638111510042850e-10
1.845352598881625387e-10
1.039476929187837690e-10
9.286180331963066996e-11
1.307110346287217042e-10
9.736559684787661933e-11
9.204596591466676113e-11
1.221451084098370320e-10
9.813798048870354709e-11
2.381052421572614573e-10
9.389533133708325313e-11
1.084726100072268143e-10
9.484707275571201741e-11
1.036879220045999468e-10
1.397591099772753136e-10
2.191311681702548624e-10
1.482438940569269404e-10
1.010822903165558992e-10
1.041828122270734636e-10
1.016112544162740408e-10
1.144520851578499825e-10
1.004861223790457098e-10
1.179336559063652653e-10
9.191556747673228306e-11
1.090801736431812672e-10
2.063279253840598655e-10
1.158329203263853277e-10
1.393062183089984968e-10
1.024386666422838281e-10
1.120516541442367001e-10
1.062419262922303346e-10
9.553869936773701502e-11
9.759243260088205674e-11
1.260013379496447998e-10
1.284260302134679790e-10
1.489179233654680250e-10
9.422993145209001860e-11
1.647440630827499505e-10
9.523623899832757565e-11
9.452869104241089028e-11
1.913341574299616733e-10
9.223354715586167494e-11
9.922363122436367118e-11
9.795385872817153858e-11
1.144738651580453364e-10
9.453695605098750788e-11
1.049612788642980998e-10
1.202718754055327321e-10
9.359656753502431779e-11
1.175934748097925588e-10
1.159830510308916998e-10
1.094495585186867414e-10
9.494908689948169895e-11
1.106729962027993554e-10
1.075387437711400332e-10
1.113861551389593502e-10
1.032252513210809150e-10
9.817981215959725996e-11
1.486943638310189090e-10
1.044045004929441683e-10
9.457128085954293451e-11
1.068157371575999567e-10
1.147661997757045213e-10
1.162160881545710574e-10
1.078728164324903445e-10
9.327783201629792883e-11
9.996678758331284467e-11
1.157530649752349294e-10
1.131084224468557667e-10
9.339901543790632924e-11
9.260576986633922416e-11
1.322289291447240765e-10
1.045281459567752142e-10
1.413130905224698039e-10
1.034152388250816878e-10
1.014053098931254172e-10
1.301754851760018372e-10
9.894296367023526075e-11
1.220323997765791952e-10
1.615735441854038954e-10
9.308581026632095375e-11
1.586542296230778495e-10
2.211482900732393616e-10
1.191474483410768592e-10
1.236392070990122916e-10
1.075894234799706553e-10
1.216951276962726520e-10
9.585351506061882333e-11
1.020415278527300374e-10
1.044490800505699815e-10
1.780182839163565702e-10
1.680449928130104739e-10
1.617935680381527066e-10
1.066224782359613201e-10
9.236355266839727118e-11
1.526476669743272233e-10
1.149002648421944795e-10
1.268176802987247879e-10
1.136594872986105527e-10
2.009401743373593734e-10
1.009875184704525695e-10
1.164405058160561074e-10
1.932452140428090473e-10
9.242306478217761916e-11
1.162243133274892723e-10
1.164567954837367173e-10
1.194201609709883159e-10
9.201374763822128174e-11
1.867499861373320987e-10
9.404056970783565743e-11
1.015088505552261957e-10
1.639507216813507992e-10
9.514113274034250813e-11
1.097919233210888001e-10
1.028476035071972356e-10
9.976075699081479644e-11
9.905867077910717556e-11
1.047119938747031207e-10
1.392062188392000939e-10
9.892005244976247209e-11
9.266546932232997990e-11
1.024794024172953856e-10
9.340592228211589513e-11
1.084757101874231406e-10
1.288328259730892287e-10
1.133961090264501213e-10
1.208115461976679855e-10
9.565045103872281490e-11
1.112110326772764710e-10
9.614253021642202680e-11
9.534877406998788303e-11
1.212541690125034464e-10
1.144930877012535848e-10
1.600345958491009362e-10
1.171909397067910568e-10
1.000167243059067869e-10
9.779535787529411825e-11
1.637122994267965663e-10
9.831765401933381433e-11
1.022521379616426808e-10
9.436023317553293122e-11
9.489650774013570825e-11
1.856177723449480747e-10
1.029250891149502030e-10
1.010269662047888707e-10
1.016867306273205021e-10
1.370034201312871877e-10
1.348650694562069734e-10
1.059039329776439249e-10
1.625010566689772507e-10
1.045443021592404980e-10
1.009618627088251759e-10
1.228712754422387542e-10
1.441054751339001064e-10
1.207304735260747086e-10
1.887051068884786436e-10
9.276473211151516786e-11
9.358261767318136710e-11
1.098412740462556208e-10
1.013480464126114291e-10
1.017423368586796440e-10
9.384831446298626279e-11
1.275728481166350720e-10
9.846943776880541852e-11
9.539340865934283172e-11
1.098333290536239602e-10
1.439431709318855518e-10
1.123869351897075086e-10
9.313590128653261767e-11
2.467788668872780284e-10
1.048824987223331418e-10
1.384443633539211228e-10
9.331641992797018049e-11
1.203556630226444787e-10
1.524790154704067122e-10
9.625695365035337718e-11
9.446413864366992184e-11
1.027360821876861425e-10
1.016276664604446844e-10
1.027744988337767927e-10
9.453488985811877690e-11
1.000524232531401466e-10
1.003436491582378214e-10
1.003107571877109506e-10
9.432775213276073718e-11
1.090417441478488580e-10
1.055795675216861533e-10
1.231360004647097761e-10
1.303733325342138114e-10
2.973268507201603725e-10
1.140838305331992231e-10
1.131069280639727606e-10
1.045041259412743946e-10
1.038853646142089812e-10
9.267113012498614516e-11
2.110732606085806058e-10
1.144064967517329670e-10
1.229579308828338041e-10
1.125709604005983786e-10
1.023018388193342869e-10
9.998706755066748687e-11
1.001381459666375751e-10
1.324670427295599047e-10
1.041041012067315023e-10
9.628558001868553724e-11
9.773640238851457863e-11
9.222899974318707588e-11
1.117818076795540281e-10
1.028372682331729381e-10
1.227219662477127808e-10
1.022809225262678124e-10
3.061427077384540479e-10
9.577528887287455910e-11
1.179728120428358861e-10
9.696946058423637486e-11
9.885572347217996272e-11
1.012765394572278547e-10
1.182099939631871875e-10
9.278234396888314328e-11
2.379422901101588199e-10
9.597969018862400138e-11
1.474365439973878465e-10
1.034565192137698215e-10
1.199332444756235578e-10
1.216539627528055086e-10
1.096780917109750031e-10
9.577906009175536288e-11
9.538457782351448038e-11
1.380630266891676613e-10
1.451754718788172970e-10
1.256092139169888761e-10
1.068819922210651009e-10
9.928501082634834167e-11
1.165317287614749935e-10
9.782358993399228847e-11
9.388110051228563723e-11
1.148777514789993764e-10
1.099549578145270152e-10
1.414497714440728331e-10
1.105728467497836756e-10
1.006594148683979778e-10
1.727490175420663374e-10
1.340535852301674904e-10
1.582880055016477753e-10
9.661432763920578274e-11
9.737334101682732727e-11
9.233500089273278612e-11
9.280431429547738158e-11
1.211665762899287121e-10
1.153211438484164614e-10
1.301650332525552726e-10
1.123192929481917058e-10
1.072601290248742547e-10
1.034822203596323873e-10
1.205191014505637859e-10
1.259993602084080229e-10
9.807258724985065782e-11
1.457454937789589718e-10
9.514144884569694993e-11
1.188316492774175917e-10
1.130317790818480828e-10
9.255591362905694976e-11
1.186453347081731361e-10
9.442468862556270579e-11
2.487359956244630530e-10
1.011900138364959355e-10
9.326416211433973643e-11
1.673134969870953210e-10
9.338343324093133573e-11
1.037478632967851444e-10
1.093051832113254532e-10
1.059075305558402670e-10
9.590798905711523538e-11
9.288278874171535558e-11
1.087597523464066905e-10
1.382109523457862990e-10
1.139312424884099630e-10
9.519343567337874202e-11
3.256107527735332405e-10
9.673760903370200351e-11
9.908368947653688860e-11
1.182399227921862105e-10
1.112114463109858836e-10
1.124100210516214164e-10
1.452940195099150200e-10
1.244652224060973995e-10
9.894540725976567632e-11
1.080987516482211111e-10
1.282149657010912803e-10
9.848891387493197858e-11
9.323633442655341181e-11
9.821025334968467152e-11
1.953522074022230517e-10
1.209244811087555900e-10
1.207939759420370488e-10
1.028521802667875682e-10
9.908124887134724137e-11
9.403434238888237908e-11
1.197550213005346950e-10
9.229913800294393630e-11
1.565543399628510500e-10
2.054431258216046959e-10
9.591144182727482681e-11
9.725464116831946476e-11
1.383173913232667264e-10
9.456603749710846716e-11
1.552345940867864642e-10
1.098373713056954585e-10
1.279747001407884384e-10
1.040212450622386150e-10
1.278932224685985369e-10
1.379850732914150310e-10
1.251916536986240797e-10
1.678107059628067742e-10
1.115795981069887211e-10
1.575042180670817797e-10
9.793166979379382458e-11
1.054259429900826169e-10
1.166358504261353719e-10
1.468946416872149127e-10
9.193429879957119679e-11
1.135026080251909216e-10
1.044040633560132452e-10
1.776269207462926535e-10
9.579477210544191600e-11
1.025612754955653381e-10
1.094063473507212626e-10
1.338420984517848373e-10
1.066911259398950139e-10
9.494924523195852000e-11
1.235036678132114873e-10
1.500046065832546225e-10
1.201196141911012279e-10
1.163741346057281192e-10
9.621595647903803513e-11
1.023331321000040509e-10
1.247604035149916609e-10
1.219183277639690480e-10
1.161038034035535906e-10
1.077888164048761896e-10
2.070429869999998598e-10
1.084014254520365339e-10
1.487003520468830564e-10
1.017171459100177347e-10
1.163395448618783229e-10
1.339428986771538930e-10
1.599522524942706423e-10
9.757280001136376163e-11
1.329884942471762439e-10
1.076890185065934993e-10
9.588554339936955643e-11
1.264320856444829156e-10
1.473480726878058611e-10
2.199076150584097752e-10
1.132309031121697274e-10
1.080537956319890499e-10
1.217407390061160486e-10
1.000808534239491017e-10
1.574140035214287761e-10
1.177644596841401315e-10
1.425834671689350496e-10
1.358829154844420831e-10
1.498359043268538634e-10
9.624162061947369961e-11
1.099209749209231045e-10
1.022168152514954896e-10
1.408381108398069652e-10
1.029531189492998785e-10
1.460437340121416842e-10
1.049624391426201914e-10
9.284904861277665241e-11
1.461085738899068269e-10
1.282236088884236559e-10
1.048367737957720363e-10
1.324573407987360587e-10
1.279073745442643158e-10
1.292891470545046679e-10
1.142540164831142661e-10
9.635218962258051146e-11
1.373069767546820846e-10
1.840886318171651605e-10
1.077994435180782106e-10
1.043558227409291789e-10
1.554964890782254254e-10
1.461718689447103535e-10
1.682861912044607198e-10
9.810367302755028091e-11
1.031294063101711873e-10
1.290656413901227374e-10
1.146721384075046058e-10
1.116061288984521651e-10
1.583044058505981364e-10
9.671408553105823220e-11
9.193592745243782502e-11
1.333293332942462540e-10
9.523513358917868832e-11
1.095967001366304976e-10
1.124173967246986931e-10
9.524476606300970485e-11
1.212481607701250727e-10
9.556940311700686617e-11
1.013779525442093856e-10
1.329899091176395751e-10
1.078830115277950942e-10
9.317067732415470770e-11
1.172447950112877157e-10
9.505084704483951112e-11
1.266698653236586938e-10
1.135514923964557316e-10
1.598118522925710667e-10
1.917454391101008616e-10
1.121999096828711386e-10
1.410089153000914198e-10
1.140584790275823754e-10
1.101861874377709271e-10
1.024238501185363967e-10
1.228758242874834033e-10
9.473274723541236600e-11
1.085738894298110553e-10
1.089105176863997033e-10
1.051640122143954868e-10
1.436295451282039363e-10
9.925089822447822724e-11
1.533231475868148845e-10
1.089644284962425046e-10
1.196263756824931131e-10
9.896128930479748386e-11
1.006709985343590319e-10
1.122588630713027796e-10
1.142746177722263188e-10
9.470133018862129586e-11
9.862040442498208742e-11
1.613816292485487419e-10
1.307060070585158509e-10
1.003566222950641049e-10
1.558162080289961893e-10
1.344230155344599811e-10
1.010788427044808073e-10
9.320367185831513969e-11
1.508920974578684548e-10
1.393581751099428861e-10
1.051894926968368826e-10
1.498352669989728334e-10
1.413578067382758126e-10
9.920473850803804598e-11
9.221259494560160705e-11
2.760201938219119846e-10
1.190538247684399864e-10
1.049612788642980998e-10
1.391307529478074660e-10
9.181664327203060366e-11
1.068884159083089504e-10
1.033158717281098234e-10
9.294426828865345001e-11
1.253233587228652271e-10
9.444552893976669010e-11
9.693168167066303769e-11
1.265060103832959231e-10
1.337208157467299471e-10
9.813782666701064028e-11
2.071614205784976059e-10
1.012326859409351508e-10
1.435749738845817479e-10
9.502474350520127298e-11
1.102035611874293674e-10
9.376926687527102501e-11
1.225922505602311857e-10
1.921841447894803990e-10
9.218124005973901323e-11
1.094408895138993342e-10
1.185885171030453959e-10
1.636695340291321035e-10
9.371242539764385654e-11
9.811075076226783790e-11
1.028261937166275762e-10
1.049390863811847729e-10
1.029638865312339427e-10
1.495397161250718014e-10
1.032886634930164181e-10
1.706609945974773908e-10
1.169913941649305260e-10
1.049847723133659859e-10
1.255075425566580992e-10
1.158216104140380106e-10
9.892448231443760908e-11
9.597137714294497103e-11
1.185557970795401360e-10
1.026881915375686719e-10
1.043052292940044869e-10
9.292926475346942137e-11
1.039220925268555084e-10
9.664270545765462405e-11
1.551312734113440874e-10
1.080224015401140712e-10
9.931622096355066965e-11
1.071412409270316486e-10
9.903074704551738809e-11
1.073114928627042175e-10
1.093026635568516351e-10
1.011479252175380372e-10
1.504724729306928866e-10
1.260932729394583118e-10
1.706919880905640160e-10
1.125603192336949570e-10
9.913584483969360437e-11
1.148333834930598229e-10
9.332140318173168023e-11
9.505416886355829643e-11
1.119919201478971818e-10
1.364716683412109702e-10
1.056346744972778472e-10
1.057069101995558647e-10
1.487780727792887170e-10
9.647826227316692759e-11
9.946013329926010723e-11
1.096325859576969563e-10
1.089480050189389604e-10
1.204116217049008286e-10
1.017280278770166537e-10
9.843691896186244688e-11
1.105559395680478863e-10
9.969159275332687245e-11
1.693453415573803602e-10
9.652790188200545699e-11
9.218513962095309813e-11
1.581521899184144028e-10
1.080204214649121293e-10
1.045908663761955968e-10
9.344976229109083138e-11
1.030737185852580586e-10
1.396314898595219918e-10
1.106232776908022720e-10
1.358663686587466991e-10
1.403708350729221228e-10
1.522999387336689912e-10
1.367549728360091569e-10
1.069223844603723820e-10
1.297029730663027710e-10
1.206357428901023489e-10
1.421937340348245616e-10
1.126571487025980326e-10
1.111267612027522622e-10
2.586355753578751260e-10
1.410896593441512511e-10
9.529575660191468675e-11
1.140631990962689566e-10
1.756475813384623526e-10
9.281416715483893922e-11
1.656518358075148820e-10
1.153399756785790802e-10
2.498368807427522992e-10
1.309108034671766384e-10
1.004487496946891369e-10
9.179365082328587216e-11
1.167461015956658927e-10
1.461306158850269457e-10
9.295039815556595453e-11
1.226346586500075028e-10
9.829169674607947030e-11
1.003980963181144670e-10
9.588899687671556741e-11
1.529864636213025831e-10
1.037178231617389953e-10
9.871976341183373162e-11
1.006579104106182205e-10
9.401773444058256613e-11
9.796988133484864555e-11
9.975651127310967554e-11
9.583278585060885427e-11
1.234264100482651512e-10
1.084665503402488931e-10
1.639555321911649819e-10
1.076250429296917374e-10
1.196610378672544900e-10
1.220804423224714665e-10
1.355445699210444145e-10
9.356353388069436615e-11
1.395359903812995944e-10
1.023458843056402923e-10
1.023463291249276092e-10
1.075880041646533365e-10
1.037277885380759118e-10
1.291753804469140871e-10
1.060757777853042666e-10
9.715055832614655657e-11
1.398631634651279164e-10
1.227387888565036022e-10
1.122614613211459762e-10
9.920824304000122604e-11
1.101478177065788834e-10
1.174159611703807059e-10
2.236167881521025717e-10
1.527854574474666912e-10
1.031049540952568801e-10
1.077855572398079808e-10
9.179707554990448236e-11
1.310054509459846014e-10
1.044020233624932087e-10
1.964334847855912722e-10
1.022116198344431413e-10
1.185980318024707537e-10
9.974635123528161033e-11
1.050640649926789582e-10
1.760206518212608406e-10
1.090455315222541019e-10
9.574652905519047132e-11
9.424586921510876823e-11
1.069885817297610172e-10
1.005029963795265687e-10
1.128797167032239204e-10
1.856626837725869114e-10
9.309901983412469312e-11
9.316488210666822800e-11
9.289521661248679068e-11
9.313412998057510957e-11
9.741731767686291557e-11
1.556751176064339899e-10
1.142852537670703345e-10
1.516297231726078034e-10
9.613548247268527162e-11
2.059140924731521182e-10
9.343739898267075389e-11
9.602171632328078549e-11
2.157424707086742078e-10
1.155718807993205565e-10
9.660372306609516081e-11
1.091114414611870380e-10
1.032713057749802100e-10
1.267233765150282016e-10
2.471678126230930169e-10
1.974369979030670509e-10
1.075560652374966576e-10
9.354412585932945630e-11
1.666549855429496860e-10
9.650355316753591283e-11
1.085779726791174999e-10
1.616898495944139749e-10
1.228352585484718781e-10
2.039547846822825314e-10
2.150032219526554318e-10
1.184669830042398199e-10
1.038983889588547359e-10
1.644764962559292715e-10
9.571634669235627709e-11
1.482152642768958272e-10
1.187682711403415413e-10
9.954675790447992034e-11
9.796633807123305066e-11
1.423112298459523160e-10
1.486269818564409024e-10
1.118460301095901376e-10
1.702303673365534524e-10
1.002449449185951647e-10
9.429494271445388748e-11
1.182363944103331755e-10
1.066111762614856609e-10
9.642922512423823237e-11
1.048981718251320918e-10
1.389209372884761511e-10
2.151232301958413362e-10
1.225555287110789810e-10
1.102578908101978054e-10
1.145207739543031212e-10
1.765486005780060175e-10
1.309598077403947140e-10
9.894510181396209905e-11
1.401866282988460877e-10
1.100880154620594478e-10
9.335852913058215519e-11
1.028053707996477970e-10
9.913020345872012246e-11
1.083960673357433627e-10
9.601246568282661722e-11
9.265802895005997801e-11
1.223530057059130063e-10
1.152181221752494626e-10
1.138002330540652965e-10
1.198604334574609397e-10
1.180264859236089455e-10
1.304064414857258316e-10
1.521435276603985682e-10
1.360818022879367406e-10
1.293973918244696961e-10
1.047102498111715281e-10
1.031297008842416944e-10
9.531358976115822485e-11
1.223621369566920710e-10
9.870093938571389142e-11
9.797296234250183831e-11
1.682867669531331575e-10
9.255348496547739257e-11
1.037748196698663476e-10
1.085529078573802081e-10
1.106735500594146627e-10
1.661922039643427020e-10
1.859099666598255609e-10
1.402828653265422634e-10
1.435959225684160912e-10
1.059577415865253992e-10
1.372593876326456343e-10
1.225633803982580232e-10
9.504293754377166595e-11
1.095383113439942422e-10
9.939154667173968116e-11
9.780122085662778430e-11
1.653414137398628868e-10
9.637141447783069180e-11
9.844550974885434283e-11
1.095014201761968138e-10
1.486615318261635862e-10
9.297426900324924829e-11
1.003869375099607617e-10
1.165810875466235543e-10
1.061520591545610071e-10
1.143191754579804703e-10
1.401903437829144883e-10
9.441020939683316317e-11
1.160218525603979595e-10
1.105319607505599959e-10
1.064310615619113507e-10
1.007012309213934707e-10
1.214388912249439957e-10
1.263911643642276464e-10
1.525402005568785740e-10
9.248999610766814812e-11
1.384774845821186024e-10
1.113400211543976357e-10
1.140823473361991197e-10
9.973194365905005719e-11
1.462668208295876845e-10
9.265366153154673803e-11
9.416519989097938319e-11
1.185915149571280591e-10
1.059233586297417195e-10
9.597749435099629755e-11
1.169045767182878263e-10
9.185772361594761342e-11
1.110258653372834127e-10
9.210224286440834039e-11
1.026086262111723378e-10
1.292623152202106010e-10
1.179295955891921996e-10
1.233896537201545823e-10
1.180597268356971744e-10
9.502632571651112178e-11
1.009770168014219945e-10
1.243608577182825123e-10
1.020736340526734593e-10
1.020751202368045017e-10
1.353452247992699221e-10
1.395058029141055447e-10
2.597232771583935656e-10
1.273517302045792480e-10
1.110102614153715123e-10
1.393819405448106421e-10
3.007780263405963786e-10
9.420904941299461078e-11
1.493492511136371878e-10
1.236502657909256469e-10
1.097482721842079331e-10
1.006958167493675129e-10
9.487226840066582414e-11
1.119332550601779646e-10
1.032102392757988059e-10
1.239430064758852304e-10
1.348043768257612822e-10
9.834498715019836638e-11
1.194768913494536741e-10
1.067783100037811836e-10
9.177244764589328681e-11
3.026968479998289693e-10
1.202731628519394902e-10
1.085396693350213736e-10
1.966755737194861008e-10
1.278867559779528954e-10
9.429972140646462408e-11
1.080802340133060880e-10
1.590427041439794560e-10
9.543282331218284365e-11
1.505467480188248178e-10
1.429693929581473787e-10
9.644000267380754257e-11
1.121600905545563362e-10
1.237906861850548449e-10
1.024282952725711531e-10
1.068380165785465038e-10
1.782538358173982475e-10
1.298281360238394122e-10
9.280964464450727577e-11
1.302899277481907705e-10
1.804980048621835954e-10
1.040133509889587676e-10
1.122133167781070960e-10
1.271221809222189743e-10
9.381327829063798853e-11
1.054136619041994135e-10
1.149624245651441537e-10
9.889163608622280752e-11
3.312502419302128824e-10
1.083912730352426162e-10
1.251987390340376489e-10
1.365352838634897560e-10
1.104441844032337016e-10
9.383471730780909541e-11
1.031030389485148581e-10
9.956544193151191777e-11
9.409197122685482781e-11
1.374354526370649401e-10
1.051829783146935025e-10
9.615083031267423253e-11
9.521002198552806139e-11
1.245912328678884129e-10
1.287435753996687937e-10
1.194342810085875089e-10
1.464582967757844457e-10
1.428961117756290911e-10
1.995547864174340937e-10
2.122141295820242949e-10
1.229305252475683282e-10
9.512058392071431629e-11
9.262373177992015328e-11
1.040721054104486897e-10
1.534037056746675275e-10
1.126684634500524617e-10
1.001925397754708679e-10
1.110591380895025148e-10
1.427949917517009481e-10
9.439827450578407414e-11
1.378912041667418516e-10
1.207912824935086267e-10
1.228991979739730973e-10
1.100049405349226222e-10
9.284404318237418398e-11
9.821455749814613322e-11
1.165102857351281508e-10
9.320174075257681330e-11
9.366372588990412981e-11
1.038063098456809173e-10
1.002923456355553056e-10
1.017636480148737076e-10
1.415496106758360670e-10
1.117104115367274942e-10
2.076441446533434960e-10
1.061625422971350299e-10
1.180139202959683276e-10
9.582336218533493492e-11
1.002798180528803253e-10
1.226671839212157814e-10
1.287231953960781029e-10
9.359576586809946342e-11
1.298499293605342185e-10
1.230403681532128245e-10
9.753723612693307575e-11
1.059640704392172394e-10
9.275519786726436121e-11
1.373255497971167995e-10
9.996376041376410039e-11
9.706361860793849147e-11
1.091627429561129902e-10
1.477032930997285383e-10
9.596871056086782164e-11
1.178736555427472685e-10
1.033727681488303902e-10
1.058374304738837169e-10
9.960067500041787403e-11
1.541053064772711575e-10
1.126649191782795535e-10
1.267686303194102775e-10
1.981043662926874356e-10
1.022913069693131645e-10
1.138427918185883967e-10
9.233435189895986010e-11
1.013709252972164038e-10
9.703845548017012712e-11
9.649403073380334133e-11
1.059282505248125081e-10
1.392433720708068513e-10
9.354909849800929539e-11
1.253787380469550038e-10
9.337620361407155468e-11
9.981366356882195750e-11
1.085488237830885659e-10
9.671642252679584649e-11
1.042327280554097753e-10
1.112398459399652831e-10
1.088508235384095029e-10
1.200983460190000471e-10
1.014015729312500112e-10
9.838643483360848318e-11
9.254538901744399871e-11
9.306228673096830260e-11
1.228145288484845622e-10
1.296799527828007794e-10
1.899601843758494529e-10
1.076710065755057031e-10
1.117627268495057847e-10
9.691239857647636604e-11
9.309370398575007328e-11
1.130334102651881852e-10
9.280625263521003065e-11
9.773655676287120281e-11
9.353610498694554030e-11
1.881862337133795225e-10
9.235138666294685690e-11
1.609035107997878594e-10
1.044415056137612287e-10
9.766938376547336184e-11
9.407776643213595675e-11
1.085868427232659925e-10
1.045339682635263560e-10
1.470707194373080792e-10
1.651777209015449710e-10
9.952199304251366109e-11
9.339708786673463220e-11
1.163820849993246956e-10
1.014852520167903600e-10
1.306377590094176641e-10
1.826581858767272303e-10
9.246763636128250353e-11
9.846545011880832039e-11
1.096278390071299093e-10
9.673636288098117664e-11
9.288359579048334658e-11
1.012546896117694799e-10
1.223020119261005421e-10
1.252725548191910932e-10
1.099071841577893819e-10
9.959976393773583083e-11
9.374429236286200779e-11
9.695578081925583523e-11
1.194638117779680996e-10
1.239045027374021069e-10
9.844382232460896995e-11
9.741762731005586187e-11
1.045642396857341978e-10
9.401773444058256613e-11
1.425585051318096858e-10
1.635739401341251230e-10
1.064720331519107622e-10
1.124733833995581517e-10
1.063728753820136062e-10
1.356528374059393712e-10
1.018406634826156547e-10
1.128134223692678822e-10
9.351701288955722770e-11
1.304869039643108558e-10
9.595992606721827980e-11
1.006840851693934783e-10
1.076304346167063662e-10
9.696153274437366763e-11
9.924602415814789745e-11
1.070530325586652619e-10
1.942614361061181074e-10
2.292073866032851346e-10
1.441828322057317800e-10
9.378623341577580473e-11
1.291445359253816790e-10
1.196451305674220557e-10
9.959520851494121519e-11
1.207068611353698972e-10
1.154830631274421294e-10
9.262340816880113393e-11
1.166652067633881153e-10
9.720780820126680221e-11
9.231585389823661745e-11
1.499791367120476703e-10
9.288843795424638337e-11
1.079629854622054482e-10
1.091649851631497982e-10
1.320643631466635419e-10
9.939671872547227393e-11
1.053139220129465253e-10
1.621703988132947100e-10
9.680067717131944558e-11
1.116173993779239738e-10
1.235042967745187906e-10
1.323491576418419414e-10
9.417556593570568494e-11
2.370350586366497625e-10
1.049353147013130472e-10
1.039963915772022826e-10
1.322145901049179878e-10
1.087866027949215345e-10
1.214715688539724970e-10
1.033064598588559378e-10
1.160028518604351840e-10
1.004134755994006126e-10
9.479460264917158741e-11
9.897915394002349240e-11
9.399968635563928445e-11
1.115849596963581897e-10
9.312237420312550635e-11
9.277103393787857671e-11
1.051385263287882802e-10
1.408390079243539430e-10
1.049459041168809930e-10
9.221356955937593531e-11
9.275293537833878706e-11
9.319369410179031616e-11
1.036971569906454612e-10
1.203197602954329792e-10
1.328864709498541960e-10
1.067221477401321569e-10
1.238381313298630290e-10
9.588679922190588011e-11
1.367088269465387615e-10
9.448719750157806924e-11
1.088196307328082082e-10
1.234086624693788630e-10
9.582367632057542402e-11
1.024967293421781628e-10
1.262851095081515501e-10
1.051081099587671343e-10
1.019711903302603767e-10
9.948749556749088327e-11
9.197728677450229931e-11
1.055965927812419736e-10
1.530931346693326034e-10
2.434095680957295594e-10
1.187631944039369607e-10
1.007356651098207287e-10
9.548640439297187613e-11
1.032009661756474652e-10
1.464090934198190811e-10
1.485909268721356095e-10
9.831227874505245150e-11
1.050687020656856038e-10
1.932018487354396874e-10
1.290336843588303292e-10
1.232700034285807186e-10
1.556295011428302063e-10
9.344125263493626579e-11
9.502774968698144084e-11
1.126463783204770111e-10
9.209281125544054901e-11
1.239979220372844302e-10
1.538680144876072659e-10
1.385899994563815121e-10
1.138856067479262832e-10
1.141687491340596626e-10
9.386143008518929993e-11
1.006428647505341732e-10
9.416408348814591655e-11
1.469340861825374065e-10
1.583351778022057492e-10
1.348779970437359124e-10
9.837906747328600354e-11
1.053688614484550922e-10
9.616461022008743438e-11
1.567135304437332878e-10
9.576114564470473350e-11
1.108502449858238204e-10
9.731881060379810130e-11
9.613000058165216676e-11
1.127793771260119121e-10
1.066075994689036776e-10
1.168208724665625677e-10
1.470197514859765634e-10
1.583131116046072088e-10
1.220402809054123623e-10
1.028083246294919233e-10
1.006272151759997430e-10
1.460801212989286106e-10
9.501524975321552057e-11
1.150375396352518131e-10
1.533350150570311130e-10
1.092393755628173046e-10
1.242769354364735641e-10
1.036217902017711417e-10
1.428102800679036984e-10
9.353626541029108669e-11
1.018612121872277428e-10
9.847756600239619614e-11
1.089770604665809089e-10
1.221697473260826811e-10
1.138503563637940836e-10
1.008952210977435346e-10
1.062902777153071493e-10
1.221688583686359381e-10
9.482757776679001800e-11
1.026513734012208800e-10
1.018811618068150828e-10
1.056937927536827495e-10
1.251886702945293192e-10
1.882967185258398179e-10
1.046083232816617154e-10
1.701318287980424841e-10
1.324507147325450539e-10
1.036841105307117965e-10
1.235110893780597942e-10
1.156222642704822301e-10
1.066067410230592170e-10
9.423056900789730601e-11
9.309757008363497794e-11
9.660200752473047084e-11
1.103056703992977106e-10
9.192110578079933124e-11
1.593657494719099352e-10
1.683311903621728666e-10
1.027255893030960727e-10
1.114692918051549788e-10
9.833224275347947893e-11
9.717879908013489788e-11
9.561520651406195133e-11
9.918904297069612404e-11
1.526187161007451128e-10
1.219325759708250037e-10
1.097820229572653091e-10
1.237198654200751502e-10
9.207622258228175645e-11
1.086123229743672661e-10
1.151237151113059964e-10
1.553988767305890765e-10
9.443152978307239651e-11
1.786394431782716243e-10
1.039346739803710882e-10
1.516305641365980343e-10
1.151975349059870385e-10
1.374155176873134110e-10
9.299942436308695458e-11
9.559663562984893636e-11
9.601638554094279642e-11
1.142953504291499481e-10
1.164647409396486902e-10
9.767432660472842968e-11
1.065774071553928358e-10
1.281121822535946963e-10
1.388669074235528558e-10
1.135808683253446176e-10
9.784055659376428575e-11
1.458954960337748630e-10
9.269425540450610461e-11
1.132868091652797113e-10
1.261150124243362251e-10
1.015717067817828149e-10
1.077978849321739483e-10
1.212369105944588267e-10
1.031560622826126125e-10
1.158204128373298852e-10
9.613767515251501760e-11
9.608284502226856827e-11
9.821086823814153686e-11
1.465009857656860975e-10
1.360405426370070776e-10
9.695189421433145986e-11
9.698205069378852824e-11
9.193641604337496698e-11
1.004785885425752392e-10
9.732144478927503478e-11
9.297701058157973285e-11
1.064035484147819975e-10
9.633671352033366958e-11
1.136830231379380109e-10
1.000141523410798265e-10
9.726192796823012222e-11
1.320845285651802792e-10
