Fracture Radii List After Isolated Fracture and Cluster Removal
Format: xRadius yRadius Family# (-2 = userPolygon, -1 = userRectangle, 0 = userEllipse, > 0 is family in order of famProb)
38.3876 38.3876 2
59.808 59.808 2
34.6338 34.6338 3
97.4271 97.4271 3
31.9963 31.9963 2
55.2021 55.2021 3
69.0188 69.0188 3
31.8329 31.8329 2
31.8017 31.8017 3
30.0997 30.0997 3
47.2173 47.2173 1
30.5858 30.5858 3
38.1531 38.1531 3
44.3415 44.3415 3
33.5271 33.5271 3
36.9619 36.9619 1
35.1515 35.1515 2
56.5005 56.5005 2
133.058 133.058 3
31.72 31.72 2
46.7211 46.7211 2
32.3069 32.3069 3
54.4972 54.4972 2
33.0864 33.0864 3
35.6135 35.6135 1
71.9146 71.9146 3
34.5612 34.5612 3
89.2093 89.2093 3
130.352 130.352 3
255.291 255.291 3
97.1076 97.1076 3
43.7336 43.7336 3
34.5358 34.5358 3
38.4715 38.4715 1
40.151 40.151 3
63.6593 63.6593 3
31.5462 31.5462 3
42.4257 42.4257 3
33.2566 33.2566 1
64.8004 64.8004 3
33.7859 33.7859 2
30.5134 30.5134 1
91.1654 91.1654 3
31.3471 31.3471 3
53.6553 53.6553 2
32.5634 32.5634 1
40.7356 40.7356 3
53.3303 53.3303 3
32.8375 32.8375 1
59.8107 59.8107 2
43.2081 43.2081 3
68.2048 68.2048 2
33.4149 33.4149 3
30.5709 30.5709 1
38.6875 38.6875 3
42.463 42.463 2
44.3708 44.3708 3
49.8402 49.8402 3
44.6576 44.6576 1
37.2232 37.2232 1
31.7314 31.7314 3
30.1954 30.1954 2
32.0147 32.0147 3
143.525 143.525 1
47.1745 47.1745 3
65.1383 65.1383 1
54.1392 54.1392 2
69.798 69.798 3
42.0098 42.0098 3
30.1195 30.1195 2
30.8636 30.8636 3
42.5362 42.5362 3
37.1366 37.1366 3
49.8531 49.8531 3
34.4348 34.4348 3
47.4934 47.4934 1
30.3416 30.3416 2
59.6777 59.6777 3
30.1084 30.1084 2
33.47 33.47 2
51.3052 51.3052 3
47.7321 47.7321 1
41.8929 41.8929 2
33.1608 33.1608 3
31.8091 31.8091 2
30.3212 30.3212 2
31.9302 31.9302 3
46.4728 46.4728 3
30.2584 30.2584 1
33.4094 33.4094 2
35.7818 35.7818 2
88.5227 88.5227 3
50.8763 50.8763 2
32.5985 32.5985 3
30.6902 30.6902 2
30.2972 30.2972 1
45.2096 45.2096 2
122.819 122.819 3
139.338 139.338 3
33.5338 33.5338 3
34.5603 34.5603 1
48.3878 48.3878 3
38.9545 38.9545 3
54.7489 54.7489 1
30.9884 30.9884 1
43.1258 43.1258 2
67.5748 67.5748 3
40.8307 40.8307 2
33.9359 33.9359 1
36.3806 36.3806 3
45.5466 45.5466 1
36.131 36.131 2
42.688 42.688 3
45.3023 45.3023 2
35.3142 35.3142 3
82.2271 82.2271 2
104.345 104.345 3
45.6058 45.6058 3
42.0516 42.0516 2
55.6581 55.6581 3
214.521 214.521 1
129.733 129.733 3
92.2104 92.2104 3
40.4481 40.4481 2
38.3306 38.3306 2
45.463 45.463 3
35.5584 35.5584 3
48.2392 48.2392 1
32.7468 32.7468 1
37.4644 37.4644 3
33.1905 33.1905 1
34.1175 34.1175 2
32.705 32.705 2
42.2307 42.2307 2
111.378 111.378 2
90.5145 90.5145 1
33.0215 33.0215 2
39.9501 39.9501 1
54.5119 54.5119 3
68.7785 68.7785 3
46.0403 46.0403 1
45.9518 45.9518 2
32.4953 32.4953 2
64.6887 64.6887 3
30.6632 30.6632 2
101.893 101.893 1
40.0535 40.0535 3
127.65 127.65 1
30.0647 30.0647 3
186.412 186.412 1
52.7248 52.7248 1
33.8872 33.8872 3
41.7101 41.7101 2
85.8025 85.8025 1
50.2309 50.2309 3
32.0889 32.0889 1
57.2819 57.2819 3
42.8217 42.8217 3
64.3068 64.3068 3
36.6201 36.6201 1
30.339 30.339 3
32.951 32.951 1
40.9336 40.9336 3
55.8779 55.8779 1
36.5292 36.5292 3
52.0969 52.0969 3
34.4479 34.4479 2
49.9674 49.9674 3
37.5706 37.5706 3
32.4253 32.4253 1
56.0298 56.0298 3
218.599 218.599 1
33.8257 33.8257 3
49.4018 49.4018 3
36.8911 36.8911 3
43.0391 43.0391 1
37.9515 37.9515 3
35.1833 35.1833 3
36.7785 36.7785 1
95.0676 95.0676 3
35.6004 35.6004 3
52.0297 52.0297 2
59.4135 59.4135 2
30.6281 30.6281 1
35.5917 35.5917 1
41.4255 41.4255 1
71.2808 71.2808 3
34.6575 34.6575 2
193.465 193.465 1
32.4036 32.4036 2
32.8844 32.8844 3
36.6848 36.6848 2
32.851 32.851 3
55.5771 55.5771 3
45.0366 45.0366 1
32.0106 32.0106 2
53.4755 53.4755 2
92.5896 92.5896 3
36.6599 36.6599 2
46.3946 46.3946 2
67.0078 67.0078 1
40.5471 40.5471 2
61.797 61.797 1
47.4632 47.4632 1
52.4615 52.4615 1
30.1858 30.1858 3
37.1771 37.1771 2
37.0721 37.0721 2
44.1122 44.1122 3
36.5216 36.5216 3
30.7619 30.7619 3
42.1016 42.1016 3
36.1683 36.1683 3
40.5865 40.5865 1
47.506 47.506 1
54.4108 54.4108 2
105.993 105.993 2
39.9627 39.9627 1
32.2276 32.2276 1
31.1155 31.1155 2
82.1779 82.1779 2
49.6893 49.6893 2
59.6614 59.6614 3
124.183 124.183 2
37.5073 37.5073 1
31.4353 31.4353 3
70.7489 70.7489 3
139.983 139.983 1
67.8108 67.8108 1
39.3279 39.3279 2
43.1621 43.1621 1
113.575 113.575 3
43.8992 43.8992 3
34.3531 34.3531 1
108.328 108.328 2
31.3967 31.3967 2
32.4587 32.4587 3
57.9549 57.9549 3
31.0001 31.0001 2
39.9044 39.9044 3
34.3449 34.3449 2
37.9099 37.9099 2
75.073 75.073 2
75.4544 75.4544 1
54.2089 54.2089 3
41.2559 41.2559 3
30.5588 30.5588 1
48.2428 48.2428 3
32.0842 32.0842 3
39.1925 39.1925 3
35.6762 35.6762 3
33.0018 33.0018 2
32.0107 32.0107 3
42.3995 42.3995 3
104.035 104.035 2
35.0514 35.0514 3
77.3913 77.3913 1
30.364 30.364 1
30.4685 30.4685 2
32.8157 32.8157 1
49.3224 49.3224 3
144.315 144.315 3
46.1048 46.1048 3
75.7152 75.7152 3
163.616 163.616 3
44.3742 44.3742 3
103.688 103.688 2
40.5583 40.5583 3
34.7479 34.7479 3
51.3794 51.3794 3
31.9303 31.9303 3
32.2242 32.2242 1
32.2997 32.2997 2
45.71 45.71 3
197.307 197.307 3
70.6184 70.6184 3
33.0573 33.0573 3
33.4384 33.4384 3
255.802 255.802 3
54.787 54.787 3
98.729 98.729 1
49.3611 49.3611 3
31.7322 31.7322 1
39.2654 39.2654 2
43.1823 43.1823 3
187.415 187.415 2
38.2701 38.2701 3
33.6745 33.6745 2
157.584 157.584 3
32.3264 32.3264 3
31.0741 31.0741 3
38.9986 38.9986 3
43.1722 43.1722 2
30.7339 30.7339 3
46.2666 46.2666 3
43.6827 43.6827 3
33.9457 33.9457 3
50.2534 50.2534 3
72.8778 72.8778 3
64.0362 64.0362 3
30.1381 30.1381 3
37.8657 37.8657 1
107.838 107.838 3
54.7399 54.7399 1
108.023 108.023 1
75.1151 75.1151 2
35.2914 35.2914 2
124.014 124.014 3
31.7901 31.7901 2
30.0947 30.0947 3
30.9407 30.9407 3
102.844 102.844 2
33.7314 33.7314 3
104.614 104.614 3
41.1668 41.1668 3
32.1254 32.1254 3
33.7702 33.7702 3
43.8893 43.8893 3
34.3892 34.3892 3
33.7485 33.7485 3
31.648 31.648 1
82.9564 82.9564 3
34.5238 34.5238 2
58.4618 58.4618 2
44.6879 44.6879 3
31.852 31.852 1
104.483 104.483 3
46.7101 46.7101 2
50.144 50.144 3
111.798 111.798 3
44.4003 44.4003 3
43.0419 43.0419 2
65.2387 65.2387 1
33.8815 33.8815 3
33.5998 33.5998 3
43.2014 43.2014 3
30.7128 30.7128 3
54.7025 54.7025 3
72.2046 72.2046 1
59.3586 59.3586 3
86.1075 86.1075 1
30.901 30.901 3
37.7201 37.7201 3
47.9672 47.9672 1
79.7475 79.7475 3
40.0404 40.0404 3
63.1119 63.1119 3
38.4314 38.4314 1
39.8917 39.8917 3
32.6429 32.6429 3
33.4928 33.4928 3
47.4251 47.4251 3
53.4786 53.4786 3
50.9843 50.9843 3
91.9561 91.9561 3
32.7333 32.7333 2
32.095 32.095 1
39.4489 39.4489 1
61.7653 61.7653 1
44.6789 44.6789 1
40.9192 40.9192 3
106.523 106.523 3
49.9218 49.9218 3
99.035 99.035 2
39.1852 39.1852 3
115.394 115.394 1
55.6283 55.6283 2
37.2077 37.2077 3
37.3838 37.3838 1
30.3631 30.3631 3
38.703 38.703 3
39.9517 39.9517 2
124.131 124.131 1
31.6013 31.6013 2
74.9202 74.9202 1
33.2213 33.2213 3
42.2225 42.2225 1
34.3378 34.3378 2
34.8633 34.8633 3
44.5834 44.5834 2
75.0202 75.0202 3
43.1483 43.1483 3
96.7776 96.7776 1
53.9572 53.9572 2
36.7263 36.7263 3
31.1111 31.1111 1
31.3111 31.3111 3
48.5165 48.5165 2
42.8436 42.8436 3
92.1989 92.1989 2
64.3688 64.3688 3
32.2004 32.2004 1
31.7454 31.7454 2
30.7549 30.7549 2
35.7833 35.7833 1
42.2223 42.2223 2
37.5935 37.5935 3
47.3079 47.3079 1
86.9814 86.9814 3
31.8622 31.8622 2
36.6743 36.6743 1
36.0694 36.0694 3
33.0003 33.0003 3
36.7972 36.7972 3
36.2319 36.2319 1
39.6102 39.6102 3
38.8394 38.8394 3
41.4174 41.4174 3
32.0768 32.0768 3
30.4964 30.4964 3
31.073 31.073 1
72.7711 72.7711 1
30.205 30.205 2
37.0356 37.0356 3
31.8777 31.8777 1
40.3952 40.3952 3
30.2909 30.2909 3
32.9023 32.9023 1
120.243 120.243 3
38.937 38.937 3
79.3333 79.3333 3
36.369 36.369 2
95.0702 95.0702 3
30.245 30.245 2
30.9746 30.9746 3
34.9344 34.9344 3
47.7523 47.7523 1
54.3442 54.3442 2
35.297 35.297 1
39.2439 39.2439 2
32.4667 32.4667 2
50.2119 50.2119 3
34.5373 34.5373 1
34.528 34.528 3
40.6388 40.6388 3
62.388 62.388 1
62.0442 62.0442 3
39.6699 39.6699 3
35.5424 35.5424 3
34.6579 34.6579 1
37.0733 37.0733 2
36.289 36.289 3
142.36 142.36 2
41.8307 41.8307 1
97.1627 97.1627 3
57.9186 57.9186 1
77.0472 77.0472 3
33.8127 33.8127 2
87.5465 87.5465 3
43.9219 43.9219 3
31.2731 31.2731 1
56.7781 56.7781 2
38.3484 38.3484 1
30.994 30.994 2
63.3896 63.3896 1
42.1376 42.1376 3
33.1294 33.1294 3
56.7031 56.7031 2
176.372 176.372 3
33.8763 33.8763 3
31.8406 31.8406 1
74.1435 74.1435 3
262.912 262.912 3
83.3053 83.3053 2
47.9977 47.9977 1
30.2242 30.2242 3
45.1111 45.1111 3
38.6413 38.6413 3
55.0043 55.0043 2
80.7454 80.7454 3
30.0872 30.0872 2
31.3815 31.3815 3
42.0835 42.0835 3
32.6739 32.6739 2
39.2336 39.2336 3
91.151 91.151 3
48.2408 48.2408 3
32.4583 32.4583 3
126.853 126.853 3
58.1152 58.1152 2
31.0123 31.0123 1
44.0407 44.0407 3
30.0543 30.0543 3
494.488 494.488 3
30.2838 30.2838 1
33.7102 33.7102 3
34.5552 34.5552 3
42.6058 42.6058 2
44.7096 44.7096 2
50.0714 50.0714 1
40.4888 40.4888 3
49.4105 49.4105 1
35.7167 35.7167 2
34.8121 34.8121 3
43.8455 43.8455 2
35.3413 35.3413 2
93.0766 93.0766 3
126.53 126.53 3
46.9813 46.9813 2
36.0034 36.0034 3
60.1944 60.1944 2
44.8195 44.8195 3
146.728 146.728 3
84.1775 84.1775 2
30.6196 30.6196 2
34.7748 34.7748 1
69.6406 69.6406 1
38.0176 38.0176 3
37.2475 37.2475 3
97.6266 97.6266 3
137.69 137.69 2
61.3636 61.3636 1
43.0572 43.0572 2
120.078 120.078 3
38.3232 38.3232 3
56.7657 56.7657 3
70.9642 70.9642 3
30.2884 30.2884 3
38.8427 38.8427 3
35.1868 35.1868 3
39.0148 39.0148 3
48.9377 48.9377 2
149.53 149.53 1
35.7941 35.7941 3
316.615 316.615 3
32.0918 32.0918 3
45.4557 45.4557 2
59.2545 59.2545 1
30.2236 30.2236 3
35.2272 35.2272 3
32.5249 32.5249 1
36.8845 36.8845 3
39.135 39.135 2
61.4892 61.4892 3
164.719 164.719 3
39.7891 39.7891 1
31.7439 31.7439 3
37.2413 37.2413 2
31.4558 31.4558 1
31.1697 31.1697 3
94.2087 94.2087 3
44.8057 44.8057 1
52.0931 52.0931 3
32.4037 32.4037 2
35.7985 35.7985 3
48.8385 48.8385 3
35.7206 35.7206 3
40.9174 40.9174 2
68.4451 68.4451 3
75.7247 75.7247 3
67.1587 67.1587 3
46.3419 46.3419 3
39.2649 39.2649 3
62.4442 62.4442 1
34.4678 34.4678 3
34.7756 34.7756 3
35.2039 35.2039 1
47.7197 47.7197 2
50.9597 50.9597 1
45.0868 45.0868 2
46.5967 46.5967 3
80.0415 80.0415 2
36.8637 36.8637 2
77.8151 77.8151 1
41.3316 41.3316 3
32.5419 32.5419 1
58.6682 58.6682 2
74.1199 74.1199 2
38.3309 38.3309 2
34.0519 34.0519 3
34.1197 34.1197 2
31.2567 31.2567 2
41.2439 41.2439 3
33.6645 33.6645 3
32.8755 32.8755 3
49.455 49.455 1
41.3852 41.3852 2
36.7075 36.7075 3
38.5549 38.5549 3
56.6185 56.6185 2
71.1807 71.1807 1
40.7621 40.7621 3
47.2289 47.2289 1
47.92 47.92 1
67.1156 67.1156 3
32.1977 32.1977 1
35.8442 35.8442 2
56.0372 56.0372 1
35.4696 35.4696 2
155.351 155.351 1
33.6476 33.6476 1
42.4925 42.4925 2
61.8524 61.8524 3
61.3594 61.3594 3
37.7202 37.7202 3
54.2716 54.2716 3
43.6315 43.6315 1
34.4334 34.4334 3
44.0624 44.0624 1
35.8712 35.8712 3
97.7148 97.7148 2
138.017 138.017 1
75.4664 75.4664 3
64.5622 64.5622 3
30.8906 30.8906 3
44.3318 44.3318 1
35.2688 35.2688 3
47.1068 47.1068 3
41.747 41.747 1
33.5999 33.5999 1
38.3762 38.3762 2
30.6191 30.6191 3
33.6487 33.6487 3
41.8769 41.8769 1
67.14 67.14 3
36.2732 36.2732 1
31.0736 31.0736 1
77.039 77.039 3
52.0713 52.0713 1
38.4291 38.4291 3
104.909 104.909 2
60.7804 60.7804 3
31.2347 31.2347 3
33.8048 33.8048 3
37.3299 37.3299 2
53.1859 53.1859 3
54.4216 54.4216 3
36.7238 36.7238 1
51.7721 51.7721 3
44.9607 44.9607 3
61.9415 61.9415 1
36.7656 36.7656 1
39.6943 39.6943 1
36.6339 36.6339 1
33.3452 33.3452 3
79.9678 79.9678 3
88.7204 88.7204 2
37.2765 37.2765 2
51.2619 51.2619 1
113.947 113.947 3
48.2923 48.2923 3
50.8926 50.8926 2
60.8292 60.8292 3
36.0042 36.0042 2
155.003 155.003 3
46.3569 46.3569 3
33.7954 33.7954 3
58.1889 58.1889 3
37.7022 37.7022 2
51.4878 51.4878 3
48.836 48.836 2
68.4005 68.4005 2
51.1329 51.1329 3
32.2459 32.2459 3
46.4223 46.4223 3
35.0949 35.0949 3
75.6786 75.6786 1
33.1169 33.1169 3
40.7819 40.7819 1
45.5378 45.5378 1
44.1021 44.1021 1
39.1791 39.1791 3
33.5973 33.5973 1
50.6396 50.6396 1
198.149 198.149 3
54.5065 54.5065 3
39.4586 39.4586 3
104.896 104.896 2
34.7976 34.7976 2
35.7559 35.7559 2
462.342 462.342 1
30.1555 30.1555 2
58.232 58.232 2
40.9074 40.9074 3
40.9073 40.9073 1
32.3414 32.3414 2
33.1673 33.1673 1
46.5748 46.5748 3
178.413 178.413 3
30.0287 30.0287 2
51.2189 51.2189 3
34.0447 34.0447 3
37.2428 37.2428 3
40.1846 40.1846 3
55.7602 55.7602 2
39.7285 39.7285 3
31.479 31.479 3
87.2931 87.2931 3
38.3591 38.3591 2
35.9933 35.9933 3
36.7776 36.7776 3
61.7279 61.7279 1
122.943 122.943 3
48.4835 48.4835 2
46.0152 46.0152 3
65.0758 65.0758 3
216.973 216.973 1
31.2006 31.2006 3
32.6115 32.6115 3
86.9246 86.9246 2
64.61 64.61 3
48.1353 48.1353 2
42.0494 42.0494 2
60.1725 60.1725 1
36.7808 36.7808 2
37.484 37.484 3
32.7966 32.7966 2
124.627 124.627 2
64.9319 64.9319 3
33.151 33.151 3
34.9636 34.9636 3
68.5447 68.5447 1
61.2945 61.2945 1
58.5026 58.5026 2
30.7487 30.7487 3
51.0724 51.0724 3
64.0085 64.0085 3
36.8464 36.8464 2
42.469 42.469 1
31.6578 31.6578 2
70.3741 70.3741 3
35.8097 35.8097 2
33.3952 33.3952 3
100.627 100.627 1
40.9315 40.9315 3
32.3491 32.3491 3
44.0953 44.0953 1
42.6959 42.6959 2
39.42 39.42 1
32.9072 32.9072 3
56.5274 56.5274 1
51.2916 51.2916 1
30.4014 30.4014 3
51.4517 51.4517 3
35.4866 35.4866 3
46.0984 46.0984 3
40.8682 40.8682 2
63.7968 63.7968 3
30.3586 30.3586 2
31.5767 31.5767 3
193.168 193.168 3
37.8591 37.8591 1
101.334 101.334 1
32.2073 32.2073 2
57.5823 57.5823 1
80.1192 80.1192 3
54.079 54.079 3
77.2202 77.2202 3
40.1305 40.1305 3
30.1085 30.1085 2
31.428 31.428 2
52.5006 52.5006 3
120.014 120.014 2
37.6785 37.6785 1
32.2606 32.2606 1
32.6175 32.6175 3
51.7573 51.7573 1
67.8884 67.8884 3
99.5313 99.5313 3
72.7076 72.7076 1
75.9977 75.9977 2
54.8347 54.8347 3
53.6125 53.6125 3
37.4155 37.4155 2
30.0709 30.0709 1
41.2515 41.2515 3
40.7477 40.7477 3
54.6174 54.6174 2
32.373 32.373 3
42.0158 42.0158 1
42.707 42.707 3
57.6519 57.6519 1
118.831 118.831 3
153.824 153.824 1
45.9373 45.9373 2
36.3245 36.3245 3
46.858 46.858 3
52.4093 52.4093 3
59.8921 59.8921 3
35.6812 35.6812 1
45.5361 45.5361 1
31.6348 31.6348 3
47.6424 47.6424 3
35.2993 35.2993 3
36.8753 36.8753 2
33.2457 33.2457 3
84.6039 84.6039 1
36.3393 36.3393 3
41.7352 41.7352 3
41.0681 41.0681 2
72.5996 72.5996 1
32.9082 32.9082 3
32.4491 32.4491 1
47.2646 47.2646 3
42.2627 42.2627 2
81.1054 81.1054 3
30.8836 30.8836 1
33.6164 33.6164 1
40.8303 40.8303 2
41.6624 41.6624 3
33.6766 33.6766 2
35.3463 35.3463 2
33.3462 33.3462 3
37.5949 37.5949 3
30.8007 30.8007 3
58.0886 58.0886 3
47.819 47.819 3
34.6979 34.6979 3
31.787 31.787 3
120.812 120.812 3
47.873 47.873 3
34.2389 34.2389 3
46.5556 46.5556 3
87.5909 87.5909 3
36.1776 36.1776 2
42.6137 42.6137 3
33.1968 33.1968 1
39.2972 39.2972 3
36.1413 36.1413 3
34.9117 34.9117 3
83.2241 83.2241 3
59.4436 59.4436 2
30.6633 30.6633 3
40.6642 40.6642 2
129.156 129.156 3
140.953 140.953 3
34.7325 34.7325 3
73.1826 73.1826 2
170.107 170.107 1
40.6984 40.6984 2
52.4532 52.4532 1
40.0891 40.0891 3
51.3237 51.3237 2
31.5392 31.5392 1
31.6283 31.6283 2
46.1488 46.1488 3
40.1687 40.1687 1
39.1242 39.1242 2
32.0653 32.0653 2
32.5566 32.5566 1
42.8488 42.8488 1
52.8265 52.8265 3
31.8959 31.8959 3
47.0338 47.0338 2
40.514 40.514 3
37.0065 37.0065 3
126.835 126.835 3
60.1521 60.1521 3
37.516 37.516 1
32.4905 32.4905 3
32.991 32.991 3
42.0823 42.0823 1
56.1943 56.1943 2
44.8119 44.8119 1
37.8399 37.8399 2
43.4878 43.4878 2
33.8964 33.8964 3
30.432 30.432 2
33.8964 33.8964 1
47.6904 47.6904 2
36.9379 36.9379 3
34.3967 34.3967 2
33.3698 33.3698 1
62.3296 62.3296 1
35.6741 35.6741 2
33.306 33.306 2
43.6528 43.6528 2
33.0529 33.0529 3
31.6078 31.6078 1
146.525 146.525 3
76.9595 76.9595 1
44.0162 44.0162 1
48.6714 48.6714 3
36.5974 36.5974 1
35.0576 35.0576 3
47.8981 47.8981 1
38.0093 38.0093 3
35.827 35.827 3
180.206 180.206 1
41.823 41.823 2
48.146 48.146 2
62.2219 62.2219 1
32.3855 32.3855 3
30.5082 30.5082 2
95.5419 95.5419 3
36.7037 36.7037 3
192.037 192.037 3
51.5205 51.5205 3
181.696 181.696 1
33.2752 33.2752 2
31.0467 31.0467 2
33.0593 33.0593 3
60.4611 60.4611 1
59.6833 59.6833 2
53.0287 53.0287 1
32.0964 32.0964 2
38.1658 38.1658 1
58.5185 58.5185 3
32.6345 32.6345 1
30.6712 30.6712 3
63.7767 63.7767 3
50.091 50.091 3
32.5344 32.5344 2
32.0763 32.0763 2
41.8473 41.8473 2
61.1617 61.1617 1
39.2789 39.2789 3
34.68 34.68 1
31.5446 31.5446 2
80.228 80.228 3
48.5407 48.5407 3
36.6907 36.6907 1
111.179 111.179 3
37.9011 37.9011 2
30.6774 30.6774 3
58.2384 58.2384 3
33.5262 33.5262 3
30.174 30.174 3
51.2881 51.2881 3
34.0266 34.0266 2
179.294 179.294 3
31.3207 31.3207 3
41.0534 41.0534 3
31.9186 31.9186 3
37.7237 37.7237 3
66.0255 66.0255 2
153.442 153.442 3
73.7404 73.7404 1
35.9658 35.9658 1
38.062 38.062 3
36.3195 36.3195 1
45.3987 45.3987 1
35.5691 35.5691 3
48.0225 48.0225 3
30.0939 30.0939 2
41.4856 41.4856 3
137.063 137.063 3
46.4311 46.4311 3
65.6249 65.6249 3
36.876 36.876 3
43.6298 43.6298 3
39.4847 39.4847 2
32.3564 32.3564 3
33.6728 33.6728 3
54.366 54.366 3
56.3441 56.3441 1
74.3703 74.3703 3
31.5303 31.5303 3
89.8757 89.8757 3
32.1646 32.1646 3
31.718 31.718 2
118.983 118.983 1
30.2894 30.2894 3
34.7358 34.7358 2
33.907 33.907 2
45.4149 45.4149 3
31.7232 31.7232 2
38.597 38.597 3
49.8232 49.8232 2
31.1341 31.1341 1
47.7631 47.7631 3
46.544 46.544 2
41.7494 41.7494 2
31.983 31.983 2
42.6287 42.6287 1
40.3932 40.3932 1
43.1452 43.1452 3
37.4087 37.4087 3
34.0538 34.0538 3
74.1611 74.1611 3
38.214 38.214 3
31.7448 31.7448 3
39.8855 39.8855 3
45.6326 45.6326 2
46.7195 46.7195 2
40.6288 40.6288 1
30.9356 30.9356 2
35.2252 35.2252 3
46.3711 46.3711 3
44.4045 44.4045 1
31.011 31.011 3
30.519 30.519 3
59.5129 59.5129 1
38.2989 38.2989 1
67.4087 67.4087 3
37.5379 37.5379 3
36.1816 36.1816 1
57.7918 57.7918 3
34.5518 34.5518 3
51.1994 51.1994 2
86.6599 86.6599 3
30.8163 30.8163 3
83.7473 83.7473 2
156.101 156.101 3
48.9534 48.9534 2
52.4707 52.4707 1
40.4289 40.4289 1
50.9344 50.9344 1
32.5566 32.5566 2
36.6084 36.6084 2
38.2446 38.2446 3
103.931 103.931 2
93.2818 93.2818 2
86.8813 86.8813 1
39.7503 39.7503 1
30.3695 30.3695 3
77.901 77.901 3
45.7326 45.7326 2
55.0283 55.0283 3
44.811 44.811 3
130.429 130.429 3
35.9026 35.9026 3
46.8888 46.8888 2
121.221 121.221 3
30.4062 30.4062 2
46.7257 46.7257 3
46.9011 46.9011 2
49.1637 49.1637 3
30.1542 30.1542 3
113.694 113.694 3
31.4116 31.4116 3
36.2509 36.2509 1
89.0659 89.0659 2
32.1044 32.1044 3
41.9946 41.9946 3
37.1525 37.1525 1
35.0892 35.0892 2
34.6276 34.6276 3
38.4253 38.4253 1
65.5366 65.5366 3
34.5368 34.5368 1
30.5559 30.5559 1
36.9035 36.9035 3
31.0153 31.0153 1
41.0556 41.0556 3
56.6792 56.6792 3
44.6165 44.6165 1
50.2432 50.2432 3
32.4274 32.4274 3
43.0181 43.0181 3
32.7409 32.7409 1
32.2359 32.2359 1
50.5889 50.5889 1
45.4292 45.4292 3
85.1187 85.1187 2
47.457 47.457 3
35.2582 35.2582 3
33.8042 33.8042 2
88.8232 88.8232 1
34.1435 34.1435 2
36.7502 36.7502 3
31.6121 31.6121 2
31.9498 31.9498 1
112.405 112.405 2
37.205 37.205 3
35.9289 35.9289 3
36.3701 36.3701 2
63.6056 63.6056 1
61.7569 61.7569 3
39.2495 39.2495 1
87.595 87.595 3
38.31 38.31 3
35.8855 35.8855 1
51.8613 51.8613 3
69.9278 69.9278 2
50.18 50.18 1
115.936 115.936 3
30.6173 30.6173 3
31.1254 31.1254 3
42.03 42.03 3
36.1433 36.1433 2
36.4074 36.4074 1
31.2913 31.2913 3
55.6443 55.6443 1
34.2424 34.2424 2
32.2642 32.2642 1
42.0243 42.0243 3
69.7802 69.7802 1
43.8749 43.8749 1
30.8474 30.8474 3
191.735 191.735 3
38.5427 38.5427 2
64.8657 64.8657 3
30.9596 30.9596 3
49.8883 49.8883 1
77.7397 77.7397 3
32.814 32.814 3
31.6774 31.6774 1
37.077 37.077 2
36.3305 36.3305 3
37.103 37.103 1
31.7219 31.7219 2
35.2818 35.2818 3
35.4746 35.4746 2
35.4528 35.4528 1
31.5917 31.5917 2
41.4582 41.4582 2
39.0244 39.0244 3
52.071 52.071 3
57.9566 57.9566 3
271.918 271.918 1
45.1252 45.1252 3
44.4034 44.4034 2
38.2824 38.2824 1
37.8585 37.8585 3
30.5594 30.5594 3
143.033 143.033 3
45.3648 45.3648 2
51.9299 51.9299 2
44.0097 44.0097 3
36.7837 36.7837 1
35.2386 35.2386 3
35.3385 35.3385 3
59.714 59.714 3
38.0081 38.0081 3
32.8323 32.8323 3
33.766 33.766 2
30.2866 30.2866 1
43.433 43.433 1
37.1455 37.1455 3
51.7432 51.7432 1
36.7696 36.7696 3
287.231 287.231 1
32.5068 32.5068 3
48.0524 48.0524 1
33.2709 33.2709 1
34.4947 34.4947 2
36.0955 36.0955 3
48.2337 48.2337 2
30.6282 30.6282 3
179.064 179.064 1
32.637 32.637 3
72.9892 72.9892 1
37.566 37.566 2
49.5605 49.5605 3
50.9021 50.9021 3
41.913 41.913 1
32.5092 32.5092 1
32.2586 32.2586 2
64.5311 64.5311 3
70.9045 70.9045 2
54.0492 54.0492 2
39.9319 39.9319 1
34.7761 34.7761 3
46.9577 46.9577 3
33.8225 33.8225 2
31.3118 31.3118 3
45.7158 45.7158 1
42.1116 42.1116 2
67.531 67.531 3
42.5564 42.5564 3
35.6842 35.6842 1
98.2377 98.2377 1
61.062 61.062 3
83.3852 83.3852 1
33.0428 33.0428 3
33.5312 33.5312 3
30.3519 30.3519 3
30.6418 30.6418 3
50.5204 50.5204 1
46.0472 46.0472 1
57.7831 57.7831 3
43.8254 43.8254 3
40.1972 40.1972 3
37.5835 37.5835 3
50.0154 50.0154 3
54.3644 54.3644 1
33.9841 33.9841 1
71.4274 71.4274 3
32.1046 32.1046 1
48.7104 48.7104 2
44.3481 44.3481 3
30.4882 30.4882 3
48.5673 48.5673 1
31.6526 31.6526 2
194.596 194.596 1
36.0377 36.0377 3
30.9271 30.9271 2
92.5219 92.5219 3
31.0013 31.0013 3
37.7646 37.7646 2
41.6462 41.6462 3
39.252 39.252 3
32.5913 32.5913 3
30.6904 30.6904 3
41.2574 41.2574 2
64.6608 64.6608 3
45.0121 45.0121 1
32.1375 32.1375 1
322.429 322.429 3
33.1219 33.1219 2
34.644 34.644 3
48.2566 48.2566 1
43.0184 43.0184 2
43.8918 43.8918 2
71.0131 71.0131 3
53.1299 53.1299 3
34.5534 34.5534 3
40.7885 40.7885 2
56.1706 56.1706 3
34.2551 34.2551 1
30.9098 30.9098 2
34.0736 34.0736 1
123.711 123.711 2
50.3313 50.3313 2
50.2295 50.2295 1
37.1556 37.1556 3
34.6424 34.6424 3
31.4077 31.4077 3
49.4225 49.4225 3
30.3298 30.3298 3
81.681 81.681 3
135.963 135.963 2
32.5935 32.5935 1
33.4546 33.4546 2
64.7542 64.7542 2
31.7415 31.7415 1
80.3947 80.3947 2
42.0272 42.0272 1
55.9734 55.9734 2
37.9514 37.9514 3
55.9066 55.9066 2
64.4628 64.4628 2
53.7128 53.7128 2
93.0381 93.0381 3
43.2858 43.2858 1
82.6127 82.6127 2
33.8926 33.8926 1
38.918 38.918 1
47.0364 47.0364 1
72.487 72.487 1
30.1054 30.1054 3
44.6951 44.6951 3
38.2137 38.2137 2
103.503 103.503 2
32.5192 32.5192 2
36.9588 36.9588 3
41.7185 41.7185 3
60.8815 60.8815 2
39.7983 39.7983 3
31.9831 31.9831 3
52.3629 52.3629 3
75.3911 75.3911 3
49.705 49.705 3
46.8387 46.8387 2
32.7878 32.7878 3
36.8048 36.8048 1
53.3664 53.3664 3
51.1097 51.1097 2
46.6349 46.6349 3
40.5695 40.5695 2
137.955 137.955 1
41.0029 41.0029 1
74.1667 74.1667 2
36.3905 36.3905 3
46.8126 46.8126 2
60.9675 60.9675 3
85.0366 85.0366 2
33.6601 33.6601 3
60.1555 60.1555 3
40.4991 40.4991 3
32.577 32.577 3
54.715 54.715 3
72.9071 72.9071 3
154.463 154.463 1
44.4947 44.4947 2
40.7567 40.7567 1
50.9702 50.9702 3
35.3006 35.3006 3
82.524 82.524 2
47.8934 47.8934 3
68.5494 68.5494 3
62.6337 62.6337 1
75.2322 75.2322 1
32.8042 32.8042 2
42.0872 42.0872 2
36.7264 36.7264 2
66.9845 66.9845 2
37.224 37.224 2
71.7017 71.7017 1
38.5978 38.5978 3
30.6695 30.6695 3
71.7614 71.7614 2
56.1777 56.1777 3
38.5112 38.5112 3
59.7058 59.7058 1
55.9182 55.9182 1
57.0562 57.0562 3
45.2515 45.2515 1
32.8749 32.8749 3
63.8701 63.8701 1
110.675 110.675 2
40.577 40.577 1
38.1806 38.1806 3
80.6492 80.6492 3
71.8197 71.8197 3
93.533 93.533 2
34.0043 34.0043 3
37.3436 37.3436 3
56.8714 56.8714 3
45.5625 45.5625 1
43.3051 43.3051 3
83.4014 83.4014 3
33.1068 33.1068 3
30.1064 30.1064 2
60.4449 60.4449 2
32.1639 32.1639 2
41.8547 41.8547 2
43.8972 43.8972 2
32.17 32.17 2
50.5842 50.5842 3
32.3759 32.3759 2
36.1633 36.1633 3
60.1567 60.1567 2
40.636 40.636 1
30.869 30.869 3
47.4979 47.4979 3
32.0473 32.0473 2
54.9081 54.9081 2
44.7312 44.7312 3
84.8967 84.8967 2
119.463 119.463 2
43.7381 43.7381 3
67.1369 67.1369 3
45.1064 45.1064 3
42.2778 42.2778 3
36.866 36.866 2
51.8649 51.8649 1
31.8465 31.8465 3
41.1253 41.1253 3
41.3647 41.3647 1
38.7369 38.7369 3
69.4954 69.4954 2
34.7537 34.7537 3
78.5486 78.5486 3
41.4031 41.4031 1
49.323 49.323 3
34.5638 34.5638 3
35.6919 35.6919 3
43.7812 43.7812 2
45.2668 45.2668 1
31.8267 31.8267 1
34.3409 34.3409 1
86.467 86.467 1
58.2342 58.2342 3
35.4832 35.4832 3
80.9604 80.9604 1
61.3779 61.3779 2
35.9635 35.9635 3
30.8895 30.8895 1
76.2296 76.2296 2
65.6708 65.6708 2
38.7545 38.7545 3
75.2316 75.2316 3
67.4487 67.4487 2
34.7234 34.7234 3
30.2765 30.2765 1
236.531 236.531 1
48.8813 48.8813 3
38.597 38.597 1
65.47 65.47 3
30.0332 30.0332 3
39.9364 39.9364 2
37.4703 37.4703 3
30.7285 30.7285 2
53.8188 53.8188 3
31.6657 31.6657 3
33.2466 33.2466 2
54.775 54.775 3
60.7781 60.7781 2
34.0265 34.0265 3
138.103 138.103 1
36.0662 36.0662 2
69.4459 69.4459 2
32.0308 32.0308 2
42.2903 42.2903 3
31.2419 31.2419 1
51.6407 51.6407 3
119.976 119.976 3
30.2572 30.2572 3
41.7432 41.7432 1
48.5237 48.5237 3
88.7797 88.7797 3
31.2064 31.2064 1
34.0089 34.0089 1
37.138 37.138 3
38.5817 38.5817 3
37.2313 37.2313 1
74.9536 74.9536 3
37.4518 37.4518 2
96.0231 96.0231 3
47.3056 47.3056 3
38.6132 38.6132 1
53.9672 53.9672 1
46.4226 46.4226 2
34.5397 34.5397 2
32.6317 32.6317 2
48.4986 48.4986 3
37.0446 37.0446 1
38.1459 38.1459 3
30.7192 30.7192 3
37.8836 37.8836 1
33.061 33.061 3
80.2944 80.2944 3
40.7345 40.7345 2
34.7966 34.7966 1
40.1137 40.1137 3
34.6093 34.6093 3
40.2333 40.2333 3
41.6444 41.6444 2
36.0096 36.0096 3
75.8326 75.8326 3
54.4404 54.4404 1
96.0558 96.0558 3
44.0019 44.0019 2
34.6782 34.6782 2
45.6827 45.6827 1
30.9627 30.9627 3
32.0494 32.0494 3
43.5862 43.5862 3
63.1435 63.1435 3
39.0626 39.0626 1
39.1127 39.1127 2
74.2394 74.2394 3
32.9556 32.9556 1
34.8912 34.8912 3
41.8804 41.8804 3
41.3914 41.3914 1
49.9318 49.9318 3
36.3978 36.3978 3
34.2212 34.2212 1
42.5442 42.5442 2
35.0436 35.0436 3
94.6398 94.6398 3
32.9874 32.9874 1
30.2596 30.2596 3
83.2511 83.2511 2
40.7331 40.7331 3
38.342 38.342 3
31.0426 31.0426 3
37.3058 37.3058 2
65.9125 65.9125 2
42.5928 42.5928 3
62.6194 62.6194 2
66.5684 66.5684 3
77.5686 77.5686 2
63.3895 63.3895 1
39.9602 39.9602 3
57.3991 57.3991 3
50.1062 50.1062 3
68.1985 68.1985 1
44.0729 44.0729 2
42.957 42.957 1
209.37 209.37 1
67.209 67.209 3
32.2023 32.2023 3
45.1099 45.1099 1
101.351 101.351 3
30.6479 30.6479 3
90.8065 90.8065 1
46.0613 46.0613 1
196.214 196.214 2
58.4054 58.4054 3
35.5443 35.5443 1
30.0191 30.0191 2
47.1198 47.1198 3
71.7817 71.7817 1
30.7323 30.7323 2
51.6742 51.6742 1
34.1266 34.1266 1
35.5107 35.5107 3
32.5792 32.5792 2
78.2255 78.2255 2
37.7441 37.7441 3
34.4058 34.4058 3
35.6832 35.6832 3
31.3973 31.3973 2
33.9174 33.9174 2
35.0864 35.0864 2
32.5434 32.5434 3
52.3015 52.3015 3
41.0491 41.0491 3
89.0708 89.0708 1
40.454 40.454 3
49.3498 49.3498 3
51.2372 51.2372 3
62.3416 62.3416 2
31.1135 31.1135 2
65.828 65.828 2
36.8134 36.8134 1
36.8137 36.8137 1
40.4279 40.4279 2
37.7509 37.7509 3
56.9621 56.9621 3
39.369 39.369 2
33.3875 33.3875 3
66.1177 66.1177 1
51.7565 51.7565 3
43.7831 43.7831 1
34.7257 34.7257 1
42.2502 42.2502 1
47.628 47.628 3
159.384 159.384 3
78.0329 78.0329 3
37.327 37.327 2
40.5672 40.5672 3
30.0212 30.0212 1
58.4846 58.4846 1
38.2123 38.2123 2
124.998 124.998 1
36.7229 36.7229 3
48.531 48.531 2
35.0797 35.0797 2
38.6679 38.6679 1
101.755 101.755 1
41.4609 41.4609 3
32.4885 32.4885 3
31.5403 31.5403 2
40.0066 40.0066 1
35.5803 35.5803 1
44.2363 44.2363 2
112.456 112.456 2
30.8245 30.8245 3
30.8654 30.8654 3
30.6981 30.6981 3
30.8463 30.8463 3
33.5596 33.5596 2
80.823 80.823 1
45.2747 45.2747 1
76.9298 76.9298 1
32.7364 32.7364 2
136.548 136.548 3
31.0349 31.0349 1
32.6638 32.6638 3
149.023 149.023 2
46.2351 46.2351 2
33.036 33.036 3
41.5079 41.5079 1
37.44 37.44 3
54.9516 54.9516 2
192.302 192.302 2
126.198 126.198 3
40.4054 40.4054 3
31.1014 31.1014 3
91.8403 91.8403 3
32.9718 32.9718 1
41.1282 41.1282 1
86.7769 86.7769 3
51.8328 51.8328 2
134.122 134.122 3
148.067 148.067 2
48.4305 48.4305 3
37.8674 37.8674 2
89.6022 89.6022 1
32.4693 32.4693 2
73.7137 73.7137 2
48.6617 48.6617 3
34.9482 34.9482 3
33.9151 33.9151 3
68.3042 68.3042 3
74.0981 74.0981 2
43.4798 43.4798 2
95.5693 95.5693 2
35.4092 35.4092 1
31.5711 31.5711 3
48.2539 48.2539 2
39.7424 39.7424 2
32.9242 32.9242 3
38.5535 38.5535 3
65.285 65.285 3
148.222 148.222 3
51.6117 51.6117 1
42.3294 42.3294 1
45.4498 45.4498 2
102.328 102.328 1
58.4464 58.4464 2
34.5532 34.5532 2
66.4047 66.4047 3
42.2072 42.2072 2
30.9858 30.9858 3
37.1239 37.1239 2
34.6745 34.6745 3
40.9991 40.9991 3
32.6579 32.6579 3
30.5513 30.5513 3
51.4519 51.4519 3
45.9701 45.9701 3
44.9151 44.9151 3
49.5041 49.5041 2
48.0934 48.0934 2
57.9842 57.9842 2
77.4193 77.4193 3
62.8057 62.8057 2
57.1458 57.1458 2
38.4241 38.4241 2
37.3438 37.3438 3
32.2136 32.2136 3
51.4591 51.4591 3
34.3935 34.3935 3
33.9194 33.9194 2
93.5336 93.5336 3
30.4867 30.4867 2
37.783 37.783 3
41.1104 41.1104 3
42.6291 42.6291 3
91.3627 91.3627 2
112.737 112.737 3
66.4902 66.4902 3
69.4649 69.4649 2
39.2869 39.2869 2
63.8286 63.8286 3
51.6179 51.6179 3
32.0423 32.0423 3
41.8129 41.8129 3
34.8461 34.8461 2
33.808 33.808 2
90.4877 90.4877 3
32.8872 32.8872 2
34.2268 34.2268 3
41.7865 41.7865 3
74.1304 74.1304 3
30.7471 30.7471 3
35.5033 35.5033 2
46.995 46.995 2
39.4221 39.4221 3
45.2999 45.2999 3
66.408 66.408 3
31.6435 31.6435 3
46.5732 46.5732 3
42.5269 42.5269 3
39.6166 39.6166 2
35.712 35.712 3
50.7335 50.7335 3
54.6818 54.6818 2
77.7982 77.7982 3
30.4475 30.4475 3
64.8948 64.8948 2
43.1117 43.1117 3
45.1241 45.1241 3
35.0702 35.0702 3
71.9072 71.9072 3
30.5486 30.5486 3
31.4897 31.4897 3
48.526 48.526 3
39.263 39.263 3
32.6356 32.6356 3
47.2398 47.2398 3
30.0584 30.0584 3
42.8839 42.8839 3
30.2086 30.2086 2
36.9908 36.9908 2
57.034 57.034 3
48.0194 48.0194 2
52.2723 52.2723 3
48.1188 48.1188 3
32.0318 32.0318 3
35.8956 35.8956 3
53.0464 53.0464 2
36.63 36.63 3
36.631 36.631 3
62.1698 62.1698 2
65.8013 65.8013 3
211.024 211.024 3
55.4636 55.4636 3
42.8726 42.8726 2
65.6918 65.6918 3
277.866 277.866 2
31.5172 31.5172 2
74.7747 74.7747 3
52.4795 52.4795 3
41.9633 41.9633 3
35.7084 35.7084 2
31.9345 31.9345 3
43.5434 43.5434 3
37.3985 37.3985 3
52.7127 52.7127 2
61.7048 61.7048 2
34.1613 34.1613 3
49.2075 49.2075 2
39.8593 39.8593 3
30.0061 30.0061 3
281.199 281.199 3
49.8242 49.8242 3
41.101 41.101 2
125.287 125.287 3
55.9013 55.9013 3
31.5741 31.5741 3
40.7754 40.7754 2
84.1322 84.1322 3
32.2892 32.2892 2
75.9028 75.9028 2
68.8977 68.8977 2
32.9311 32.9311 3
43.709 43.709 3
52.5913 52.5913 3
36.869 36.869 2
39.9011 39.9011 3
104.189 104.189 2
57.503 57.503 3
30.6451 30.6451 2
57.8871 57.8871 3
106.662 106.662 3
37.946 37.946 3
43.7479 43.7479 2
55.2763 55.2763 2
31.2694 31.2694 2
38.9095 38.9095 3
45.779 45.779 2
34.5182 34.5182 3
332.979 332.979 2
40.9957 40.9957 3
53.7185 53.7185 2
63.1987 63.1987 3
42.4636 42.4636 2
31.2828 31.2828 3
37.3257 37.3257 2
34.9605 34.9605 3
31.4438 31.4438 3
63.9822 63.9822 3
38.75 38.75 3
32.7462 32.7462 2
32.148 32.148 2
53.2308 53.2308 2
56.6056 56.6056 3
49.1746 49.1746 2
72.0838 72.0838 3
68.8315 68.8315 2
128.748 128.748 2
144.486 144.486 3
51.9082 51.9082 3
32.0914 32.0914 3
30.5301 30.5301 3
37.9862 37.9862 3
78.626 78.626 3
44.0812 44.0812 2
35.3745 35.3745 2
42.908 42.908 3
68.7402 68.7402 2
31.636 31.636 2
64.3806 64.3806 2
50.2274 50.2274 3
51.8834 51.8834 3
42.1475 42.1475 3
30.6664 30.6664 3
34.0764 34.0764 3
46.9415 46.9415 3
30.8883 30.8883 2
31.176 31.176 2
37.8045 37.8045 3
35.4406 35.4406 2
36.4217 36.4217 2
67.6204 67.6204 3
43.381 43.381 3
138.707 138.707 2
39.4294 39.4294 3
48.0838 48.0838 3
32.5374 32.5374 3
35.4323 35.4323 3
51.6999 51.6999 2
56.5888 56.5888 2
31.1336 31.1336 3
57.5211 57.5211 2
51.9952 51.9952 2
33.6371 33.6371 2
39.2913 39.2913 2
30.6114 30.6114 3
63.8863 63.8863 2
35.2232 35.2232 3
33.3315 33.3315 2
41.5445 41.5445 3
73.237 73.237 3
32.63 32.63 3
47.9767 47.9767 3
37.509 37.509 3
39.2033 39.2033 3
34.9837 34.9837 3
79.3016 79.3016 2
44.0786 44.0786 3
54.9884 54.9884 3
126.999 126.999 3
36.7766 36.7766 3
44.9466 44.9466 3
30.3515 30.3515 3
36.1586 36.1586 3
33.3153 33.3153 2
32.9657 32.9657 2
39.2664 39.2664 3
65.5694 65.5694 2
31.1045 31.1045 2
53.8634 53.8634 2
30.9968 30.9968 2
35.1241 35.1241 3
41.1075 41.1075 3
33.1083 33.1083 2
38.0962 38.0962 2
43.039 43.039 3
41.3222 41.3222 3
49.6885 49.6885 2
36.1791 36.1791 2
34.1883 34.1883 3
30.4817 30.4817 2
30.8017 30.8017 2
51.8164 51.8164 2
57.38 57.38 2
117.386 117.386 3
40.4864 40.4864 3
43.4191 43.4191 3
33.2342 33.2342 3
30.8212 30.8212 2
44.3493 44.3493 3
30.643 30.643 3
33.7661 33.7661 2
31.0964 31.0964 3
115.339 115.339 3
30.362 30.362 2
85.9873 85.9873 3
38.2394 38.2394 2
33.7226 33.7226 3
31.4349 31.4349 2
41.1345 41.1345 2
38.3029 38.3029 3
72.65 72.65 2
90.3198 90.3198 3
34.9319 34.9319 2
31.0098 31.0098 3
46.8447 46.8447 2
36.2351 36.2351 3
58.1772 58.1772 3
109.068 109.068 2
30.4337 30.4337 3
34.2398 34.2398 2
41.877 41.877 2
33.1211 33.1211 3
30.6909 30.6909 3
36.0809 36.0809 3
51.4117 51.4117 3
53.7779 53.7779 2
42.0773 42.0773 2
34.9831 34.9831 2
31.2263 31.2263 3
33.2621 33.2621 2
49.1974 49.1974 2
52.682 52.682 2
34.2257 34.2257 3
33.5598 33.5598 2
38.3237 38.3237 3
31.3973 31.3973 2
68.5269 68.5269 3
88.6825 88.6825 2
39.6452 39.6452 3
43.9382 43.9382 3
39.576 39.576 3
62.435 62.435 3
36.4734 36.4734 2
44.1876 44.1876 3
31.0845 31.0845 2
58.0513 58.0513 2
32.6244 32.6244 3
35.7006 35.7006 2
40.4578 40.4578 2
33.2658 33.2658 2
34.7505 34.7505 3
40.0518 40.0518 2
122.419 122.419 3
166.937 166.937 3
69.9982 69.9982 2
31.2525 31.2525 3
56.9366 56.9366 3
49.3375 49.3375 3
34.9801 34.9801 2
50.1616 50.1616 3
46.1685 46.1685 3
30.5299 30.5299 3
47.0586 47.0586 2
33.4244 33.4244 2
30.3401 30.3401 3
75.3671 75.3671 3
30.6939 30.6939 2
40.6925 40.6925 2
41.5461 41.5461 2
59.3741 59.3741 2
34.8495 34.8495 2
38.8405 38.8405 2
87.2611 87.2611 2
33.1624 33.1624 3
43.3133 43.3133 2
52.3634 52.3634 3
59.6144 59.6144 2
31.4962 31.4962 2
177.786 177.786 3
38.5791 38.5791 3
37.9344 37.9344 2
59.5008 59.5008 3
41.2765 41.2765 2
50.7591 50.7591 2
37.4639 37.4639 3
46.5589 46.5589 3
35.5209 35.5209 2
31.8855 31.8855 2
34.5755 34.5755 3
31.386 31.386 3
43.2897 43.2897 3
30.839 30.839 3
30.6212 30.6212 3
38.7193 38.7193 3
66.9853 66.9853 3
38.5864 38.5864 3
30.2771 30.2771 3
30.61 30.61 3
30.8833 30.8833 3
37.73 37.73 2
49.8604 49.8604 3
60.069 60.069 3
39.82 39.82 3
52.6291 52.6291 3
32.5778 32.5778 3
63.3494 63.3494 3
31.6919 31.6919 3
41.3 41.3 3
52.2874 52.2874 3
32.5376 32.5376 2
36.9152 36.9152 3
54.5958 54.5958 2
38.6983 38.6983 3
36.5611 36.5611 3
34.9092 34.9092 3
30.1318 30.1318 3
39.0362 39.0362 3
78.3278 78.3278 3
186.856 186.856 3
48.6578 48.6578 3
35.7349 35.7349 3
32.3232 32.3232 3
37.3922 37.3922 2
72.0384 72.0384 3
74.0644 74.0644 2
34.14 34.14 3
38.6711 38.6711 2
121.17 121.17 3
56.845 56.845 3
52.1773 52.1773 3
80.7786 80.7786 2
31.0373 31.0373 2
32.0327 32.0327 3
44.065 44.065 2
30.2028 30.2028 3
52.7565 52.7565 3
79.0728 79.0728 3
64.9937 64.9937 3
44.9783 44.9783 3
45.1882 45.1882 3
31.2995 31.2995 3
35.6732 35.6732 2
31.489 31.489 3
72.5235 72.5235 3
83.4318 83.4318 3
61.768 61.768 3
34.1835 34.1835 3
38.8785 38.8785 3
32.755 32.755 2
81.8368 81.8368 3
32.4978 32.4978 3
42.7568 42.7568 3
33.496 33.496 3
32.7329 32.7329 3
44.1626 44.1626 3
39.7399 39.7399 3
47.1764 47.1764 3
72.6028 72.6028 2
83.41 83.41 2
51.2056 51.2056 3
37.1259 37.1259 3
35.6628 35.6628 3
71.7352 71.7352 3
32.0248 32.0248 3
45.8351 45.8351 3
78.56 78.56 2
41.5992 41.5992 3
52.9793 52.9793 2
37.6786 37.6786 3
68.754 68.754 3
31.0965 31.0965 2
36.4872 36.4872 3
34.2477 34.2477 2
41.4121 41.4121 3
51.3075 51.3075 2
44.9522 44.9522 2
35.8411 35.8411 2
39.5184 39.5184 2
51.3068 51.3068 2
31.9063 31.9063 3
37.0197 37.0197 2
36.5006 36.5006 2
39.1036 39.1036 3
53.7104 53.7104 2
115.466 115.466 2
38.354 38.354 2
95.4656 95.4656 2
59.7002 59.7002 3
37.7211 37.7211 3
52.3688 52.3688 2
46.2729 46.2729 2
39.7393 39.7393 3
31.5307 31.5307 2
30.8236 30.8236 2
33.0349 33.0349 3
42.3638 42.3638 3
30.0973 30.0973 2
84.4529 84.4529 2
93.5799 93.5799 3
37.0699 37.0699 3
43.2056 43.2056 3
34.153 34.153 3
33.4057 33.4057 3
32.405 32.405 2
34.7131 34.7131 3
77.8733 77.8733 3
51.1209 51.1209 3
41.9875 41.9875 3
52.5349 52.5349 2
30.1926 30.1926 2
41.1526 41.1526 3
45.8995 45.8995 3
80.5543 80.5543 3
31.6569 31.6569 2
104.612 104.612 2
37.8922 37.8922 2
76.9306 76.9306 2
45.9547 45.9547 2
63.9648 63.9648 2
30.7627 30.7627 2
32.3932 32.3932 2
32.6604 32.6604 2
45.2822 45.2822 2
46.9071 46.9071 2
33.7258 33.7258 2
39.7188 39.7188 2
56.0862 56.0862 2
65.2374 65.2374 2
44.7529 44.7529 2
33.8335 33.8335 2
71.5653 71.5653 2
30.5737 30.5737 2
44.5359 44.5359 2
54.458 54.458 2
36.293 36.293 2
40.5759 40.5759 2
50.5754 50.5754 2
37.3617 37.3617 2
46.4217 46.4217 2
32.7378 32.7378 2
32.7028 32.7028 2
34.074 34.074 2
72.1232 72.1232 2
62.77 62.77 2
33.2596 33.2596 2
33.279 33.279 2
30.1067 30.1067 2
35.5641 35.5641 2
33.4977 33.4977 2
30.7488 30.7488 2
39.5974 39.5974 2
32.865 32.865 2
44.8284 44.8284 2
35.2565 35.2565 2
33.4593 33.4593 2
59.3911 59.3911 2
