1.073490417229095899e-10
9.778054476283760724e-11
1.404475161294368388e-10
9.759212345302669783e-11
9.271575900159305148e-11
1.610178458969498012e-10
1.048730648484505217e-10
1.391658841686768076e-10
1.194744309316847373e-10
9.383759684925760190e-11
1.723482400178161488e-10
9.412260888992493763e-11
1.208268061381972094e-10
9.271414234150788346e-11
1.208069294127723009e-10
1.346676434431603604e-10
1.142866000337758804e-10
9.785274015211415431e-11
1.519945287228748044e-10
1.024351108476048830e-10
1.093140016017922336e-10
4.218536085710845234e-10
1.075471208506579478e-10
9.706455046601555466e-11
1.310193084324139045e-10
1.090796127138612714e-10
9.196198246583758502e-11
1.454358161577366275e-10
1.624705803891275586e-10
9.767540782164056757e-11
9.743960906617927201e-11
9.662009734674177871e-11
1.256550664494407185e-10
1.076203604834289845e-10
1.220157462492451791e-10
9.363488020930740745e-11
9.907590986409423793e-11
9.907850312763018528e-11
1.069275217385378408e-10
9.644859271942061654e-11
9.525266089771777181e-11
1.162134347643244473e-10
1.078316026628548231e-10
1.279510421413550099e-10
1.109159065569359293e-10
1.711283126037588086e-10
1.066078856161743423e-10
9.704653315567283117e-11
1.028511468205211379e-10
1.435727686043859737e-10
9.357347712188789733e-11
9.374028949589185265e-11
9.286761508270832694e-11
1.225892118759685816e-10
1.168178348905624678e-10
1.049519962336660495e-10
1.283619522397947214e-10
1.065954375886110819e-10
1.238820478423546353e-10
9.266369015042990675e-11
9.710135260086611457e-11
1.141400447451225823e-10
1.620705607628244899e-10
1.440646942130641741e-10
1.674236068557186824e-10
1.226881884515425994e-10
1.661348592363134223e-10
4.128194127058371706e-10
1.336117668388982362e-10
1.058125186102377373e-10
1.297205673122596634e-10
1.904834361390827853e-10
1.178306694225632128e-10
1.082414281167957340e-10
1.009681646524165565e-10
1.024828087673413040e-10
1.007152163537131639e-10
9.383071781641145218e-11
1.222690209648392196e-10
9.507662802033745171e-11
1.370874878559410284e-10
1.015797666379671902e-10
1.018011938378007817e-10
3.594350723346849792e-10
1.225614808368816213e-10
1.793867044280360569e-10
9.556578209814801122e-11
9.694816294534012936e-11
1.019252175134612908e-10
1.038678014377913131e-10
1.023592281484896114e-10
1.802704419002651256e-10
1.068258776545903591e-10
9.557207944509546128e-11
1.206273962869250669e-10
9.754063838051402892e-11
1.380184050807118467e-10
1.829036669133180507e-10
1.022735045021011580e-10
1.754154478605399686e-10
1.082633094476007420e-10
1.690923744446789540e-10
1.509767440306966073e-10
1.072494551670871040e-10
1.031513500631071901e-10
9.277135709836456514e-11
1.060407096062451738e-10
9.231796348320179844e-11
9.322732506302034258e-11
1.153025765022049820e-10
9.478350299634066352e-11
1.991626182696783404e-10
1.048415648444241954e-10
9.788034102644493702e-11
1.479638220490006494e-10
1.531236746131708659e-10
9.210029156637392958e-11
1.053765220622921779e-10
1.071438050015097052e-10
1.111816612423287966e-10
1.173821662571806720e-10
1.014874925906378374e-10
1.118238029207134195e-10
1.330095980313407896e-10
1.658237703543110999e-10
1.375919800892742358e-10
9.608519544649459432e-11
9.470736042997624011e-11
1.388392043101024780e-10
9.340383421355496210e-11
1.091215352259508025e-10
1.058683831558918240e-10
1.235656699186400539e-10
1.720513327548743347e-10
9.868731678986255198e-11
9.839855922989164431e-11
9.545000364248887480e-11
1.020039107360362741e-10
1.042163836550366781e-10
2.191738172515145831e-10
9.704218371120037336e-11
1.021324724811264812e-10
1.301385998242985617e-10
1.054666783360307569e-10
9.873384111833654108e-11
9.739657029090544182e-11
1.417059463230746397e-10
1.126041060875095916e-10
1.392211717926322211e-10
9.359993447050240611e-11
9.965517365340818349e-11
9.789976549148703479e-11
1.019210507953176870e-10
9.176771712154125719e-11
2.671029512416308738e-10
1.334689111867659864e-10
1.044570909511381711e-10
1.185584045424376567e-10
1.126707808057729277e-10
1.073134843787895096e-10
1.552576604754780810e-10
1.124986376971902335e-10
9.966291368647658572e-11
9.342246476639534827e-11
9.686013072985041828e-11
1.379889547525624172e-10
1.012255001624401995e-10
1.219656465502687196e-10
1.207312434273051221e-10
1.489447265064700028e-10
1.010433113158933476e-10
1.405566279015382577e-10
1.185849977984206041e-10
1.400940511472823484e-10
1.436329621175732452e-10
1.531590025748197468e-10
1.006181856065182706e-10
1.206316338563035808e-10
1.348062410627776245e-10
9.639985485696900617e-11
1.061053766310755431e-10
1.108723663679653984e-10
9.739796389319376259e-11
9.450007651335910801e-11
9.180849049796611332e-11
1.472888862725975318e-10
1.735755084866120545e-10
1.620792875842545265e-10
2.577315974711900031e-10
1.055616739820189340e-10
9.698780125567011135e-11
2.030585039758270266e-10
1.102027273022045645e-10
9.512912005583537117e-11
9.980851042521025031e-11
1.049282062129504930e-10
9.233159363089455775e-11
1.443700310590982160e-10
9.621893007036245904e-11
1.260094958451459016e-10
1.305929617550294556e-10
9.943337271123541127e-11
1.162972562840296605e-10
1.194388146558119801e-10
1.334444619500603767e-10
9.518569452893333255e-11
1.821529258689125087e-10
9.420490440445287713e-11
1.014274302397051495e-10
1.589207708703343125e-10
9.364754121530930057e-11
1.031307318876907215e-10
1.170636550553449010e-10
1.015260236885616812e-10
1.331022313879477717e-10
1.574576416829404699e-10
1.098986860649493241e-10
9.355792035234096744e-11
1.153867097328063181e-10
1.243422264999179635e-10
9.873858429775915477e-11
9.493911148765112869e-11
1.020715533630804360e-10
9.588381661988285852e-11
1.122517518026413654e-10
9.389772960486421113e-11
1.292219374204206929e-10
2.699330941800557720e-10
1.169330822808122687e-10
1.212564699725135841e-10
1.670624756208132442e-10
9.199144941538643850e-11
9.405477941796985306e-11
9.407632988773581070e-11
1.137135863126927438e-10
9.979077576944352228e-11
1.175538141005440508e-10
1.508042406226249253e-10
1.147291736815172426e-10
1.298372872069742170e-10
1.386803857528217434e-10
1.020473254593518630e-10
1.143491861185842054e-10
3.668669681893490899e-10
1.394226730434387503e-10
9.502142078641546290e-11
9.658266685044911774e-11
1.276229720918918345e-10
1.488605654127234210e-10
1.277136404941003626e-10
9.212663103847579867e-11
9.439954762373437309e-11
1.015054156234923011e-10
1.027814420404251032e-10
9.892646805950006222e-11
1.334269454235603520e-10
1.319953058326927960e-10
1.119284564915079755e-10
1.468425391354660820e-10
2.497275268277226808e-10
1.537574524278801584e-10
1.428855928956976358e-10
1.790334136591325642e-10
9.263117456262816776e-11
1.414184892035334651e-10
1.286995364937934501e-10
1.014810694964630484e-10
1.203996600371517864e-10
9.340511918365685352e-11
9.891791383227473634e-11
1.247877064998179108e-10
9.800915783410472564e-11
1.771504151720794854e-10
9.920077673276293398e-11
1.206316338563035808e-10
1.120287776725678235e-10
9.905592448778448230e-11
9.830751757306885654e-11
9.875969667774329627e-11
1.379110789378477954e-10
1.479700509103321136e-10
9.424204436707147128e-11
2.233412762256407454e-10
1.302310962831987874e-10
1.414102207426552170e-10
1.158064403083926929e-10
1.126465146600586417e-10
1.039598328903824221e-10
9.431947108592437038e-11
2.403152966756214552e-10
1.357309192462553907e-10
1.157326941464172514e-10
3.044468935214503179e-10
1.323509337010574146e-10
1.195519775181373415e-10
1.058614734763023459e-10
1.154045978155007265e-10
1.186532820618633321e-10
1.869014865290099324e-10
9.815274638911289487e-11
2.363422994030103534e-10
1.006533969192225423e-10
9.333667299338755340e-11
1.023101449614299313e-10
1.102014764640150591e-10
2.463137605656372177e-10
1.107262937896950111e-10
9.292490849140038524e-11
1.026920353355959648e-10
1.038363275796202600e-10
1.110148185113068086e-10
1.297587613308090191e-10
1.872592313959088394e-10
1.245770013975062366e-10
1.035953858210914400e-10
9.666998494732781248e-11
1.518814097377239784e-10
9.525660810037124180e-11
1.410182124445851224e-10
1.397118007884694970e-10
1.093769720124898438e-10
1.046138507703443482e-10
1.023510737587403669e-10
1.038762906308260409e-10
1.184815937267813552e-10
1.035594370598930013e-10
1.052980138112030997e-10
1.636022693463592055e-10
1.639172410389797665e-10
9.374925571021056831e-11
1.090469342243063098e-10
1.530872970766753470e-10
1.257355827644026116e-10
9.328796269500633509e-11
1.157279005542570482e-10
9.535035157554601597e-11
1.260028212377470863e-10
9.213979830384655248e-11
1.390208894642890764e-10
9.375261784713848176e-11
9.262664423547369470e-11
1.061509102619423783e-10
1.106825498895227635e-10
1.123615222838992946e-10
9.492169190292454017e-11
1.252032138019519703e-10
2.188148813635685864e-10
2.454246927668298365e-10
1.729869020689017381e-10
1.415043891302724126e-10
1.640063786005798352e-10
1.127400096149181334e-10
1.185722232581641624e-10
1.307232437376945660e-10
9.956802403540425590e-11
9.631372983930404508e-11
1.076098598042962020e-10
1.199777640704489926e-10
1.316865344026402854e-10
1.182843463854265309e-10
9.775430839104526984e-11
1.213548641814229805e-10
1.327533247982223763e-10
1.138218519443468203e-10
1.258299152529646811e-10
9.615067371288747072e-11
1.013700281711746731e-10
1.076997960393560634e-10
1.001555245763655124e-10
1.583065317129083652e-10
9.326850450847944546e-11
1.102767825802137784e-10
1.343900730756845163e-10
1.070861003327927511e-10
1.107978295435022414e-10
1.062450833523805889e-10
1.254757864895108814e-10
9.944112784823033549e-11
9.590845989581423446e-11
1.662946245586205636e-10
2.339650197248150678e-10
1.059086817582795375e-10
9.712882978034268092e-11
1.001973735302593133e-10
9.415642784241605157e-11
1.080502606600799693e-10
1.485801195846559258e-10
1.160453671392198837e-10
1.003612982985425784e-10
9.320833855265312307e-11
1.347498379094044103e-10
9.930495585515272634e-11
9.543471485725959530e-11
9.201700245773534314e-11
9.623661345256717139e-11
1.041182701115187918e-10
1.430260471114391376e-10
1.069724637137304264e-10
1.485728430036497052e-10
1.857445566192973708e-10
1.036192967064657197e-10
9.670177653800144066e-11
1.311020682666947100e-10
1.124426620247834945e-10
9.751975927862256686e-11
1.697802179657589270e-10
1.199080748289097972e-10
9.588805503005083794e-11
1.171606448125399254e-10
9.669554361361857138e-11
1.038634102376485453e-10
9.676735676016660539e-11
9.964379029618599785e-11
1.406543273382007264e-10
1.256362315055040252e-10
1.030703293290639395e-10
1.410489004158257927e-10
3.184341706173379928e-10
9.907392674013843053e-11
1.000513645464527075e-10
1.121823962633560388e-10
1.027278061878338378e-10
1.076230564591084969e-10
1.616337935645751446e-10
1.005182109866923703e-10
1.146456924593927903e-10
1.178581926038028766e-10
9.543313857197375993e-11
2.107740005316558840e-10
9.219115116172198380e-11
1.071966414730803686e-10
2.569209402292728327e-10
1.000918908942234129e-10
1.025223448005090730e-10
1.002295430128872804e-10
9.731664122773564332e-11
1.027882371218946774e-10
1.106725808087462792e-10
1.102505278092915985e-10
1.223044224987278065e-10
1.308633376875314918e-10
1.075570590180814088e-10
1.029950037298886473e-10
9.982487842971811396e-11
9.558483046077678953e-11
9.436564573155785462e-11
9.606168893982754911e-11
1.492786111436012491e-10
1.084720463297706535e-10
1.569551110460353882e-10
9.560041301455652801e-11
9.370233488469919819e-11
1.014921229727702555e-10
9.970403327782190554e-11
1.204027470186963578e-10
1.211525051417946881e-10
1.095468338934848511e-10
9.329133937399739595e-11
1.304679614172225294e-10
1.103009488045667104e-10
1.432515837985326716e-10
1.019252175134612908e-10
9.701282049818283211e-11
1.264649868224193525e-10
1.466063614691010121e-10
1.119317469579921902e-10
1.503319820270717665e-10
1.473870876893414063e-10
9.484247669210217372e-11
1.032673337348427131e-10
9.738340763086391162e-11
9.968946862557900031e-11
9.189292254889147543e-11
1.143756920462922757e-10
1.046772531530913096e-10
1.022476861073098478e-10
1.416995887174988226e-10
9.551869792338767688e-11
1.095662519623373139e-10
1.504361701574581969e-10
9.711346202678245025e-11
2.294057582591134801e-10
1.025856930964430877e-10
1.054798204921849432e-10
3.918500652095248247e-10
9.943063547769894687e-11
1.331504114254943514e-10
1.027091830547892256e-10
1.322689764459897586e-10
1.568295134391387743e-10
1.063371759876353587e-10
1.302010712688504540e-10
1.752525165311786257e-10
1.406038005631355985e-10
9.701794796872301772e-11
1.224697646912267428e-10
9.635750414585223136e-11
9.339259006529188202e-11
1.329725760467824869e-10
1.187630642287117656e-10
1.349152596979455788e-10
1.020287423681919779e-10
9.222607630286638866e-11
1.060724726113208982e-10
9.198656596164248995e-11
1.014994415869064151e-10
1.095047743680890778e-10
1.409626456282735496e-10
1.317729686369629684e-10
1.048075878157039024e-10
1.006279676081212807e-10
1.089218914408590614e-10
1.138357672042068505e-10
1.507219398196633103e-10
1.097206511587215400e-10
9.317953051967127785e-11
1.034065695809317859e-10
1.430261577448685879e-10
1.027805556964711057e-10
1.034388923415385456e-10
9.457191640134081849e-11
9.803487262894313825e-11
1.156016067055599400e-10
2.206975664281929408e-10
3.147046384294977245e-10
9.312833277315111285e-11
1.140799202501668055e-10
9.419406285832794883e-11
1.317000913328338803e-10
1.159970049433328126e-10
1.360945131398238250e-10
2.246040945017014332e-10
2.033034348964206350e-10
1.095441793911010548e-10
1.132513957553439772e-10
1.017797405658092861e-10
1.559402628859476488e-10
9.395990597567086220e-11
1.274973851507629031e-10
1.385190185933598844e-10
1.320972195355896936e-10
9.328265626907895327e-11
9.829553695739792502e-11
9.575344467420618878e-11
1.207425348185041248e-10
1.106027752299788840e-10
1.205911790164806522e-10
1.018090888378729159e-10
1.572231529213660189e-10
1.100206691461101754e-10
1.156970043473372373e-10
1.308220768508864489e-10
1.808992403149814505e-10
1.158631197104043575e-10
1.056610650024956824e-10
1.714067895226514661e-10
1.099358783869882771e-10
1.114416314891204360e-10
1.114237385329708096e-10
1.168792333337740506e-10
9.328619391571009712e-11
1.280893993780312230e-10
1.031316155977547594e-10
1.169296513776043203e-10
1.486293353281755252e-10
1.347443596432431035e-10
1.289512177529423184e-10
1.311559032947608832e-10
4.176763727949923768e-10
1.191466694923654365e-10
9.962572636730770029e-11
1.115827600972203156e-10
1.246859482640052890e-10
1.817002816575585206e-10
1.022570348055327769e-10
1.146493173466086965e-10
1.225754103554795805e-10
1.248390568578557298e-10
9.320705120911810019e-11
1.020694726363745069e-10
1.360677035825136159e-10
1.328171975891900913e-10
9.711703250270926132e-11
1.087148949420493099e-10
1.067274363841749842e-10
9.957911122736401118e-11
9.197370511475734468e-11
1.003530020324068383e-10
1.041347740279960923e-10
9.882744380712371879e-11
9.685312869777452889e-11
1.348629729884891781e-10
1.013911087968591486e-10
9.426674411712528077e-11
1.238910804070340998e-10
1.595251972106944603e-10
9.865026725181161025e-11
1.643439904827164854e-10
1.390704451426033100e-10
9.512074200338197196e-11
9.521491841334173408e-11
1.458116462955745277e-10
1.436869631503447890e-10
9.178908434720681482e-11
1.038164142235444048e-10
9.965259352549196243e-11
1.054216086321275665e-10
1.576970055965908646e-10
1.200583787201196640e-10
1.231030789989441237e-10
1.377242256323411595e-10
9.935350963041431453e-11
2.105532549927429225e-10
9.979774869810933956e-11
1.061738860474576016e-10
1.299192614533656823e-10
1.071228634884454527e-10
9.806873940058329771e-11
1.106489010922021193e-10
1.128503172614057452e-10
1.042582616924934897e-10
1.326730029067478978e-10
1.899101206602625554e-10
9.184191284719416500e-11
2.347865567900895496e-10
9.999236396428211147e-11
1.928963496513761235e-10
1.373034224033880978e-10
1.309674557402098338e-10
9.434431231837361245e-11
1.159827852278269262e-10
1.152864114303371459e-10
1.131176600666681588e-10
1.162667577371248631e-10
1.230507167381571383e-10
1.963806764088817105e-10
1.126420153776261135e-10
1.155169435825553025e-10
9.837645808407055113e-11
1.819217970981261359e-10
9.474401072362661030e-11
1.246985472797214004e-10
1.306181169485902103e-10
1.010395626416699540e-10
1.004819034915146280e-10
9.306518717403130646e-11
1.042646807176060752e-10
1.211173210135930224e-10
1.195192294889643532e-10
1.175875658435799734e-10
1.048562271666856435e-10
9.840684603981857576e-11
1.151729329078323258e-10
1.287157948151126010e-10
9.197810077106094823e-11
1.116389754448084238e-10
1.265409882493781122e-10
1.292824999820513315e-10
1.114486503469653634e-10
1.000888670356882541e-10
1.713317994306988337e-10
1.392985195630336456e-10
1.504220915093484897e-10
1.078229616027752937e-10
9.472449717665690669e-11
1.118630409022989252e-10
1.061705835460375361e-10
2.001821757133362577e-10
1.055101430780540336e-10
1.070798295450122240e-10
1.375477972004240214e-10
1.251978689240254210e-10
1.155448150755489159e-10
1.042182808879939801e-10
1.367239035364132162e-10
1.237948288553801964e-10
1.400140448064785288e-10
1.411739438932964839e-10
9.344574838682549360e-11
1.086897170779863036e-10
1.360700149332935613e-10
1.088593931647992625e-10
9.648263395351540399e-11
1.077745037770003871e-10
1.008450644009305137e-10
1.125397165240966059e-10
1.177813757637822122e-10
1.634998507538213583e-10
1.068163084755961791e-10
1.135640828944158925e-10
1.008154707233684016e-10
1.051826887784044921e-10
1.056753394294260278e-10
1.003899535110807863e-10
1.613887960684489380e-10
1.206941549701056667e-10
1.152687745442485211e-10
1.627501216478813749e-10
1.303391362202721787e-10
9.822562455068536018e-11
1.203372624372479861e-10
1.091153669112338926e-10
1.188533758334679075e-10
1.121212173442900785e-10
1.156186660882321533e-10
9.900709040572544994e-11
1.055675906879968586e-10
9.314958765695958322e-11
1.948429453356723578e-10
9.568772863712722171e-11
1.320637700053324707e-10
1.479570559568924184e-10
9.324968618934669656e-11
1.302283342348761580e-10
9.727975535829034178e-11
1.156892791675320760e-10
1.231208651151976042e-10
9.830183461979064998e-11
1.121261455869805547e-10
1.147192446178102479e-10
1.755236869297122605e-10
1.297206878135937652e-10
1.474766155868394938e-10
1.434562876818869554e-10
1.349047804867204531e-10
1.686138015607326996e-10
1.303921671514684981e-10
3.204633106791585633e-10
1.760593966784299873e-10
9.540554989077416046e-11
1.130807056257276231e-10
9.384479536463818867e-11
1.022175574350694875e-10
1.619892228789168350e-10
1.026354004958349757e-10
2.238807911546802198e-10
1.170686643999883490e-10
1.022457569177599932e-10
1.012677102218315252e-10
1.112388810081571274e-10
1.349165404415857985e-10
1.268126408405654789e-10
1.043792896460265485e-10
1.026754765393918116e-10
1.478907768979751510e-10
9.715211020241777646e-11
1.390090936161600721e-10
1.385867013711175143e-10
1.041565323314745684e-10
9.618371132509512605e-11
1.287022058937307876e-10
1.046026500669986804e-10
9.889148329076544015e-11
1.358234312575750980e-10
1.583307242909996729e-10
1.098801554424688796e-10
9.733941756640350030e-11
1.082198253292155166e-10
1.015408054807629152e-10
1.093489890805516821e-10
1.020644192884218199e-10
1.157440116608335326e-10
1.247948118989004105e-10
1.401934962472831994e-10
1.182800353234555935e-10
1.000983919194130124e-10
1.323744941134109860e-10
1.439082920231477383e-10
9.413744587134045336e-11
1.653119809389613817e-10
9.665720339664025094e-11
9.365379103317352786e-11
1.075367559057388264e-10
1.055602308389810666e-10
9.946895074931137557e-11
1.387293660904249849e-10
1.039304315461358988e-10
1.186706082839412008e-10
9.555098190338780578e-11
1.386847048132892588e-10
9.422833754605816019e-11
1.175406788348091105e-10
1.095793818994561092e-10
1.243019547156878880e-10
9.731927546459213798e-11
1.597508012513290140e-10
9.273240916528995762e-11
9.656675504544487950e-11
9.576303151406123939e-11
9.708722326699709043e-11
9.936066156667677108e-11
9.649215737136250878e-11
1.433015136160080970e-10
1.103662022418997233e-10
1.529051914627141730e-10
1.105797752691517891e-10
1.123194296351153162e-10
9.404104871742518675e-11
1.173530984521154732e-10
1.280623477236791337e-10
1.075975132644652170e-10
1.327724540362782858e-10
1.114940571410833989e-10
1.043644229501909085e-10
9.705072710131027988e-11
1.413286308109596934e-10
1.161928691922687469e-10
9.558656196540553179e-11
1.694412278798693059e-10
1.553607017817539515e-10
1.966018856784866458e-10
9.768158600310689372e-11
9.857398648065317535e-11
9.352952742247978761e-11
9.826358240052637626e-11
9.513180721892608137e-11
1.118454813366509440e-10
1.011157118308027537e-10
1.179568366650562706e-10
1.118427374366141370e-10
1.204586865613063533e-10
1.002689496429492799e-10
9.679444981975043567e-11
1.003801512175354956e-10
9.399153976665912213e-11
9.739362818433059472e-11
1.032496786054846929e-10
9.732888215270945999e-11
9.768560163771515282e-11
1.017670753188053853e-10
9.539104332703014046e-11
1.108265984876424430e-10
1.020779439344927499e-10
9.880083917241099701e-11
9.178174495130877368e-11
2.091150290989431480e-10
1.205262980536041649e-10
2.244624310673112866e-10
1.011426817896009208e-10
1.384980822622588583e-10
1.602064847072797953e-10
1.095478118538597808e-10
1.193969698494765399e-10
1.488523393165093083e-10
1.016163274775811145e-10
1.286086266394441183e-10
1.325895648384768606e-10
1.174547425081046121e-10
1.020076283828657092e-10
1.378880056935798867e-10
1.178039272303344337e-10
1.358749315718927213e-10
1.111709038071195312e-10
1.449342946531885937e-10
2.114255963376865115e-10
1.026117329333596096e-10
1.176374556170452312e-10
1.110377396026652526e-10
1.127806029108073534e-10
1.485154755037660469e-10
1.871211026078795213e-10
1.762732816106690370e-10
9.735382467875480256e-11
1.078658776215837625e-10
1.432915730520151853e-10
1.120126109942956698e-10
1.442434617908981561e-10
9.631044606452888986e-11
1.058018611013578080e-10
1.108850844141163384e-10
1.004290035667806358e-10
1.215528466234327778e-10
1.137725285979580959e-10
1.168532249664632380e-10
9.844320870951755850e-11
1.466174042107826104e-10
1.475811661927665676e-10
1.088364926801869729e-10
1.118948614692259531e-10
1.051189738320897127e-10
1.397613678220522330e-10
1.172899430462245739e-10
1.862702554475204201e-10
9.916008433442660778e-11
9.398786561261597669e-11
9.458224343183199794e-11
1.566970866357509569e-10
2.436560955505995816e-10
1.251284916950507880e-10
1.314437299008512707e-10
1.024789581034636709e-10
1.596452191220793461e-10
1.425647182629597277e-10
1.759302181210821973e-10
1.088176633566912988e-10
1.143880686081184240e-10
1.080282001490943897e-10
1.351616652160993840e-10
1.274966511213002059e-10
9.314910463854702006e-11
1.230807485631383784e-10
9.534356813961106101e-11
9.290844988846732425e-11
1.548683221781268613e-10
9.644890507210165852e-11
1.434409492754152356e-10
1.048354671128894843e-10
1.556630981868616774e-10
1.070518921311828719e-10
9.187059866842596186e-11
1.173459949537231049e-10
1.251889189139132836e-10
1.081065254005172524e-10
1.215833294706202325e-10
1.126377886357282260e-10
9.653913793782389995e-11
1.203968302432294715e-10
1.572541099309347946e-10
1.295042299745838072e-10
1.387835563937458255e-10
9.234327521349721425e-11
1.052596808685886307e-10
1.133162451254649845e-10
1.043808928064684142e-10
9.609302983060002047e-11
9.921189982743317728e-11
9.185690868607641355e-11
1.106433613372648133e-10
1.054262319417356861e-10
1.314629066740853670e-10
2.093838686645425466e-10
1.392712313030844507e-10
9.313541820601298182e-11
9.334840515311830097e-11
1.011056714051929519e-10
1.205522541052117732e-10
1.532020326125332487e-10
1.016812132771196323e-10
1.002221433217561010e-10
1.160037820280172526e-10
9.222510180474033694e-11
9.994741231193267189e-11
9.422036766200224466e-11
9.679040185323516183e-11
1.047008023586109151e-10
1.868077966582219090e-10
1.083321750913123233e-10
1.092956642499677428e-10
1.240009304941663498e-10
1.304211941928110492e-10
1.256137998292631904e-10
1.198151006737698817e-10
1.560226105928456075e-10
9.369048132172757091e-11
9.425750229311710960e-11
1.427775967806131927e-10
1.067058515570764044e-10
1.082935134432011625e-10
1.152391071823442136e-10
1.021005310560418528e-10
1.202480554715165432e-10
1.015069090845692651e-10
1.053612003472572517e-10
1.259314824979047106e-10
1.628803054847384879e-10
1.274989755352469469e-10
9.645031064821305439e-11
9.359079539905748947e-11
9.472640109217235005e-11
9.729711493866636508e-11
1.515988149145503747e-10
1.224256587422358312e-10
9.928105185404167231e-11
1.075536517369122151e-10
1.036544941331205105e-10
1.219042053355555910e-10
1.462944823738003165e-10
9.435752679564599741e-11
1.190530453838278941e-10
2.113352020509696544e-10
1.870196347764146767e-10
1.431986548232469218e-10
1.175341107202722887e-10
1.087978473331735580e-10
9.554799013095507149e-11
1.149589422550304389e-10
1.469310606315724259e-10
1.516203671729493273e-10
9.846498999625421606e-11
1.062117865854802836e-10
9.296797923272117102e-11
1.384049730746316500e-10
1.141586426752144424e-10
1.025067985141203351e-10
1.147276977871918545e-10
1.037387787905516471e-10
9.686106430066346278e-11
1.075613179867323328e-10
1.026413166403158246e-10
9.185707167255676398e-11
9.773254296025656540e-11
1.264656028779056394e-10
1.498282562357210542e-10
9.636000500923509695e-11
1.863624264874054821e-10
1.371405237812326964e-10
1.549037144301352768e-10
1.372229119791288047e-10
1.052078758272196441e-10
1.581988911980022943e-10
9.730780833116142139e-11
9.908124887134724137e-11
9.405733377340096214e-11
9.518000680645465050e-11
1.708908169645109699e-10
1.014522358772771651e-10
9.535571492363623264e-11
1.008835098099902044e-10
9.280673721460828510e-11
1.030334832950525516e-10
1.038083600788968985e-10
1.136903264970739664e-10
1.677441266901668272e-10
9.959293073517375267e-11
1.073828827417827491e-10
1.604109374895157249e-10
9.885709905910765836e-11
1.056115961036890816e-10
9.743465580975084298e-11
2.389947983942883156e-10
1.011856708800865641e-10
1.454216419371984105e-10
9.251413284349789363e-11
9.927191523685438979e-11
9.323440391278164336e-11
1.003186038358278137e-10
1.050059414813641839e-10
1.489839091614232239e-10
9.496064456322771635e-11
9.211752678104692184e-11
1.052253878490750632e-10
1.027638616360595773e-10
1.685200911687932456e-10
1.951845491577694255e-10
9.269037459125100922e-11
2.104877807879399911e-10
1.012847694938696887e-10
1.672120086418585828e-10
1.820105164103295223e-10
1.074812246698975140e-10
2.067209961937597345e-10
1.195825180126948266e-10
9.202481361358895784e-11
9.244397524622857839e-11
9.537842735452415735e-11
9.950451765601706126e-11
1.312495611923237941e-10
1.204111072459659293e-10
2.398371312235799407e-10
1.483492571599676196e-10
9.430529627934909748e-11
1.221050926560217599e-10
1.105812994924373056e-10
1.098914413350651261e-10
1.261430465780938124e-10
1.189268560931982757e-10
9.610055031357401514e-11
1.220242639506165306e-10
1.091432620864558512e-10
1.342651312440590509e-10
1.255474757545723964e-10
9.883615775588002460e-11
1.020936959411850875e-10
1.011297969277485101e-10
1.700033781725991764e-10
1.159173814721724449e-10
1.073935449948866809e-10
1.050905808382604201e-10
1.120019234250258904e-10
2.015105188111608504e-10
1.777275767325741690e-10
1.184305797928976240e-10
1.061104048431779978e-10
9.627541303582308332e-11
1.201220630417883145e-10
1.164504387774731614e-10
9.682854027649906601e-11
1.683079724951328184e-10
1.068133090262859593e-10
2.251067415211899453e-10
1.266530082775684951e-10
1.110142661447597416e-10
1.082782712266756800e-10
1.074162880396991297e-10
1.388518075555984832e-10
1.114035026993950793e-10
1.778217821384609299e-10
1.041778486911583550e-10
9.885755758436170513e-11
2.085008774529851314e-10
1.256695627172876098e-10
9.775492578822072044e-11
9.454935237851039070e-11
2.020393882219448787e-10
1.126602842141339877e-10
1.317273204242748150e-10
1.420846103015190955e-10
1.083519245585507926e-10
1.086760710752183313e-10
9.337893486400369178e-11
1.059679538896223424e-10
1.533289773217400930e-10
1.034657722698085004e-10
1.926603406479016477e-10
1.172908642763577315e-10
9.406308085120420290e-11
2.891228068507110157e-10
1.560943646292915188e-10
9.324035621791315008e-11
3.096168795455085283e-10
1.242650497348116082e-10
1.170593046828238629e-10
1.195575426083443349e-10
1.202324737135725841e-10
9.258294898495511750e-11
1.126917714225457597e-10
1.382862875590321845e-10
1.027835101503092151e-10
1.305554606669245301e-10
1.045635120972671312e-10
1.445571273689062344e-10
1.345239016746242489e-10
9.832256833080142941e-11
1.075918362784115978e-10
1.368059361258555014e-10
1.226255451581599844e-10
9.721028991332462165e-11
9.615490182880019739e-11
9.836448481589130367e-11
1.033092540858469096e-10
1.490775053293575139e-10
1.967232905846080557e-10
1.116487315763839563e-10
1.011766849351756897e-10
1.204864549935904790e-10
1.121792490672223900e-10
2.269466106742669157e-10
1.119018554460850117e-10
9.183392505852691079e-11
1.774428657684598908e-10
1.003232813897880125e-10
1.869303732455446840e-10
1.109615040535384892e-10
9.833777062109879781e-11
9.443662059560051701e-11
9.675193878056594396e-11
1.065476367895150228e-10
9.631732624213449724e-11
1.405356203780281753e-10
1.806856456624675347e-10
1.045148991516675981e-10
1.076677442902563632e-10
1.066372121475448643e-10
9.902006401411187809e-11
1.191439434867929178e-10
1.375812216692472818e-10
1.252597578401708097e-10
9.212191643202142375e-11
1.617041590473578201e-10
9.385967076558740286e-11
1.199904075802821662e-10
1.178919991007013716e-10
1.087305054682909941e-10
9.886382390967326549e-11
1.171420693357310726e-10
9.241966036134397614e-11
1.302810444865698117e-10
9.647092370575033099e-11
1.134297212116394233e-10
1.384987650123861164e-10
9.582304804919338763e-11
9.871670280841002850e-11
1.388469253360318288e-10
1.042956039022619026e-10
1.106051304114183494e-10
1.036688634090203906e-10
2.003914725440771065e-10
9.295862452632301860e-11
1.583930634770362993e-10
9.179495549422805798e-11
9.248837599514810897e-11
1.176266914957028403e-10
1.065975838910034319e-10
1.539584886851897971e-10
1.112084129658557853e-10
1.056385685411477189e-10
1.547568367627019610e-10
1.066261976438672620e-10
1.114496136894237917e-10
1.671121076913174506e-10
9.231520478668406773e-11
9.637672807348223337e-11
1.296319723229085348e-10
1.378493904302041167e-10
1.373359818383909915e-10
9.660403497984294370e-11
9.464831307869035682e-11
1.425285456379800092e-10
9.319723470303019058e-11
1.094399107175455759e-10
1.187534309155673228e-10
9.586073795463488701e-11
9.705833793096559569e-11
1.370698052240901381e-10
1.040553005178876889e-10
1.084427315693386919e-10
1.017004483087737871e-10
1.380786583853327217e-10
9.723634454374961958e-11
1.105157412820037073e-10
1.183526518398668449e-10
9.877208688779727456e-11
9.869894967094627966e-11
1.419681753070141737e-10
1.716164960350734832e-10
9.316246733961955120e-11
1.042182808879939801e-10
1.835414620810222870e-10
1.055573445011138863e-10
9.923155303968086302e-11
1.008857620730964349e-10
1.232723974302278669e-10
1.458763589522005052e-10
1.002354322213518718e-10
9.399633195264418210e-11
2.304952240167516107e-10
1.389174190965305168e-10
1.404511131678277406e-10
9.574071330997575151e-11
1.024131810600715034e-10
1.188852438348241392e-10
1.037294005055311626e-10
1.607889048454102858e-10
1.169840076409406253e-10
9.840208887173627706e-11
1.265046554365648679e-10
2.652494297547882873e-10
1.311003968032849810e-10
9.440209381456507888e-11
1.328573257040746510e-10
1.207842279744838109e-10
1.105710452725237791e-10
9.320431555244805747e-11
1.026902612906114373e-10
1.407529771912681311e-10
1.563866178765587660e-10
1.708287934819718162e-10
9.597812173766113177e-11
9.787355708529181951e-11
1.054835751307914424e-10
1.634613677860685641e-10
9.323054278030444257e-11
9.252190726288311988e-11
1.030330410726379312e-10
1.258051620601417580e-10
9.886581072074334269e-11
1.183463843257436900e-10
1.278422148267603206e-10
1.111259333823858545e-10
1.028585283802435773e-10
9.774118789436408958e-11
9.885159661090054474e-11
1.449580236089785213e-10
1.010590544189613914e-10
1.003567731368615895e-10
1.163012338394277285e-10
9.195791179579700617e-11
2.174713500910311912e-10
9.247995100971941514e-11
1.251087167522575688e-10
1.225204440215096218e-10
1.307873850181589192e-10
9.634077816185450501e-11
1.247400787210659353e-10
9.797496495201450510e-11
9.782204738269569551e-11
1.098638518067179115e-10
1.140493081197804937e-10
9.870338821724860612e-11
9.250117420734721504e-11
1.019984084011423837e-10
9.741917546310403886e-11
1.307729077691428378e-10
1.245036992758181336e-10
9.668837531594795834e-11
1.402631723919252678e-10
1.178954054864991993e-10
1.605954700027648016e-10
9.710088682732686880e-11
1.145229240977814633e-10
1.517046580686831755e-10
1.954936500803452052e-10
1.001777351319119539e-10
1.536518084762667287e-10
9.609788686808318559e-11
1.673622925429546164e-10
1.142160369608227495e-10
1.007986425018120863e-10
1.163107794867768695e-10
1.268171886519839269e-10
2.665631583129886347e-10
1.002295430128872804e-10
1.076854730592571730e-10
1.058277831354991291e-10
1.416712553000292337e-10
4.353965955081862118e-10
9.186000538593304713e-11
1.497489933983701638e-10
1.083685680921730945e-10
1.259741416261918392e-10
9.773084476957502192e-11
1.253468292565850513e-10
1.111838677831371227e-10
1.263506014151871136e-10
1.016227430907125492e-10
9.701670496733586146e-11
1.107795689383112684e-10
1.106300649351059253e-10
2.298546511818144436e-10
1.007125096284668989e-10
9.466974527824380521e-11
1.808974387517745415e-10
9.460178265161872292e-11
1.128640650567144231e-10
1.169969337901381368e-10
9.889301123604354255e-11
9.795586167941549653e-11
1.306001493857952497e-10
1.317345727577412523e-10
1.054244982214226482e-10
1.087525818737274837e-10
9.526560718732271558e-11
1.191534193665387863e-10
1.106637187439330101e-10
1.077387858081503378e-10
1.749976706428039692e-10
1.782821202381185568e-10
1.168047593178559254e-10
1.193110376501101660e-10
1.409415790027564440e-10
1.271826366797996362e-10
2.218447248733131148e-10
1.454198973341994876e-10
1.041092138927201045e-10
1.391851463827104284e-10
1.074852021657508692e-10
1.484061452992253993e-10
9.337427563085543560e-11
1.415575371013131527e-10
1.224084181555982551e-10
3.142848941168264084e-10
1.397272709675349187e-10
1.034694439167736440e-10
9.375485921314675606e-11
1.760372576737109309e-10
1.169878328560949082e-10
1.335042851161487624e-10
1.538902223271577227e-10
9.877789911029249131e-11
9.190416416647912005e-11
1.010505084293017734e-10
9.586748935974363257e-11
1.089065857764546806e-10
1.010179679084311518e-10
1.425142297121611089e-10
1.413479702328340875e-10
1.070457621513271007e-10
9.381247824434512629e-11
1.357427323620182461e-10
1.313336245206648285e-10
1.520426711314530580e-10
1.134301277573031007e-10
1.299491028027168102e-10
1.070018454058772647e-10
1.515411888812698899e-10
9.281061377009701964e-11
1.151595603278335818e-10
1.380487628414589134e-10
1.003145296817218043e-10
9.827403008284107877e-11
1.106401758682771131e-10
1.322490726048425446e-10
1.244694703637754497e-10
1.269060267250162051e-10
1.032202475182532887e-10
1.244898338110446729e-10
9.894907254505653684e-11
1.729724759414800794e-10
1.272273798185249450e-10
1.061470326690242827e-10
1.098893514314721948e-10
9.640657321504837250e-11
1.183183075207337153e-10
1.081853660155511413e-10
1.020916156093603970e-10
1.139436612818497703e-10
1.045853378246169220e-10
9.796048373782949775e-11
9.732624814336722213e-11
9.576428874224567589e-11
2.262046785955209828e-10
1.097810468227489576e-10
9.807428026168023388e-11
1.036741414808746331e-10
1.136782892599513978e-10
1.069567715682418954e-10
1.105948781248962602e-10
1.038846328670645662e-10
1.038912184290131871e-10
1.219980735375756178e-10
9.256125649265976700e-11
9.550105581283578989e-11
9.593435291032935400e-11
1.233234177934694567e-10
1.175345048162012334e-10
1.143861852938633121e-10
9.711827438045627682e-11
1.866185403174395894e-10
1.536484833481029509e-10
1.275671010965692835e-10
1.322348539705276994e-10
1.213176870456558107e-10
1.350900410900436891e-10
9.900495343342828511e-11
9.656160661733562861e-11
1.039074612536374164e-10
1.485260728264058907e-10
9.704202837074305120e-11
9.853674638417082512e-11
1.048874330683058839e-10
1.270118732553838439e-10
2.017448118824823519e-10
9.346372950213702489e-11
2.661374454670629994e-10
9.810721195075680470e-11
1.924727162775970568e-10
9.377486933189575429e-11
1.623000980284124031e-10
1.025016159601846408e-10
1.188381545988424006e-10
1.742248468074027108e-10
1.129858256206063063e-10
1.146191068882078931e-10
1.041977015934821826e-10
9.514192300200549847e-11
9.595396476005719624e-11
1.168839855846176860e-10
9.240993283997768487e-11
1.016780816915524364e-10
1.189315366750349088e-10
9.700365261134616145e-11
1.043308932064633068e-10
1.195539188544183421e-10
1.225676859753431079e-10
9.344012866739079791e-11
1.034438868888356838e-10
1.065988716542887492e-10
1.029438255863753081e-10
9.531264294114185910e-11
9.269926791122429270e-11
9.506666431952017444e-11
2.125382135499647751e-10
1.318845345406888122e-10
1.003392741649231868e-10
9.811428946209440529e-11
1.715862147589170132e-10
1.277705544005495310e-10
1.229204204387434831e-10
1.077075949810970715e-10
9.385647192874702895e-11
3.038351520479229679e-10
9.404807394614470080e-11
1.091209744826746219e-10
1.617202558576501821e-10
9.793814202070343902e-11
1.381984119847728580e-10
1.051324436707818886e-10
1.119407953044363961e-10
1.522288221294729776e-10
2.034099521350821063e-10
1.051108622329307448e-10
1.276868857338977025e-10
9.749748392444087127e-11
1.925264614221272485e-10
1.398106937655991994e-10
1.381938516066228767e-10
1.525306842872624006e-10
1.679069741189385584e-10
1.168857016336520046e-10
1.152612915155412086e-10
1.314303880928997723e-10
1.237223774013333597e-10
1.334631518636819606e-10
9.612953069255021657e-11
9.472941555659508429e-11
2.493141845236521940e-10
1.121536581261148903e-10
1.002114204720586255e-10
9.642516374518797858e-11
2.219268427990893027e-10
2.548227028991833513e-10
9.272610504211560981e-11
1.900266304423091076e-10
1.074761105574015011e-10
1.239644486458346660e-10
1.064854963269086636e-10
1.015942431226019914e-10
1.292358412023040351e-10
9.243084590350608071e-11
9.766258700408851068e-11
1.462196229220611385e-10
9.427391395168599480e-11
1.009686147780747925e-10
9.393497581776728588e-11
1.264817425961008549e-10
1.326331805496376440e-10
9.760757979625586215e-11
1.060085069317255738e-10
1.162751123829925922e-10
1.079819451278409090e-10
9.284549639617021121e-11
1.032783668496233324e-10
9.539198946611354560e-11
1.238563269667137403e-10
1.012900064852628538e-10
1.996729663986691442e-10
1.108925487598304573e-10
9.942029422257949693e-11
9.897365742969811677e-11
1.004806980666085514e-10
9.740493164293837485e-11
1.548443793825409507e-10
1.009977191768818547e-10
2.524112428090962119e-10
1.175949191842399611e-10
1.330015812964416350e-10
9.696479721770990842e-11
1.220386284475560053e-10
2.154798122526681439e-10
1.243962378059886045e-10
9.842663983680958433e-11
2.603743820922496742e-10
2.789972818810486240e-10
1.333480373264977598e-10
9.390172659873035696e-11
9.954934043241492237e-11
1.844298913890730332e-10
1.020772008627800982e-10
1.346337035640314310e-10
1.102671981390667635e-10
1.148024108437025652e-10
1.110703190894437059e-10
1.217369174033447520e-10
1.032879280482741109e-10
1.233067909634568675e-10
1.120246676936552737e-10
9.604820960570437414e-11
1.050427611373139761e-10
1.016424353176095033e-10
1.748613106563866064e-10
1.091770363356354737e-10
1.303759719233768844e-10
1.028583807535915906e-10
1.138673749827628422e-10
1.284779286697964451e-10
1.004889851073187962e-10
1.309602857518326101e-10
9.607814402287977120e-11
1.177851783107297085e-10
9.687428904146022921e-11
9.212516790734126845e-11
3.218958143772546095e-10
1.017585813805679970e-10
1.135619168742315386e-10
9.238561011576160288e-11
1.024493333783908778e-10
9.567278766604379096e-11
9.956620137991548238e-11
1.047721485095633323e-10
2.139718317389968415e-10
1.048782898549536976e-10
1.309157046167547314e-10
9.883371180304337838e-11
2.192301638305564391e-10
9.657829913239426166e-11
1.707515917021226129e-10
1.638522263381470535e-10
1.165929944349517200e-10
1.081205169222043275e-10
1.387205030208983561e-10
1.023420291342874157e-10
9.376590526070470864e-11
1.250259805729117671e-10
1.093589237386833663e-10
9.453552561397933241e-11
1.252381370436232849e-10
1.003732137036618529e-10
1.011360897141467923e-10
9.338873465605024932e-11
9.189341133989523786e-11
1.149456818446803769e-10
9.639141726879823365e-11
2.219351284522936898e-10
1.012642681340327949e-10
9.913813180601373916e-11
1.424819310251542961e-10
1.232429105746107759e-10
1.700329550105953432e-10
9.189096736212655488e-11
1.064280526145672142e-10
1.608914346200961662e-10
1.168187593775308194e-10
1.220161276499852671e-10
9.266611628651929422e-11
1.085040309720504272e-10
1.018464710929635212e-10
9.565878848271753867e-11
1.261878651988650319e-10
1.208974415402733079e-10
1.407650938192648302e-10
1.000701173282827880e-10
1.377955646135929399e-10
1.125623656803060339e-10
1.000433483062868781e-10
1.060536457713542598e-10
1.390729395279680475e-10
9.731943041775837916e-11
1.261646550903537001e-10
1.094182354067293383e-10
9.860707845711295945e-11
1.294251650928200884e-10
1.137310284427874716e-10
1.735102148238489467e-10
9.554987968097518257e-11
1.253642123582174618e-10
9.217669038921395349e-11
1.456004756319728796e-10
1.225956690012518823e-10
1.378618443153115892e-10
9.339981858228793107e-11
1.415501688875254401e-10
1.305851747643961090e-10
9.212614333035682021e-11
1.267885473507341219e-10
9.695096140886351603e-11
1.003272043524233300e-10
1.004262900929014170e-10
9.432552268272941482e-11
1.129458409635768771e-10
9.541043753731828615e-11
1.859882275814992979e-10
9.877652255832518948e-11
1.559084621822841487e-10
2.642514950013895428e-10
1.002071914665600538e-10
9.565359731870621732e-11
1.337052085665665515e-10
9.703130935367894524e-11
2.186646002994713222e-10
1.072232646976148957e-10
1.434851950220351727e-10
1.404105294026186841e-10
1.108062672669188277e-10
1.036502416662434888e-10
1.558407385460984893e-10
9.801146778752037148e-11
1.108483091811029460e-10
1.004050323275960479e-10
9.291926121904651934e-11
1.875491866156763684e-10
9.284598079634615039e-11
1.334115433251278894e-10
1.209804656719145292e-10
2.397371737112590374e-10
1.001178927787278849e-10
1.091711510247285207e-10
1.026250465249211347e-10
1.121221756285464539e-10
1.040365931487965456e-10
1.003994533964386755e-10
1.198827714477094974e-10
9.337813156245636477e-11
1.321195151056321949e-10
1.113931770553289427e-10
1.217529674296529452e-10
1.139568886940146669e-10
9.848876053292887673e-11
1.289073620885440620e-10
1.004686431215370287e-10
2.553108645810366873e-10
1.043941544893182726e-10
9.344735396663486416e-11
1.251206566674720637e-10
1.077906585035120398e-10
1.079002846262306337e-10
9.396166365297511037e-11
1.152007435233401738e-10
1.021571282541387278e-10
1.183145199705904995e-10
1.453424621296094036e-10
1.081569722337634137e-10
1.031825650086707529e-10
1.582686673776401833e-10
1.108134596364468412e-10
1.001174393081195055e-10
9.496127782430173456e-11
9.952290472811156089e-11
1.091953911176601513e-10
1.376035388479819387e-10
9.961130352630174426e-11
1.325810529919748000e-10
1.280221265620563666e-10
1.016606327410898168e-10
1.405248346995879079e-10
1.303015712209901806e-10
1.087899762631774176e-10
9.811459716984510692e-11
1.149685853492561101e-10
2.003436972103835512e-10
1.190160194707608966e-10
1.009327492634344564e-10
9.788974535527811744e-11
1.061929813585215251e-10
1.405870670850113381e-10
9.275810671064481339e-11
2.200692943760348479e-10
1.160326139868163394e-10
1.056299149397457059e-10
1.458181730808459631e-10
1.478739075755916799e-10
1.243272197158174701e-10
1.766580712258364551e-10
1.076572476552193535e-10
1.208043644655654483e-10
2.039612727675362602e-10
1.004445294336767215e-10
9.935000958254477377e-11
9.233094461616574762e-11
9.314024891255327930e-11
2.864308981111870343e-10
9.270961556204028750e-11
1.107549406176192905e-10
9.648294620976517772e-11
1.108207899004700635e-10
9.594313945273590790e-11
9.180881662109152823e-11
9.931713430171707445e-11
1.231558000892645204e-10
9.312640030050530281e-11
9.669819264943492081e-11
9.392474638576350793e-11
1.160364666308899257e-10
1.102810883961940395e-10
9.370810100851219368e-11
9.258731932195961662e-11
1.082889974266046921e-10
9.801393168532582638e-11
