Format: x y z  (R = removed from domain due to fracture isolation)
-240.0153164 -438.3534266 -516.4552701
379.4450524 -137.0356659 405.2378508
-395.9377168 -136.1360274 -191.5879123
453.9423468 -210.2611837 -492.2166923 R
-102.2828706 -376.6050148 -59.90674065
196.0285269 194.2406741 -223.8313612
105.2889722 -265.2209675 475.6863695
298.8895874 203.8829773 -149.7542793
-210.9938289 278.2983892 -118.4447467
97.34529611 -225.6481251 -349.1491288 R
302.796709 228.0806822 433.1492003
-190.9613026 -416.4710287 -389.3267767
-19.04795001 -369.7678665 384.1837196
-29.11648038 91.79850101 379.0113496
-467.3877451 308.7071669 453.5254093
15.92034135 157.9641123 -412.1591598
-195.0484848 273.6584274 -270.7066771
-55.31060874 -194.2690262 -160.6925703 R
-395.0791581 206.3943277 101.2186284
-242.166776 -70.32151416 50.66238306
503.4390926 -286.2821754 170.4971323
195.796517 -140.6868787 -133.9889878
316.0154807 -411.4443802 344.3857997 R
-438.1643651 416.1729705 312.6208126
256.3615242 -206.2448948 267.571022
295.0357361 -39.16788124 364.5893931
-76.44920629 -316.1661038 -314.8865618
-301.7638007 -461.1919013 453.3832235
-43.19631606 -334.5510814 210.3660576
490.5607673 93.31070243 -167.9364718
167.8119506 219.1042732 36.29550871
109.8902693 462.0041434 114.9259457
519.9857245 425.6768147 -151.2624075 R
-222.0958374 231.0954318 427.4700068
365.2061136 316.1498025 -441.6898186
210.0255735 90.87049573 92.68516427
-456.4433824 -185.4586645 -209.1395037
-463.1266284 326.0306141 -532.7386779
-438.0057724 -111.8217274 -226.0973256
-28.86920922 -323.2275302 17.46995302
-254.5526625 486.8466616 -384.7188927 R
489.7184117 279.4572229 342.277474
-128.0050142 252.2794719 -280.9667206
-218.3550241 58.53696664 -448.6411809
-301.7891351 -388.8339984 -419.4405777 R
-326.0335262 -330.5488204 -113.6692195
368.471608 -229.990065 443.7242099
8.229160905 83.39036361 -396.896745
-307.5417487 -269.3171577 177.1735736 R
446.6567229 222.9259037 152.3165592
-23.60306793 399.5559199 130.3410816
-245.3618846 476.7047591 236.6611643 R
-481.5708514 476.4092856 436.3458553 R
529.7681501 394.3058311 -287.5365894
267.3082793 137.3172271 -23.19213441
504.2764558 247.4378986 335.4900502
-19.79069544 238.4808626 -401.3261361
-227.2997183 106.8395434 -496.0769743
386.1261038 -118.4886397 128.9907518
-231.5244037 532.9270263 -468.8619601
-16.47222742 -355.7636652 -410.2798336
-326.3627317 281.9159953 -202.2824963 R
318.768945 -20.08974762 428.6029961
-232.8301129 -305.1814804 511.543325
236.4004197 -440.4497647 305.154529
378.0236937 91.97145843 -174.9445508
-265.8264403 55.41070003 -38.39883307
367.4835283 53.55693723 250.3565236
493.2940997 -24.11619217 325.9476597
-259.400854 -104.7303831 46.36774077
464.2713168 276.913514 331.7206357
-18.2534548 -495.2677552 -234.3652484
88.71959015 382.7695658 -108.4579262 R
-226.1501159 -139.9871338 26.26446592
24.22996046 257.6652523 255.0977633
-149.0038116 -338.555565 -394.9014567 R
210.763185 -31.58918439 -439.3999955
228.773227 -274.2207139 311.4852034
-291.9892812 -35.91566293 411.5828415 R
-141.4654033 -252.5637313 459.4090182
164.484507 516.1406223 412.999121
-198.2080269 -300.024051 475.3698115
434.949108 -496.8462936 416.6644395
-235.561614 -36.95361814 -421.4920057
261.7326204 -10.80854137 504.7139503 R
-414.2773811 -407.9383319 31.97301872
-209.0088542 429.2778062 208.6884926
156.7141648 456.9744268 -70.46763087
-240.4777833 300.6738264 508.76164
114.0005082 -167.8938205 286.0125423
-286.1796863 -324.1819294 -442.4759105 R
-296.2901127 -338.8455254 494.2254796
-148.4792903 -432.4651715 155.779292
-106.7458274 -105.1032529 -295.12012
193.2610802 111.7825969 -166.2606277 R
94.91042884 12.48572844 -0.3399389185
-293.3193556 -90.66243557 -219.1076228
424.421458 177.5950987 18.14497257
57.61280555 453.8952605 -492.5096786 R
130.424659 277.5254803 -470.9004197
-11.37474824 -314.4855879 474.5332291
-37.07661147 348.301576 -46.54870668
-424.3846479 136.8595556 -504.8866804
-263.1246282 508.4602453 374.2099331 R
291.940615 -504.0944624 -85.92457805
335.1404718 -249.7153107 197.1339923
8.221910347 485.6283697 -400.9743139
-186.3133256 -272.9087421 -238.3204105
176.0436242 294.9373797 -35.37742487
171.0938412 140.6481104 -522.9722055
195.7656843 -453.4610472 428.9789137 R
-543.6887017 -55.97793876 -188.1572329 R
492.26981 406.8695288 -422.1760619 R
433.1752795 317.8268365 542.935904
297.0108002 -383.0981421 75.99050741
-421.5953058 -428.7026467 -423.0950773
-436.728215 516.1691169 -44.52416126
474.588836 -387.3337334 121.0754927
-258.2148255 469.5505612 360.6936064 R
-425.4445923 -85.18170294 -64.7382106
245.72883 -482.2036602 180.1794375
407.8096709 -246.3276362 157.864651
211.8285299 -130.3069252 436.4455799
-4.599417273 30.05449387 -433.6850313
97.11514818 -414.2235887 -246.5431718
-212.8200887 -146.503865 -297.7363754
321.3762347 405.9618021 -234.3968751
-93.17345487 -351.9171718 131.2484865
49.82931688 131.7665988 509.0693242
450.0085816 -2.745196837 -72.98959936
-358.6559438 438.8270221 -505.9083561 R
476.3273329 158.4156473 502.8609059
528.7978866 -220.9296634 -226.2984899 R
-375.0583276 -458.1076072 -341.7658696 R
396.7819608 508.7016281 -359.1088487
-166.4570388 -292.0958168 74.00465705
393.494679 145.7970538 -532.6878183 R
123.2801008 -359.5192811 90.10509525
-535.0286675 293.842414 -417.3191503
-377.3948038 -136.5984219 -101.7298576
-220.7188445 468.9203264 -127.3096995
-154.425058 208.317535 -524.2285591
82.45635228 -189.6842953 544.6846892
-279.7115281 -283.4779298 -168.6460828
-210.3241054 452.7095508 -111.6236795
241.1679099 -437.742464 437.2419862 R
153.6036052 188.6330402 -330.746954
400.4537746 187.3681569 -372.704702
-115.2730899 -100.1931574 -516.7980175 R
-461.4821712 -471.2230432 -304.0500503 R
494.9166525 -304.3929753 -400.1897148 R
-335.3398838 -394.5110331 -195.6627409
314.8022387 26.47186084 71.44138352
62.52376119 285.0333592 -127.6143308 R
-38.44141845 308.2810457 352.0174732
344.5066772 -207.1424565 249.6480939
-381.2853827 203.1302806 -475.2023012
315.9983595 -323.9103688 -209.4162002
465.3689782 332.4892852 -372.1660394
-370.712414 76.66671376 -315.4252388
281.5477073 -503.974235 388.2742423 R
-385.5582922 400.8673099 27.86397003
-518.0403976 311.3191789 321.7087972 R
76.95784295 -90.08117387 322.7879481
-338.1459974 379.5426963 -155.4363082
-158.5956741 -164.24582 74.77510517
-318.557711 -272.4423756 -416.2334853
-481.1270312 534.2175537 -344.4046799 R
535.5668717 72.23696516 -5.54027194
88.12974195 524.9112193 -307.3456351 R
415.8254817 134.0753683 275.004786
88.47039074 -397.0103902 -313.3078974
-75.49076169 136.4162204 -499.6435048
475.9803493 -503.148374 -102.9422957
105.2060402 168.4358209 -95.14764431 R
-352.7332839 -313.5424639 -359.095039
-472.3354404 -426.0181513 -489.5368545
-119.8887959 -384.407797 -260.6021337
-206.5574338 214.8567096 -349.676092
-180.3234745 159.8195621 -412.5131539
-68.47259221 -421.4010283 204.4560053
-320.3946917 -5.967893628 -311.4606434 R
-484.4516263 176.7532026 229.7392693
-497.7854054 -35.69304272 125.1610833
461.9452464 -199.3208254 -165.5345365 R
-40.41199549 126.2741147 -8.834443744
362.2418692 178.8278582 -192.4588707
260.9633853 -502.7678401 -154.5327012
35.02450652 396.8520428 354.7955625 R
-35.41388304 -422.1361436 -478.4698008
-225.2260731 -0.7800170337 256.7077224
-183.6504519 355.2476626 -455.1682922
-370.3390055 45.59425192 -318.7757178
-357.3254298 225.2106538 -62.93138378 R
-240.4667874 300.5225887 163.8106534
-149.5408323 -546.6825646 -487.7056535
454.6957261 -461.050654 -494.8067829 R
-450.208368 -459.4283915 515.0286316 R
373.5408696 284.3880994 -440.3910065
-278.2252155 461.8298701 -36.56558789
-393.7621844 -18.98582916 -154.1009931
430.7290986 254.3628832 -394.0253224
338.9791299 384.2564751 490.7248442
285.7186053 10.56114664 -210.7449689
4.890946658 335.241523 -221.279457
23.46318733 178.8419752 399.0621408
150.1390463 16.32494761 291.814398
-12.78834364 -438.8381268 63.16389318
527.1098858 -35.68275691 -346.4038229 R
-446.0905049 -401.6592405 281.3142144 R
162.8417421 -315.9494698 308.9854945
-237.2311523 502.9545795 -174.0525644
471.9492586 -292.5405256 -279.5857724
28.49385298 242.1394367 -500.3507309 R
-345.2808387 481.9738432 -113.495042
-487.7798167 -444.2036768 -242.2166301 R
185.3790422 -488.0610819 -356.5042947
-326.4428824 6.537659928 334.5748317
158.6882087 -202.3040925 -390.687849
-270.4262974 -225.2462904 -131.6371645
-456.1104279 338.1691967 17.38930563 R
86.23708698 -299.0501368 -254.9876995
-468.5354416 -368.4862697 -421.3939892 R
449.9886361 -97.94852887 520.3402697
235.2511385 179.7669081 -276.5027681 R
-244.1805286 146.6895187 149.157417
-402.3886497 -38.93500014 -231.1613752 R
-341.7985452 134.1723656 473.8169792 R
247.578719 -332.3980973 -310.2852747
326.8428134 -446.7633217 341.7807743 R
-490.2410007 412.6236949 152.1551611 R
174.0614326 480.3244764 383.824162
-48.26619796 -172.3090548 -304.6213068
-92.05585301 -380.7721012 79.19042888
-247.9447598 499.0023253 147.5515209
296.6621073 -307.2374168 331.8276644
-211.0639721 -523.8693874 -40.27236088 R
402.6590241 -186.7463379 446.4091432
19.23246586 -349.8323672 453.8502881 R
-286.9062749 -403.3360165 -483.4606725
-214.4625575 -231.0490549 226.0019213
-222.3146491 367.5703828 -523.149966 R
-154.1468315 -419.411577 -451.9871687
220.8402748 -104.8224694 -250.6550615 R
-196.1418472 348.6633335 47.84543274
101.9577534 311.9348682 -370.487977 R
-519.4023935 -95.30686484 291.2233081 R
549.0051193 201.5766431 -193.8868883
-308.6275503 152.4953585 334.4801822
72.96287408 -318.4639523 162.3225386
-463.2130897 -354.4670231 -88.20465302
343.7955439 -499.5879295 -484.2437155 R
69.77292824 -402.2314501 127.9951611
-3.023206881 2.960075725 -45.62282099
-253.6428167 -181.7590897 -153.3701151
-68.78208029 -414.9218481 380.4550723
198.3527108 97.57011106 456.8410168
134.1226511 52.74223467 393.1541773
518.4027936 473.8059674 -257.3139792
393.8438449 -140.3780339 16.14899323 R
-448.5540908 -226.1692228 -411.4401807
292.9842741 290.7431094 129.6007743
82.45027727 -123.6829714 -374.7496074
-451.5157653 247.78143 -391.5349006
-314.404588 218.3793344 428.7811338
-80.8405156 -167.4683965 -459.1173296 R
-386.4536285 -403.688162 305.0045703
-442.1610618 -144.0772339 230.4159686
-262.9009781 -511.1519118 370.2854197
457.8367794 482.6187905 -286.6925691
310.3714715 -15.95347664 -374.0765294
454.8535253 -468.5070205 -265.9957535
111.5270806 -475.7902724 -190.3508565
-434.9692876 494.740846 -178.6526842
-424.7566482 -207.1436605 -304.05502
-233.7629735 125.7146257 414.3291975
-306.8070581 -96.3280143 -516.0868027 R
-408.5395036 -427.2560396 -8.010324551
-503.3735762 42.02152761 236.1945623
128.8838563 -156.1325671 -516.5185422 R
-287.3516085 20.35827876 245.4844864
59.23446931 -512.1221108 -280.3380833
491.5343588 207.8560954 153.3634724
-375.4126039 146.3525093 382.0668515
-486.9401724 327.1538993 470.5390567
-355.0265868 -17.65907943 45.74722537
390.213099 402.9001892 -254.9916806
166.4686243 280.4325303 460.4806704
408.6950321 124.0319368 476.9528451
468.4030037 -354.0386954 -377.4369613
342.4131181 188.3242228 -41.78577657
262.8162748 218.361462 522.8467312
-292.8630955 300.0183908 231.906348
-468.3409399 -3.499521644 356.4354699
-296.4636064 131.1805117 286.176947
-116.0990272 322.3769357 -204.3975359
461.7491343 307.0164749 456.2640816
-67.44570072 -185.6273334 -378.3273992
395.3932328 -167.9525508 -399.6050543 R
237.3744037 -502.5576777 154.1033867
-31.20519678 88.04625676 215.2769137
45.09883516 102.5563407 274.7736656
494.9351984 -538.7295508 -267.1073463
152.7071226 -345.5661394 -199.179637
-155.9269088 -341.9361019 4.9602111 R
-125.5133814 -242.3011587 511.0897365
389.2994093 343.2694851 -462.7353842 R
-215.0193794 -16.65164581 286.7152462
-470.1837138 208.2238643 -288.6746084
-245.7011204 331.8311605 222.9787087
184.2254255 -428.5141208 -492.730781
532.5445921 136.4571074 434.2112596
171.5656374 179.6010885 351.6253837 R
-16.05205458 237.4660106 396.7583393
21.90530269 486.1594375 -528.0761967 R
-259.7286789 -455.4772932 -133.9943595
-29.12408026 73.77341856 -42.17295846
291.1798553 -304.9610178 -54.71863469
320.5664712 155.5909843 -177.8553598
508.1258147 490.5201211 -512.3509265 R
87.60704341 -251.0573119 198.8975356
-107.5694648 -103.2417842 44.89105437
-214.9335052 282.7475114 415.4323189
481.1595199 -328.1116037 -341.1577416 R
45.36191059 451.9271507 -177.399216
-356.2989307 533.4133172 438.7606156 R
-48.5991511 161.8309233 -412.9678891
87.60422542 54.27461531 -62.00739133
-530.6110379 -361.756554 118.1652675 R
358.3762291 114.4095115 -197.2708667
-35.76077218 212.2645697 387.4994923
-409.4694779 -178.5481927 412.9106975
425.5838709 154.2277904 417.6702404
-98.60272626 -311.5432675 -172.4381046
-82.10154388 -522.8243886 364.6143288
199.1095024 -152.8569035 357.9275766
236.513433 -402.8658785 -336.5033074
290.6842156 -235.1680082 71.49924375 R
54.0709495 426.8898916 8.843696192 R
-447.6451063 216.774195 -126.0225275 R
-486.0877799 75.2969254 -103.6758903 R
-64.55699723 8.305224995 285.9622832
-161.2877889 -154.7927658 -253.9925041
69.88591541 163.8944311 -373.5310958
109.8472475 118.1528107 186.7022646
-166.7954565 20.90931638 -481.7933414
366.0880285 -102.9229857 399.334371
-221.9023714 412.8929624 -116.9169446 R
-204.6381581 -217.9918648 -353.4061637 R
106.9166657 337.0274953 -496.6604546 R
-261.0578709 375.7722725 -388.35742 R
-355.0399837 -161.7740866 11.30601257
429.4793192 514.9228697 -157.6920733
-420.5840167 283.4835125 -423.2033378
-120.1365463 -234.7428723 -81.24802337
437.578954 -340.9917865 227.9499674
-466.3230835 -341.0169443 97.66094526 R
64.64427934 146.6027544 161.8969628
417.280957 -358.8631438 -380.4353568
145.5323245 468.498949 -318.8686286 R
152.2246633 367.4309267 262.5537916
168.8129578 -461.8951869 -39.00713051
163.3891838 -202.3260769 295.3150423
-314.4516182 256.9981849 279.517242
125.3940229 380.6127832 284.6567222
-303.1903589 -99.78307099 -172.3527488
468.2073841 39.03124 40.69888549
-334.1228143 -383.1046587 263.5757338 R
286.497824 337.6185711 483.8696132 R
-327.945708 -239.8090365 420.2252044 R
-252.2733153 75.96469347 110.3956214
128.3735027 13.629685 -442.8139098
-349.7452857 -363.6755063 377.6397373
466.430678 178.2476843 -209.0826167
-404.7779288 -541.2405143 354.3404091 R
-406.6780129 271.9245554 -303.3150563
-367.6655552 414.860037 -86.07821541
413.7675771 180.5303873 32.72802715
-217.1888234 330.1044506 -365.7809191
-389.75482 216.9313862 422.271575
423.3075803 -510.7336779 371.8831386
-434.0914982 326.7729331 -331.0901924
251.5455565 325.9715166 -232.9591372
358.9440751 215.0068202 -236.8233934
380.2810371 435.7635059 -397.1055984
-277.4407374 364.5198545 -90.22237496 R
308.0079679 479.4024205 135.9183178
131.0741568 336.8302617 43.41599246
178.4631788 256.4676904 -234.7534553 R
-33.93018751 -444.7870654 -213.6019184
461.9156599 -475.434965 37.18165124
432.0969916 387.9634527 -217.5387777
-45.03806157 -352.9770759 238.7602676
40.48485149 426.875086 234.0157343 R
83.90956272 -373.5640855 319.9184608
-295.5688602 -110.0542391 251.4874299
-344.863104 -320.5540831 -130.7072689
80.39646436 201.6421608 -27.53362557
-303.6383684 -529.5868145 360.7197554 R
180.3736345 441.9565169 338.6909265
-374.1469195 419.3355166 126.1732033
277.4392759 495.3264103 -126.8436372
459.3313752 265.2385822 -133.5379479
-409.1543605 319.457176 -379.5710146 R
-420.0866542 411.9406627 -34.26198323
-261.9323415 -388.4413883 -332.2295648 R
-511.0379844 -391.5797196 -144.0158232
363.5268824 -250.2814677 23.38474807
-298.8801854 -414.8552551 241.2133701 R
303.7694096 453.3282347 152.2307903
229.6669358 -233.8312732 -462.971264
-457.895691 279.2377384 343.2931246
14.97521616 309.7921302 -307.6771565
369.5093007 -142.8591452 139.1145777
534.8354789 -459.8371281 -323.6344988
-166.0912487 152.978786 -113.8167151
-342.1083964 162.256748 1.05248241 R
489.5723993 -239.6022764 -134.3297382 R
39.32604273 361.9371959 -336.3241872
437.8745067 -84.20898448 -434.0919064 R
-377.8685456 -107.1889374 207.5227209
-461.1028914 422.1829039 367.6764967 R
-12.83708489 238.6643411 258.1955963
-201.8686435 298.9024913 -440.2574712
-259.2127304 -191.5538928 -354.683033 R
528.5868605 -495.6282457 434.5746526 R
61.68815893 79.45796673 492.6228189
92.55834107 -425.3842416 -468.8123585
-304.7857406 -179.3383642 -302.8752492 R
-427.7771491 -444.8488596 429.5705809 R
350.0155207 -348.6618719 -326.4701289
92.65275256 -26.26455394 522.4733699 R
-298.1585609 -235.0688189 -15.89176671
234.6892128 -466.2357207 170.3358981
291.4604029 28.14406649 82.31431145
465.2428104 -51.74783698 114.2586324
-516.4568765 -382.8215325 356.4507167
-69.21901768 -481.5333241 542.1116389 R
-123.9839528 491.0291697 76.41046863 R
464.3583496 -59.64251671 -20.85718017
257.9502148 325.6761454 98.78596043
81.29318028 86.7810264 -384.2070183
-382.1322185 138.8958057 405.6527955
-247.3090706 98.91809302 -444.4532369
342.7723796 -188.4822501 -95.61478085
24.83124731 -115.6203801 -149.7119415
-21.02569288 -149.3101429 457.5020736
330.4019601 27.2758363 -170.7377191 R
229.6691151 185.4334283 -490.4958318
-434.4910788 25.15871785 -455.6547467
23.79326651 -96.80287081 431.4989963
418.3753686 135.5966074 458.9496638
-256.839162 -192.0595115 -310.8703002 R
-456.704394 93.59211091 202.1547004
-460.9249968 243.9161101 485.8175026
518.548188 -242.7244316 -111.9679672 R
-79.32030211 524.9477245 14.32227461
404.1836302 230.6085321 -162.2468345
-159.736381 -400.7535913 90.26787745 R
133.5644589 -102.6720437 -460.1863691
520.2695355 16.83541252 121.8339192
-484.8402847 -453.2068512 15.61821681 R
-166.87517 222.6348316 92.56373822 R
29.91808024 -363.8584408 547.2801217 R
-70.2626596 373.8003786 -233.7185569
66.72234389 158.7097807 -194.0489198
-264.8350041 -309.6743077 139.712336
-185.6010946 463.0040226 -508.8712301 R
160.3777059 -84.47203496 208.8545037
73.81375387 200.1316845 473.2800816
-486.6116379 97.07821128 -486.8599866
318.7595391 -128.9264882 -465.7467965
-66.06367239 196.2217312 200.2075925
369.7589849 400.5901401 401.3353333
-195.1935165 -11.1352718 -280.1122791
131.9179693 96.2533592 221.6627386
-548.8447946 171.8161472 -51.54142664 R
316.684992 421.2849737 -470.2461534
-402.2804893 77.20454793 -192.5780681
-153.206888 86.36175872 304.4718698
90.99240606 -102.7092528 436.9768334
-124.9259309 -10.49070895 335.4161489
398.0505783 157.4838717 108.7800921
-475.0070389 503.7720778 -372.9939431 R
101.6364289 -435.5592231 -17.55429665
163.8301741 237.7653295 506.7105239
-497.0543554 -128.9968144 396.2303881 R
-29.99556144 -527.5686834 314.8640988 R
-118.4062515 -235.8001085 33.11590132
-204.5916986 337.3924277 -32.18511264
-79.76499753 243.9357939 517.5182949
-4.133872841 333.4055808 305.5306145
-274.0579214 78.12496198 84.57428189
-369.9452133 458.2640382 -255.1522483
-519.5466055 -519.7400509 246.0816331 R
512.3443135 0.7863909702 381.7304252 R
52.82868388 115.3597 201.4390264
-347.4411967 -448.4174993 428.9673196
-507.5918087 509.4816536 -106.8352321 R
-221.7828983 -338.0196233 -315.9222521
360.1759967 -483.9858554 -346.2324239 R
36.86901347 474.1545831 -192.4425731
-439.8378084 471.6345719 -254.4049315
364.5246494 85.29254556 470.4085941 R
465.1480017 195.6700713 288.3590102
-37.85912551 -526.8983446 153.2848916 R
115.1789906 116.2176909 346.3663399 R
-254.1334348 243.8517263 -74.15071289
316.0398759 -418.0569312 269.634614
81.13154194 328.5680233 -327.483166
272.9708767 -90.64175022 404.2052882
-459.9836912 456.6987856 286.0050778
-159.1703705 -6.097526713 363.8335521
426.5655863 -21.84310874 74.48930953
-487.395547 123.8949933 -150.4544927 R
-3.673538699 -375.7850745 391.7722579
-271.3141634 -385.8419012 112.4150007
-380.6054128 -474.3199526 349.9142104 R
333.7367358 -323.1607901 -200.5682167
-469.3465615 44.23182727 -469.8224021
499.1703243 -23.30604356 16.41476038
-209.5278137 253.0225231 369.2423718
-278.6908769 347.251896 180.7870205
-292.7110725 234.1745588 409.865659
-77.09604273 -240.2355347 448.0842847 R
488.1023515 457.6579694 519.8188256 R
-52.28639709 -357.7274874 460.7397046
426.6283689 -434.5451934 323.0751084 R
-292.5538093 -467.2554295 98.47059657
331.8089602 546.6624399 -457.550889
410.5012336 391.9674534 294.4279398 R
324.2308818 275.4181445 -329.5165819
528.3050441 398.2089496 357.6540505
159.6430455 -358.7920852 -483.4932729 R
45.9086447 -82.88656599 -213.1620047
-119.9994875 -146.7426041 404.7053931 R
504.3918333 245.5229142 406.0912135
296.6547858 -65.00894516 102.0448957
-240.1180124 122.04366 -278.2037199
-233.5013774 400.6760474 -451.476888
457.492722 -66.83739143 92.46451474
-264.4153961 16.64043865 461.3695124
-216.729202 106.6915984 381.3102195
-71.30634106 136.882799 449.5281889
497.3147956 465.906995 -392.3532939 R
37.28871349 253.7223433 -515.1609292 R
-371.5860878 387.4102089 -264.2301699 R
310.2586588 -431.5204171 377.0953477 R
-77.50823223 -433.3715716 300.6902423
259.9781084 -429.754816 265.412868
525.1849513 -385.4349307 277.9265012 R
526.8800297 257.2252995 173.3211421
-511.9857032 -149.4878669 -476.1789429
-482.9593172 459.539403 -508.0005645 R
335.0166376 304.8655978 -265.9803608
-222.7201006 206.06189 -215.6442981
-375.5323876 -366.4555763 -151.4793321
-210.7437606 521.2798638 -435.7916754
318.6550631 302.8641508 399.0161959
-433.1186048 -49.53957751 61.48295715
-58.79052747 -60.53125109 -273.2504316 R
-343.5491469 445.2324491 -154.8588853
-86.01131414 45.39795677 -338.0052195
434.7170669 176.2914057 461.9275391
-242.0435799 -94.29564129 -429.964877 R
-169.6419432 67.16146173 -488.68568
123.5536745 69.11376205 57.04958475 R
-482.215357 211.1772176 241.6341491
-440.5230432 518.2207173 400.5162363 R
455.8572103 487.919352 486.7639809 R
-235.530404 -218.9253574 268.3005764
264.6602649 33.72325174 -404.6810346 R
261.9982483 68.79149175 224.1001307
-227.5572832 -329.4232703 -219.7443979
-175.6884748 -348.2933311 -407.0000992 R
252.9337788 57.72515472 384.0910235
445.2494539 -143.4415422 155.1750582
405.1073866 182.6990229 32.2589858
-84.36525381 272.6331937 -516.3704629 R
519.1761436 -239.7903806 416.5442931
149.6585197 -368.6133421 313.4723253
-423.6426422 -177.6443144 -454.9148131 R
-395.6888908 246.2332279 499.7725003 R
517.2956492 -160.3848218 95.07958833 R
426.0400709 -148.2379772 469.7819842
-212.9433065 -283.0484854 161.8140254
104.5337108 -473.4889325 -388.0727968
224.5903106 73.92879095 -155.591912
161.385771 -377.3817319 -3.854724846
441.1498263 -518.3496883 -427.9634658 R
-2.105127214 173.8302294 43.54454066
-6.197780245 -152.8437151 333.6098462
133.9493514 264.0468555 -51.24226441 R
-32.34792291 -450.2815703 366.4883584
-371.0863224 -7.828359089 54.65486479
29.95318587 113.4544929 -185.8870016
-233.4950854 127.1115498 -33.39009843
353.9905238 -166.5042861 295.3228046
-499.0787062 -393.1381287 332.8162994
-434.6352567 -377.5537384 221.0054085 R
-317.6948548 199.8421685 38.68264995 R
-6.400876672 -254.147423 62.89283876
-195.6380322 -370.0663735 -197.5562578
42.19562215 -137.3797299 -448.6781264
-396.2450384 138.746408 113.3006533
29.93363065 -30.57805146 423.4689102
-495.3275482 -250.3627787 27.27324496
299.1966563 143.5608865 198.2277103
-122.8397919 153.6537335 435.5528369
-494.8704881 112.9722779 238.8069344
8.751052709 -280.3217112 301.3027506
105.6257356 483.8024272 181.6304441
470.683156 115.6780152 395.1775748
87.46889809 500.9705308 409.054799 R
-470.2356431 -305.2317015 -290.2153836
-109.7274966 108.7401223 -212.9088231
-306.9821136 448.8608284 -421.5489587
-97.35676615 490.5114832 231.5317254
343.6783811 -68.39786479 -497.0596072
-520.6452103 136.8120424 347.2786443
-8.963446165 -208.3242607 518.3651223
-145.4315925 549.2183646 -91.06923135
-523.7497832 -428.1942829 -489.6728251
394.2376951 -2.299025337 -171.4546697 R
-469.8203248 -183.387577 -476.524001
297.4447771 -12.75118606 71.92209449
110.613204 240.9636742 -398.7943294 R
-485.5581094 395.6434138 -152.5932058 R
-246.9360096 493.0480226 309.9501701
134.9356706 -188.1636832 -296.7801037 R
184.3877944 -516.3948475 367.0748931 R
-147.1569059 -344.3690107 281.4151476
-373.3679434 217.4609916 109.7942699
-501.5219079 14.24523292 349.550399
156.4651537 -3.085093485 359.4793965
-194.7751278 488.5354573 396.6177192 R
172.7836771 6.299815959 40.55211378
498.9379003 438.1426703 -268.2261364
48.88775608 -370.9812891 -294.0100888
-87.91832469 -170.1229745 -145.5695598 R
-149.5836661 -417.9508375 -228.773195
4.860104053 258.7659484 -59.87239476
-170.2542103 194.5606723 514.7497554
-265.0366081 89.05544683 -383.2465706
294.6781756 451.516336 32.39154077
112.8165314 260.8407748 470.1637044
-421.3288104 257.8323978 -376.7854764
-201.4393944 138.8465083 12.12170076
64.29792599 271.3974682 296.2508221
216.0900866 -373.1353072 -424.7766541 R
361.3631515 -249.218388 -183.5162821
255.8017035 419.9245673 283.4663666
-101.2504856 -310.01701 -413.691602 R
-488.5704128 0.05658310648 58.30317093 R
-473.6928552 512.0306751 -70.64530251 R
357.5988193 297.2979644 195.619686
125.6876775 394.2770395 -495.8725685 R
-68.80374632 -322.8199547 207.4856949
11.97646769 323.4394086 -431.8614238
-531.5626888 397.9832857 -511.2966845
-396.3144665 513.8299572 -264.2773147
403.8790728 -358.3343618 -380.4860952
23.09483193 473.7479738 -180.262622
-91.34941573 324.0396527 -287.3319652
-435.5880151 369.3600522 -64.1728546
-382.2234513 79.63569159 -276.9368279
-198.0821497 -7.71895303 282.077614
-80.57086507 42.97824406 29.57447311
-276.012012 308.9099325 469.6951326
357.8123468 -182.7045294 437.8295081
390.7163881 359.6974589 -164.119252
331.4343183 425.7575505 -482.4962251
-105.9237559 -375.1890008 177.1041212
425.0360064 -263.645263 336.9344001
-204.1517537 -352.6336658 242.2881885
217.7964519 -501.1907303 11.78986424 R
-251.1784693 258.9456437 20.79003273
-404.275855 -339.1167169 -409.3163857 R
431.0493568 -326.2360055 130.532782
-323.7296404 16.22941403 343.9986781
-110.0710172 510.4184525 493.0869883 R
466.4850989 -430.4487686 289.4164106
-378.5510912 -374.0381393 315.9083367
89.45133629 392.5023319 -259.9406073
-238.2237326 -71.09061162 156.3357195
268.1273444 -465.3656901 -95.99027626
-102.663206 -321.1656238 -236.8537764
504.6890792 407.6391819 -442.436771 R
-245.7018167 -397.7947329 309.4375787 R
-323.7724414 -144.4710442 -152.8570646
545.9865237 463.0611035 -62.48123582 R
92.08777823 -142.3813112 294.9856776
-390.9254958 349.8452683 58.11374431
486.7060344 449.9309037 -522.4708736 R
34.89609151 -335.238308 -363.6379955
-175.897867 -315.011709 194.4919698 R
-193.1728755 -449.0290521 56.19828381 R
-356.1721556 107.6539589 170.0508666 R
179.468327 491.7489227 -238.3132223
293.3776322 -240.7698865 -469.3056229
381.1582683 379.5666748 -411.7356038
-203.317423 328.0065305 -383.1110609
266.9427524 8.665745635 51.45798347
-385.5369452 217.36082 -175.9653379 R
186.7730794 55.06130593 75.24708247
73.73209214 97.03740855 191.5681916
-262.912081 499.9618339 -38.37134141
329.2483165 -243.1976745 -493.0601727
304.902391 505.1249607 -137.7024875
-543.0842257 541.4435664 316.118937
-72.29249112 -334.7609155 16.19116899
-504.3004721 226.1905946 116.1662821 R
-77.05735553 203.9198382 77.34583927
-351.2127225 -93.76859504 226.5425132
84.29952431 222.1284042 398.2048068
142.006385 -217.6643951 -410.3042271
-456.4917075 419.6137702 320.9874721
-202.7409931 328.6601337 435.4021422
-316.4886074 132.83592 96.93366057
348.9826455 -432.7650138 449.4802366
-229.2202558 -356.1675721 -388.0018374 R
-322.1103782 546.6613506 330.939034 R
190.8688408 -193.8498175 -122.1306273 R
-240.0808271 292.6225782 -131.1034356
-464.8308834 -441.356519 42.83482279 R
473.3536359 -250.41421 -196.5661633
-251.4305482 317.0631769 -46.75955685
-498.6801089 526.2545802 -444.5213374 R
192.323155 -179.5490004 362.2720634
517.9396095 9.180751508 270.9027424
464.6065011 306.2604294 117.3215867
-314.3647883 501.278519 8.997704641
98.90399483 -314.9285547 -43.49479469 R
77.13680006 369.4938552 208.6102499 R
351.0895739 186.0210726 51.02715949
-311.1539999 -467.2708006 -231.6371217
191.9303768 499.8108219 153.1641861
-466.3158859 -206.6920273 -36.3371739 R
206.8950824 250.1014391 -95.83870842 R
-97.19812691 35.48605083 -78.45050897
-314.001152 288.2356988 240.5729103
-421.0046214 -67.72531662 -64.85437102
399.5360581 -507.7559973 365.6467662
494.7840611 245.4664715 -221.829388
-100.9661798 362.3033765 7.088037376
156.901051 262.5050105 411.6209684
-391.4904202 464.2440929 -196.262222
-129.3326652 -288.5555147 359.8722135
-57.25988746 -149.2689913 -63.81239672
116.8622679 -209.1021282 244.527284
166.6568637 -52.36415909 224.3915832
522.5587265 -141.9618892 299.2743241
-415.9940738 -460.2616097 -199.5385932 R
480.6444574 -278.8704161 110.6704424
34.35674759 78.94875593 386.6486069
-333.0316847 521.3806294 182.2914999 R
127.4784858 131.3993746 6.961566908 R
-50.01310287 274.299568 -424.7006675
455.4088999 233.0653575 -137.0628724
219.2506656 7.191777261 -67.0457579
-134.2917203 362.2339549 148.9694459
-112.4071122 -175.3864912 -288.4883781
65.13498322 178.0216698 -34.53190627
-55.57349904 434.2995232 281.7856982
-130.552054 83.65866124 257.6634311
-240.7522792 507.8357497 164.2542056
378.3680147 -433.0966932 369.8611095 R
74.29127422 330.3161523 -77.5405471 R
-22.12190163 163.2474388 -238.5957066
-179.5570838 -78.58313816 -259.6764531
-222.6300305 -181.1267849 -72.53207678
189.8520237 529.9388369 -65.8250433 R
189.8119553 417.7276453 -202.0897942 R
-100.1791069 159.5099425 238.0432931
23.5712592 465.1488022 -181.2987823
294.0847207 -506.3739346 -359.4828887
-409.8458391 511.492375 -497.9429716 R
326.2571558 409.3321542 -536.8236941
-79.85763861 -494.9015396 69.14741321
226.0330254 -423.3130301 -191.0121708 R
262.4715125 486.7596862 205.4375779
-26.90848187 409.1179329 403.9527586
356.5917578 -117.8409261 78.82858963
-487.1604027 -96.25634818 -208.8345252
135.6184599 420.0649991 441.0760912
-415.8727716 10.14693622 289.4705017
360.7120332 -234.7339063 263.6633909
381.2082673 434.4850661 -48.89780889 R
-508.043924 -296.525533 -210.137442 R
-339.4884647 -123.6461657 408.3463756
-437.5698531 532.6938199 155.7858637
435.5430347 164.1610338 -91.7370093
28.3507343 -450.8257079 340.7699298
253.5028607 440.8673774 -108.6935268
52.87214951 235.6714296 -314.6147286
52.24345722 140.3793578 -181.8958347
-513.6056811 -100.0287194 428.2385555 R
-236.1333142 -176.7769145 175.8350267
-114.3221555 489.9396734 383.5428315
319.6953537 1.27050816 -320.941731
-197.417797 -382.311047 276.6818935
-42.37074174 199.1132192 19.06832422
-3.431047147 271.5553674 104.0479824
-289.382234 187.8681963 349.0008689
-123.8886136 -69.23627733 -509.5667542 R
-432.6110937 -151.6817378 -317.7811269
-160.5217001 -4.080865657 1.744136807
-293.0145631 -228.3633686 439.72282
-497.6444535 -197.0017814 -31.97344619 R
-56.44027095 -347.6298245 234.1769229
-259.0055384 28.62871096 -43.98689239
-417.7417867 -201.5996647 3.021627983
-354.7094829 -463.3023498 22.9250569
-428.8186929 -487.7705098 39.79714968 R
-159.0746201 171.6983803 91.05288595
520.665773 454.5439193 -234.349549
-434.4398225 253.9922218 352.2694293
-235.4902031 -20.11166485 21.40396653
-332.3587784 -251.7890558 -134.4007504
68.79417427 451.3063162 69.37047592
248.8490942 -485.4128402 427.4137337 R
-305.7531203 -396.6324738 50.83464245
164.2947745 -358.6577726 166.7719674
-275.2704859 -381.5959198 -221.7096922
110.1761549 85.88060474 3.306668641 R
-170.6474271 3.816063333 -26.42389147
-223.4189495 -30.54530594 -404.305868
357.1107514 77.89452958 -511.8092144
97.04576504 457.756402 -404.612399 R
135.7758284 -38.61946038 476.3246377 R
-427.8654312 -501.8090829 -373.1035678
40.36614829 -387.3878813 -144.2945984
389.6364269 -25.60191541 209.1213214
-415.4106154 -464.5089351 -490.5829851
156.6057915 425.1895892 312.4495446
365.4358877 205.3012517 -23.09807541
-319.1442453 -29.25604138 8.848410831
67.67037161 351.3135414 -16.3227266
67.57110185 -49.57418764 409.5920189
-288.9278661 -181.126097 261.9295639 R
-42.63121519 233.8654883 516.7190768
-501.8185299 79.71493369 245.9616468
429.307996 14.04835595 122.37784
-413.3234352 -41.52671344 -519.673056
150.7765944 97.69624951 290.1342897 R
497.5237587 -245.8842702 394.4857466
515.7023402 142.0703491 -59.07664481
-60.36927838 -459.3978619 -107.3101738
210.036308 182.6025387 240.332804
459.3044632 -23.79012459 -301.7252365 R
-503.7698601 -478.8755985 -253.8137882 R
472.2962046 375.3137911 -426.754354
438.2246686 248.5959265 -498.5651034 R
-200.2560206 165.9243353 391.3339024
-41.50134709 406.0162384 124.4242605
476.7658433 -0.9496662888 129.924052
495.7702894 331.3097627 -423.8061578
-415.7313511 264.0767299 71.92223896
-104.7469058 245.3165442 -10.3532133
-410.2630991 -45.88897543 -456.5999174 R
-311.3468225 64.27781918 229.4540683
-280.8133414 -442.1850016 150.9506882
232.1850095 -129.3094157 -325.6364279
10.1444088 82.59253214 -236.2289456
-371.2609465 -134.1692898 -142.5255332
268.1038168 -31.82418504 379.5885686
-335.9778498 -439.1802505 67.73640768
122.1273384 -212.5212815 412.0712409
122.1995159 359.2132332 327.2623981
543.7199205 -175.8959664 273.4758118
107.5196207 -229.8074729 -464.3789494
389.4493431 -332.5353403 -335.1627267
-460.360857 361.8159627 395.6899962
-527.112057 165.7666002 -286.8515803
506.8804081 52.85414214 376.2660093
373.9119294 9.748338297 230.6601734
-254.2447849 -31.78933735 -265.2252288
-104.7859299 -174.2150141 -232.79337
523.2257003 -85.1581558 395.5113625
143.9104107 -214.4521433 -207.7761082
-149.8224697 -376.2428082 -478.3074068
-3.76586656 505.6087538 380.014557
61.35128449 349.4740153 -80.3110743 R
-120.6621316 478.6125502 -102.385327
-130.139887 436.8287868 -297.5412202
91.55187232 -247.3045857 63.29178842
273.7071161 -74.68378414 -368.6194113 R
-207.7658592 263.7598632 85.16684646 R
-263.5134905 -325.7522851 -180.7014202
-364.7122113 351.5816893 246.7473017
-112.0111223 -410.1007771 138.1004488
55.64937329 340.7174415 -523.27617 R
-502.1453247 -378.9907138 385.4526404
-164.6408569 424.9432263 478.1116603 R
393.7135429 94.45220259 -520.0669635 R
298.6229099 -148.5166918 -47.07044494
-242.9388252 473.4538174 382.2054066 R
-386.044756 -51.87744447 -450.1659688 R
64.7956922 -39.68413161 -339.2874437
498.2007739 -75.26982406 519.1121999
343.4167411 415.1476261 -439.2357719
348.839892 339.4591913 462.7485402
284.7061732 -98.3134209 235.4579293
-424.0765639 -275.6410922 -541.7396667 R
-351.6617285 132.483642 -239.7012485
503.141844 29.24263298 -44.08101204
7.143496565 -513.9167511 180.2904392
-439.4085973 445.3339103 512.0599005 R
259.7379369 -376.3449412 -114.3819064
223.5907529 -375.4114314 445.5498125 R
-488.2560009 362.5480457 -163.8888928 R
-66.08511395 512.8440366 270.1948153
354.3437912 -189.8865958 -175.6617611
-23.18297027 489.619309 423.116932
252.0788339 -2.255070185 73.81035472
187.376899 51.94345722 -366.3933805
-500.2021841 198.9223015 481.5153497
442.2041323 -66.5876192 -419.2058966 R
512.2977518 -143.5475308 456.8907847
-359.8092052 239.0497617 -211.2990762 R
-53.50703702 -274.694191 109.0482782
-50.40208927 -94.87661706 -33.25407436
-357.5932126 406.6663073 198.910443
134.1370111 -46.22193455 -344.8828564
-249.3032717 -317.4140567 -34.87360658
-414.5275361 360.1130478 0.9612715991
-0.6657897567 -405.4740876 -427.8756627
293.1642231 -100.611261 9.139376025
-520.8956124 388.485243 155.2582459 R
330.1386771 -114.21893 -210.1472391
-522.8743668 -226.0687898 -43.42245033 R
-434.2259321 -479.1849599 -434.2936115
-380.6352854 100.114138 -406.1764024
161.775676 411.0204071 -263.1709784
-23.70487272 401.8958623 487.6360347
-229.924236 -471.7896043 372.7672901
143.4765793 350.6179794 -196.4893307
-507.3153114 -10.54358339 302.0283177
129.406251 -109.929103 325.5780351 R
-160.3010377 -18.67760275 57.07287492
-510.970002 242.1959698 -483.2566163
-542.8045279 491.1643299 -53.98864204 R
-388.4196176 489.0781017 512.1551777
-226.2999515 188.1713324 -236.7238473
-500.3080272 -81.9256066 506.8329796 R
-181.0398898 -485.5081764 500.48613 R
-0.3237383837 14.88088116 -524.0832848 R
-410.258135 -236.4107921 455.3740617 R
241.4530398 34.2935252 500.9273077
230.2296315 -47.8243493 522.5532139
366.5984349 -217.8250682 470.6246804
331.1852829 -239.1991295 -346.9900291 R
80.26909476 456.9016939 -95.02206634
-137.8341972 -277.9082554 -393.8463976
-328.988807 -374.6674555 -132.0075375
523.9885861 -294.8733753 170.0868502
-396.9323777 -257.3631315 -364.7939407
494.8965933 246.6056582 -143.1922264
393.5809126 -103.8862954 63.61862746
-214.4011854 -32.95772261 -391.5681251
18.9950209 528.1140647 -154.9825068
-261.8170868 -445.8563787 507.1608119
1.106332597 118.8698471 -419.9277017
177.1154966 -309.469581 201.724097
392.3590701 -253.203642 -301.8245115 R
-80.27173211 -17.51370699 -65.55494535
-208.7017849 -497.9915569 -255.4137542
-161.822055 153.4974399 253.5143739 R
162.6524756 -501.038849 -223.958319
-463.9554178 -511.6206449 82.87264223 R
512.1986085 245.3170085 453.1262994
87.59881297 207.5279839 -191.9344668
543.0297253 -90.63907557 506.1722847
468.470554 -360.8504121 -268.4682086
-333.6588551 516.2275144 314.5283623 R
165.41248 -223.8341793 441.5346391
337.4276574 374.27757 149.0692762 R
-107.1420816 -298.6756602 287.0242112
456.5647498 -119.5053606 233.5332424
175.5140658 -96.49209276 194.2880081
-414.0319587 -42.95024234 -43.48668783
-368.8053916 -451.1503497 -106.9792899
-321.3685857 -456.2156404 -425.1616109 R
76.25420441 409.8562815 546.0308159
-451.8270008 -324.433978 306.8157822
-348.9469794 236.7145639 35.85784612 R
-466.6342954 -23.63451723 128.7407078
495.0154968 -393.8176744 387.3362661
138.1267326 -506.3734015 264.5116018 R
-45.93533454 430.927349 -505.123031
174.3413101 -138.1879197 297.9413708 R
341.7055594 -191.9277016 199.2835704
-72.61118244 515.1692426 102.1908908
-56.63434663 392.982829 -179.5087945
144.8986912 415.6257831 177.2301367 R
-256.9057726 -47.13198517 31.53285803
17.42000814 142.2434669 -476.8450745
473.8458864 31.42055896 -67.49015741
-236.0942184 82.37386018 291.2229928
271.8238496 329.0798461 420.8730791 R
-285.6741276 180.3803254 408.594684
481.9103515 -230.9688074 202.1305192
240.6671503 -272.0713845 6.054485691
-392.4679785 -144.6754423 356.9658402 R
331.7795293 292.8828914 -376.6050165
-371.2052199 -305.4671656 245.5426085 R
-501.4925398 -163.2987124 -95.27069622
493.9396856 11.34169741 -179.4774188 R
-372.0770534 129.5175611 -455.6731907
-472.2615103 -177.0829862 -255.4338605
-167.1671782 223.5152823 -258.5942609
-124.771068 68.24231649 327.8749268
344.4854238 -63.40417709 -505.1609261
506.9788292 307.8663611 -279.0890179 R
31.6540329 -232.5980866 -300.5472478 R
461.3038682 -301.4488343 369.7853811
-460.2844888 173.8081374 156.1822269
454.2942491 404.2322943 257.7537917
-77.09517369 -522.4614827 -407.7553327
350.9787381 -71.20546218 -155.3024854 R
-215.3613001 171.2594845 -344.0348158
-69.26017996 -69.78378481 -321.2565816
-398.1059958 93.46827876 95.4964467
46.24905981 165.4063435 308.6603246
14.25577025 375.6850375 -256.3636464
-503.5505339 145.486395 -473.2373187
-49.7083422 88.98296878 -397.0218064
134.5598431 -158.5559675 176.7054978
-135.0408969 -329.6944046 -257.2469325
-351.8070331 -399.283668 431.7075668
-125.0150574 -161.4076454 -299.3760248
-76.54029254 -300.8653324 -207.5288317
310.174267 -508.8084696 394.4348682
-11.33232418 452.3092307 -499.3634234
-510.3531976 262.7032277 -123.8748995 R
330.2192119 457.4291136 -167.8130105
390.1094636 -254.0244465 393.0847008
17.64231264 344.2239012 10.53296496
206.7974463 395.9755991 304.8829462
-359.2766145 -353.6327733 403.8637389
387.2750056 -526.9821163 -351.793249 R
-240.5529628 524.29233 -240.622053 R
321.505624 473.4686986 167.0180832
-44.10023602 -361.6209587 -425.7535086
-193.7803955 38.17473452 41.85593931
-177.2782993 -41.17520299 434.0680811
192.2333878 -81.0057133 -478.4900757
-271.8994794 -283.2520831 -296.9280002
-103.9265879 -368.6029331 -215.5416545
-234.1265579 -3.664711503 545.8775033 R
-148.2636828 -37.0833313 492.9993225
-126.4507278 -444.6413615 -273.8503724
207.156866 -100.9777058 202.0581076
184.3537967 -358.0287695 100.6935964
156.0383236 497.5717435 -10.44535551 R
215.670042 -40.18000636 -106.3671706 R
414.5932625 -108.5891487 382.8356946
-111.5496846 100.8545728 -365.6100147
-24.49531737 -239.0386759 95.14122457 R
367.8330349 -426.9426949 -497.0033441 R
-410.2428969 220.7115287 -201.8966108 R
193.7881694 378.1038958 365.3733379
-301.365321 213.0161675 -109.433113 R
180.7944924 -343.9128594 -95.85008819
535.2415024 -124.08158 -159.4964326 R
385.2284761 233.4651729 199.1674866
-328.715416 -507.5160763 63.56869337
-141.2533412 -291.2059539 109.1539489
15.12355619 -302.4456548 -313.7586338
313.7182663 107.9758561 37.88607357
-134.1999604 -274.8610078 -206.2611681
359.9537586 72.10628985 -416.7539177
467.313151 233.2844804 322.8871548
-374.3828249 -486.2523847 478.4477595
-195.3933014 -277.6771131 -209.1604632
271.6799668 -416.5862386 12.44909238 R
-539.3925545 54.10871003 217.1400774 R
74.73307561 -48.87924229 394.4791131
-238.0448346 460.1300983 508.4386361 R
-402.7641899 86.60448727 260.8843279
-412.4268701 520.5675844 -147.9869484
227.9893322 -378.0273939 -509.3587442
-277.8138532 329.6864233 -320.2540713
-149.9930657 -370.0706321 222.3199694
507.0238617 33.60633583 -389.3997852
-294.9448103 504.6418711 -11.74656831
-273.8727307 -179.0262742 154.6778521
3.808101077 -102.063488 -170.468434
-512.6301245 -273.4098437 355.3599049 R
500.5365524 -40.95339356 -314.0624511 R
-251.41389 285.921828 -413.9067366
-417.6335296 -176.9320675 328.7190662
137.6638418 183.8740986 238.3815756
-396.7730434 380.8875343 -184.8560793 R
460.7398264 18.10351617 410.1227766 R
-291.0777212 234.3271823 -30.57480007
503.5828182 334.4432003 -411.0159713
387.886555 54.11555451 353.3212746 R
-143.7661971 -350.4187081 -227.1583439
-450.6558855 452.8819156 -155.743712
-430.2805515 58.75759988 -425.6409744
-373.7400985 -289.0933265 -202.4606094
-86.58257039 64.56174206 -382.5468153
174.1217485 -284.5987029 -490.2233715
-177.6443157 486.5752413 -269.8763394
-12.09644975 168.3212043 93.9981369 R
0.5977746732 259.5773056 194.337581
-289.1564385 -498.3275335 -388.2575918 R
81.63792246 366.7588858 -437.9744063 R
405.1184006 -192.6756003 47.49296066
82.91772427 -279.9049548 181.249553
-29.13170233 -457.0253599 350.0377907
225.5046206 145.1781926 257.8694154
-140.3149877 161.3069939 129.1166014
481.2582555 154.3070736 -282.4260546
429.245338 -329.6643053 -178.5159443
-530.4369672 -478.305845 -393.3388955 R
330.4727502 439.1112227 183.8172421
485.4837213 -301.0721793 -251.6391954
-286.2110207 -391.865407 462.6972773
140.9012779 -496.3957448 165.7553547
276.8560057 307.8916072 -272.9372052
249.8958405 245.3638999 -507.7333155
-161.5307768 284.9439754 -521.2909422
529.5178456 474.5657378 -304.3748808 R
-207.1403818 -486.100066 -469.4321998
-98.9740289 410.4405888 -342.6232573
-365.3526928 -448.5442731 -376.9935099
32.84418293 -89.46609841 140.2135666
-355.3198394 -524.1363243 54.30952782
-392.2763118 249.0222818 -497.3966554
-5.036561719 -444.7433273 -498.7695086
466.6739959 -483.6931117 -244.072564
-201.9057062 -460.539342 247.1889282
173.2725435 -477.3376734 132.3791732 R
-190.2463594 -351.4154 -112.1029538
312.8330623 296.6648524 49.12338342
-193.8679108 -191.7249705 81.12509223
-536.7533525 206.059914 480.5526166
-529.1038872 287.1105537 424.960676
509.5103137 320.0797868 426.8831718
175.1705192 307.1037017 168.1211723
-345.7228241 281.943653 462.345442
-547.4007974 514.3931758 -116.9230256 R
-288.4317443 -38.26697479 254.8570282
-458.4611083 433.2631908 298.5510027
-344.9973624 454.3516025 -101.5087165
345.3848399 -366.3847207 -463.2539783 R
388.9306793 82.29013949 -61.65045383
381.5996876 252.7217896 -284.7960471 R
504.4831422 492.4960484 19.07853245 R
-181.6921691 105.6729199 326.6949793
353.6788086 352.6787576 -255.4813259
-363.0603357 94.2872313 -493.3050295
50.66144142 523.4012299 -140.9260129
387.3748494 -162.243276 519.0332438 R
255.5599048 -427.8006568 -148.9711181
336.0315385 364.1073647 200.7121792
-311.0570045 -263.437063 382.9468126
225.8401085 1.414628762 358.7821638
-336.9047943 -376.6328313 -94.41764014
523.2240679 -486.5705443 231.2579408
345.2471492 -259.0257031 -252.6175754
-496.7259632 126.0004355 -479.6241365
-187.8278974 -81.46057005 365.8292053
-315.0354534 -477.4325072 -20.85123914
136.4129475 -101.0931736 -131.8185725
59.73951626 -299.0416945 389.0720096
17.48339249 327.2754855 399.5172343
512.4452044 216.8129842 -303.3133455 R
212.384653 227.9629749 83.55104246
-13.38499244 373.0823204 423.6668433
-37.767448 422.8052818 -368.90193
-540.7565982 -389.348549 233.2632771 R
-406.3068173 290.9837951 20.66951873
-101.9177212 35.42976923 -414.3655969
454.9764148 -548.6203323 179.8293575
409.529583 123.4818546 20.51190881
191.9116437 405.5405932 487.4321199
-283.3877845 180.7262863 -277.3462479
454.2187691 88.7167914 -404.2563385
127.8936482 -189.1133521 -296.8152179 R
-399.8925407 -197.3867785 -159.3180329
355.3811794 -185.4019907 463.7353437
-173.2480353 434.4787 113.4724457
233.1453867 517.3771372 -331.644406
7.992285525 413.7517936 338.1297951 R
273.3439751 -103.6431024 169.3837274
442.3223813 -14.3769951 -17.93639367
-187.3207664 507.5943959 434.2085442
416.6779154 389.4485668 -425.8494777
-89.86223919 462.9549676 113.2769954
529.8031935 -338.1395346 474.236257 R
-443.1857297 104.7862824 107.188552
324.7202537 -362.6501978 -69.72561632
-223.7385913 363.3279663 -343.1958235
-239.8440005 358.5350605 392.2157435 R
-169.666701 -331.1535656 -87.18304857
-314.0313325 83.19406957 182.4057833
451.4336093 130.9470552 -359.9748233
206.8967865 -445.5279176 105.5290049 R
12.64546008 384.8988902 -83.44764225
247.9250302 -145.2593445 290.5122719
323.5357504 152.9170068 173.7281598
-6.73360442 -407.6806365 507.2658273 R
-58.93039035 406.7709314 352.3729917
80.30070796 203.9318198 -474.2675087
5.005575946 165.085402 449.6261888
-51.36933825 -528.4113173 378.8990017
367.5428096 348.3749868 226.3287093
-116.3844965 59.69095048 -141.0271933
214.2279291 109.148734 -7.352856793
-195.9307637 457.6158502 -101.2909934
-10.28446375 -170.4583908 428.7951452
337.3651548 13.41723867 -288.2852607
-369.018164 -430.3503553 244.6664072 R
-324.1252906 174.6092335 -60.10372395 R
272.4527682 414.8930228 -124.919094
-184.9937826 109.1062641 -22.47990704
319.4478462 46.33129796 313.9109648
514.5968291 425.0234069 175.84359
-33.70251131 376.9940462 -397.5316068
183.9970049 -1.384389637 122.4734824
-54.39941176 161.1993125 -170.5715189 R
-494.7456561 -186.5880291 -353.0974892
-290.3873704 -450.9045236 283.2803201 R
-320.535984 122.709711 -270.4337265
457.5412958 437.2547572 -181.9498336
-214.0151115 -472.0866187 -353.7211386
-85.02980388 -37.15134089 382.4645088 R
-516.1977244 -329.711846 467.4290614 R
-406.2734453 -293.0513921 -135.835531
29.03344932 85.67640439 -499.0365183
326.748855 522.8620373 165.1627769 R
244.2152713 -21.01772827 496.4861172
-383.9923667 265.6531095 -99.68741516 R
58.65083999 184.4013077 -339.0624805
249.8697985 -489.5447342 -86.50370903
-188.8109377 285.0686062 -490.483809
404.3819515 -227.372259 182.9930458
341.0280728 104.0523113 442.1529713 R
504.3257271 464.6084924 447.4375067 R
-8.625658002 -143.0518777 -138.826551
-61.30829417 -150.3606209 445.1339092
-301.8383752 -306.585 361.6534064
-18.79249885 94.11123222 -290.9581876
472.2245196 -489.8619134 -169.1183296
-250.2385961 153.6522806 -401.5509862
107.3312923 -302.1878729 256.2375393
229.8855238 -300.8229293 490.8829056 R
300.885211 -374.7751681 74.54961173
-309.724773 283.5011303 -142.2572528
379.9324015 336.1360124 203.4076411
25.04403595 -157.524281 366.8035879
38.77014932 -144.594775 253.2017096
-211.7071311 480.1065037 -423.4266794
-207.1711158 76.56031937 400.3749279
489.1932775 -126.1819771 -379.307077 R
540.0360832 -38.92935663 -382.4467457
49.49964351 -144.1567023 -276.9605258 R
242.9127941 85.32457005 -191.5531516
337.9382438 -80.93100241 -383.7103885
-456.4897971 -233.2883556 -199.0135442
514.6048345 -302.1086544 240.6770126
-352.5883734 500.4470668 337.0108685 R
-308.1556699 531.7698167 76.9604424 R
-226.3754772 -445.3438671 164.002906
310.7732736 296.2589333 248.5022268
-16.88600884 381.6231909 -327.4615403
241.9311872 245.3220661 -215.0630143
41.64905855 -311.2155279 315.4207772
-489.0199432 363.2322937 -333.8354602
-153.4666246 -519.2853805 399.8936185
-179.106115 55.8700031 -302.0878983
500.1200055 377.8324827 -446.2035438
-274.0724629 -424.8109818 -445.3061952 R
-134.7685476 -17.31264016 145.2767719
405.3777716 266.1217885 -202.7348129
-69.42508482 -211.7410551 17.82936079
-492.9612575 -512.5633437 -194.3290657 R
-135.8525483 -36.33497705 78.66369902
447.2636647 -163.2032877 482.4168308
181.6849161 346.5492249 327.8459149
-58.78267415 355.7417721 416.1926798
174.2383847 -302.0384709 426.2430688
-346.5140442 -88.54814813 211.8066397
277.8326124 -28.75717079 44.42252023
-230.6353726 -65.08746109 195.0164955
14.93529889 -481.6909455 -350.6058049
-392.2403518 408.9329633 182.1863538 R
-215.0359432 -529.6074453 369.8462443
335.4289429 438.2588937 -367.4214239
-414.0466047 -58.19394325 261.4703846
-163.392444 525.3617355 324.9726941 R
-515.2246384 -301.7363752 441.3352557 R
524.5366591 461.1712976 424.5839201 R
4.74210271 -289.9881217 223.5543708
-94.36508672 507.4480721 430.661661
-289.3716355 -250.6380266 -198.8701323
-227.8264185 198.506094 17.24273612
-225.6387415 -142.527374 -252.4780404
-472.204391 -341.208994 -465.3233622 R
-188.4504419 261.6179792 328.8060358
144.6358177 414.5763153 403.9645458
-395.4004439 -386.2790246 142.6214419
511.8268122 499.210057 -453.9333913 R
-399.4489439 -193.8301937 -25.09531423
191.5164959 234.6192677 -469.5152944
-472.5462109 -17.25638427 -501.6424115
68.62834628 -329.8744066 16.01345504
381.9068585 150.4060445 486.1240415
155.7001207 329.8820488 -166.4480202
146.5305058 337.1388027 -77.03442637
-326.0059649 440.8957716 -6.725247214
359.2077841 146.8862728 -124.7507646
-335.2924062 436.9971057 158.6180283
459.6656594 492.0163869 -43.40360715 R
-136.632779 -39.86078714 -86.24950245
396.8283566 398.944072 71.31326644
-142.9699711 -493.9999054 455.5880157 R
174.8594879 -232.1601133 -28.72825156
-115.7146793 -16.93624059 -273.4774749
-54.03614296 150.3851069 125.6080096
159.3821101 -449.7473711 -39.05229421
-440.0171803 56.63961065 129.4667778
-142.4324969 229.7861833 -432.2179417
-265.8484057 176.1519903 -314.3612332
-58.91112171 -203.9178559 -326.1159809
-451.7367315 75.08998504 -443.876865
268.0134095 -5.985350404 330.475022
258.352395 300.8141529 -276.0962519
-16.26793579 319.642051 -342.8763508
450.3519568 -376.420033 199.8273344
327.0033732 -266.993657 356.1255415
-520.8422271 -498.1734656 -293.3887203 R
301.9048769 -197.1662905 461.8691637
266.1169668 499.6307273 181.9209921
-92.54834348 56.53369078 -369.9900063
-418.4935478 449.0437677 158.1580089
357.3874497 381.369305 -529.7961472 R
-485.5835031 345.6007563 123.4445077
52.72917893 -495.6896788 -376.964301
444.6015248 45.66542726 187.3609889
438.9495109 -500.7757654 -466.2191318 R
233.4664389 296.4934215 484.5606687
347.5593718 -498.4963474 213.8822928 R
398.265893 -260.1007917 -160.8202914
-381.8982556 -420.1214398 194.5421377
467.7054955 157.5400628 -475.2567853
-181.6428173 -118.0842793 67.96080953
-215.1832837 187.2601473 -529.2655965
81.43010263 471.0006873 -317.7434183
115.8431713 -373.0390626 124.1872894
385.5451214 -314.3471095 176.5663786
434.3496282 307.9134162 64.55918525
376.7457151 200.9491327 -410.7809257
521.4018988 256.2819526 213.6306966
-127.0072174 439.7861041 -166.7715879 R
345.7451469 -102.1913192 451.4504498
-319.2278707 344.1113807 -460.7855817
-177.9453829 355.3476739 -45.21769763
492.5234996 -161.379399 292.1756025
338.8311887 411.4873295 490.466208
-226.264908 455.1908425 79.60709661
-352.3955452 -159.2754428 201.5385565
-59.24154201 -11.2407954 174.9878613
-235.6868387 338.7243598 291.9603344 R
417.4140942 139.1680764 218.8639243
439.2090589 524.0571099 -516.5251843 R
184.9852782 134.6532358 -370.6325339
467.9487565 327.8117143 376.770778
465.0612289 205.7465146 -317.8651643 R
433.7763295 143.6567509 276.8942939
-100.767434 -31.80822125 -82.35600194
443.2432941 299.068754 96.47067688
459.9632862 250.5206372 -70.48553722
-270.2505179 -427.4830832 121.7234015
-112.5996072 -100.7606413 -227.5218219
264.5794848 -445.0324866 55.23506083 R
-267.4520003 417.3469546 -416.4812789 R
10.42389703 203.3108364 470.6197673
312.0671176 30.6083996 289.2970303
-540.4755003 -296.9338995 376.7004041 R
-478.2239189 83.78816256 340.2239134
303.3133579 140.283887 -368.7938091 R
-412.8433918 197.3065258 -319.5012803
392.2321058 -406.891572 337.3935774 R
265.1298743 -204.6628314 -94.53646838
448.9420486 239.3104511 -462.5250912
216.2507875 369.0160136 -264.0462302
-497.7969099 386.7697779 313.5622441 R
492.0252079 -415.4006783 -277.0411921
-467.0587007 241.9991029 127.1782908 R
-130.4598589 -234.7212361 -75.24426887
492.9811782 -110.8573344 129.66622
-296.3939018 -2.34100561 101.4408621
199.8252523 37.62548309 -527.7185034 R
127.8399952 -10.90251878 226.5000384 R
-110.8890636 261.937777 -106.7571846
-32.55543411 446.6893891 -441.6774873
-369.7633794 60.62413532 -216.6124772
-297.4610506 -178.8928276 112.8027375
-233.6303794 195.52818 13.7176961
82.64217416 -370.1741079 -191.2866491
183.6573333 418.5287215 479.7916367
39.64134521 -270.0500303 -124.1225558
428.3598425 -326.7580716 416.4035793
189.0367119 466.7733427 -235.9999774
182.8263632 158.8303805 440.6607664 R
-10.11982389 338.4896448 110.1837079
328.9594904 -242.5594183 32.84092284
-4.861099983 -314.8394328 -386.1931576
-171.5185794 -161.5720189 352.9095123
-7.163315306 -538.1925782 113.3653796
-487.0493032 441.5256657 -226.3533079
74.38329481 400.5145585 210.8787503 R
424.4435211 -399.503032 -464.2130648 R
307.1966717 -378.9498534 -328.5955963
-465.7996344 -242.6559618 524.6181565 R
-258.8187253 -450.2000882 409.7149077
-378.0298748 -387.0608256 -10.24899 R
300.4851118 -188.4561754 40.74661228 R
-416.9295193 -98.04111156 422.0545561
-479.0691706 -271.4738576 -515.1523446
-133.939658 -163.8092933 -470.7039271 R
533.6771529 278.8491493 25.57682513 R
-200.5925985 408.5682423 329.4740157 R
-371.0732957 160.5939867 -510.9944435
5.125088199 518.2832991 197.9959294 R
81.19283726 -522.8767049 51.17333531 R
-345.8934443 332.3080363 -173.7525398
379.3068367 360.6474007 520.3921875
476.3789347 -333.7111444 154.0667428
-405.3909613 -190.3827554 -16.05702407
344.4490847 318.2815505 250.6294659
-488.0342787 26.3364384 242.5187902
357.1388292 -100.6369598 -381.6232488
415.7940485 369.1905449 -78.6708827
-5.952773206 83.46359522 -47.92313538
474.1966252 -348.7394022 193.4560763
438.6988017 -199.8259467 472.067906
510.0574467 -67.98200512 -239.7685513 R
-378.2137445 -396.4652536 57.66588097
-326.7643205 54.30898107 -323.3544519
-72.3955198 -429.3354811 199.561974
-307.3703005 -397.0331381 -460.8465059 R
27.28418572 272.7708001 -391.0077076
-82.49564563 -305.8511144 214.5521927
-186.5159988 -456.1754671 125.8107953 R
502.8499479 20.78983557 76.39732214
512.3865761 357.9739761 377.5678128
-482.0139994 -370.781263 243.3168277 R
169.4002583 522.952389 -358.2050216 R
-498.6896727 510.5080349 -226.1499105 R
-516.9345232 -414.7236024 278.3107318 R
112.7923579 153.9615752 -53.04069612
-73.65216829 -473.4307937 -104.9459478
497.1502013 -321.7866427 -193.3165721 R
-542.6952525 -362.4315152 -173.9579389
-195.6344119 343.4573513 -205.6019262 R
263.1843227 -203.3064022 297.0027786
136.5920553 -20.2926313 -305.2816115
-322.2126767 262.3470834 -234.0841341 R
59.58292087 239.8017641 380.7261211
36.4348765 129.1337835 -413.7353982
233.8291955 199.731924 235.515634
-494.0790073 378.5990787 -140.4920998 R
387.3325078 -14.20553061 159.9556518
235.6359258 547.0772592 -445.8071857
342.0453713 -85.3798108 507.6292123
-365.6871913 -98.31042228 268.3545136
59.1028431 -223.9447584 -411.3061976
-485.4485416 -409.5972263 338.6960206
-115.7896789 353.3427332 -427.1134019
-300.9911178 -96.54523454 -196.1673511
-386.6348152 -545.9528137 -293.9430393 R
444.882626 121.3492641 -448.1302865
13.52862877 74.63083392 -170.1504901
372.151802 -78.02712245 505.1602338
-93.63515764 319.4601689 24.24825223
-378.1168499 -518.6048958 -316.3702164 R
-305.9171034 -82.76577402 -114.7890919
219.2962345 155.5617577 -478.7319557
-247.5778408 -469.693916 -313.0597328
299.0120042 -170.8934364 191.5258119
506.5528728 283.3484367 -115.2987215
70.07828785 -0.1012680513 329.6976963
24.51421565 -46.39145306 -394.2242306
402.9974448 239.6062269 274.4662131
196.042337 -204.066778 -106.1284243 R
294.5770925 -470.8951105 -449.5384683 R
-375.1382159 17.26333974 148.5441235
229.1358873 -270.4875833 72.50035515 R
279.2053985 -412.6428492 -46.75814154
114.6680343 -193.804746 -400.4924938
340.9731099 -290.0971024 194.4781424
473.0703727 -117.1993527 -311.2362633 R
-68.0762639 -261.4779995 -222.5831457
-348.969232 -501.7442711 -307.5040245 R
-120.2685047 -297.3856162 -488.2397986
443.7264972 104.6970422 -326.8937145
59.47651424 -240.0713902 379.3996515
414.1645527 -373.1876173 189.8136103
420.4597141 -220.1676368 -274.2837748
94.25406308 383.505569 -509.2893912 R
471.6774125 -20.25002289 -512.2811571 R
-529.8979616 17.47022514 -452.4812706
-172.4009592 398.4773664 506.9727584 R
462.7727788 397.4919744 365.1127972
333.680046 474.6558765 430.3645047 R
500.7721784 -416.2387903 -144.2226756
-299.9376421 503.4833555 329.5061275 R
365.1383665 -199.3281411 312.2996649 R
465.491024 173.165294 -454.1731253
234.7544166 -290.6645385 259.8835805
238.9128634 -344.7429893 -370.8404484
187.0064583 514.3482992 -207.9474766
-348.5947141 466.874836 -78.65558529
425.815097 274.0514771 -516.1733821 R
183.8799441 -315.3354967 -374.4806431 R
-384.2920129 264.6074873 466.4577648 R
406.9627397 -203.1432783 383.9648775
-134.5336263 142.3419406 7.374408693
-526.915869 75.94720478 216.5742363
-413.6438407 342.9634571 -161.1990252
-154.9696796 -108.7264685 360.9011932
56.8262565 106.585031 384.7623753
-473.4206876 -46.01944696 -17.59818906
32.06370861 -448.3511395 -247.7115103
-496.0352515 -82.09225182 451.8432054 R
354.9390818 404.8651513 -239.5616782
-378.8342721 -372.8420252 406.5144169
-505.1992422 141.8630248 171.2134114
67.32751977 519.3656661 -433.9480669 R
168.6917327 -30.67501158 -479.2487124
-485.0459693 159.2592084 -49.68770881 R
-180.2555658 -106.4265156 441.7380831
384.3001979 -280.3989165 -479.7638632 R
266.0051375 410.1996577 412.3268533 R
-244.0762308 -418.8841706 -461.7416818
464.8846499 -514.8728934 507.7536206 R
-282.1759283 175.8839966 -52.3272142 R
-342.3209592 299.9350421 -449.8389264
276.3023533 -204.5453473 524.7505276
-172.4643979 321.614433 -456.5854835
24.87889752 238.0309469 238.9237425
392.7035634 132.076379 -19.68638786
-529.4613075 -142.7621728 315.832016 R
-120.9626009 -368.6595265 1.940136807 R
-309.8453724 -365.2332085 -105.8570658
-299.4050895 -150.8393378 -501.7328065 R
292.3641064 360.0881125 99.96304858
-267.7901787 462.4557104 -484.9517764
117.4664 167.0627635 498.6487342 R
431.9107581 -361.0312979 -188.7187974
-220.6036211 -481.1126898 523.4665693 R
18.8671681 444.1318248 -130.1890016
-483.8183919 157.0378232 -259.5755699
-411.4243373 424.0286429 -168.1154969
-415.9972118 298.4422878 378.1907746 R
282.5117365 -547.3861424 -204.0286192
217.6586177 277.4110624 476.4262957
-175.1515238 253.3199256 106.3638088 R
249.1434148 -256.0244054 319.3262342
393.0855964 229.1809716 -261.1945133 R
505.7119654 408.4514008 -286.5523353
155.1285956 117.80846 139.1355673
306.3242924 263.7943637 118.411553
-396.3868143 307.3446813 -105.8257497
372.9327362 62.93064832 507.4599358 R
-410.1383668 211.8598182 -334.7329366
-485.294885 102.2953946 -328.0180248 R
207.3235871 -88.78186371 -312.1134154
376.5517957 399.9212938 346.3219532
253.4596868 332.5824149 -71.26626942
53.69378871 -294.5685289 111.2125098
323.7671434 -316.4239631 101.4340976
273.2876198 408.6207352 46.99143979
-106.9266279 39.67862869 162.8363572
-429.3829879 -490.8821529 -26.69304746 R
131.1184793 271.2883097 2.311871465
166.2880353 -72.01087398 -499.0827361
21.90227158 88.64171524 206.419783
-110.0688982 -388.1608695 333.1416155
-59.94139828 402.9218091 284.5385516
-504.0053463 -336.095695 -164.7101884
-501.5328276 446.4672021 5.590097432 R
-171.337485 -86.96614255 174.9272844
-352.3337102 -456.4766228 95.26109993
-65.38199646 277.2094486 -64.11589421
-375.1577748 56.86901562 448.2181458 R
-122.5753755 496.8045531 -333.1150193 R
509.0249184 23.90935938 -416.2780472
-474.8778697 -403.272444 119.9808461 R
-107.4191918 362.7717352 77.68478985
239.3187102 -405.5937953 253.115257
-157.107546 -135.9795646 -15.06682559
-300.3038577 391.070785 25.10869192
-393.3015185 525.7471189 176.6754041 R
-494.4139199 -430.3782962 114.5296797 R
182.669047 -393.6493136 191.6690941
-134.9081164 448.7923961 -100.4123551
100.119609 236.8033786 -26.24772609
413.5442271 -44.64045492 65.23510427
-189.4347066 -474.1723847 320.1760638
298.3181808 -70.53014548 400.2085874
-183.3898301 15.56248384 272.3740771
29.76781795 141.762908 -87.62735938
-235.8109825 -508.0409639 163.6597418 R
-165.8749842 483.7668954 156.9334679
-295.260572 295.399184 -426.7976097
393.7084037 505.9592108 -38.23015449 R
237.40004 507.3174851 -326.83271
-349.5561417 -321.8541532 -349.0605859
-368.9797491 54.89264758 -94.27965297
506.2525878 466.1909723 -434.1304115 R
246.0442993 -341.8665643 486.9340225
-41.30013247 -46.7409363 -58.59024595
406.918809 0.6664958925 400.8018171
-440.5328097 298.6808984 -157.710499
367.5876 318.8288861 -51.60494212
-169.5894272 218.9015532 545.2781611
-467.0847909 409.3417285 104.9380846
8.517527289 -257.443212 -395.4641495
317.7471267 -519.7783849 437.9488539 R
-231.8984174 -466.2205613 343.552009
168.7298924 -154.1508074 -252.4012101 R
-165.217209 -195.2675763 190.82161
-356.4893154 -7.678803041 531.6683328 R
-211.0316524 346.5337082 270.3502093
-308.3319837 28.23753423 130.971333
-72.44389447 -362.1718167 -296.2435225
-352.3015926 -316.6568018 449.6843526
-516.7133406 296.6449813 6.956573542
-383.6775742 -485.7200334 -414.2945653
364.3788601 -502.2249378 -304.944152 R
414.7636518 -63.62654788 209.2831065
-46.97023235 99.92959739 477.1657136
-6.796269227 159.4992114 380.3651869
-312.4332249 219.8053587 229.3410605
-175.5491455 -9.423363329 503.6537995
-223.4593677 -321.914063 -225.5803826
351.2865664 257.1196623 189.3975859 R
-381.925862 24.00673147 -110.889025
-518.4072662 -300.7852866 -293.2972652
410.6934654 521.8345304 -93.58652693
-105.9711001 -230.6946691 -5.71750673
-491.7774335 459.6609306 -189.1450873
444.7917868 -450.0353623 520.3102724
222.2953527 -141.2214094 -443.6309183
399.5319316 -188.2455612 276.527237
-337.5196994 198.6039602 -417.8662102
-312.0204492 -90.9221359 -379.0763241 R
492.0252942 248.4443066 -169.0848643
427.1265205 399.0554394 -54.96722952 R
150.5725886 62.10839225 162.7092553
-382.9148284 -155.6395693 -239.2255438 R
-207.8431351 -90.55921817 -458.0268209 R
274.7259866 21.12905684 57.42495054
-340.382539 120.1098874 59.15095427
-51.42361103 177.7763545 297.0298897 R
-244.5432434 94.78133519 -480.0342432
326.8601167 83.38496733 -417.8771438
313.7110369 -19.2356159 -166.109368 R
-358.6199843 -321.0034893 -166.4682241
340.311101 89.82494687 288.928813
-206.7474811 -139.955193 -28.12706229
384.287195 -265.4451712 -4.300570752 R
190.5791836 205.5913408 -498.3511931
-202.4610394 -156.0317718 -473.5972661 R
-488.3261401 416.5035734 -467.7270609 R
230.1474727 290.5363918 106.3722469
-309.4635149 -85.65019387 462.2675545
305.6816547 435.8018169 435.4238472 R
204.0358239 335.3126842 -63.40821094
270.8964802 -454.7177544 275.785027
285.8590411 82.15776316 -8.923950204
241.0314629 -349.7747716 -261.7396793 R
-245.0426973 -119.6685528 18.24566041
183.5658392 93.68585478 130.7866606
-70.43788201 -150.8036634 -399.508975
354.428457 -471.7667228 287.1183011
-509.6289543 -189.5670809 -58.16440353 R
296.9432611 -264.0233 417.1032192
-255.869957 -112.3363496 -52.19687177
-19.15211025 -410.4240328 -210.1776902
196.6244537 435.4565526 -78.74936656
-268.6303498 -374.1239194 -233.4528454
-265.567789 70.68784694 -116.6151072 R
-287.0606714 336.3183002 8.688780095
386.1825574 281.4438953 146.9006575
306.5433442 378.7971251 507.3367112
418.9333869 -469.6721419 84.39427594 R
-286.2354578 -448.8707645 345.6653177 R
-282.3685625 157.2912909 -276.2037854
-153.2101865 -503.1819559 -37.26561914 R
-245.1214246 -102.0166672 425.7334294
108.3359132 -462.1147662 -413.1187202
-368.8005402 -195.3873206 522.7612869 R
-122.5380181 322.9834427 397.8705542 R
473.1379106 128.6799923 470.2769956
366.3445203 97.51837609 -14.72224927
-171.1987958 496.6903788 -400.8193431 R
-180.9472114 31.33268978 -404.9973813
-502.6974085 124.609574 -489.8661917
-321.3980582 418.2129063 -46.00798455
-382.2965492 364.8185147 -121.6820638 R
-388.7528487 -240.3202207 161.5774877
-190.3171099 -449.4577546 120.5985374 R
-386.2670737 418.3859801 -351.2783825 R
487.7179927 113.2933041 66.5442279
98.52265156 45.66922278 -99.18051751
164.173575 -487.7532782 -459.0682987 R
188.9651388 164.5710171 -415.9878968
133.5882545 -114.890048 -198.7278395
-327.0150679 -83.36545723 54.2079536
-43.14899588 -205.219962 489.2654268
-447.839607 -24.9324846 -501.8568936 R
-271.884034 288.5847313 -406.6988957
-304.071963 -427.8914384 198.5757762 R
-232.5895917 469.9371106 -212.7791515 R
-200.8863444 282.2902632 -61.05658365
-483.2707656 271.4342304 66.70088645
490.026233 33.33270837 -96.50139584
337.8203761 483.8402325 84.45402802 R
-25.00758235 256.6131523 239.4240567
378.2271479 -184.3870332 -63.69240151
379.0372271 -514.5347947 -238.5215947 R
164.9823743 165.1136438 402.7775281
-160.623414 -57.95770633 201.6503883
-479.1435154 -23.88440501 377.5025699
-0.09671922785 -222.0327118 -495.3992
322.543655 472.8042437 -234.9078188
-393.6819085 512.7238972 -257.1154668
480.0077696 84.76108226 -377.3645789
379.2092003 -382.5090902 18.96958141
-348.9813416 -52.79250836 -113.4729721
-73.76583632 -314.4857197 -171.0036744
117.3873191 -292.9980773 513.8639263 R
-167.569459 143.868778 364.1004751
-162.1777609 96.55003255 90.16741594
175.8338722 383.6352369 121.5439548
-439.5390638 444.0052482 127.1321555
220.9853459 -375.4988418 -505.902261
302.0868991 466.4651489 -500.2451041
330.2591572 -533.9002664 372.7613107
-37.08771791 134.9672683 500.6692623
5.964890869 19.19051955 -51.41518298
257.369604 -134.5918271 180.2788699
-456.652441 516.302961 27.10948954
337.7720376 -88.06886633 -391.1006262
-158.3236343 -218.7136547 -401.1913444
264.5031397 30.07322192 -181.2138982
128.9905982 -253.7303122 316.3831278
-318.048968 507.6625235 -303.7859156
-372.4281494 180.4977979 299.3555624
-280.2537327 159.3345305 410.0239626
-90.84260297 -492.5581344 -87.25033931
-378.7068019 -449.2020654 -169.2045403 R
-253.0732281 -278.4367582 431.2691822
1.578488789 -326.3378829 -452.034402
-311.6940805 -245.0573099 85.66641742 R
531.8754975 368.5469595 52.50134162
-488.9362657 84.26425104 -120.3213077 R
325.5364074 481.1882591 443.9696486 R
-224.3735829 214.2042167 -117.4963263
222.1609998 -248.0102225 -415.4885295
-221.0212575 47.0086812 -96.49599512 R
231.4847874 431.0197801 177.3339795 R
-341.1276602 174.0199052 -458.4858639
172.6669271 -421.9040209 123.8702288
-134.0856772 37.81113438 51.68573321
-227.1093754 22.69810215 40.92059763
-100.8988359 -218.9733345 -392.9627439
-497.7364854 530.0366437 370.6813145 R
-162.7310582 -300.9587982 362.1366679 R
-92.5970578 -117.0742134 140.0050525 R
-243.7224331 502.6898207 328.0865801
196.94461 -25.36169201 424.1071314
-214.5825791 60.64726024 -500.7642561
-225.8666522 181.3341149 134.2779765
-81.22150427 47.36063546 -224.0407157
-32.4574115 -319.9041929 467.6471798
123.219499 380.093449 100.7604113
-174.6808831 155.6680473 136.0988706
-89.78826493 219.0360659 -29.22358053
170.9558111 248.7482695 160.6217634
-120.8707457 76.87875754 220.0195393
-35.53100287 478.7503658 -496.1413918
327.1038779 164.6595763 -64.20631382
477.8209148 278.6675322 455.3847324
-448.6501771 -12.21381484 -393.7020683 R
-404.4503657 27.42500995 -343.0447046
-369.3358149 -402.9019772 -480.3873223
151.5128214 -33.91278844 -55.75318883 R
-66.25872684 -130.5576592 255.6277579 R
85.24558053 495.708726 112.9646226
-334.9379983 311.3216617 -465.3591054
306.2809284 -36.24233248 455.4983947
361.0279946 -123.9731892 -266.6023586
-233.4678282 -298.3255943 41.14224658 R
166.9510971 368.6245528 -123.3005336
241.444646 -428.0744535 188.9080111
-379.2332646 261.4614829 176.4810722
-240.9465915 486.9255182 73.49945142
486.70136 149.9731202 357.0351894
-404.6480168 169.6126337 328.5020665
469.8757262 185.3545281 -467.4727701
-274.0569039 228.8122505 83.98574608 R
-358.5843966 -372.2959962 -241.573632 R
301.5753849 -55.45165338 -317.7909936
-353.3917367 36.75464395 -471.4196721
-536.4427526 223.2011328 437.4358394
136.920832 37.47401979 488.0754386 R
-193.9842409 -103.9620502 -363.5058147 R
-349.6544821 -121.3126918 110.5624156
367.3805415 -443.5700637 -300.0219087 R
246.0275755 -126.6217769 426.1162121
347.4106846 -139.8121632 -268.9860773
329.0753925 500.3436409 -386.7753507
-30.49590136 -149.8657825 118.2607599 R
-519.461437 493.3996631 24.96871511 R
-288.1364954 -110.9030144 420.3683228
493.7695886 392.1377662 357.5220956
-485.396338 182.8771333 -417.0744999
135.8108803 -378.9895096 -231.4316685 R
385.3879751 -398.803992 -236.1025241 R
135.1612862 361.8383142 -413.0829784 R
-483.3718314 124.6239857 296.3802955
404.9186445 72.70481031 418.9703914 R
-291.0075437 337.2997507 -150.4692013
454.9513161 306.1006895 -157.3662988
-326.4032893 -487.071749 27.07215119
-165.3894196 497.6662084 174.4268827
374.9390126 -64.82797234 193.8741981
264.8802132 68.91973428 -224.8492507
57.00420991 -193.7095404 99.85751148
188.450709 380.2880158 -295.547599
239.4765217 -112.9761267 454.8978949
-410.3481818 -271.5414273 -294.5318
468.3943555 156.9041976 283.6098134
495.2061701 -110.2149891 -142.5787376 R
34.81557972 -53.81850098 -20.48691271 R
-198.0987954 392.1081191 237.7024191
-2.661533226 -11.01795088 -15.29404327
151.089528 -376.5122283 255.2051463
-16.08088827 -192.7755908 -99.83725527 R
111.9989495 -310.7226196 292.5235211
501.4592814 -472.0063557 -449.7675697 R
-206.6760307 120.0628775 439.1353227
25.57266925 -345.1537181 373.8320629
144.828363 -481.8394581 419.9369859 R
128.7410878 213.503055 2.840748348
510.1474185 -348.2047223 -311.0037847
124.9087348 279.2987338 -165.665215
-241.8598329 -458.0828045 303.6043038
-363.9311752 -364.4125049 182.2091831
67.51742399 -494.3807839 513.4464145 R
232.2640776 184.4934621 -104.645241
-430.5766955 -351.6280101 38.92215239
-422.2973598 447.2926525 -151.5836677
-128.9840497 376.5135504 -373.6532687
-432.125291 -259.3565653 -268.2695816
330.1728203 -135.4526876 235.9161894
-539.6927346 187.0626148 396.4027752
-411.092906 406.0475457 -103.0431662
-221.7541295 -242.9547514 338.9958057 R
-517.5944267 -118.9018097 -137.2586022 R
-72.3178439 -339.5147877 -245.501896
197.2268004 -302.8266675 162.3252259
272.1169187 181.3320413 -96.16699767
346.9577322 -46.74363758 476.2006723
-66.06316837 382.542201 -32.470397
-507.9394282 470.8567235 78.63289565
226.1658538 4.640540518 274.8272108
-246.3384535 -68.11036242 52.08287397
-126.1743291 322.5126062 -151.5668088
-505.5084572 -65.95674201 -133.6275435 R
111.6926701 -174.7563047 262.9558702
426.7538601 -449.5603279 222.9974059
-218.3445703 -109.4560662 -71.41184862
348.4079993 -239.8703294 405.722252
249.5679015 353.6969167 216.0435665
325.2545992 -96.0084993 435.8505852
203.3418033 348.2787944 -84.21035681
281.5119103 -282.4555813 -141.0014567
269.7295187 37.50712463 -442.7695669 R
243.7637482 -421.5025445 246.1097205
111.9784795 71.54857287 -471.7514833 R
246.0294904 238.6046927 -508.228336
-315.0716056 -103.3549603 25.47492982
463.1068274 233.7083009 -403.0050288
247.3761396 182.4890128 343.787683
353.9195904 -348.7894435 52.80376308
-224.9520617 339.1820481 -383.8992703
313.9510249 549.3257034 -406.2606184
-322.8089141 -107.1079844 -85.06745737
505.2914276 34.08192021 -453.4903569
456.8718721 422.1846964 -247.8661722
-20.77105025 466.6618729 141.049278
111.5393793 -190.687379 -476.2527333 R
-127.3801093 -6.395708835 -126.5538962
383.7297358 -6.049097698 69.83824907
-353.2536214 -391.7854143 507.3635379
108.1239607 -406.8880258 171.1530148
77.82777772 -245.6351984 415.2541972
23.23807575 -462.7053338 -312.5514664
-142.1068083 529.7509613 405.9303978
410.9392924 149.4490787 291.754504
-454.218864 -138.7173411 468.5956865 R
47.54647963 168.7883918 135.4117144 R
-457.2501143 -55.01545618 451.9687114 R
-179.4230901 -58.73134141 -139.0852254 R
429.2449893 -162.7542512 -163.2006031 R
-67.51746864 -504.451902 -186.8271777
-537.5123916 222.6798103 -500.2775559 R
263.1583873 91.00953803 -253.6023807
143.2932057 129.6220828 537.873234
41.60924437 -140.0402223 414.693459
-344.1595949 -231.002626 399.7880156
-395.8425587 -68.55369192 498.2900907
-148.2315692 149.4164198 513.2595446 R
464.6625866 499.9243523 -344.1103385 R
-157.4289647 213.4609961 -452.2545544
-187.1879304 454.3492267 -77.99040785
458.3308518 -286.3023132 117.0219888
-136.1301473 440.5089529 -206.541649 R
-512.5085494 -369.7853807 7.58828701 R
-426.5429075 348.7704803 427.4207789
470.2023924 508.6160893 501.1554859 R
522.1792184 -445.3555998 -36.82573437
400.0243354 -92.35453193 -456.331659 R
333.4469196 -375.1201618 -371.7702898 R
-433.4920068 483.5440062 442.342915 R
-96.85066005 149.5723236 475.4018944
438.8394365 225.249291 201.1143851
327.7344311 -500.6968248 341.2791371
496.7083193 -490.1621515 -50.34143522 R
-244.5683204 399.6743516 -239.6950747 R
-479.9423587 146.0635183 159.0379584
490.0556348 151.6913353 -38.44299914
-512.5632371 277.046843 437.8135931
116.1968196 189.608466 348.36162
-127.9968723 -466.3401378 -127.0067096
151.3942519 -102.1181263 490.7560089 R
470.3520972 -467.5070534 -413.7578511 R
-1.051776801 -173.6586576 -161.0837773
319.2279838 79.42691439 169.9991402
494.1135555 344.5687005 -412.6948468
-323.9814592 418.0644633 -453.811755
-248.7962789 -58.90974092 43.47625533
85.96986966 289.3058636 87.08406248
-30.04503745 430.5410359 256.158277
-183.895618 197.0077574 -29.50217108 R
-117.2617911 16.29656002 -87.6648224
298.8894212 -66.96133192 346.1035722
-477.9861091 520.7490006 -404.641825 R
-12.03923006 -421.0893853 307.2841149
-118.5253784 -9.74150319 218.1559656
-182.2283741 -478.7537561 306.4385278
-517.5577598 72.67404343 252.1471858
436.0500835 -80.14734127 225.190565
-408.3225503 -131.7456507 389.7143453
79.5862063 -391.2423138 -368.0868233 R
-287.5704429 336.0025968 78.39541046
-128.7749855 415.2660285 -214.0872709 R
504.8546762 57.66038212 335.4136042
144.3556106 -257.4490499 -422.0753297
-437.1858858 -41.51325981 248.7704656
-121.0612919 334.8092269 149.1232762
-428.755713 246.7450728 399.657032
-307.9086734 -490.6767774 506.2557661
250.1680772 -300.6330936 180.8031606
-42.1852968 -508.3982742 -10.20195548 R
194.0058012 -348.4984292 34.93497575
94.68517125 411.560973 -367.8487336
185.4294821 290.6442515 -497.1541518
487.7881386 -393.2834215 328.8099356
334.9314135 -94.84465613 193.0020134
464.0383272 321.9368673 206.6123691
62.22647384 -190.5816655 476.1510887
143.5404804 -277.5979236 -136.3018136 R
-421.0373211 -176.5100535 -215.8500817
31.93857413 429.5341605 -159.027327
-263.2824588 -398.9462789 -61.90056569
490.2523733 507.9141032 -59.8945959 R
284.2921738 -319.9444794 186.9875999
-179.4194195 120.1370139 -71.69501708
168.656597 -403.18644 -50.0007399
274.7774616 299.3806895 -215.4731086
-478.3317867 101.6382764 17.6276821 R
316.9743228 97.44011891 -272.7560451
-264.0713788 -391.9350005 -153.9179198
-476.7746009 393.8899596 -267.483553
-361.0368651 25.76409883 -72.17086367
-328.765757 -389.0112188 -123.3255023
146.0184933 -478.5166622 -321.2996907
-239.5091578 -275.1579752 -435.8146428
458.7062038 -411.6133226 47.05704541
45.77606896 -518.9630038 442.6358529 R
-339.475416 414.5413563 173.7961759
-34.31880424 182.2914806 478.2438424
524.5795884 -475.2649797 262.4584044
97.31059332 -8.123223338 -96.04626674
395.6707225 -176.0075662 474.2150327
264.0451597 -394.0970843 504.9938036
-16.29263862 411.5058751 284.8199646
443.3514726 -317.4876214 -176.5728689
391.3484927 -17.52904137 -38.85335554
409.1417972 436.0334235 96.54010488
297.6598211 498.9957414 358.561271 R
-472.7050825 501.0716466 -390.8162251 R
29.88567177 524.0049616 323.5266665 R
205.2201314 498.2851566 317.4221309
-241.0881305 71.30540224 97.75665334
184.2124242 112.4831101 -492.8322812
-369.8328311 -435.7791324 -67.23012379
251.1193568 -29.71165681 -15.60136081
406.7834047 -419.4132406 -132.9165303 R
-39.7716169 521.5571226 163.7819888
471.0767493 -418.757472 -149.0060448
-285.6821481 -325.1734616 -90.14489582
-195.1716149 -10.03187659 -56.43617532
-324.2715231 -286.6261377 -295.0164702
-314.6254748 -156.2863457 -428.5458286 R
426.5686107 484.6930858 293.238261 R
-302.1415174 468.3047083 -213.7770856
524.7034152 -312.7749055 -116.0352687 R
-435.0916668 212.4479543 201.2342412
-159.1642909 8.402300924 83.74815505 R
-392.4181211 -25.71464187 -437.1460421 R
409.2980401 135.1146302 40.57501208
-408.816531 -289.247942 42.45518604
216.1799591 -353.3431743 -322.7835011
-414.5923006 -472.3049885 6.216196643
-145.5409401 279.8851413 -443.0828016
-283.496504 193.244909 -267.7321772
299.763005 -264.4642123 313.732575
-229.8424458 -429.5824743 -503.9865679
305.7933777 -220.2169722 359.1215393
-496.6066412 -33.88022553 -88.46354739
214.1393838 42.71791726 447.731079 R
-393.216606 -238.8958062 -285.0310601
262.7033463 -196.0874126 -294.0642343
263.3053984 66.18678011 -525.0394699 R
337.3834731 442.3069897 403.2395989 R
464.4474443 -367.0613369 364.0018157
179.0221547 -220.4502657 -527.1537987 R
-323.7233665 148.0458857 -151.1955406
-420.5158279 15.68607414 -255.5857909
-378.5769648 -504.7966046 221.9755297 R
41.67185299 -356.2464631 -348.0578837
-10.27262667 -492.3514324 234.6861735 R
-49.19470467 537.6982914 487.5331051
4.107783902 257.1515875 468.506399
-457.2210015 -259.9324063 226.1828133
-73.30582228 319.7693977 -377.3488257
173.4043422 -500.224293 -84.22575989
328.8465353 20.78273476 -528.3825646
34.95176894 -18.5250704 403.6550603
-61.42486614 106.2169122 -350.5318672
325.505564 -407.3367714 295.4106777
412.8112402 -102.5956259 -248.9266467 R
133.4502893 197.0771413 -386.7540261
143.278138 -90.34031265 -381.6782142 R
149.8871439 -359.1400613 -114.4883198
-133.5011944 -216.8095748 -364.7345936
197.7637013 -138.8379938 -131.1021828
438.6262207 -475.6905356 -518.8019924 R
-478.4221544 -503.0818103 -61.61055242 R
453.4437272 101.6021236 -466.0385272
-204.7824995 -420.6675987 -364.0432895
132.8054544 -36.66711577 180.5240107
418.7390217 -421.9801887 496.2937941
-196.4144297 277.2486949 227.4372639 R
54.77397723 -402.1014243 293.5886336
-542.3898433 56.56353888 470.6740667 R
-362.0518348 334.8592903 -66.28211735
-547.0008544 17.26034497 532.0565685 R
-487.6235087 411.540057 494.2078346 R
348.491927 -252.1204203 -208.1535679
263.6868195 278.2272885 -20.08157577
301.1193394 42.19022109 446.8794711
466.791211 -340.6365321 373.0881511
85.92041851 162.101637 -506.1778645
-209.2452492 441.3710591 -382.1576047 R
451.0505395 -67.59669347 495.5781966
296.2475763 -136.6477703 -325.5351942
161.0464536 115.6639914 -46.80945809
-63.42223694 -68.24780061 395.0360191
-161.8128323 -440.7079626 -418.748403
285.4221682 414.9824732 86.95948486
-188.167886 -514.5216521 100.480369 R
103.7681725 485.3157833 -455.60049 R
189.634076 -411.0056786 151.1834069
-241.3268362 -0.4142659558 -201.5746964
175.6332157 90.81697072 -27.24213041
-498.702467 -190.2763394 -413.7452967
70.04230713 515.8808129 101.0989282
131.5799832 221.2311646 138.1836439
236.5228564 195.2331318 64.27808667
165.052781 -253.4599907 -209.9282683
-472.4391714 158.2049738 -83.77830619 R
352.2195302 -81.56272611 -527.7489468
-119.1876739 430.3931989 -156.8053903 R
-172.5697131 454.2787356 12.39105323
10.53961834 -75.34239869 -334.451935
234.0584901 -389.3784875 -502.732262
-480.8185252 -374.328126 -398.2061691 R
-215.4247343 435.1269719 -30.72742626
-136.7226733 -243.8687418 480.9425912
303.5826595 355.7836256 190.650621
356.2895557 429.5880318 234.6780738
-165.2220812 330.2508363 -45.49494866
-49.83756832 -440.7856906 -72.75328733
4.060587807 -169.1921493 162.7811033
445.9799923 472.709726 221.3766931
269.7387431 426.0862405 -10.91722797
168.2563538 79.88575258 240.8914172
-98.93585661 -392.9279044 -145.2701354
23.62127635 -53.53218506 -317.8751077
248.8448588 -58.26624747 -462.2890876 R
61.33914378 -65.57855038 -512.6709208 R
270.8910347 -493.8981779 -313.843417
-141.4442052 192.7747549 -517.1572334
-359.4716245 247.8097289 135.5808482
-344.7601609 -88.23478635 55.55854204
-69.42031592 414.2830503 256.4753527
509.8634894 -405.7610328 467.8036407
-8.612021739 -496.3204933 -191.8470124
-299.1844363 -424.2667089 -187.8704824
-378.7832395 -534.478528 -86.57776754
-44.32145412 268.7396918 -491.1063817
-58.1635232 -336.6659776 174.2625244
-501.0246644 -279.4389028 -327.8070015
-96.30603529 5.524057108 -31.22127283
-139.0298219 383.2676222 -85.27224184
-119.886343 -93.87154243 137.786727 R
-493.3721006 -47.75106876 -479.613646 R
485.0200322 -400.7751451 55.70927198
-117.5815097 33.20597741 245.4556927
340.8629973 324.3222516 -131.6209832
126.0296459 483.6670993 259.722531
-346.6073647 -33.35437292 297.1554213
94.36349518 -323.4009963 -343.3099662
-201.8684297 445.7620376 139.2635003
332.8734285 -439.738558 -223.3553581
356.3478866 -319.0459767 46.31200164
-470.2989257 -241.9886909 175.5377901
285.1932637 127.242218 -266.5643059 R
376.0157323 172.5676863 -121.1741016
223.860107 476.1123436 -227.9158403
224.3278143 -137.3947869 -464.8822776
-82.30591855 243.8616661 280.1446582
342.0096792 138.8904621 531.247866 R
-328.8831253 306.9229596 -160.6137784
-188.7622333 -100.6268931 328.8095553
-160.481517 -197.8241123 -139.0975519
-238.8876001 -12.45913251 -285.439421
94.2426629 -244.8155787 0.5666204348
232.7710509 520.4513542 371.9529835 R
-457.9843042 190.7478697 -423.5755618
-339.4649002 -98.74946561 288.8569644
199.06149 179.7512908 -85.7890939
-507.8172508 396.4286563 -281.200331
448.3113298 342.4114444 -405.294884
-466.0679451 -131.1887415 -420.0277924
248.8035253 452.0296634 -467.0357545
-168.0176408 326.6153161 442.3612704
-45.30959537 -499.0967103 -404.6904252
-414.371333 329.196876 281.1947509
-207.8473724 -113.5689597 -220.7701042
-337.3537007 -285.7953735 195.7300642 R
-286.6098332 215.819012 3.152543313
46.72830035 -344.3930869 302.9392776
-293.725875 380.1396069 -32.65964176
-428.5669214 130.7911418 -495.4343171
51.74146853 177.0335324 7.659684301
70.62535312 399.6289268 352.7275285 R
-411.8985666 -75.90154655 -152.9080316
-222.8238685 459.4653681 392.6656564 R
215.1216766 73.22596506 249.8637349
273.805101 509.1355993 388.6949327 R
-502.9766016 -297.040428 -52.55513905 R
-295.70222 393.3423573 510.048758 R
-93.32920617 -34.45254575 264.4209892
-129.7666035 -355.9861119 -341.3571132
-51.01746684 -400.3821754 -82.86597559
414.1588742 -368.0281976 474.9837007
386.7725103 -340.7705214 410.8882867
147.9699608 402.1909466 -254.984642
6.766222829 288.1236543 -364.8746252
-352.8953223 507.9301025 -361.0667125 R
86.33055799 -422.7502348 -310.9608005
-380.5587624 -100.5847888 274.0928891
-465.8023131 305.9858514 -73.74228891
370.328586 474.5729785 215.3589012
-44.5163767 479.9519556 -40.84588576
481.1739938 -42.64932122 -348.9342452
-113.3389926 318.4206593 355.060348
-497.4148461 -303.4056211 -477.7938004 R
-260.3522299 -141.8137828 -206.079528
210.3860278 277.122519 181.8790807
-327.3732554 159.5248797 -393.4020543
400.3599806 445.9901611 470.693396 R
415.561079 -253.5760114 168.1055592
-416.4545205 -109.8335527 337.0147397
-416.1362386 70.45517899 249.069246
-216.305282 -436.4480361 -176.3780101
49.57440984 -362.5850733 138.2390825
170.7187844 -414.8097513 -170.7862875 R
-138.1288091 -3.859073073 -409.4478236
-66.47437037 -368.3239507 -99.33555154
-22.31062146 179.4941965 -472.1514274
229.0970461 106.3904123 -98.77987713
-338.4544129 -344.2961636 59.63387913
-297.6185749 527.665523 67.64949594
-50.17659473 -121.7301256 392.7748685
257.6178419 396.2896357 -139.5923148
-417.9966004 -271.9990344 -292.7271394
265.6550727 259.9647001 -143.1614657
179.8698018 228.3444846 460.0185348
-525.6940359 -202.6077623 78.72947854 R
211.6842252 -288.3013409 108.6454302 R
-440.7844198 87.76162336 369.933222
-139.9133908 244.4867081 216.2273833 R
-311.7902107 -475.7208076 515.5100863
-89.42634741 -436.8877068 124.6967203
-4.61932118 116.8896432 -478.0237281
318.6616414 -141.5612393 496.8466397
-59.17136831 -237.9259214 -278.3856791
-457.5254373 89.6934487 416.422111
119.8770658 491.2535199 118.5953249
-96.67787207 -209.71771 -223.9408292
15.25660063 539.1282003 420.2675391
474.3161802 -515.545559 -269.8257707
-503.2088458 191.8297352 195.8164518
298.4891503 -194.4310225 234.5004919
-218.217294 331.8742532 514.7307683 R
16.52751213 455.8609312 463.2166193 R
-166.4597951 -187.7272497 -55.86549777
432.3175594 -241.0789613 338.1450122
-265.7525184 77.49288068 -134.8614244 R
216.774377 426.3261352 149.3386134
-121.8240554 163.5371961 364.7922564
96.01277187 -329.0496759 276.4394259
-512.117133 -157.6930479 -530.85045
75.05885979 -297.2907722 -131.0089677 R
80.06112663 500.8943497 295.9463061 R
446.9810247 -528.5702571 144.81038 R
-468.7807086 -264.2484352 -103.2964616 R
-93.06514449 -351.4699215 -436.1390641
465.0311687 454.1414177 -136.0475106
162.9803878 274.1179596 -433.9172092
458.6282893 -99.09754618 -165.7388349 R
-406.8172505 525.2584415 247.8806463 R
-205.8905687 -155.1259294 418.1638356
245.3788921 -363.0664237 323.2758264
25.10449345 -334.6661399 -112.0007998 R
-89.54171088 -262.9295394 -484.2844596
-101.7684869 229.2709351 -291.6220142
-425.2589019 419.1569703 -256.8500696
228.6415338 416.5098464 221.9444263
-307.5066426 348.2925217 -490.0644019
360.8823484 -360.4675514 373.2953825 R
78.98589527 -82.819082 -229.1205756
-386.3431015 -456.9690555 -108.6111637
-464.4104993 -363.1019587 -379.8533619 R
191.7799423 532.9406783 -79.53711435
466.8252581 222.3006704 419.4971992
-372.2096567 -96.19648304 325.6035709
235.4700091 215.5705058 -512.2902047
359.393314 -108.1042537 200.9610579
56.86425962 191.0362558 430.9451549
10.4150875 -382.5522604 -375.6619129
-383.5486326 476.6076312 -221.6350122
-472.2994624 391.1989206 266.9158325
16.31993341 -45.55366646 455.6998858
478.6552111 12.78274853 241.6567374
-150.6120159 -372.0160953 -153.6306014
-340.8870547 -234.6220651 325.7636879
-36.16945207 410.6691855 -427.775631
259.4261637 338.5787627 -358.1324841
290.0889591 -137.2145291 -398.4883886 R
-75.95652819 -58.65470226 -249.3967941 R
504.4607757 -23.45585369 -469.9753228 R
156.9557717 -420.7201053 460.2755345 R
60.87799837 481.0765607 -273.5904071
-234.4607375 -157.4902715 479.5561703 R
55.99334649 -421.144503 402.7573992 R
400.4461993 16.61698188 -2.296427578
165.3353239 530.726441 -289.7551519 R
396.3345681 -340.5090502 420.0105191
-524.2665347 490.3625927 473.3790004 R
226.6336622 -120.0345622 -96.44943738
257.4013076 -337.0580185 286.1303948
231.347697 -51.66807421 -23.17354083
32.06196896 -328.4228871 -136.7182169 R
168.5875064 347.6529206 -73.25036309
-219.3669071 124.7999124 -31.84716802
195.5999445 339.6804572 -357.3323939 R
39.64821924 163.8048024 355.9427285
516.3237043 -261.9855949 -392.9201717 R
-440.4312364 227.4421733 129.2862335 R
-101.6618953 -470.4229251 383.672854
450.64117 -381.4297829 341.9537669
-538.9141207 210.0693698 -393.1852639
98.94111468 259.0407031 128.8098487
-276.1824495 -323.3192287 204.5206805 R
-73.19212506 -341.3038874 103.8660936
333.2154438 -49.91966046 -148.6482939 R
95.86233072 -415.3226822 336.0944818
295.7398796 -54.89776413 96.16666699
-145.7331241 -184.6257346 333.1986413
438.0593 276.662985 -71.87187968
207.0541723 122.5151122 -103.1561027
90.5263004 475.6531261 -43.06016349
420.8175749 -306.908776 72.14464577
67.69494446 454.8910811 -264.1498675
431.1006478 -156.5795453 307.779084
434.3902648 -263.894475 3.176100298 R
392.3951754 119.4098654 -63.28143088
291.6724658 -85.33974863 28.94442594
-445.2165983 -490.1795692 -149.4183408
-368.5865983 -187.7751267 -481.695407 R
497.1982108 43.6728177 -69.68470461
469.572593 441.0640826 -83.75743306 R
-310.5071815 284.4823664 5.630852184 R
-132.1903524 10.32495782 -523.3616604
250.8759617 294.8342201 460.7236671 R
-393.0797556 529.3297366 447.1542885 R
120.9501939 325.8680416 44.111036
91.96313441 -471.9700842 337.9005003
-317.6968525 173.2342074 506.1075939 R
-320.9676775 -358.2298375 521.0238361
-210.4930692 -403.0006249 474.5869177
173.802113 205.5462152 -40.71333436
99.92099962 89.3590689 -499.5724743 R
-159.0630048 -523.9836596 402.3619845
-452.3980507 140.2056967 -475.2314475
157.2440603 220.0067035 422.3000889
-340.0672507 -68.94221201 366.2962717 R
-207.9233992 -412.7723345 288.4778382
-1.393168894 414.7537444 297.1135783
-76.46204869 -482.8499335 -346.9144117
9.104535008 368.9822958 -433.4627764
