3.344254040594952512e-05
3.546480009184164761e-05
3.468842996599002816e-05
3.794779375829936504e-05
3.357606349749704688e-05
3.377480330781341505e-05
3.490794911912936221e-05
3.452534177632703979e-05
3.506050640396048585e-05
3.780658464019803972e-05
3.471586751308394705e-05
3.699085037216679026e-05
4.308574966742086495e-05
3.367076518694078183e-05
3.505576418091465576e-05
3.705197576658948483e-05
3.664606611689028416e-05
3.466082794016334476e-05
3.395111488588757425e-05
3.630558205779198488e-05
3.638218032967976902e-05
3.319696372553864730e-05
5.059495708601787796e-05
4.015116189571139139e-05
3.613958975067244490e-05
3.931343024460353595e-05
5.096390791231200201e-05
3.560767929478165903e-05
4.387551634026563786e-05
3.626183582010182751e-05
3.330630868366147955e-05
3.458692551249274553e-05
4.261664341453106562e-05
5.545105229921446698e-05
3.509481591982096431e-05
4.526729773187402510e-05
3.530550388156408602e-05
3.996669927844753479e-05
3.800437873552149821e-05
3.546713382258554511e-05
3.704480790256735524e-05
6.102540473495172263e-05
4.926900228102473983e-05
4.322008410683207046e-05
4.030711745130485200e-05
3.631124738073746169e-05
3.513808385101191000e-05
3.398908690876639363e-05
3.895310948640245215e-05
3.327274222733794318e-05
4.060689861767341355e-05
3.647931525301003822e-05
3.418741410172259455e-05
3.327941614800771386e-05
3.434785276529261336e-05
3.881426785488755333e-05
3.736735825142412142e-05
3.459108353675079421e-05
3.571930666209959855e-05
4.082228244187746576e-05
3.591628101694564122e-05
3.590491042865895610e-05
3.325354883420498630e-05
3.452592366882781711e-05
4.185841827704585739e-05
3.666022513081929220e-05
3.795411509417279518e-05
3.502335829539914816e-05
3.365812006490169413e-05
3.335596119552115439e-05
3.860096672575107567e-05
3.801674362150370541e-05
3.652454750387058716e-05
3.408525000083924733e-05
5.354893607228020471e-05
3.565775705197113464e-05
3.595587021165425203e-05
3.361854096525445328e-05
6.042473080221262549e-05
3.429012009318328064e-05
3.979175640171981584e-05
3.443098348569218479e-05
3.401234344310315226e-05
3.552147621243399597e-05
4.222591864983849425e-05
3.735807734644174167e-05
3.806237150885325143e-05
4.073898806716094213e-05
3.402875943529588609e-05
3.348634786893243536e-05
4.062446163728008168e-05
4.291296295702484091e-05
3.774481267797750143e-05
3.496588682544932646e-05
3.972695282599895381e-05
4.664074426867391356e-05
3.467257141354793739e-05
4.091425190259662966e-05
4.406182195704437651e-05
3.589593040085533199e-05
3.797234917499301196e-05
3.532412089087388609e-05
3.745656537853388169e-05
3.418273903815743892e-05
4.138864584532776341e-05
3.691948515277186876e-05
3.647133311876510640e-05
3.426619050534455903e-05
3.506529755432403897e-05
4.637671308730955571e-05
3.622415696920453860e-05
3.485580229914670531e-05
3.517766387552114448e-05
3.981717146852374839e-05
4.652363385507772044e-05
3.813677099632383416e-05
4.236980583651693409e-05
3.379726136964923965e-05
4.722423031323821473e-05
4.782560617946689604e-05
3.418132530063759292e-05
3.603219819432303079e-05
3.622478274356557892e-05
4.495228026740332616e-05
3.677164743567584910e-05
4.039299960168341150e-05
3.839535882965377611e-05
3.433182626482434948e-05
3.380208449648473915e-05
3.409053708787853954e-05
3.395496441926015765e-05
3.513042041167676195e-05
4.802322605924004339e-05
3.985459572750948591e-05
3.906783964622284735e-05
3.955782048998868249e-05
6.546747838078997969e-05
3.508806259533741505e-05
3.464619213852970949e-05
3.447695039458191485e-05
3.702827896027259123e-05
4.591396967071312193e-05
4.415940497250288776e-05
3.498735111648763256e-05
3.731864801360556844e-05
3.767558598618567592e-05
3.551440529029187265e-05
3.436144708101469792e-05
3.753914178726214858e-05
4.032640500992972762e-05
3.731845581113664857e-05
3.346455031222328458e-05
3.685739915790005458e-05
4.199533740491939309e-05
3.911670856681325175e-05
3.498847310318826243e-05
3.368936888767586708e-05
3.463135571865014081e-05
3.462332733043095259e-05
3.373458509919099318e-05
3.795295300125850675e-05
3.385663341301377397e-05
3.390830145297491546e-05
3.629449771000708703e-05
3.720894974122680531e-05
3.993591003768863506e-05
3.413482710418774715e-05
3.501697406917126092e-05
3.671577334561469544e-05
3.449236791004922886e-05
3.608669477066274727e-05
3.452036814008416704e-05
3.486445684208484944e-05
3.678825093379513989e-05
3.422323411480980782e-05
3.729911486969470560e-05
3.343127485557748541e-05
3.435367305059964989e-05
3.318759059129610913e-05
4.111104331568573461e-05
3.389620465830288685e-05
3.975585608233941849e-05
3.970199097102940889e-05
3.335276206064746377e-05
3.562380290191606233e-05
3.526142643572041457e-05
3.444456766068896696e-05
3.337014355618445760e-05
5.956242635905629253e-05
3.594844009391975757e-05
3.438752176074666970e-05
3.850471404448903924e-05
3.861429116860396404e-05
3.342318032537938617e-05
3.541431277076419339e-05
3.410805328004061645e-05
3.908152107843783189e-05
3.597497036299847497e-05
3.483235900308964748e-05
3.768652446521542255e-05
3.734636073125597374e-05
4.876035112708671009e-05
3.464477740352477607e-05
3.390755096283623262e-05
3.371051502264865431e-05
5.201236987387010077e-05
3.713752107233779840e-05
3.987304916418801603e-05
3.961246142095995262e-05
3.578562397267030310e-05
3.672883229431748173e-05
3.492020898919718179e-05
4.359737758126059248e-05
5.649258876774939183e-05
4.493434909836746939e-05
3.428362291119608438e-05
3.770418228219713218e-05
3.535636954542798876e-05
3.796094296184412221e-05
3.798634963645799501e-05
3.842814300596398256e-05
3.435388757150689308e-05
3.353146017406255302e-05
3.715006837420038017e-05
3.929038971796974664e-05
4.275125299547396064e-05
3.925018363444014502e-05
3.405375471909836141e-05
4.101196730242203064e-05
3.505695624252512256e-05
3.901944439609493547e-05
4.058277041718233251e-05
3.429677551969845896e-05
3.625950138121529937e-05
4.171970623879253621e-05
4.128841915013918649e-05
3.349839607472790296e-05
3.488141394325866497e-05
3.396805492781728320e-05
3.624122763300133000e-05
3.586619046221990086e-05
3.328661283163298051e-05
3.383408788293315085e-05
3.442597226600367226e-05
3.882363803553520330e-05
4.038724390743453753e-05
3.449507264476695927e-05
5.694543322004781173e-05
3.490784647610627997e-05
3.393858867385509721e-05
3.465870824172041721e-05
3.664730086091616009e-05
4.904497111753149607e-05
5.273996860193879267e-05
3.902813223000027121e-05
3.371339576178564846e-05
3.803678007389419216e-05
3.425254600119488255e-05
3.612722071010001198e-05
3.606057782018463409e-05
3.534531489273661588e-05
4.182046327989262106e-05
3.571330701160366179e-05
3.957155016725923450e-05
4.621403488755457115e-05
3.493363509344591089e-05
3.561899705879956771e-05
3.616799444720096519e-05
3.478842474084975028e-05
3.582267188813533529e-05
4.511729474641313714e-05
3.630277152404181673e-05
4.214409930960529330e-05
3.436434100151212773e-05
3.338567281762942291e-05
3.322351089038057525e-05
3.953061340785779515e-05
3.820458826874822348e-05
3.729793856404576993e-05
3.645435226684700644e-05
3.500503639163812396e-05
3.941503888610684665e-05
3.778299084295694331e-05
3.420281306589816663e-05
3.665080242167422132e-05
3.469539932961185032e-05
3.861026599129064354e-05
3.511227705183671180e-05
3.527945943098429669e-05
3.421263454016885980e-05
3.380334604877192797e-05
6.227588686351525249e-05
3.349348046596802248e-05
4.959998373721102562e-05
3.322550986554197264e-05
3.937009549162063041e-05
3.389614901343298333e-05
3.946951053446084176e-05
4.332176932171314667e-05
4.316998820603317046e-05
3.558053466193685692e-05
4.116080910052260264e-05
3.892683442421948495e-05
3.332209482440406999e-05
3.780221541928379211e-05
3.335540867796239040e-05
4.450351164894216486e-05
3.580490300190509388e-05
3.715491111065898197e-05
3.355794428797070358e-05
3.445912099842132124e-05
3.470648495110186823e-05
3.713812707200813762e-05
3.639081141300175970e-05
3.921234302720710645e-05
4.129595372672518208e-05
3.427037542723484120e-05
3.439383147403658899e-05
3.940651011583731571e-05
3.367640308195426948e-05
3.470366882186362437e-05
4.211790793028955497e-05
3.358345777894826645e-05
3.326867167047622352e-05
3.760289178410103605e-05
3.422613319291972035e-05
4.969757891542475554e-05
4.690926911929999308e-05
3.371980439004365555e-05
3.776258172588882938e-05
3.781012845977587615e-05
3.509673756117982589e-05
5.531280106697313275e-05
3.524926541967398562e-05
4.675349003963099600e-05
3.554771975581408924e-05
3.738634731443517771e-05
3.914611804262497851e-05
4.628458799838928333e-05
3.914066810157981833e-05
3.483682405201435925e-05
4.260199033289086245e-05
3.578015838297929807e-05
3.365553840100996848e-05
3.328749018330735761e-05
3.326506852434764176e-05
3.351100660355776629e-05
4.461158106881089625e-05
4.028129769282888669e-05
6.293515579422548150e-05
5.382021606145264071e-05
3.327338636262239480e-05
4.850632451166729992e-05
4.825037710997313200e-05
3.362690501302658937e-05
4.042280720137837773e-05
3.882084104592329211e-05
3.621509149507856748e-05
3.469868690613210502e-05
4.237983436461085823e-05
3.505213658434713352e-05
3.354352115519448018e-05
3.586411803672774531e-05
3.863744754476567468e-05
3.895768316532499675e-05
4.181306084935254200e-05
3.444020102329715884e-05
3.741954099173463414e-05
3.593880304711180693e-05
3.477253571637629431e-05
4.642961606741133790e-05
4.586183619450499599e-05
3.707960931969784196e-05
3.397560402779155558e-05
3.504409130606014362e-05
3.555164925467176615e-05
3.614327487337276379e-05
4.312324808119211145e-05
3.394646060980174791e-05
3.600375696610149561e-05
3.830942394801279229e-05
3.632342190101845933e-05
3.800129086407819529e-05
3.738624106650984365e-05
3.372130019548428615e-05
3.848714586111937888e-05
3.431930215464943984e-05
3.708706285016443696e-05
3.623944516506771445e-05
3.583170248469740249e-05
3.875851228999210174e-05
3.576096269120811915e-05
3.391910900379240689e-05
4.699943064466629130e-05
3.820971277213820657e-05
4.048068791583308792e-05
3.916533536986705844e-05
3.366781771616035612e-05
3.606925797995452028e-05
3.583038889807056736e-05
3.330738898292309296e-05
3.978538222333799479e-05
3.325263968926480134e-05
3.449138663661324765e-05
4.013931660690183838e-05
3.585124733425314837e-05
3.482613628122189803e-05
3.772979759730701860e-05
5.511404276208339235e-05
4.365834898954733809e-05
3.931337472528566025e-05
3.467123807294209144e-05
3.388908007221590044e-05
3.687939141315064030e-05
4.081667501804978082e-05
3.623659734589052179e-05
3.428995837870409775e-05
4.303481805098145546e-05
3.559647322360466674e-05
3.383375232155115894e-05
4.104448493773645332e-05
3.661662288472288229e-05
4.039423635199946807e-05
4.186948753632083918e-05
3.414186612872362360e-05
3.661097403315898973e-05
3.322483377860485296e-05
3.457331020838505737e-05
3.656330226821166972e-05
4.533174197183480593e-05
3.751916530233063887e-05
3.564979150971493141e-05
3.359558156024154571e-05
3.320933219377293708e-05
3.540508503691729050e-05
3.650856474591150408e-05
3.402961269160167951e-05
4.039188300153491397e-05
3.536345340464207157e-05
3.833874251036539863e-05
3.577569791132531157e-05
4.411437508268407383e-05
3.678505186270004186e-05
3.687987677890159472e-05
3.471214138587560481e-05
4.364098620743166651e-05
4.454301957524506761e-05
3.393858867385509721e-05
3.765422454641672765e-05
3.358371464261208250e-05
3.462421962639728839e-05
3.552580493584365606e-05
3.396509486413208407e-05
3.569403638042599594e-05
3.466347052165413340e-05
3.804954121528570992e-05
4.681622464568149252e-05
3.347613062505056702e-05
3.491261849892151264e-05
3.494111066289161383e-05
4.445365412019847308e-05
3.857583958570988386e-05
3.367787587309208173e-05
3.632986134247677857e-05
4.587697289015504708e-05
4.006856909020448885e-05
3.495599749331352723e-05
3.365658815422380791e-05
3.538727705410003117e-05
3.542097039625592079e-05
4.030632261183197333e-05
3.372730980057830896e-05
3.535577491816940343e-05
3.814296637046813934e-05
3.685426077511861107e-05
3.382382115440831638e-05
4.260350374208787019e-05
3.519606595828799161e-05
3.932815375800259361e-05
3.536902362948374533e-05
3.563641582542834623e-05
3.479896320990637427e-05
3.572602587148053212e-05
4.140542462902680636e-05
3.520343944665378416e-05
3.361042749368445916e-05
3.691684529485867594e-05
3.352764745445873886e-05
3.584547522724185599e-05
3.509433546426639133e-05
3.414151154466297643e-05
4.057963288743707725e-05
3.853212028150308348e-05
5.187732850744886885e-05
4.251231690501260996e-05
3.634743883204287739e-05
3.761432733029362380e-05
3.455580196969598435e-05
5.813103944448167371e-05
3.858690886334539577e-05
3.325718473060322735e-05
3.655882850515803864e-05
3.355331014021362953e-05
3.618304571966230457e-05
3.324269328558858997e-05
3.555335735995650347e-05
3.343069685356991454e-05
3.825375356395022759e-05
3.440742930920476065e-05
3.757043553326282366e-05
3.366994336739156089e-05
3.342991650726396993e-05
3.590267787703329714e-05
3.709468596166303552e-05
4.148648578666880776e-05
4.552328134821094139e-05
3.704415410816791764e-05
4.236183557980412255e-05
3.404836946309301000e-05
3.744907971427145901e-05
3.441877179039762460e-05
3.648347497437019472e-05
3.470113898480706025e-05
3.382261767969659802e-05
3.951485566077253021e-05
4.246156565678925693e-05
3.441231450855598704e-05
3.722054904285076104e-05
5.246963186199095418e-05
3.473989155260580379e-05
3.513014302997880868e-05
3.696163053354884940e-05
3.894181129525077978e-05
3.729261183068807039e-05
3.465883909762769032e-05
3.641198750633557486e-05
3.739255075357150293e-05
3.827098021252757851e-05
5.443580553558486702e-05
3.422282764801255544e-05
4.134319305198005555e-05
3.565853155488311394e-05
3.562203125816537993e-05
3.332938277130060949e-05
3.405713304635913627e-05
3.974346835259328248e-05
3.451653074433384398e-05
3.531721412209103719e-05
3.621977571605856689e-05
3.772927954273930251e-05
4.262430555088138725e-05
3.496833880282618174e-05
3.321392297149222542e-05
4.304953103307640607e-05
3.691407288523082932e-05
4.989994660587833604e-05
3.481967794285032233e-05
3.497643207991534301e-05
3.760188784270092365e-05
3.480884637476260263e-05
3.838629113652629928e-05
3.618746245355000690e-05
3.518743307866903017e-05
3.424432506729191769e-05
3.843200418405008650e-05
3.378564444805886457e-05
3.604625472873700511e-05
3.791123638289642823e-05
3.675814050527532502e-05
3.438661247182718062e-05
3.723525445352342207e-05
4.653527666182745437e-05
3.970400823857116629e-05
3.495124174216971666e-05
4.353598905062413822e-05
3.699222875081648721e-05
3.830638335723352635e-05
3.483829485067026774e-05
3.423617991026311498e-05
3.420262307143705764e-05
3.327751387026469949e-05
3.439054333425749666e-05
3.985942510235725871e-05
3.523639264327287502e-05
3.793626515978733998e-05
3.653331284747742019e-05
3.520599660360737787e-05
3.774777233452028183e-05
3.513969662112453792e-05
3.609493636721753171e-05
4.911654974842319144e-05
3.347304937885185397e-05
3.573526813621210924e-05
3.657159056747775284e-05
3.332530206102933681e-05
3.762807077968088296e-05
3.761468257802595748e-05
3.656822618605956663e-05
4.431997012862238719e-05
3.336877835332674751e-05
3.768490296070315716e-05
4.266133272754973958e-05
3.677360447479574053e-05
3.705495943678588643e-05
4.070121941990053862e-05
4.802664133641899359e-05
3.497150524065560184e-05
3.383473101666836287e-05
4.614973508331137434e-05
4.716836229671341537e-05
3.569949004895185544e-05
3.621724829881918414e-05
3.566545162117914564e-05
3.902078569155665130e-05
3.592451198643068552e-05
3.488041104319229951e-05
4.039579931802310858e-05
3.457249334813782134e-05
4.087094130230229885e-05
3.399670596560939409e-05
3.855685727865790777e-05
3.993821396434333649e-05
3.320223659826613725e-05
3.430426199688546552e-05
5.199033033461211706e-05
3.381071653269409602e-05
3.597395459693301765e-05
3.494922128782589326e-05
4.269085260655051218e-05
3.642546219016765992e-05
3.858028393661430547e-05
3.620771394756948109e-05
3.845845214023936213e-05
3.470625029766545669e-05
3.478977166837895780e-05
3.952299202553445092e-05
3.579573405568563986e-05
4.033139112698614964e-05
3.423136066428312521e-05
4.361857110776264535e-05
3.734056259481454418e-05
4.182701938601977838e-05
3.973223841071116112e-05
3.458779407417191524e-05
3.627659562095587994e-05
3.882193308726297954e-05
3.764373984239324648e-05
3.395294287152859767e-05
3.534876119671128206e-05
3.534915783427606796e-05
3.715346279554247033e-05
3.470773636241745780e-05
3.414824691079768775e-05
3.448499321945813919e-05
4.199252797639320341e-05
3.720925114759411102e-05
3.363097117308568490e-05
3.834782133342763818e-05
4.361829297832023539e-05
4.918114602431835144e-05
4.640418234242177923e-05
4.592181791609111435e-05
3.796980396209609674e-05
3.322938928523220631e-05
4.318374585021458021e-05
3.482523231211344757e-05
4.203541578492629108e-05
3.797263420962406204e-05
3.579690746656714873e-05
3.544281774186728678e-05
3.422846280367897062e-05
3.808175627359090148e-05
3.843671101427100851e-05
3.343101475807492190e-05
5.196001618206809317e-05
4.079101406357607166e-05
3.524019333217397475e-05
3.530679725648467042e-05
3.506114025734226850e-05
4.047870700404586477e-05
3.938030386979217494e-05
5.676939455305771073e-05
3.756338967757885970e-05
3.392951863678517031e-05
3.501659244033439165e-05
3.802684659575151518e-05
3.403519869062668406e-05
3.328611563745451996e-05
4.033532361514112637e-05
4.251522686966261176e-05
3.656689374604357864e-05
3.532911232148966082e-05
3.463814699125283798e-05
3.433021442307280830e-05
3.509810276212622308e-05
3.623064503723106363e-05
3.569181564655598692e-05
3.481417283842291790e-05
3.390830145297491546e-05
3.543333950910541083e-05
3.378365107025554768e-05
5.374963622928215890e-05
3.782106321370480145e-05
4.357702016469435652e-05
4.060456207592304966e-05
3.700263860512982534e-05
3.322071765055717544e-05
3.728124541752662375e-05
3.561909416418841532e-05
3.729301836199476250e-05
4.195998121450751547e-05
3.367779090918698892e-05
3.631037240828504644e-05
3.325140783545520352e-05
3.639422108530394483e-05
3.382729098037420856e-05
3.494249264941321945e-05
3.810518791736441723e-05
3.935589485076556801e-05
4.255753107022339373e-05
3.911571406788101764e-05
4.721864050572916448e-05
3.555447970627833388e-05
3.325322624221156476e-05
4.043834768516304417e-05
3.473957950708279717e-05
3.323975767947299348e-05
3.554183547767450821e-05
3.800634892448065291e-05
4.321854375750395398e-05
4.434401572512682911e-05
3.553790299370086558e-05
3.351470972348923874e-05
3.863878680452710108e-05
3.450350131171550595e-05
3.799120984955411137e-05
5.509868867403251426e-05
3.355351041755224754e-05
3.378572866816853770e-05
3.446685638482974124e-05
3.490330369115753626e-05
3.817787422400795416e-05
3.860487783692867503e-05
3.601417060832011235e-05
3.369089670305907972e-05
3.384166354150496177e-05
4.691894396487427147e-05
4.883858532896603047e-05
4.225669175684678813e-05
3.335715338450769718e-05
3.746075048209322896e-05
3.994581433027359391e-05
3.507697636041612143e-05
3.543156618240215691e-05
3.619308583210047105e-05
3.615597829187010872e-05
3.331118386515706097e-05
3.773079220724619338e-05
3.448149004873941870e-05
3.397571460303181747e-05
3.670985354754428641e-05
3.360088371449491588e-05
3.641948020926697517e-05
3.593155282050606615e-05
3.424435211873605092e-05
3.694093674223503841e-05
3.597549002676675005e-05
3.741848106518191847e-05
3.551225143762720373e-05
3.374594060211710529e-05
4.549697408388314710e-05
3.426956555203039838e-05
3.556452768405405236e-05
3.581671973982002719e-05
3.724324543269553849e-05
3.840033466786495220e-05
3.516904370562765346e-05
4.117820275981981634e-05
3.363534860327109955e-05
3.448053446865841960e-05
4.149719197166362185e-05
3.397051649657950264e-05
3.391855357654245781e-05
3.517344247739251172e-05
3.350221795503510193e-05
3.567285152178320654e-05
3.843094049655578013e-05
3.546089321837242448e-05
6.369669265290963246e-05
3.805535072405934682e-05
3.899276217232277463e-05
4.057001262489327712e-05
3.784603021310651530e-05
5.496681783438412647e-05
4.358791972042114758e-05
3.671568400968108623e-05
3.730888495704994434e-05
3.452758984817387469e-05
3.875516339962263302e-05
3.385537731391341710e-05
3.807072301999809975e-05
3.948008741597940449e-05
3.477204291526851204e-05
3.463043769816120205e-05
3.320612349897131716e-05
3.765689134113788179e-05
3.331086280577801365e-05
3.517321629174232581e-05
3.893339350670863767e-05
3.376125247579128832e-05
3.678982797202426489e-05
3.745011611091776459e-05
3.588661124942173946e-05
3.381253745439913544e-05
3.630175774208450900e-05
4.060222516436692370e-05
3.624030170572410968e-05
3.461571399943223678e-05
3.391191428472542383e-05
3.836342784708418244e-05
3.520672354518114111e-05
3.416603579027531614e-05
4.712041049544304650e-05
3.964184790523445035e-05
3.591872475672734053e-05
4.300562522688782625e-05
3.571815031858241652e-05
3.713797557463989837e-05
3.341195470042117869e-05
3.534070184565489379e-05
3.401035882742050985e-05
3.711419106019294616e-05
4.057299948008758487e-05
4.056590471134414577e-05
3.814801315239964871e-05
3.756592744314797273e-05
3.526112691886769531e-05
3.468255391559787608e-05
3.861318290156519502e-05
3.533524341493097246e-05
3.958740936127823866e-05
3.521110938573234335e-05
3.368775598692315220e-05
3.400073443803561539e-05
4.109121179786429806e-05
3.522520907989973098e-05
3.492505324734622462e-05
3.505048733546536964e-05
3.950773712466160891e-05
3.465221608308327692e-05
3.710985421036548703e-05
3.844312865502806209e-05
3.465169237613121818e-05
3.503713324830704505e-05
3.938967663726111891e-05
3.639271086904282267e-05
3.959064082205570353e-05
3.623643525636920559e-05
3.498140803698445908e-05
3.919443940845689735e-05
3.419882257256510945e-05
3.381819459820490758e-05
3.709364373914949582e-05
4.460678308306008610e-05
3.892691048896902928e-05
3.761934173830001183e-05
4.015070782876904070e-05
3.352865091732370491e-05
3.417531512154574385e-05
3.415405220933535754e-05
3.746419482992832624e-05
3.583697937990670975e-05
3.477129070812509665e-05
4.450197196402788484e-05
4.348450456704203008e-05
3.472818456652422439e-05
3.582429690173170335e-05
3.838055905502772339e-05
3.472524310679651113e-05
3.353438340710268492e-05
3.330700942929769987e-05
3.840824891547057405e-05
3.673877977617410508e-05
3.836487274482299192e-05
3.604517399194432427e-05
3.458126523257671898e-05
4.574580901436741651e-05
3.574125765585292039e-05
5.194170108637684936e-05
4.023709276490432723e-05
3.351359029427106683e-05
3.659935372027234442e-05
3.585978155247894050e-05
3.724217165061865939e-05
4.016460286574357008e-05
4.326875550802056490e-05
4.592423201890086671e-05
3.987883329173246396e-05
3.659761881109998611e-05
3.503212820794378605e-05
3.335229666163480085e-05
3.795572555240823873e-05
3.458089656784602445e-05
3.336468182289588683e-05
3.692566478993641399e-05
3.631110923104696931e-05
3.900430352453122763e-05
3.727936079736408529e-05
3.386779310998652557e-05
3.572920364158021166e-05
3.374343371518931774e-05
4.039227811590687990e-05
3.387060933502607956e-05
4.221295909938968565e-05
3.881840759733775817e-05
3.677960723982470927e-05
3.326377933334933608e-05
3.836859316252547479e-05
3.573495535452950877e-05
4.590853410816393454e-05
3.366506799312076744e-05
3.841734180191596883e-05
3.414194795437639022e-05
3.985103058086560720e-05
4.542124672243000690e-05
3.447878238267125409e-05
3.602066904723613477e-05
3.349523421484408331e-05
3.418404388393808565e-05
4.473307036244372943e-05
3.599260377277541849e-05
3.525530991269151831e-05
3.643609522572965361e-05
3.744901625885311674e-05
4.550801684340274270e-05
4.775485975292111579e-05
3.415685849328182393e-05
4.317356463691894130e-05
3.757496309378999044e-05
3.490340637092279356e-05
3.658567108795767500e-05
3.938382167840553125e-05
3.857020415164347818e-05
3.760657227207910892e-05
4.666316858431457561e-05
3.525078930024112258e-05
4.293999183861045912e-05
3.385389774392583194e-05
3.486425085018798317e-05
3.911884744213197843e-05
3.461206321803687088e-05
3.327162954925024191e-05
3.595899244043748537e-05
3.670761897908931729e-05
3.459100459972349652e-05
4.022085077862733518e-05
3.814254404649536963e-05
3.414655659550962620e-05
3.811758399167882149e-05
3.330911142298349954e-05
3.590821105553620947e-05
3.397195448953939877e-05
3.445747229199401897e-05
3.447227628476175643e-05
3.438893904985414890e-05
3.847354282915115177e-05
4.101893427941537387e-05
3.563260898650341050e-05
3.488105393697380440e-05
3.394587870188797284e-05
4.375654666296120823e-05
4.007288895139948266e-05
3.362292284672933651e-05
4.231918721317142395e-05
3.523656769976352707e-05
3.858199892360564601e-05
4.256519275293351107e-05
4.123469450533246718e-05
4.720991677062243765e-05
3.539975263614811811e-05
3.717955190066756633e-05
3.569888687973285041e-05
3.509342507781742528e-05
3.458405620059913958e-05
3.584976877347736100e-05
3.426586645276637834e-05
3.407562884043372652e-05
5.861270817712615361e-05
3.574962392899536903e-05
3.371664284232939017e-05
4.085666501665396430e-05
3.754706120126825386e-05
3.550326501754218819e-05
3.479430354447641204e-05
4.020749626236252609e-05
3.979134467166408614e-05
4.155877638466362150e-05
3.573639889948681110e-05
3.582470312345942709e-05
4.219995813836323946e-05
4.285539252491533100e-05
4.395987104976743407e-05
3.540999580407254183e-05
4.999317148211115854e-05
3.494993743497414951e-05
5.017867304581956356e-05
4.530754541349740462e-05
3.410373126973341527e-05
3.766272314461783550e-05
3.428680452707467030e-05
3.656192414812051465e-05
3.581351544951823663e-05
3.823894233563780720e-05
3.392488396506133491e-05
3.699056592724560071e-05
3.504180623165707725e-05
3.609563853673710212e-05
3.486286031733196102e-05
4.703597272238750052e-05
3.614236535052329320e-05
3.455136830524547500e-05
4.168231646337964267e-05
3.712751814939129825e-05
3.373943290221214806e-05
4.583018640759168715e-05
3.532233244380848260e-05
3.402691509967431624e-05
4.090972414520886865e-05
3.743792817326170683e-05
3.856197117852626973e-05
3.639550234578536414e-05
3.397836811195510150e-05
4.296582894394056825e-05
4.074541325825996628e-05
4.063784829218843031e-05
4.455161548050137055e-05
3.365780802457358801e-05
3.564906492493252651e-05
3.729712578418175489e-05
3.631923457998937396e-05
4.160955476312094023e-05
3.375458402589973989e-05
4.177135879097036708e-05
3.733535921784374455e-05
3.451396300381534880e-05
4.457165050718465553e-05
4.696008611313690285e-05
3.581631326903976162e-05
3.472287382246724217e-05
3.354375022704743782e-05
3.933327383917639594e-05
3.384454162813631972e-05
3.349138138532884422e-05
3.512214680471308689e-05
4.616830152339870634e-05
3.698688948239023025e-05
3.974352223527459894e-05
3.826256893536229619e-05
3.503189950430199336e-05
3.450209692707963967e-05
3.846185289608455800e-05
4.453880525933450016e-05
4.326265492301459021e-05
3.931846310033784768e-05
3.956682354541354575e-05
4.252134347100103892e-05
3.513924305010444665e-05
3.436822530412237780e-05
3.347302057847931250e-05
3.391402591157015198e-05
3.357986112023478200e-05
3.457041143201541959e-05
3.609069914723666807e-05
3.630012170245666692e-05
4.501121195844899506e-05
4.003308373758033385e-05
4.241818669516099851e-05
3.365156554667267797e-05
4.047804094795702843e-05
3.658366371967711759e-05
4.317984287880966378e-05
3.425051831445766404e-05
3.824840577537018377e-05
4.510885261353101528e-05
4.962886920172310240e-05
3.695645458858752000e-05
3.693307220756558354e-05
3.355411122984428208e-05
3.372361410103065618e-05
3.744406582495425466e-05
3.384387106615130501e-05
3.793720413166327992e-05
3.625043706743727581e-05
3.922324203136224430e-05
3.484894659261501094e-05
3.363216517307318220e-05
5.127045828066750609e-05
3.495101158003797895e-05
3.681736285011687931e-05
3.411423277943200698e-05
4.419520405174629738e-05
4.531323160584593634e-05
3.325568945394479463e-05
4.042025267248305036e-05
3.425219455914309171e-05
3.330295038144105322e-05
3.511141845182370473e-05
3.800450061102954270e-05
3.493120202453383569e-05
3.657466066945129512e-05
3.375174109578166193e-05
4.307835433540702048e-05
4.002926276463136883e-05
3.756280235886122671e-05
3.808626000189456755e-05
3.383014445853789134e-05
3.458094923489786260e-05
3.421252605794833195e-05
3.482316585466568295e-05
3.389127911436863263e-05
3.520501892743845961e-05
3.877549469334764701e-05
3.438503443117017181e-05
3.618748569559643047e-05
4.241025644478877348e-05
3.906205824630043527e-05
3.352257153400613860e-05
4.181677813200044457e-05
4.139161761475814783e-05
3.549052149500148639e-05
3.633958355003207290e-05
3.703233675349652831e-05
3.449912865365331252e-05
3.588782406666714216e-05
3.541729679887334364e-05
4.001467397675030472e-05
3.364537667577094480e-05
3.432827993821963258e-05
4.702625087880760331e-05
4.314259434655705176e-05
3.362440208846785637e-05
3.583681227119542132e-05
3.397646096001943742e-05
3.467664899211545144e-05
3.444903922352403439e-05
4.221880137773379983e-05
3.764574151934012839e-05
5.112410662107902480e-05
3.902399672893839416e-05
3.610569884128428045e-05
3.504701052719633441e-05
3.454159816599140949e-05
3.323655705648880540e-05
3.706284011761554225e-05
3.658041520124782577e-05
3.372240076598479711e-05
3.549662525161468435e-05
3.618562620214707499e-05
3.647128762275179796e-05
3.798830206142984710e-05
5.250415575190548378e-05
3.360948769108028535e-05
3.452981107674280394e-05
3.944710500134894824e-05
4.815847202101074698e-05
3.922990774360575993e-05
4.050152256832931772e-05
3.428974275613599134e-05
3.453263992991669531e-05
4.790176355007246737e-05
3.605438089459721187e-05
3.457573412636469291e-05
5.123627830813966543e-05
4.012935073500932201e-05
3.587083435797006417e-05
3.606041354555634379e-05
3.915970571394224913e-05
3.851687728645206279e-05
3.809401187027780300e-05
3.923381634935741851e-05
3.505345582982264313e-05
3.569246742306374530e-05
3.339350247870264559e-05
3.476955267909893676e-05
3.522215504590086438e-05
3.540197473823295405e-05
4.293443003890393410e-05
3.755724255578205922e-05
3.445704678414992405e-05
4.349581834967318527e-05
3.861569095984486390e-05
3.794920101586032115e-05
4.018827774894849015e-05
3.444816100679352943e-05
4.607669842255309904e-05
3.837005731019794904e-05
3.765778710095845494e-05
3.919613748737587678e-05
3.403153918299701053e-05
3.886867749912495856e-05
3.351281524457249962e-05
4.761205872397071131e-05
5.017952440781667923e-05
3.495702000306092526e-05
4.503709672180516895e-05
3.378567252149290424e-05
4.693907281973355917e-05
3.631578249296898037e-05
3.587816596548833897e-05
3.690658892124845333e-05
3.515953719169406149e-05
3.744150527907083814e-05
3.363804818492695383e-05
3.653591642184308286e-05
4.906289270934458961e-05
4.440648882340841533e-05
4.522822276994262398e-05
3.332113248785909806e-05
3.870381039891575118e-05
3.781165284535157792e-05
3.988068372537788021e-05
4.531887828207571087e-05
3.331004552532056497e-05
3.731734525467711070e-05
3.358990627606646027e-05
4.142277781377228391e-05
3.475065240617117133e-05
3.356423475866504846e-05
3.424543412831675907e-05
3.891227952047455904e-05
4.687131353137905372e-05
3.323646895396210036e-05
3.399780978724390655e-05
4.317264914820049756e-05
3.444086676759963185e-05
3.574486446839680447e-05
3.397247986829213555e-05
3.538675800551903275e-05
3.562504048187957939e-05
5.008354356332861293e-05
3.965388936813407124e-05
3.390557723370219725e-05
3.369154738138683983e-05
3.369663845345132527e-05
3.948374542256805341e-05
4.105748203216430953e-05
3.373695287022654004e-05
3.635964888806332616e-05
3.693434666268921866e-05
4.104339996556362558e-05
3.361999228176240444e-05
3.874580538439131497e-05
3.373334465575626332e-05
3.365919796119250018e-05
3.584895787862395330e-05
4.571149292372648408e-05
3.462306487840546750e-05
3.395114258465915466e-05
3.561448085399917108e-05
4.123303888364677350e-05
3.827432736349940627e-05
3.656018434991550973e-05
3.319221911760865016e-05
3.380014986479716198e-05
3.363307480911363064e-05
3.331760326646075873e-05
3.325601198023509018e-05
3.759188623522056501e-05
3.418687058000524908e-05
3.343425113080287180e-05
4.197535143945376168e-05
4.007624210703166851e-05
3.654259282400860922e-05
3.426756763479146128e-05
4.239321063206291732e-05
3.526182578064106503e-05
3.419580849418390117e-05
5.090925994596715964e-05
4.281076083593416347e-05
3.656664531025596415e-05
3.495648319569919345e-05
3.772789106002699265e-05
3.574640307051624031e-05
3.351746480358858035e-05
3.577531414339535398e-05
3.488863762394010641e-05
4.223016006989233908e-05
3.437925549768455709e-05
3.907907557197280924e-05
3.984757155039675257e-05
3.607671363786278429e-05
3.496013814990390811e-05
3.339422719200260285e-05
4.079602945761680684e-05
3.792815876695778527e-05
4.204455742215208275e-05
3.625964007230068290e-05
4.295515691579126480e-05
4.203814037996861516e-05
3.613590359431813543e-05
5.513172194493293752e-05
3.516356197562785273e-05
3.715944960017255656e-05
3.425551934476693577e-05
3.685678038002478888e-05
3.852290602450786139e-05
3.442301257184789918e-05
3.374050367015495950e-05
3.517409588013663355e-05
3.779765923365632904e-05
3.491779898733085054e-05
3.385953590735844306e-05
3.344502320035908972e-05
3.566639498054935973e-05
3.638279865813941742e-05
3.363162504466097095e-05
3.436755568290423668e-05
3.468733331103375695e-05
3.340532439688812520e-05
3.998352698230737382e-05
3.849250100292136978e-05
3.629251491184623822e-05
3.359754875691680308e-05
4.468357637793633774e-05
3.395477058656417007e-05
3.687482370220216256e-05
3.916643859643167231e-05
3.563624611757452439e-05
3.473905941408151119e-05
3.500577486705009597e-05
3.428211270764473226e-05
3.776981514540059135e-05
3.485461699101103885e-05
3.324876772603912453e-05
3.692975366216140454e-05
4.520300361765541098e-05
4.769231138097818171e-05
3.921400170363452853e-05
5.389660513156734609e-05
3.478912412496648512e-05
4.308113159119763804e-05
3.566349211705041209e-05
3.484123593581298800e-05
3.592733351696968748e-05
3.983017473199781515e-05
3.686954793558561220e-05
3.840641384101187893e-05
3.425408682237543489e-05
4.541641899864592606e-05
4.097818982117459332e-05
3.531758688428337308e-05
3.840355222227926838e-05
3.802498073867202361e-05
4.285661871201946809e-05
3.448600152660285416e-05
4.061360142469907695e-05
3.567995725616543624e-05
4.020166722748801276e-05
3.537981062586702415e-05
3.799379177770836652e-05
3.738337205860027562e-05
3.556794026898087385e-05
4.882798366294254113e-05
4.369296233240850460e-05
3.469769550501367191e-05
4.350922458546686150e-05
3.599184887937356762e-05
3.357095054585230802e-05
4.375713945397814492e-05
4.099286142044499508e-05
4.210061115589881087e-05
3.471404367215374329e-05
4.851099668655417242e-05
3.901046767717905497e-05
3.842625142737734567e-05
3.551303469834261189e-05
3.602389352463287482e-05
3.545791926973557200e-05
3.854117213099508826e-05
3.678098527223715294e-05
3.370449717765054503e-05
3.693333589785849857e-05
3.365008958649585991e-05
3.634622179868632444e-05
3.690806403256979384e-05
3.337656085614311067e-05
3.585065116056819175e-05
3.697732163929636184e-05
3.459150452586370184e-05
3.870357856781892392e-05
3.432642577555023654e-05
3.534323178618376269e-05
3.696114811444533763e-05
3.411374071972741328e-05
3.550691420932327675e-05
4.167464141808346326e-05
4.150647196364143924e-05
4.057730898945536126e-05
4.849292408023479290e-05
3.844303024720022285e-05
3.336360661768955085e-05
4.817202396560504597e-05
4.122137942951212584e-05
3.520604673883423306e-05
5.115741654980733398e-05
3.978312552087341435e-05
3.774286682178417014e-05
3.991285064191642305e-05
4.124199653724539016e-05
3.402113256433440629e-05
4.031867231310362235e-05
4.105306330386438991e-05
3.597270249767062434e-05
4.463322626132808479e-05
4.788918340447630698e-05
3.617681327862626810e-05
3.516632827988504153e-05
3.344057690726871340e-05
3.464655889574770912e-05
3.991022309438952890e-05
4.152554021769066942e-05
3.382253371194998318e-05
3.936043321059327552e-05
3.467539449299604553e-05
3.875760778310296839e-05
3.321810023978797970e-05
3.780159702112857197e-05
3.633553924520011198e-05
3.665091463597104946e-05
3.987470455019964671e-05
3.416761458213899154e-05
3.848694966317180134e-05
3.720455705796429609e-05
3.491859382573179207e-05
3.525560956546466693e-05
3.513609280714254931e-05
3.320738941618496282e-05
3.979315261641924793e-05
3.684453153898054994e-05
3.390404807138807633e-05
3.346829639509891986e-05
5.147749686990924590e-05
4.656609141957601872e-05
3.844893349111540239e-05
3.395266592140385147e-05
3.610642382121232016e-05
3.638920925016204499e-05
3.376426193972492608e-05
3.936583677841063426e-05
3.526581854597130814e-05
3.788595720670278352e-05
3.456738017821477907e-05
3.505913717309743627e-05
3.965394358621241496e-05
3.351990367771095835e-05
3.946969359175987686e-05
4.937048163260609492e-05
4.220020181735310827e-05
4.123250320219412038e-05
3.486445684208484944e-05
3.427490975603219708e-05
3.434704790412436063e-05
4.090341947726552939e-05
3.494141778399780266e-05
3.665356261916011895e-05
4.545884966371812415e-05
3.355104963944953781e-05
3.734704270222763178e-05
3.541727214031724927e-05
4.541940538601836694e-05
3.733917664415032576e-05
4.328298101496712654e-05
4.173043719202492108e-05
3.727316968957442435e-05
3.712779971827096724e-05
3.408272893741436604e-05
3.378154503812219313e-05
3.483674663682829477e-05
3.360376187762980851e-05
3.350302240865458373e-05
3.322060002628892625e-05
3.319826006417094590e-05
3.684981715956624920e-05
3.447299344888016471e-05
3.760657227207910892e-05
4.252028442788985011e-05
3.814616354907664268e-05
3.794834444139273558e-05
3.874655656562802839e-05
3.391649827820700334e-05
3.480180993876166948e-05
3.702960987668002871e-05
3.355373930191387277e-05
3.404342175565929261e-05
3.852202536422906303e-05
3.446717526735668585e-05
3.327748460211748784e-05
3.384906696617627758e-05
5.445251012633756094e-05
3.418423416250420955e-05
3.507631797037893002e-05
3.948253838342466693e-05
4.632694327687313860e-05
3.500582579480970472e-05
4.105644727998595199e-05
3.854025352733471925e-05
3.760684408702236339e-05
3.552509580932694636e-05
3.348413246240236136e-05
3.488182536650155809e-05
3.890258697637247702e-05
3.333841374347003847e-05
3.921006902235724600e-05
3.842782776064756584e-05
3.450283888571945088e-05
3.624974311314999216e-05
3.368622777976870903e-05
4.399676992509723891e-05
3.616080004526697327e-05
3.384183121550081116e-05
3.514025096384139568e-05
3.695856029824301742e-05
3.470937865148926893e-05
3.492951140752144395e-05
3.534509171889722856e-05
3.346210032669382406e-05
3.825933861055428296e-05
3.456215943653097262e-05
4.139885984902639746e-05
3.603638382262203327e-05
3.362260990727308026e-05
3.346333979278913549e-05
4.797555595194194744e-05
5.960972359687838416e-05
3.397988809471242917e-05
3.808795609386514007e-05
3.598033135616794534e-05
3.852625202874586499e-05
4.294558068574939994e-05
3.461377054977822200e-05
3.402897963610419780e-05
3.614187558137853116e-05
4.066844666830765127e-05
3.584943488170524723e-05
3.355127856997878192e-05
3.953181641470000953e-05
3.337757685943604197e-05
4.356951713793524633e-05
3.714479127435714890e-05
3.551692582073563080e-05
4.261760694743523849e-05
3.579927791279651584e-05
3.514163671543214291e-05
3.351321712834700895e-05
3.990590791336672590e-05
4.051089792625479750e-05
4.534288322206547176e-05
3.878635040185188660e-05
3.339982052343884943e-05
3.969181027669243888e-05
3.446488976327783397e-05
3.491949116413174805e-05
4.134781700778112647e-05
3.331138817124042401e-05
3.588087856803420995e-05
3.323156356670158701e-05
4.161488911934508239e-05
3.369250919040077641e-05
3.613707021133076428e-05
4.039767122329150704e-05
3.454025087502147915e-05
3.907582051439724489e-05
3.638788159683845497e-05
3.392421776133869451e-05
3.441410260196094378e-05
3.382060229553826379e-05
4.426705800343338386e-05
3.507758407490380856e-05
3.565291536032520671e-05
3.431930215464943984e-05
3.360883263440473648e-05
3.493865342674994687e-05
3.456152647197140214e-05
3.450660100062742305e-05
4.244612035195272814e-05
3.396368374297073647e-05
4.124465683845375845e-05
3.803892801045646171e-05
3.676848888205223621e-05
4.837395197264786621e-05
4.091398657753649612e-05
4.031318100328474657e-05
3.380149572777077385e-05
3.329678620387529196e-05
3.778918194693150687e-05
3.389962633511939115e-05
3.956249550684159738e-05
3.418812064443147564e-05
3.683517153955349232e-05
3.848734205631653202e-05
4.415823539006094486e-05
4.028010331452084556e-05
4.591348658125248911e-05
4.013153681587517101e-05
3.864068872219900488e-05
3.367682794372966240e-05
4.660994924801338464e-05
3.364162776381957037e-05
3.706910654075811580e-05
3.950583825253329266e-05
3.660361117512661626e-05
3.387055357444271374e-05
3.523449187598311536e-05
3.748543333626187048e-05
3.675386528917306867e-05
3.654657443634745298e-05
3.595142211342302718e-05
3.375843922561372248e-05
3.571316240750923644e-05
3.413103310630311526e-05
3.916094031405473365e-05
3.571882486481152500e-05
4.273844747294706589e-05
3.814966150404638787e-05
3.443415444483151285e-05
3.995165806067668761e-05
3.815538900831171124e-05
3.950275204989662315e-05
3.499053832001564122e-05
3.717258101953357436e-05
4.685316073984722074e-05
3.441426271726466340e-05
3.537224088233974299e-05
3.689771281427561188e-05
3.321368758943905522e-05
3.955116006010358663e-05
3.338868928496365992e-05
3.434938185863973284e-05
4.321288024958422732e-05
3.451563077136904660e-05
3.409549339596995923e-05
3.512469504135915411e-05
4.100715604763163297e-05
3.421762370007765596e-05
3.336174657828457388e-05
3.474436335832224948e-05
4.594425561641398039e-05
3.954232932605612598e-05
3.404221201524663737e-05
3.607736990795062481e-05
4.072770788591143312e-05
3.489855384409283796e-05
3.340599048606735395e-05
3.434809421352968858e-05
3.815233463362291178e-05
3.800064069794899512e-05
4.428036571679218011e-05
4.639115763108901208e-05
3.389267071046280248e-05
3.689839580022561381e-05
3.331964509011990275e-05
3.628640325280945849e-05
3.734616892074966641e-05
5.378398094129781146e-05
3.518135645645665112e-05
3.535431300924035377e-05
3.359144656361805155e-05
4.467740668420614017e-05
3.959212922852102149e-05
3.775857070290831861e-05
3.327657725443989797e-05
5.038037370514524780e-05
3.597929239254868584e-05
3.430832651047348173e-05
3.594256873427173650e-05
3.380600890071733619e-05
3.380628916737021225e-05
3.619838169389378506e-05
3.533593825308068380e-05
5.185193276754508331e-05
4.021450542637710680e-05
3.965732277743753964e-05
3.442946433840413090e-05
4.830350426885161191e-05
3.795030224776981578e-05
4.454347901380459118e-05
4.461820701543180693e-05
3.770818847889945835e-05
3.525111403825645682e-05
3.353455534016577463e-05
3.354549675848278971e-05
3.470176497109371110e-05
3.429868796096953286e-05
3.716148062074276095e-05
3.643659700363660505e-05
3.424078081990671491e-05
3.850163728361594352e-05
3.663490332935547878e-05
4.127845347433189716e-05
3.806993459390787019e-05
3.717381143625786492e-05
3.557844050650504247e-05
3.623275297154860498e-05
4.253033495673649535e-05
4.567791432733831191e-05
3.849516800149795011e-05
4.557599266119195027e-05
3.331576533090906860e-05
3.855845801273655524e-05
3.469030972412717929e-05
3.894297001195140545e-05
3.553875798331871381e-05
3.467275441007758302e-05
3.849046119049097440e-05
3.334866011692192621e-05
3.706843216983259271e-05
3.370381892535715215e-05
3.888022500592489645e-05
3.348939699015403824e-05
3.611292346567030224e-05
3.691347872295042473e-05
3.639360329039101398e-05
3.485652373678833996e-05
3.376229321498672100e-05
3.923755644073581811e-05
4.672807809660594117e-05
3.878997991614195428e-05
3.387049781360689822e-05
3.429839168644800826e-05
3.479927379326680265e-05
3.531385877537623598e-05
3.551043996524085185e-05
3.357077912490095397e-05
3.410074875147710212e-05
3.591469115431857343e-05
3.784015244468087865e-05
3.939383625424845942e-05
3.594955251407431189e-05
3.501679597713741078e-05
3.423003369035790625e-05
3.929559745867272055e-05
3.327523074216807107e-05
3.483548212181480279e-05
3.754710320182722943e-05
3.418260310884440646e-05
3.682644735491153359e-05
3.769762038502834454e-05
4.128376069658961956e-05
3.913564706528089741e-05
3.773447992313446505e-05
3.323764360151601515e-05
3.792875108292228370e-05
3.347575630965663303e-05
3.494407918934018065e-05
4.035329959391896644e-05
4.020333787507241748e-05
3.470518126568569636e-05
3.522378228579455819e-05
3.648372497071416729e-05
3.415282596389370323e-05
3.644806429075327054e-05
4.107534073512104911e-05
3.322853709523893782e-05
3.615868055505034489e-05
3.435965144155341173e-05
3.490227684781431201e-05
3.327912350935616892e-05
3.362582426754523430e-05
4.328985467321844020e-05
3.960727680887172477e-05
3.342766189206285024e-05
3.896747081014156612e-05
4.208903331220368628e-05
3.339153103967700041e-05
3.768991237461589202e-05
5.761221008842479609e-05
3.506139378987169143e-05
3.533670749434962669e-05
3.950289815728056611e-05
3.336064204493960605e-05
4.146169359501576028e-05
3.724242936608182617e-05
3.699518194383836665e-05
3.505961895628039192e-05
3.801639861051012197e-05
3.875612580592437991e-05
3.799590575328357127e-05
5.162067900315672357e-05
3.538782079682548429e-05
3.979606991229044436e-05
3.909761329937514742e-05
3.349885591325534067e-05
3.823085137966792876e-05
3.472396739355380592e-05
4.883532395196197868e-05
3.425549231756737915e-05
4.050481314631229146e-05
3.473770707205617493e-05
3.332877075234767051e-05
4.443252078896640597e-05
4.481212449280474086e-05
3.989563866092546538e-05
3.387582183467980783e-05
3.669127291037914201e-05
3.322318749567028585e-05
3.864747918464532349e-05
4.150483004380902329e-05
3.534395099208303888e-05
3.939609960911693480e-05
3.637778249364127423e-05
3.856770745715389943e-05
6.680853536412710905e-05
4.256128056167426314e-05
3.978593738983201558e-05
4.045876350053240065e-05
3.497645760261037764e-05
4.314561818093297818e-05
3.763731581872728878e-05
4.113312015248581441e-05
3.646414281206300598e-05
3.719016318292497160e-05
4.394433283197599429e-05
4.766400369318267140e-05
4.407105688292751869e-05
4.224825275561435708e-05
3.333937470891366460e-05
3.524069333890770482e-05
4.951501125311353577e-05
4.716140805718577672e-05
3.340187752590544350e-05
3.465483429141006961e-05
3.421388201772105269e-05
3.553712123940252560e-05
3.446675008885114388e-05
3.542328742887026523e-05
3.392474517558598658e-05
3.386812774469381235e-05
3.814358977759352683e-05
3.386678915130529442e-05
3.642749362252110202e-05
3.465043539063195619e-05
3.851407734718259780e-05
3.555945589447362365e-05
3.362704720926854642e-05
4.582460204978816342e-05
3.427660970411856113e-05
3.567026445482349357e-05
3.541448541933375392e-05
3.430496194129421361e-05
4.085023787550170278e-05
3.499813339452309470e-05
3.551097853762974753e-05
3.930893248108880149e-05
5.578245085222171510e-05
3.546106524400169380e-05
3.469148443073451676e-05
3.703959845969827686e-05
3.369426288307111222e-05
3.597258436891190991e-05
4.488743010997026242e-05
3.752023846730638730e-05
4.197780862151953747e-05
3.509441132687230884e-05
4.138650902143991384e-05
3.329134977540897111e-05
3.725567363251848139e-05
3.527340137702007333e-05
5.113946712776099853e-05
4.675165153607618249e-05
3.380783051975761800e-05
3.345194924933768502e-05
3.368152876351021579e-05
3.328877685074455061e-05
3.597716698267781177e-05
3.356589261556908665e-05
3.404254195617460981e-05
4.336822066284073089e-05
3.817111241373752296e-05
3.704071026724061600e-05
3.397106959060476703e-05
3.368268953156212459e-05
3.481251825473557224e-05
3.488200535997409084e-05
3.606222045329014568e-05
4.775865318129025037e-05
3.383590534805501249e-05
3.483148129393244177e-05
3.742043126623852508e-05
3.557936587279582482e-05
3.572600179449781499e-05
3.403506113472557973e-05
4.898311416775975440e-05
3.375711677528410616e-05
3.675148215331403359e-05
3.515737334669884152e-05
5.436376154697619061e-05
4.183789316804452884e-05
3.838164635484231970e-05
3.891210819718894984e-05
3.400034820305387385e-05
4.840437099807710740e-05
3.735266765648992664e-05
5.066565542037510829e-05
3.809358805209509224e-05
3.395025619314329747e-05
3.421203787624952421e-05
3.478259503563475163e-05
3.418988682554947216e-05
3.667817714233017945e-05
3.748925106784952067e-05
3.455308389669258456e-05
3.649428869201008964e-05
3.581363502675004030e-05
3.543343802009973529e-05
3.801725097497070361e-05
3.510942324647205518e-05
3.531753718328284900e-05
3.373929200473608863e-05
3.643604960861398471e-05
3.607474463059385296e-05
3.778967711476494004e-05
3.459765988240165192e-05
4.961423707727545746e-05
3.774551643037152158e-05
3.492377187732625385e-05
4.152261065694309584e-05
3.623893584422922619e-05
3.674103142874971851e-05
3.396874642926124560e-05
3.401658724684742367e-05
3.666793781982154247e-05
3.367090687439150789e-05
4.427972527644641131e-05
3.481580135806035161e-05
3.525703282049870397e-05
3.459147821445693349e-05
3.573315069779455302e-05
3.505058883386670098e-05
3.985081664417348116e-05
3.769479531029942408e-05
3.412895819967519981e-05
3.569072927963489643e-05
3.419597143601854091e-05
3.450689238499478876e-05
4.260709378822994298e-05
3.482946749601427319e-05
4.209849559466930945e-05
4.237259219353264205e-05
3.653947004330424366e-05
3.835715169153077489e-05
3.745601572395492943e-05
3.323514733898654103e-05
3.704600644322640223e-05
3.464294325129052917e-05
3.442551902488791130e-05
3.634486685613986460e-05
4.240364478636421451e-05
4.221210691466108607e-05
3.324944247550669395e-05
3.867815057223772737e-05
3.473089114537450818e-05
4.061718854625575762e-05
4.117512325595804344e-05
6.452104726634321137e-05
3.337931838152405291e-05
6.365522404859192101e-05
3.330090574142608416e-05
3.475566580921130076e-05
3.582857354222206689e-05
3.335715338450769718e-05
4.291082480630758437e-05
3.453192616726760591e-05
3.338567281762942291e-05
3.380368244084935663e-05
3.371037379253885336e-05
3.434796007619642870e-05
3.465847269766346802e-05
3.561032746929907274e-05
3.449173141710927103e-05
3.521727208538677831e-05
5.448346327244612798e-05
3.400514769545811503e-05
3.426592046211465514e-05
4.531985467287034274e-05
3.417702872671108853e-05
3.871769398181494859e-05
3.891186072655867850e-05
3.391788703082485073e-05
4.863668029306658961e-05
3.376611787681491875e-05
3.727226970841488135e-05
4.748822599356511940e-05
4.485929882207955361e-05
3.644373387724785424e-05
3.982419253760649438e-05
3.973912115442321139e-05
3.330239544185625600e-05
4.291259934662575376e-05
3.627357109198194892e-05
3.385878244093124662e-05
3.448589539282646512e-05
4.017013276336563925e-05
3.763084703446683535e-05
3.952496157373523776e-05
3.477629593451072286e-05
4.423520564824808384e-05
3.483713370802778907e-05
3.348456406671681716e-05
3.390190692545830265e-05
3.714364474647133393e-05
3.660606591366697533e-05
5.285437676036581784e-05
3.747574710959277470e-05
3.381433009848095091e-05
3.666428381697139639e-05
4.618720390531253292e-05
3.814308703209851872e-05
4.329348911390872446e-05
3.637695773659268167e-05
3.407784977128825409e-05
4.620406731283195780e-05
4.016851064446493058e-05
3.977909481923229282e-05
3.724691712406553643e-05
4.816355522913347552e-05
3.883688746829385926e-05
3.527788909909293410e-05
3.443274226809496877e-05
4.583018640759168715e-05
5.633609622825045614e-05
3.346604888375245476e-05
3.504741662671768173e-05
3.457444318473775347e-05
3.426724361802556933e-05
3.497661073770505681e-05
3.452147944253478983e-05
4.151676575890445416e-05
3.442567899421434548e-05
3.704835963101704553e-05
3.911888496338991611e-05
4.714255012463025417e-05
3.733183941020533115e-05
3.887961446490782741e-05
3.532695208957470768e-05
3.553665705041084448e-05
3.514881502248614877e-05
3.502773129642872244e-05
3.433921121144520891e-05
3.824283630259883173e-05
3.394355079587146738e-05
4.503374713524076070e-05
