9.320029240029722872e-11
1.048126704628576112e-10
1.002739311254495727e-10
1.200029209268687023e-10
9.394600333232946167e-11
9.506144487345699845e-11
1.015470759753103709e-10
9.933326873101610414e-11
1.024365924418461831e-10
1.191114868463715205e-10
1.004326214321664596e-10
1.140269176046693413e-10
1.546984853669714319e-10
9.447670235617527572e-11
1.024088835256582542e-10
1.144040756839945440e-10
1.119111801536245138e-10
1.001144161248006620e-10
9.605651683289473184e-11
1.098412740462556208e-10
1.103052537951114645e-10
9.183653338289405862e-11
2.133208068779992352e-10
1.343429834646355391e-10
1.088391622789090595e-10
1.287954831331090194e-10
2.164433258078848197e-10
1.056589020633352158e-10
1.604217445104097537e-10
1.095767280870016768e-10
9.244251651094533927e-11
9.968795136722680074e-11
1.513481913267745172e-10
2.562349334241848108e-10
1.026371753705099110e-10
1.707606869955105832e-10
1.038732170275947208e-10
1.331114209344882318e-10
1.203610669227465399e-10
1.048264651324326206e-10
1.143598160448430671e-10
3.103416685887223729e-10
2.022862154806350780e-10
1.556646391834698276e-10
1.353886431027736844e-10
1.098755571954260987e-10
1.028904113933953292e-10
9.627150240763959019e-11
1.264453948883047141e-10
9.225628127723978486e-11
1.374100179455005763e-10
1.108950367773742230e-10
9.739827358022174280e-11
9.229329492935637905e-11
9.831458246551829109e-11
1.255456157592464441e-10
1.163599552241895263e-10
9.971192168720597652e-11
1.063224057017594037e-10
1.388715619803681004e-10
1.074982701740174882e-10
1.074302160741685611e-10
9.214987583907131959e-11
9.933661709881040281e-11
1.460105983880105645e-10
1.119976755535295265e-10
1.200429043818095902e-10
1.022196355239920342e-10
9.440575385861150906e-11
9.271834560642608720e-11
1.241695526802118103e-10
1.204393996319285534e-10
1.111702141968749407e-10
9.681702230164266265e-11
2.389573795394293320e-10
1.059563031647831088e-10
1.077353835564438017e-10
9.418385805270766002e-11
3.042623410433219484e-10
9.798436133374431718e-11
1.319486564611508330e-10
9.879105198266733695e-11
9.640329220763349910e-11
1.051479393592095135e-10
1.485856838185648511e-10
1.163021619185603036e-10
1.207286770731636453e-10
1.383054290613567970e-10
9.649637239210323233e-11
9.344462446659632065e-11
1.375289069432367578e-10
1.534601991459155108e-10
1.187225736746342488e-10
1.018844367908442385e-10
1.315192317365955246e-10
1.812799188279865556e-10
1.001822673689651466e-10
1.394980007290943291e-10
1.617870128478565074e-10
1.073764849452541774e-10
1.201582751556327086e-10
1.039827930594227447e-10
1.169161908296985823e-10
9.737163734589771304e-11
1.427516670758305783e-10
1.135873653288118702e-10
1.108465116216610294e-10
9.784765097904713822e-11
1.024645910477736174e-10
1.792332930652190995e-10
1.093491290107974830e-10
1.012439128264333975e-10
1.031223363115954401e-10
1.321172619794851336e-10
1.803707089234444945e-10
1.212011085021705695e-10
1.496000372186787088e-10
9.518790634069872678e-11
1.858439940564806095e-10
1.906073838694551735e-10
9.736358327566730382e-11
1.081932755595813129e-10
1.093529070682105479e-10
1.683922917699315302e-10
1.126795045944705146e-10
1.359662014017996942e-10
1.228502983048226976e-10
9.822285788984025406e-11
9.521507635895784072e-11
9.684705991166851290e-11
9.607830072610194017e-11
1.028455365250962761e-10
1.921858534280726761e-10
1.323657333836014319e-10
1.271913412185817992e-10
1.304017634931807201e-10
3.571658937949336422e-10
1.025976780578597236e-10
1.000298858083264853e-10
9.905500904253851207e-11
1.142577868966471528e-10
1.756743842435970357e-10
1.625044206271260766e-10
1.020095615123656916e-10
1.160567907969488990e-10
1.182874816168725519e-10
1.051060819269259466e-10
9.839242045844779078e-11
1.174322638436809234e-10
1.355182450854071244e-10
1.160555953439798858e-10
9.332301063327696566e-11
1.132056560570642976e-10
1.469673636460851537e-10
1.275097407584167646e-10
1.020161041743773764e-10
9.458113133749188537e-11
9.994423324264015928e-11
9.989789961918057482e-11
9.483518598454657831e-11
1.200355534596447419e-10
9.552263550526673289e-11
9.581440895215173312e-11
1.097742136684758095e-10
1.153754950704285327e-10
1.329064092115299846e-10
9.709886845273254323e-11
1.021823727467510390e-10
1.123373343638792029e-10
9.914362033684947997e-11
1.085207949559148314e-10
9.930465137724484190e-11
1.012941959077997594e-10
1.127812838973232485e-10
9.760247943975681490e-11
1.159353308385567190e-10
9.313751153909728850e-11
9.834790433895805839e-11
9.178468077129049266e-11
1.408431568753490598e-10
9.574605751979619732e-11
1.317106744033069953e-10
1.313540072553084013e-10
9.270056142284707240e-11
1.057546110995469370e-10
1.036140161901435386e-10
9.886902011098169179e-11
9.279720674669659314e-11
2.956402194815003127e-10
1.076908620988447989e-10
9.854180440381880626e-11
1.235510836373226166e-10
1.242552902044771614e-10
9.309241525523562854e-11
1.045144624187926520e-10
9.694660821284078873e-11
1.272804408170317212e-10
1.078498743848848896e-10
1.011077694766767076e-10
1.183561771889400482e-10
1.162292216557581888e-10
1.981309868363988480e-10
1.000217167783150755e-10
9.581016769144468394e-11
9.469990192435171083e-11
2.254405516580225009e-10
1.149329559498611689e-10
1.324883374708128928e-10
1.307622583189200481e-10
1.067175735927796205e-10
1.124172601420082410e-10
1.016184163207673134e-10
1.583942776635836378e-10
2.659510488068370689e-10
1.682579774078297795e-10
9.794723332642408832e-11
1.184671134640956924e-10
1.041727389527389695e-10
1.200860992126985595e-10
1.202468965586027092e-10
1.230601812405682208e-10
9.834913260631130899e-11
9.369656845039526146e-11
1.150106316839802629e-10
1.286445603491618838e-10
1.523058027235851155e-10
1.283814096114394294e-10
9.663818420570949190e-11
1.401651218345778175e-10
1.024158484158601037e-10
1.268764200816620427e-10
1.372467712278107831e-10
9.802240092071562787e-11
1.095626200345295249e-10
1.450444907209287375e-10
1.420611296597983642e-10
9.351187829827881548e-11
1.013927532234133322e-10
9.615239629826766651e-11
1.094522150289182599e-10
1.071986348560194781e-10
9.233321615025278409e-11
9.539545857250364758e-11
9.876229720497117266e-11
1.256062391928546524e-10
1.359274558698840189e-10
9.915916973064581917e-11
2.702318637182437206e-10
1.015464787999504699e-10
9.598565009776044960e-11
1.001021714153915712e-10
1.119187216992088487e-10
2.004507659932915453e-10
2.317920240111241191e-10
1.269329254468654785e-10
9.471608781589888363e-11
1.205663865324828608e-10
9.776974229699763032e-11
1.087646730196899332e-10
1.083637727271326594e-10
1.041076070722257385e-10
1.457459290787372640e-10
1.062866914754216159e-10
1.304922985533261874e-10
1.779780850490092769e-10
1.016965717368363076e-10
1.057260792895643554e-10
1.090103185277299827e-10
1.008528746624805880e-10
1.069386517670834703e-10
1.696308571028932132e-10
1.098242683605651179e-10
1.480104255514894515e-10
9.840899437235063542e-11
9.288359579048334658e-11
9.198347299026972920e-11
1.302224497001255434e-10
1.216325470653811838e-10
1.159280184272777159e-10
1.107433165996144486e-10
1.021127143983257864e-10
1.294621075327762463e-10
1.189628664199140331e-10
9.748603513506452835e-11
1.119401098460500708e-10
1.003142278867691960e-10
1.242293866598512430e-10
1.027393333137449098e-10
1.037200214785388970e-10
9.754203018159627408e-11
9.522218367441872768e-11
3.231905070531126074e-10
9.348443614368180066e-11
2.050131988942998272e-10
9.199454215210223786e-11
1.291670349182772495e-10
9.574574316173782105e-11
1.298201884858262856e-10
1.563979747636438658e-10
1.553039901424202732e-10
1.054978705691075080e-10
1.411843504841386936e-10
1.262748698575499350e-10
9.253016695721470522e-11
1.190839575504947663e-10
9.271527400615739323e-11
1.650468790906275649e-10
1.068325899146526968e-10
1.150406183034141840e-10
9.384463540287879820e-11
9.895258499865344455e-11
1.003783414717550349e-10
1.149367068680519857e-10
1.103575962747215860e-10
1.281339871402798109e-10
1.421129828499856106e-10
9.787155266030179463e-11
9.857797028870250132e-11
1.294060866257990702e-10
9.450834371152158113e-11
1.003620524747991109e-10
1.478265140353623192e-10
9.398738636586673471e-11
9.223370955982893983e-11
1.178314558772344375e-10
9.761901611162343086e-11
2.058207791712392699e-10
1.833732941089093241e-10
9.475210067523395086e-11
1.188343815503694097e-10
1.191338178453961439e-10
1.026484156198608961e-10
2.549588301562119997e-10
1.035425593855520202e-10
1.821574025738228751e-10
1.053033649864912857e-10
1.164782471262978625e-10
1.277015464839273961e-10
1.785219238483867572e-10
1.276659916198356714e-10
1.011336925025838534e-10
1.512441316936438826e-10
1.066849778259236574e-10
9.439127208848805384e-11
9.233808355864864011e-11
9.221373199412867832e-11
9.358229696530767300e-11
1.658494304549238705e-10
1.352152453181918128e-10
3.300694862369527667e-10
2.413846380751204070e-10
9.225985333636216422e-11
1.960719598025979950e-10
1.940082409378849365e-10
9.423072839625938686e-11
1.361669451699839816e-10
1.255881416260702152e-10
1.092944043330759971e-10
1.003332394174819646e-10
1.496708633976542832e-10
1.023876899273105657e-10
9.376398429074830529e-11
1.071862468793616969e-10
1.244043627312099312e-10
1.264750898008205518e-10
1.456943381326381784e-10
9.884395387709321297e-11
1.166851706693423799e-10
1.076331303715910813e-10
1.007607700122220861e-10
1.796424373472684292e-10
1.752756682609673873e-10
1.145747856084519326e-10
9.619513908777380838e-11
1.023406946222900093e-10
1.053266470606002950e-10
1.088613598810149117e-10
1.549678770893365835e-10
9.603018232773514176e-11
1.080225429728418316e-10
1.223009969357146577e-10
1.099492482166156331e-10
1.203415089446894116e-10
1.164775850902655833e-10
9.476050723949738279e-11
1.234383663779232243e-10
9.815120836517713535e-11
1.146208525710039286e-10
1.094414488226624822e-10
1.069925752459891585e-10
1.251851895777890614e-10
1.065705377168315845e-10
9.587549630092925729e-11
1.840788734102330787e-10
1.216651791774417902e-10
1.365571745115895747e-10
1.278269578861799748e-10
9.446016248071676827e-11
1.084159476020427344e-10
1.069847307155815453e-10
9.244851340497888027e-11
1.319063865547582496e-10
9.214483719200571800e-11
9.913797934302857798e-11
1.342637281390921425e-10
1.071093279518161271e-10
1.010716473565200208e-10
1.186281355611462197e-10
2.531298091317297230e-10
1.588376197077590673e-10
1.287951193575607788e-10
1.001745624592190994e-10
9.570581234508840130e-11
1.133407925836974382e-10
1.388334132940907539e-10
1.094242489340166675e-10
9.798343713443828581e-11
1.543329637234232735e-10
1.055924088299003320e-10
9.539356634633903283e-11
1.403874786503395539e-10
1.117314226235009626e-10
1.359745275384329337e-10
1.460878322128438325e-10
9.713891856264045493e-11
1.116969516380534980e-10
9.199079830132683243e-11
9.960948156376853626e-11
1.114062560630510570e-10
1.712472358500841225e-10
1.173073137486342814e-10
1.059089695571785777e-10
9.405525836423680656e-11
9.190497872969698164e-11
1.044600038726120493e-10
1.110729416505343530e-10
9.650121166170151290e-11
1.359586843674737766e-10
1.042144863918575827e-10
1.224882647730082582e-10
1.066583800868671913e-10
1.621731740779781136e-10
1.127616700451276539e-10
1.133437759355804163e-10
1.004110632994181644e-10
1.587113064297700930e-10
1.653400494067220870e-10
9.598565009776044960e-11
1.181533855159976536e-10
9.398882409969976546e-11
9.990304872808292817e-11
1.051735680283011205e-10
9.613563909412431315e-11
1.061720194272645478e-10
1.001296823837987679e-10
1.206472988911438227e-10
1.826465741729096060e-10
9.338761013545404694e-11
1.015742442042697177e-10
1.017401011963698235e-10
1.646772803865198906e-10
1.240079499785351406e-10
9.451661027694982227e-11
1.099882354302990527e-10
1.753913867970017422e-10
1.337908524113742231e-10
1.018268133960451343e-10
9.439716051525320152e-11
1.043549481086362085e-10
1.045537619843698574e-10
1.353833035407564547e-10
9.479428553201546843e-11
1.041692350053547198e-10
1.212404902948886198e-10
1.131863781067038452e-10
9.533757312378329268e-11
1.512548775918412519e-10
1.032302549116799101e-10
1.288919731677577877e-10
1.042473193752482994e-10
1.058295110735699930e-10
1.009139867070347781e-10
1.063624103808080305e-10
1.428674323925016314e-10
1.032735124061849789e-10
9.413840302568501758e-11
1.135711222103774300e-10
9.367526198587278748e-11
1.070748411889007884e-10
1.026343651398721491e-10
9.713690087952961066e-11
1.372255504399304034e-10
1.237270244490184357e-10
2.242714344224805903e-10
1.506080907193517324e-10
1.100946924707582177e-10
1.179031350425394771e-10
9.950862081407041269e-11
2.816014789079903445e-10
1.240791279690102861e-10
9.217002801712237378e-11
1.113789951391296616e-10
9.381871844711356035e-11
1.091010664625977185e-10
9.208972140664306439e-11
1.053367682970644462e-10
9.313429100960745194e-11
1.219458051442862303e-10
9.865593263899356181e-11
1.176281355132548180e-10
9.447209053027957910e-11
9.312994314022001774e-11
1.074168565618346786e-10
1.146679772162000466e-10
1.434273752439560930e-10
1.726974287256975169e-10
1.143557794658078332e-10
1.495437594741965502e-10
9.660762192460704981e-11
1.168694642871548257e-10
9.872098762995592989e-11
1.109203288504580294e-10
1.003474205702413617e-10
9.533078889224374240e-11
1.301186514909738948e-10
1.502487131688187467e-10
9.868394915298108349e-11
1.154474392542715601e-10
2.294218556444047027e-10
1.005716720905676729e-10
1.028439124422307242e-10
1.138468443082142174e-10
1.263720555795767650e-10
1.158949080961979801e-10
1.001029272996038212e-10
1.104860695134614925e-10
1.165169043215350544e-10
1.220556605356397896e-10
2.469380770256676444e-10
9.760016101879771837e-11
1.424383009777743254e-10
1.059609060542162297e-10
1.057440925798092890e-10
9.257064632632248799e-11
9.665735927811728871e-11
1.316286063911319893e-10
9.928257455204528818e-11
1.039421344454688868e-10
1.093226794101321540e-10
1.186248779011805432e-10
1.514026186412414883e-10
1.018987265524365978e-10
9.193038992968492237e-11
1.544385101806507056e-10
1.135540647480111610e-10
2.075003892724590951e-10
1.010341643369847725e-10
1.019459000867442522e-10
1.178251641112549606e-10
1.009713154951519604e-10
1.227922789348464475e-10
1.091277032355909526e-10
1.031796205554842996e-10
9.772281660952980917e-11
1.230849121335702770e-10
9.512248089755424435e-11
1.082777066640829106e-10
1.197718203399874725e-10
1.125967411171302127e-10
9.853659310730172124e-11
1.155386811848863089e-10
1.804609978327352500e-10
1.313673558507106045e-10
1.017991082766322307e-10
1.579485285513387402e-10
1.140354156627278373e-10
1.222815838259448106e-10
1.011422323418532050e-10
9.767633457065863978e-11
9.748495208056653669e-11
9.228274411547161947e-11
9.855912256878689300e-11
1.323978141242023269e-10
1.034669472092412241e-10
1.199300178561412364e-10
1.112235789676382351e-10
1.032885164044345114e-10
1.187411930182312471e-10
1.028998565520559422e-10
1.085703692794568883e-10
2.010362882657775388e-10
9.337041955992120552e-11
1.064174490639147080e-10
1.114567697196023082e-10
9.254797978823717817e-11
1.179893092167228517e-10
1.179053621204707988e-10
1.114362638662343810e-10
1.636883126834983971e-10
9.278961406612063739e-11
1.183459925964677875e-10
1.516657758408921930e-10
1.126914988390597786e-10
1.144225015718206195e-10
1.380491051889073962e-10
1.922131898380857742e-10
1.019171815664335247e-10
9.539908524752501912e-11
1.774831706883184154e-10
1.854045334795013244e-10
1.062044658129343826e-10
1.093074228615267477e-10
1.060020366118891851e-10
1.268851429988660210e-10
1.075475467886001703e-10
1.013869228785042795e-10
1.359850502118330054e-10
9.960477469225283699e-11
1.392028202446866628e-10
9.631466804267510856e-11
1.238859369338996081e-10
1.329217445551390975e-10
9.186570959393695363e-11
9.806519926258003719e-11
2.252495373585074011e-10
9.526371270451615103e-11
1.078437841118498497e-10
1.017873390521185438e-10
1.518757413561850706e-10
1.105678579806111484e-10
1.240365257191483134e-10
1.092498791090847910e-10
1.232543784185901169e-10
1.003769841436836350e-10
1.008606843948286046e-10
1.301722415542049835e-10
1.067778813821143940e-10
1.355517591864947715e-10
9.764883774401917042e-11
1.585483121235788635e-10
1.161931345747719299e-10
1.457916292265395132e-10
1.315542307604659368e-10
9.969295824311014806e-11
1.096659491538629370e-10
1.255952073859936646e-10
1.180875957768153854e-10
9.606686080310705328e-11
1.041279098451767747e-10
1.041302466327134295e-10
1.150316498083132087e-10
1.003855802835895895e-10
9.717523059006698303e-11
9.910122977883949661e-11
1.469477004873471685e-10
1.153773642470611390e-10
9.425351850374336344e-11
1.225462834183739815e-10
1.585462901952150141e-10
2.015654270221103940e-10
1.794456782390607911e-10
1.757344467265522214e-10
1.201421677433340204e-10
9.201602602245874463e-11
1.554029921379937558e-10
1.010664004660558740e-10
1.472480150176358590e-10
1.201600790681592969e-10
1.067848820141642458e-10
1.046827774569352177e-10
9.763230549190290292e-11
1.208516800734316812e-10
1.231150627995485051e-10
9.313606231288526967e-11
2.249869401367315151e-10
1.386589023612383962e-10
1.034892688407499291e-10
1.038808277092094578e-10
1.024402963454189012e-10
1.365438100599493106e-10
1.292340277397640433e-10
2.685636798267282081e-10
1.175840203391365193e-10
9.593435291032935400e-11
1.021801455110403146e-10
1.205034218347348925e-10
9.653289582586969841e-11
9.233045785249951719e-11
1.355781942615134509e-10
1.506287096482401450e-10
1.114281431862034263e-10
1.040121814520360425e-10
9.998343558230316167e-11
9.821363519451303391e-11
1.026564014583977051e-10
1.093883033178196637e-10
1.061588086789782376e-10
1.010022192019653311e-10
9.581440895215173312e-11
1.046267957306275512e-10
9.511125663639823789e-11
2.407519495650134493e-10
1.192027352179212184e-10
1.582463905361815424e-10
1.373942051147906914e-10
1.140996053118203468e-10
9.196800676817009628e-11
1.158242716568208240e-10
1.057266557564434297e-10
1.158974348790065544e-10
1.467200019601519695e-10
9.451613337690981968e-11
1.098702620356956614e-10
9.213801025331431041e-11
1.103782773671651870e-10
9.535713458924219408e-11
1.017481493795247422e-10
1.210004455181379359e-10
1.290738716253762974e-10
1.509286208994191169e-10
1.275032572533520950e-10
1.858000009341072461e-10
1.053434189320131572e-10
9.214808795964233073e-11
1.362716636255109503e-10
1.005698653607439222e-10
9.207345754917364570e-11
1.052685057601735401e-10
1.203735465474476314e-10
1.556535437099403333e-10
1.638659775525246181e-10
1.052452124324744135e-10
9.360298065414534318e-11
1.244129871438081271e-10
9.920763356396279405e-11
1.202776688194047739e-10
2.529887911331632091e-10
9.381983844506559070e-11
9.512295513659212449e-11
9.899701575437321842e-11
1.015200507130976123e-10
1.214625066886809277e-10
1.241947160670155833e-10
1.080850403837656934e-10
9.458971005468309483e-11
9.543818260470218559e-11
1.834489418982509625e-10
1.987672847445579984e-10
1.488023331860969376e-10
9.272497349313111406e-11
1.169423188901373477e-10
1.329723402090576093e-10
1.025328558824326138e-10
1.046163235114953389e-10
1.091616218374826556e-10
1.089378971868485409e-10
9.246958087485834166e-11
1.186343900488658459e-10
9.908109633177629655e-11
9.619576523222245829e-11
1.123011122901791447e-10
9.408494886625080831e-11
1.105315448927657387e-10
1.075897073410681176e-10
9.772297100266517809e-11
1.137194006161508879e-10
1.078529902221661610e-10
1.166785604354481408e-10
1.050933335141046162e-10
9.489904226013464715e-11
1.724978875657945638e-10
9.786692692707570265e-11
1.054029691158205957e-10
1.069031177434011332e-10
1.155882775299997624e-10
1.228821418836692498e-10
1.030718029306956801e-10
1.413036985440693575e-10
9.427805630529758992e-11
9.907560477036178703e-11
1.435014117944253095e-10
9.616633258703168060e-11
9.587235639373175858e-11
1.030975879758699799e-10
9.353321732555635736e-11
1.060460279745992022e-10
1.230780989541509274e-10
1.047895789870676161e-10
3.381057212432693603e-10
1.206841432275970242e-10
1.267029584856104932e-10
1.371604936986666675e-10
1.193601669076142797e-10
2.517792552365307177e-10
1.583255621294898981e-10
1.123367876915626159e-10
1.159960747281989611e-10
9.934620506030996925e-11
1.251635575109541582e-10
9.551554775562027906e-11
1.207816626054511126e-10
1.298897751977812717e-10
1.007579140417729253e-10
9.993893459718536769e-11
9.188721981907792220e-11
1.181701221231887485e-10
9.246779840544708828e-11
1.030962620254739821e-10
1.263174274956851943e-10
9.498518072784361005e-11
1.127909535175949234e-10
1.168759330601018440e-10
1.073207389139269241e-10
9.527397409209535962e-11
1.098181345970827191e-10
1.373783906914958852e-10
1.094466223101591602e-10
9.985397130754074448e-11
9.583482753788035332e-11
1.226460496815361803e-10
1.032927818989010190e-10
9.727650013519781926e-11
1.850277571049216026e-10
1.309563421118117362e-10
1.075128990124614617e-10
1.541236500962942215e-10
1.063155218484040964e-10
1.149357691485458050e-10
9.302989307524974200e-11
1.040804339119562746e-10
9.639204229749168689e-11
1.147885981710421746e-10
1.371806905675989633e-10
1.371327187541544466e-10
1.212725756229713861e-10
1.175999087219881687e-10
1.036122559657080014e-10
1.002399621756961332e-10
1.242481578158105754e-10
1.040482855993685488e-10
1.305969149947849910e-10
1.033185186811673588e-10
9.457207528620639691e-11
9.633749519381841655e-11
1.407073072514118545e-10
1.034012795602208730e-10
1.016466120274974238e-10
1.023780552044681854e-10
1.300717743926137551e-10
1.000646732890579331e-10
1.147617732928817480e-10
1.231561783989199690e-10
1.000616487108358721e-10
1.023000588549685750e-10
1.292955521323328712e-10
1.103691170331456345e-10
1.306182367250853025e-10
1.094232700074197674e-10
1.019749090208334044e-10
1.280170067119332647e-10
9.746328877914906818e-11
9.530585715683796563e-11
1.146615338205787106e-10
1.658137580849312914e-10
1.262753633513505690e-10
1.179345727352501143e-10
1.343399449292646440e-10
9.368086936131264412e-11
9.732934697141277309e-11
9.720827352650045773e-11
1.169638245212357007e-10
1.070240909229882171e-10
1.007535547924122186e-10
1.650354590572603132e-10
1.575751781200915890e-10
1.005039002738809527e-10
1.069483540419519732e-10
1.227556094480392151e-10
1.004868757355098907e-10
9.371290587454698616e-11
9.244640642694382641e-11
1.229327987293955423e-10
1.124781616201849461e-10
1.226552883938718328e-10
1.082712140091283074e-10
9.965532542381828223e-11
1.743899201982482422e-10
1.064531249018387408e-10
2.248283593122101490e-10
1.349186361809596907e-10
9.359672786768831545e-11
1.116260577284677590e-10
1.071603277492924164e-10
1.155816124378453516e-10
1.344329436135747069e-10
1.560154336010716854e-10
1.757529238771533088e-10
1.325267787258158014e-10
1.116154752202149599e-10
1.022708338981508953e-10
9.269797438380799846e-11
1.200530918508112974e-10
9.965320061967207946e-11
9.276683276192326126e-11
1.136253933482291528e-10
1.098747211324187131e-10
1.267779744528132536e-10
1.158125617883371904e-10
9.558561751173757310e-11
1.063813327384590475e-10
9.488494324094793158e-11
1.359613442827308134e-10
9.560151472716297970e-11
1.484944929938955345e-10
1.255723973660874884e-10
1.127282923929805238e-10
9.220658462814652328e-11
1.226790784392830604e-10
1.064155861825180911e-10
1.756327919967042810e-10
9.444473358178702544e-11
1.229910125937700146e-10
9.713938417661219199e-11
1.323420531964238281e-10
1.719241378183215498e-10
9.906553621596679776e-11
1.081240498842096252e-10
9.349422625893848806e-11
9.737907135491707111e-11
1.667539653376117771e-10
1.079556271953339425e-10
1.035780730866604025e-10
1.106324196082032643e-10
1.168690682296537572e-10
1.725816330849522948e-10
1.900438858350970774e-10
9.722424851083988667e-11
1.553297236215181507e-10
1.176564876249733185e-10
1.015206480244811611e-10
1.115426107463518361e-10
1.292571174997037997e-10
1.239717206916213203e-10
1.178545231712591047e-10
1.814542751940135810e-10
1.035515121908328429e-10
1.536535749249943991e-10
9.550719937134887451e-11
1.012929989454027830e-10
1.275236854333996443e-10
9.983291001744839816e-11
9.225011107187847726e-11
1.077540947776200094e-10
1.122874409261665276e-10
9.971146660150767629e-11
1.348097364463839337e-10
1.212378055282366142e-10
9.716561061086182974e-11
1.210791841135574525e-10
9.245807531572747608e-11
1.074499684340777304e-10
9.617447431994468520e-11
9.894311639612795353e-11
9.902815268774565790e-11
9.854992741454863520e-11
1.233511248188773431e-10
1.402127474515831405e-10
1.058069019320869750e-10
1.013906603128396475e-10
9.602689007027429679e-11
1.595529479889918060e-10
1.338197024092662250e-10
9.420841172975947792e-11
1.492428005319543013e-10
1.034679752716681820e-10
1.240475534117589318e-10
1.509829695078652761e-10
1.416916692456746368e-10
1.857313534574247916e-10
1.044285405583729620e-10
1.151932566278694382e-10
1.062008770376635249e-10
1.026290403076987417e-10
9.967141194051665782e-11
1.071004934259827166e-10
9.784580031323503109e-11
9.676237340591656821e-11
2.862874633214125979e-10
1.065029675887165338e-10
9.473433371310013328e-11
1.391055896902563247e-10
1.174818170709819967e-10
1.050401522421529016e-10
1.008869632620969833e-10
1.347202296406580512e-10
1.319459258982641593e-10
1.439276578825395706e-10
1.064241838586035209e-10
1.069507794903336357e-10
1.484030389066341621e-10
1.530487223720473860e-10
1.610391885593484129e-10
1.044889835703695768e-10
2.082764329033143538e-10
1.017915105590506219e-10
2.098249357199382402e-10
1.710644726163441376e-10
9.692204054318272957e-11
1.182067262223443473e-10
9.796541372315234349e-11
1.113978581177431653e-10
1.068839907377401058e-10
1.218513925790194497e-10
9.590814600357297833e-11
1.140251639681586059e-10
1.023273486647500551e-10
1.085745934478983733e-10
1.012849191254832997e-10
1.843652274950984057e-10
1.088558810942255586e-10
9.948308764706014093e-11
1.447846254794441363e-10
1.148710503277816900e-10
9.486244438023963578e-11
1.750338321795501542e-10
1.039722641059104533e-10
9.648591260003699722e-11
1.394671274697571235e-10
1.167998721588585409e-10
1.239188017644575452e-10
1.103860492501723170e-10
9.621079162929394340e-11
1.538385380699967519e-10
1.383490584655322645e-10
1.376195594849101769e-10
1.654038701602041180e-10
9.440400341825417891e-11
1.059046525018378642e-10
1.159229659800896254e-10
1.099239000396913143e-10
1.442795872987633868e-10
9.494766189679382536e-11
1.454038679369981184e-10
1.161607539937858170e-10
9.926780351906122566e-11
1.655526690778845047e-10
1.837708073127694325e-10
1.069006913488328099e-10
1.004731638742484044e-10
9.376526494121208314e-11
1.289255359089698553e-10
9.545441650155436679e-11
9.347271892479595757e-11
1.027970996809848101e-10
1.776260054629549451e-10
1.140024994652124208e-10
1.316289633054805317e-10
1.220020151277793184e-10
1.022694985732928462e-10
9.919955769713318963e-11
1.232761773500039986e-10
1.653087644940768729e-10
1.559714425823198718e-10
1.288284617143857403e-10
1.304611271228243193e-10
1.506720542149035570e-10
1.028972001778594712e-10
9.843124254624315043e-11
9.337025888727496425e-11
9.584676279422098285e-11
9.396725607118795730e-11
9.959277888156852917e-11
1.085448804113624571e-10
1.098082363010971126e-10
1.688341001640351517e-10
1.335539827950099089e-10
1.499418802087944754e-10
9.436898864516730287e-11
1.365393165820404879e-10
1.115303709295349806e-10
1.553749025865574702e-10
9.775816706741664360e-11
1.219117120297809336e-10
1.695673820091053359e-10
2.052520548534783373e-10
1.138149613131943033e-10
1.136709852241044503e-10
9.382319836873017228e-11
9.477351233626947985e-11
1.168381721252922576e-10
9.545063406185612178e-11
1.199359547772907701e-10
1.095078489650192015e-10
1.282052262875684735e-10
1.012040898845777820e-10
9.426021118573972792e-11
2.190549910258056064e-10
1.017977675389957438e-10
1.129598506030972109e-10
9.698173984410609763e-11
1.627680050979577032e-10
1.711074132137529218e-10
9.216174008810125357e-11
1.361497355089477634e-10
9.776773600978263909e-11
9.242387534239374339e-11
1.027343088082555045e-10
1.203618388911454033e-10
1.016824062398997202e-10
1.114754835904589526e-10
9.493166891638972364e-11
1.546453843539067450e-10
1.335284897899919455e-10
1.175803434209058855e-10
1.208802667443261816e-10
9.537322284046183876e-11
9.965350416554858647e-11
9.754141160548280573e-11
1.010544066784628311e-10
9.571823333400329275e-11
1.032827798067750096e-10
1.252949157261526384e-10
9.852754940272985941e-11
1.091278434140830258e-10
1.498858209760623206e-10
1.271536995364473241e-10
9.364690018771322242e-11
1.457202444450792116e-10
1.427721673971964192e-10
1.049647596655968699e-10
1.100471110491468102e-10
1.142828304520308212e-10
9.918248982177690901e-11
1.073279930200044365e-10
1.045320760449569912e-10
1.334311777888014993e-10
9.433428097120930181e-11
9.820256695973104756e-11
1.842890226430460547e-10
1.551069539126313814e-10
9.421670131724679751e-11
1.070230928134085696e-10
9.619999161397707401e-11
1.002058321101984683e-10
9.889469195199145960e-11
1.485355991477114619e-10
1.181001545450807811e-10
2.178061898169547077e-10
1.269060267250162051e-10
1.086351240681264292e-10
1.023577455744508983e-10
9.942683365506843169e-11
9.205572708076964889e-11
1.144711764653276750e-10
1.115105646913069046e-10
9.476669278514100889e-11
1.050008670211307704e-10
1.091166286367927538e-10
1.108462350717907097e-10
1.202592577925362570e-10
2.297238642683624554e-10
9.413313857140643226e-11
9.935898774962915693e-11
1.296728410822874443e-10
1.932698689498729233e-10
1.282488051309849271e-10
1.366977775294074115e-10
9.798220485683172854e-11
9.937526837743974011e-11
1.912149126005875860e-10
1.083265318077247137e-10
9.962344919808833542e-11
2.187630179057619234e-10
1.341970658677827646e-10
1.072263964614104718e-10
1.083627854230452776e-10
1.277902126335467804e-10
1.236291529916339077e-10
1.209294783644055124e-10
1.282743621112588017e-10
1.023953971344439158e-10
1.061626858955388998e-10
9.292716731625997876e-11
1.007434827920529915e-10
1.033833505064566370e-10
1.044416512805403403e-10
1.536137735637946993e-10
1.175455390328205757e-10
9.894067275709138576e-11
1.576571844923138909e-10
1.242642990255203566e-10
1.200118214785145158e-10
1.345914723688856861e-10
9.888964972916417366e-11
1.769218447935755985e-10
1.226884414989895862e-10
1.181757441117594143e-10
1.280280994941060419e-10
9.651213826365507470e-11
1.258978408775819097e-10
9.359239880140424112e-11
1.889090113279029522e-10
2.098320558162224772e-10
1.018327706245334811e-10
1.690283400941028145e-10
9.512263897746338192e-11
1.836063797646874631e-10
1.099030048397193447e-10
1.072702327539271516e-10
1.135080254835015902e-10
1.030160879611764851e-10
1.168221931302241129e-10
9.429319047428895979e-11
1.112394323986586011e-10
2.005972867507215502e-10
1.643280208019580504e-10
1.704660112439630518e-10
9.252482252278825333e-11
1.248320782829349259e-10
1.191434242414486707e-10
1.325390778669683286e-10
1.711500607287994799e-10
9.246326107491071556e-11
1.160486880713976887e-10
9.402348363624407853e-11
1.429872101507621135e-10
1.006339868878775163e-10
9.387982124456491451e-11
9.772914655307352676e-11
1.261804581232953191e-10
1.830766693464031159e-10
9.205523904397387907e-11
9.632092252746813099e-11
1.553231362061347663e-10
9.884777530862904961e-11
1.064746113220047018e-10
9.617744903345953831e-11
1.043518868450971088e-10
1.057619591112965747e-10
2.090301113216528974e-10
1.310359118350180379e-10
9.579901396254539842e-11
9.459336374601954033e-11
9.462195358855120839e-11
1.299138460495136396e-10
1.404764025684579232e-10
9.484849908065722500e-11
1.101686722719370627e-10
1.136788302833085183e-10
1.403800567277690037e-10
9.419199008548030005e-11
1.251031195737605813e-10
9.482821180533663864e-11
9.441180061589545080e-11
1.070956484152795436e-10
1.741283821096580223e-10
9.989638513118951325e-11
9.605667356698801798e-11
1.056992705416561271e-10
1.416802912983605723e-10
1.220770112606932790e-10
1.113872566416505881e-10
9.181028416261208906e-11
9.520417757356229887e-11
9.426531009295282669e-11
9.250522395177305171e-11
9.216352773579498637e-11
1.177624925601471232e-10
9.739517667116903851e-11
9.315409572313275712e-11
1.468275107054710884e-10
1.338420984517848373e-10
1.112800908584404685e-10
9.785551596708393237e-11
1.497653589745377067e-10
1.036163631153569028e-10
9.744610988090832594e-11
2.159793956871713305e-10
1.527301036126295428e-10
1.114266291038387054e-10
1.018296431176000023e-10
1.186161469864387150e-10
1.064837777066510717e-10
9.361837057164994053e-11
1.066560918382186354e-10
1.014347529378840895e-10
1.486155349607274426e-10
9.849443404792281328e-11
1.272645122966634949e-10
1.323190798719990481e-10
1.084607722423628848e-10
1.018509382883638868e-10
9.293120081259050735e-11
1.386930016255615245e-10
1.198787689542963946e-10
1.473120674020536609e-10
1.095634581810661269e-10
1.537621254716875171e-10
1.472671038838289787e-10
1.088169607148212013e-10
2.532922303844499933e-10
1.030396742344850819e-10
1.150687245489803564e-10
9.778671713164181758e-11
1.132018549984483501e-10
1.236678573810886691e-10
9.874531621013320704e-11
9.486846565964503164e-11
1.031014184154204070e-10
1.190552536286337880e-10
1.016043905099702806e-10
9.553901432180797396e-11
9.321413140604647779e-11
1.060076442423797146e-10
1.103090031832259513e-10
9.425718359538891611e-11
9.842740696812693328e-11
1.002675910192293436e-10
9.299297483844408984e-11
1.332235358287418238e-10
1.234727194549918725e-10
1.097622198855484660e-10
9.406627353945015830e-11
1.663851664935725400e-10
9.607720379885027143e-11
1.133127185890408713e-10
1.278341593606710547e-10
1.058285031126954548e-10
1.005668540812571065e-10
1.021170228368830196e-10
9.793860430830471118e-11
1.188799113431443364e-10
1.012370271325062824e-10
9.212337960834172890e-11
1.136505587956603028e-10
1.702759613381473700e-10
1.895463804050150912e-10
1.281448274677209902e-10
2.420703370590076057e-10
1.008569297818604134e-10
1.546653249315072513e-10
1.059903891652430781e-10
1.011593101279155252e-10
1.075644411366311210e-10
1.322035682651231069e-10
1.132802970812037704e-10
1.229210520105890625e-10
9.777853866956953458e-11
1.718875928883805458e-10
1.399343367516847660e-10
1.039443286107420676e-10
1.229027352741109229e-10
1.204915966813648581e-10
1.530574806189514435e-10
9.910702510773786026e-11
1.374553850570265822e-10
1.060882791501493860e-10
1.346811706558069720e-10
1.043109166601844388e-10
1.202940178039883207e-10
1.164597088726446469e-10
1.054231979148159395e-10
1.986809990490486510e-10
1.590895797817723642e-10
1.003275061132205004e-10
1.577543853357161785e-10
1.079510988129720407e-10
9.391739337933843536e-11
1.595572710995742421e-10
1.400345572863173186e-10
1.477051216416826145e-10
1.004220690060164330e-10
1.961097332935725027e-10
1.268180490326859767e-10
1.230480665633349540e-10
1.050979694571405268e-10
1.081434087228405319e-10
1.047720032449237623e-10
1.237851624359160455e-10
1.127367397997105272e-10
9.466609416652113958e-11
1.136726083786702562e-10
9.436071076493309416e-11
1.100873199199417334e-10
1.135170992193560055e-10
9.283290121531871152e-11
1.071057657197291242e-10
1.139435263013312498e-10
9.971434878023741482e-11
1.248305828296110341e-10
9.819195887702997203e-11
1.040953360909925205e-10
1.138438724948305096e-10
9.697894215773235106e-11
1.050617463890202601e-10
1.447313114438198170e-10
1.435656012390460611e-10
1.372098337354779070e-10
1.959636404876179778e-10
1.231555478822626076e-10
9.276085387832816838e-11
1.933786577452355796e-10
1.416001768393171154e-10
1.032888105814150526e-10
2.180901056708751123e-10
1.318914230174641322e-10
1.187103329939113574e-10
1.327529705303273617e-10
1.417418565315134120e-10
9.645312174666791725e-11
1.354662780909523941e-10
1.404461672192580841e-10
1.078362770821598716e-10
1.660104072079089126e-10
1.911144905956307551e-10
1.090634849163824813e-10
1.030558870573868712e-10
9.318934865757945653e-11
1.000320036097095582e-10
1.327354922869952837e-10
1.436975408642537688e-10
9.533031555799942289e-11
1.291036418771311808e-10
1.001985819370750356e-10
1.251793467557369954e-10
9.195351529505018985e-11
1.190800614456497011e-10
1.100226176866231266e-10
1.119407953044363961e-10
1.324993385804760374e-10
9.728549051946642787e-11
1.234371078646266713e-10
1.153482554899434084e-10
1.016090162305362053e-10
1.035798338193736494e-10
1.028787514793445288e-10
9.189422598651275753e-11
1.319579162628028429e-10
1.131266253605777077e-10
9.579037296891613103e-11
9.334390529918261626e-11
2.208277236659596851e-10
1.807000725080259203e-10
1.231933738836846403e-10
9.606529359753820201e-11
1.086394867630840280e-10
1.103478791543399170e-10
9.500211536119643530e-11
1.291390921053722881e-10
1.036398298097811544e-10
1.196121461223428810e-10
9.957531436543633872e-11
1.024285916101718820e-10
1.310362701615430480e-10
9.363199521358506401e-11
1.298213926856175683e-10
2.031203713862913102e-10
1.484047527854443901e-10
1.416766100265790354e-10
1.012941959077997594e-10
9.789745323201258368e-11
9.830997497735114804e-11
1.394241437444287554e-10
1.017418897296564972e-10
1.119569710563910057e-10
1.722089177290437826e-10
9.380607765906724322e-11
1.162334665501678481e-10
1.045319304884410294e-10
1.719101988016228532e-10
1.161845093719217598e-10
1.561180371285004117e-10
1.451191156864613948e-10
1.157740982256508047e-10
1.148727926600034776e-10
9.680270098510521040e-11
9.509939876355651781e-11
1.011332430198806352e-10
9.410106769403720000e-11
9.353770920956760074e-11
9.196735550888899458e-11
9.184370594069396438e-11
1.131590853911219307e-10
9.903227311054456546e-11
1.178545231712591047e-10
1.506645489857210100e-10
1.212608161260752848e-10
1.200064038202152402e-10
1.251079704744510239e-10
9.586073795463488701e-11
1.009304979178075448e-10
1.142660006349265979e-10
9.382111842839997150e-11
9.657954706947470039e-11
1.236622031801922762e-10
9.899884757589036157e-11
9.228258178701387284e-11
9.547994454005717088e-11
2.470896549215745775e-10
9.738015543974332385e-11
1.025290068632606557e-10
1.299059030998835200e-10
1.788488061148851027e-10
1.021173199647137119e-10
1.404693219378554879e-10
1.237792618292697004e-10
1.178562268488007355e-10
1.051693693551549086e-10
9.343226056330896960e-11
1.013951450749259703e-10
1.261176061211854502e-10
9.262081924423266283e-11
1.281191260615016206e-10
1.230581622001663070e-10
9.920382426449286318e-11
1.095036563141137860e-10
9.456349516920509569e-11
1.613096469868284086e-10
1.089669549928149860e-10
9.543912833487041881e-11
1.029031031501463377e-10
1.138279316099054145e-10
1.003950805310382568e-10
1.016725639306808977e-10
1.041062923847714579e-10
9.330934652281024819e-11
1.219814159097541476e-10
9.954523874301557864e-11
1.428221330666108267e-10
1.082184132509445843e-10
9.420665808138816166e-11
9.331625917397205722e-11
1.918044974081593784e-10
2.961099289413533373e-10
9.621939957743161202e-11
1.208910332840165514e-10
1.078820203749701833e-10
1.236893412818704168e-10
1.536935750363509854e-10
9.984275930605784526e-11
9.649762125619951640e-11
1.088529308783204876e-10
1.378268795344153040e-10
1.070984984448020758e-10
9.380735780669312243e-11
1.302303757537954385e-10
9.283855308396336650e-11
1.581919019694027422e-10
1.149779599012965815e-10
1.051210016463031063e-10
1.513550351605066863e-10
1.067990249231367053e-10
1.029112192532840308e-10
9.359464352431093385e-11
1.327067905325087588e-10
1.367610708992862683e-10
1.713314215741555281e-10
1.253650814579363376e-10
9.296233424982724506e-11
1.312866502534122977e-10
9.898571886624111068e-11
1.016142385968229247e-10
1.424701642757461804e-10
9.247071515792136511e-11
1.072864539011680664e-10
9.202806809064402887e-11
1.443165830346154899e-10
9.459876462877007127e-11
1.088239869548874432e-10
1.359976533554295616e-10
9.941907754245183140e-11
1.272433124061157121e-10
1.103398272587945576e-10
9.590437922656064757e-11
9.869420482485790953e-11
9.531942830274733472e-11
1.632977020232779472e-10
1.025364087109954406e-10
1.059275311408760760e-10
9.815120836517713535e-11
9.412946925395239615e-11
1.017257919395454868e-10
9.954159267273165960e-11
9.922545938470845366e-11
1.501394277443712997e-10
9.612765111604456353e-11
1.417601431434841921e-10
1.205800036820574291e-10
1.126601478891332378e-10
1.950032691210035137e-10
1.394961914722363662e-10
1.354293802169664974e-10
9.521175945287549255e-11
9.238966429221499653e-11
1.190018560181911635e-10
9.576538880506001553e-11
1.304325875607384570e-10
9.740229943318347183e-11
1.130691551956942992e-10
1.234396248799926100e-10
1.624958127303359030e-10
1.352072269190394386e-10
1.756706875039043817e-10
1.342116872669953603e-10
1.244252354104897742e-10
9.451072836263092574e-11
1.810406140751986097e-10
9.431325988328297052e-11
1.145098883108396760e-10
1.300592713362769014e-10
1.116520292549878445e-10
9.560119995326617534e-11
1.034557848132266766e-10
1.170964760339444126e-10
1.125705511412234152e-10
1.113043419192904288e-10
1.077087293314601817e-10
9.496935157912127305e-11
1.062858307620942410e-10
9.707728507529660223e-11
1.277982705234130960e-10
1.063195374769231688e-10
1.522145743664879547e-10
1.212830560727765912e-10
9.880924936087582288e-11
1.330112484831026984e-10
1.213194758646328319e-10
1.300389516263009829e-10
1.020281476603735855e-10
1.151500649711489773e-10
1.829348892761634047e-10
9.869512319774272251e-11
1.042662854198555790e-10
1.134534342437299031e-10
9.192908694073815307e-11
1.303578551749944389e-10
9.290038101398725316e-11
9.832333617255404023e-11
1.556127516220755553e-10
9.927739729545647652e-11
9.687522249288592109e-11
1.028120168123733611e-10
1.401322372595676256e-10
9.757048097334299833e-11
9.275051122947354448e-11
1.005975654312604773e-10
1.759062186788656465e-10
1.302996507108565263e-10
9.657268324091687054e-11
1.084647182895917602e-10
1.382288491366776877e-10
1.014924217007539125e-10
9.299668336293521963e-11
9.831596467512598401e-11
1.213000531663285297e-10
1.203373911212181176e-10
1.633958990010720167e-10
1.793449588627123663e-10
9.572609399065525902e-11
1.134576343858422670e-10
9.251656241096259912e-11
1.097252550854584069e-10
1.162280277547640136e-10
2.410597171578238416e-10
1.031439868430220187e-10
1.041606206962784677e-10
9.403210685303392105e-11
1.663392223354956362e-10
1.306280580706590563e-10
1.188091384605438773e-10
9.227754948089223210e-11
2.115151712225075728e-10
1.078757900890426385e-10
9.808843899577145700e-11
1.076556872681540195e-10
9.523718648294830501e-11
9.523876560565437119e-11
1.091935697714020647e-10
1.040523776854608964e-10
2.240519109775012714e-10
1.347672038906761447e-10
1.310586041561555240e-10
9.878233455245348132e-11
1.944357103875804856e-10
1.200187867247568859e-10
1.653434602211041902e-10
1.658986997726606688e-10
1.184922898633504993e-10
1.035534200781801133e-10
9.371386682188673512e-11
9.377502939778160962e-11
1.003510410090855397e-10
9.803333298699636007e-11
1.150813034938199765e-10
1.106354667671183419e-10
9.770258926307429678e-11
1.235313394599270930e-10
1.118430118292684275e-10
1.419925601027152529e-10
1.207766599987019271e-10
1.151576880582046699e-10
1.054854524062432370e-10
1.094010323247720266e-10
1.507357826276835408e-10
1.738726547746382133e-10
1.234898299552959773e-10
1.730975922544185596e-10
9.249501829868355542e-11
1.238962236933306700e-10
1.002847990629894026e-10
1.263795761126455284e-10
1.052502765830749636e-10
1.001833248651295422e-10
1.234596335547243220e-10
9.267776096616492998e-11
1.145057219607899843e-10
9.466228417943858371e-11
1.259726580426122886e-10
9.346164256367819343e-11
1.086786034364467359e-10
1.135504092858094696e-10
1.103745300381966354e-10
1.012481039177740888e-10
9.499103692789487017e-11
1.282988196199940566e-10
1.819594402168753287e-10
1.253885451578913561e-10
9.560088517846247084e-11
9.803163935641716473e-11
1.009157880448954706e-10
1.039223851339347730e-10
1.050826122104145686e-10
9.391643425440713302e-11
9.690508878428059562e-11
1.074887533925073911e-10
1.193230947530573429e-10
1.293228612355450201e-10
1.076975271635155522e-10
1.021813333753722388e-10
9.764126720358644149e-11
1.286786649695038285e-10
9.227008174537726759e-11
1.011259012216065681e-10
1.174820799040553754e-10
9.737086294139826943e-11
1.130156020653392247e-10
1.184258818911420356e-10
1.420290747711064733e-10
1.276332392681857761e-10
1.186575812557865017e-10
9.206174601511653475e-11
1.198825132258565226e-10
9.338552170862632721e-11
1.017573891992397802e-10
1.356990656763817131e-10
1.346923646914360316e-10
1.003708005570084524e-10
1.033929032097545533e-10
1.109218489782260514e-10
9.720129344333431335e-11
1.107051158785736436e-10
1.405986347088578908e-10
9.201130645747250127e-11
1.089541816235146569e-10
9.838213726542028634e-11
1.015140774301229081e-10
9.229167179591520210e-11
9.422467147265283771e-11
1.561676264690310286e-10
1.307280313512156710e-10
9.311738163083924296e-11
1.265386484449362428e-10
1.476238937629826291e-10
9.291619543114271192e-11
1.183774579005186862e-10
2.765972292727329540e-10
1.024417778740377661e-10
1.040569080451020867e-10
1.300399135687066970e-10
9.274436980421602653e-11
1.432560029805809056e-10
1.155832120906328317e-10
1.140536239214753514e-10
1.024314067799646126e-10
1.204372136094330065e-10
1.251697739570531489e-10
1.203074045010339696e-10
2.220578750622454458e-10
1.043581550623528520e-10
1.319772650386590718e-10
1.273852804756230375e-10
9.351444562475352475e-11
1.217998331011880828e-10
1.004794926290489896e-10
1.987407387910892777e-10
9.778656282657647187e-11
1.367199906681394247e-10
1.005590243853318052e-10
9.256724665521212510e-11
1.645207419718276431e-10
1.673438751298858982e-10
1.326384986802608949e-10
9.563094208124743549e-11
1.121874589819935213e-10
9.198168228103853278e-11
1.244689706106327909e-10
1.435542430804560177e-10
1.040995726442306269e-10
1.293377220342886327e-10
1.102785882628894679e-10
1.239556715417170350e-10
3.719483664583185397e-10
1.509552169207959697e-10
1.319100678323027797e-10
1.364092953326677285e-10
1.019460488689334335e-10
1.551286973512378476e-10
1.180472951698849499e-10
1.409944644565695390e-10
1.108028092515438479e-10
1.152590197977156705e-10
1.609253656706235890e-10
1.893214373386442994e-10
1.618548378981860638e-10
1.487429050751896691e-10
9.262615883177934867e-11
1.034922055839111590e-10
2.043113616163299937e-10
1.853498674946989511e-10
9.297378518796558581e-11
1.000797949804242632e-10
9.754914356021133152e-11
1.052405821653328443e-10
9.899640514061003458e-11
1.045674410223631865e-10
9.590736126903704653e-11
9.558750641090823555e-11
1.212444534267781160e-10
9.557995061824749932e-11
1.105801909682346309e-10
1.000543893966966286e-10
1.236111794920636537e-10
1.053729086259179201e-10
9.423152533453129340e-11
1.749911794184541252e-10
9.790716440070622395e-11
1.060306471897536943e-10
1.045154814596835891e-10
9.806920114947036172e-11
1.390618278737561645e-10
1.020724450917360607e-10
1.050857997250000455e-10
1.287660144002331727e-10
2.593068185900442346e-10
1.047905956866120807e-10
1.002915910006579488e-10
1.143276545046402450e-10
9.460861260279195811e-11
1.078355688482071172e-10
1.679067818231220910e-10
1.173140245536281612e-10
1.468447013887433257e-10
1.026348088649752915e-10
1.427369274151439385e-10
9.235949748905191782e-11
1.156654348177277223e-10
1.036844037253634676e-10
2.179370915092789796e-10
1.821430767792245539e-10
9.524745037105454219e-11
9.325274238168868431e-11
9.453711498726383478e-11
9.234522201822219853e-11
1.078630453416235344e-10
9.388909558999294318e-11
9.657455523649237980e-11
1.567335469550704671e-10
1.214194852418489083e-10
1.143345180918053688e-10
9.616946409414265653e-11
9.454363117330038676e-11
1.009926189363581305e-10
1.013961914944384338e-10
1.083736453351415054e-10
1.900740794742304566e-10
9.540570756021148852e-11
1.011026740941304760e-10
1.166907230126067983e-10
1.054909396591890269e-10
1.063622670183717638e-10
9.653211553704230931e-11
1.999454561309821943e-10
9.496191108168063357e-11
1.125559533721133186e-10
1.030034083865975119e-10
2.462848807947072346e-10
1.458674420617255803e-10
1.227625647423483857e-10
1.261793470291449482e-10
9.633530649407573427e-11
1.952485943099573456e-10
1.162684817546823790e-10
2.139173865980154709e-10
1.209267875568934822e-10
9.605165796500540802e-11
9.753862797049434115e-11
1.008190764510802807e-10
9.741236342865677111e-11
1.121073898736793295e-10
1.171203288023547127e-10
9.949296723098970520e-11
1.109860922613146165e-10
1.068847044857714548e-10
1.046273774936874550e-10
1.204426143078259040e-10
1.027226333916593667e-10
1.039440360577138861e-10
9.486165208173736729e-11
1.106321425901149456e-10
1.084489333468799950e-10
1.190049747031824306e-10
9.974983911152871879e-11
2.051310433966745739e-10
1.187270008829538729e-10
1.016391535116270090e-10
1.436772663140070149e-10
1.094383725935134788e-10
1.124919492040312177e-10
9.615631116462071996e-11
9.642735066019857215e-11
1.120448053298582474e-10
9.447749747866210005e-11
1.633911725464639425e-10
1.010116686836597505e-10
1.035881969421435765e-10
9.971419708843737869e-11
1.064048382326079349e-10
1.023786481333984297e-10
1.323406322672945050e-10
1.184081327904476046e-10
9.706548231626476214e-11
1.061523463760156531e-10
9.744703853774966992e-11
9.922713517246760680e-11
1.512803700899185525e-10
1.010909838379928991e-10
1.476902776111992642e-10
1.496197140999519548e-10
1.112610725871273548e-10
1.226059238239251746e-10
1.169127594927632360e-10
9.204791822034534889e-11
1.143672161159643471e-10
1.000111264260113435e-10
9.875969667774329627e-11
1.100791122325445107e-10
1.498390909306794164e-10
1.484884975145648648e-10
9.212711874433572103e-11
1.246666109740578156e-10
1.005195666459877856e-10
1.374796671168408334e-10
1.412825645952780811e-10
3.469137950288079032e-10
9.284824130126245587e-11
3.376656290563696308e-10
9.241252693327873181e-11
1.006630254867982844e-10
1.069738901725345890e-10
9.272497349313111406e-11
1.534449071298018645e-10
9.937116040180176685e-11
9.288359579048334658e-11
9.522407888014892633e-11
9.469910843605753542e-11
9.831519678299864257e-11
1.001008108112236631e-10
1.056746185392263480e-10
9.913996134583356713e-11
1.033546877613468925e-10
2.473706475133321709e-10
9.636250581582668852e-11
9.784610875966399095e-11
1.711574356308406404e-10
9.733910771553624390e-11
1.249216522724557845e-10
1.261777421002583222e-10
9.586858838631639080e-11
1.971272224941643228e-10
9.501255970591333753e-11
1.157685074347351257e-10
1.879276340013261597e-10
1.676963909007190080e-10
1.106788115763052417e-10
1.321638592726960611e-10
1.315998125104938797e-10
9.242079518048069214e-11
1.534575985570020749e-10
1.096476633137556994e-10
9.553476236519283569e-11
9.910641508708080490e-11
1.344699638522018050e-10
1.180067207109534468e-10
1.301852156171039326e-10
1.007825632437222530e-10
1.630627848952332607e-10
1.011354904159171719e-10
9.343466922817192474e-11
9.577827443186979892e-11
1.149708620876723027e-10
1.116670051396442662e-10
2.327987618938915291e-10
1.170359684518459259e-10
9.528407666741956313e-11
1.120224756509525411e-10
1.777714837159097567e-10
1.212412573615201735e-10
1.561938499713444394e-10
1.102735878474875027e-10
9.677498708620757001e-11
1.779013196873922005e-10
1.344591039495410455e-10
1.318646987197894421e-10
1.156110696039172162e-10
1.933106710258158760e-10
1.256919856854100593e-10
1.037107882739916604e-10
9.880114500842115672e-11
1.750338321795501542e-10
2.644796448532245771e-10
9.333136899080907768e-11
1.023601176838939236e-10
9.961601012788824713e-11
9.785366543142618724e-11
1.019469415580787187e-10
9.931104524177934163e-11
1.436368199233117823e-10
9.876061451772422451e-11
1.143817459457644522e-10
1.275239300649111340e-10
1.852016693544396722e-10
1.161388528124466602e-10
1.259687017449891539e-10
1.039994619949255724e-10
1.052378328598762370e-10
1.029532664570790060e-10
1.022451633145676898e-10
9.826511888535369148e-11
1.218762107056142656e-10
9.601372005265887533e-11
1.690031984200671393e-10
