Fracture Radii List After Isolated Fracture and Cluster Removal
Format: xRadius yRadius Family# (-2 = userPolygon, -1 = userRectangle, 0 = userEllipse, > 0 is family in order of famProb)
30.8874 30.8874 3
38.4946 38.4946 3
35.4284 35.4284 1
49.6145 49.6145 1
31.3524 31.3524 3
32.054 32.054 3
36.2765 36.2765 3
34.8078 34.8078 3
36.8746 36.8746 3
48.9257 48.9257 3
35.5336 35.5336 2
45.083 45.083 3
79.8749 79.8749 1
31.6853 31.6853 2
36.8559 36.8559 3
45.363 45.363 2
43.5273 43.5273 3
35.3228 35.3228 3
32.686 32.686 3
42.03 42.03 1
42.3635 42.3635 3
30.0454 30.0454 3
145.902 145.902 3
61.3094 61.3094 3
41.3139 41.3139 1
56.6484 56.6484 3
149.932 149.932 3
39.0794 39.0794 1
85.5052 85.5052 2
41.8404 41.8404 3
30.4182 30.4182 3
35.0412 35.0412 3
76.6622 76.6622 3
205.741 205.741 3
37.0101 37.0101 3
96.1283 96.1283 3
37.8502 37.8502 2
60.2598 60.2598 1
49.8925 49.8925 2
38.5041 38.5041 3
45.3301 45.3301 3
294.662 294.662 2
132.072 132.072 1
80.8128 80.8128 1
62.2072 62.2072 1
42.0546 42.0546 3
37.1815 37.1815 1
32.8233 32.8233 1
54.7258 54.7258 3
30.3034 30.3034 3
63.96 63.96 1
42.7892 42.7892 3
33.5473 33.5473 3
30.3262 30.3262 2
34.1415 34.1415 3
53.9979 53.9979 3
46.828 46.828 3
35.057 35.057 3
39.5408 39.5408 3
65.2415 65.2415 3
40.3647 40.3647 2
40.3168 40.3168 3
30.2379 30.2379 1
34.81 34.81 3
71.6712 71.6712 2
43.5904 43.5904 3
49.6455 49.6455 2
36.7283 36.7283 3
31.6407 31.6407 3
30.5886 30.5886 3
52.8935 52.8935 3
49.9534 49.9534 2
42.9885 42.9885 2
33.1729 33.1729 2
180.499 180.499 3
39.2859 39.2859 1
40.5318 40.5318 3
31.5014 31.5014 2
283.932 283.932 3
33.9268 33.9268 3
59.2766 59.2766 1
34.4524 34.4524 2
32.9076 32.9076 3
38.7258 38.7258 3
74.0595 74.0595 3
46.7844 46.7844 3
50.1786 50.1786 1
64.7437 64.7437 2
32.9672 32.9672 3
31.0394 31.0394 3
64.0638 64.0638 3
78.6803 78.6803 1
48.6266 48.6266 1
36.5028 36.5028 2
58.9154 58.9154 3
107.53 107.53 2
35.3677 35.3677 3
65.7944 65.7944 1
86.8747 86.8747 2
40.279 40.279 3
49.735 49.735 3
37.9251 37.9251 3
47.2486 47.2486 2
33.5301 33.5301 1
68.7011 68.7011 2
44.7577 44.7577 1
42.7541 42.7541 1
33.8381 33.8381 3
36.8935 36.8935 3
105.265 105.265 1
41.6776 41.6776 2
36.0737 36.0737 3
37.3388 37.3388 1
59.4187 59.4187 3
106.521 106.521 2
50.5474 50.5474 3
75.0103 75.0103 2
32.134 32.134 3
112.662 112.662 1
118.137 118.137 2
33.5249 33.5249 3
40.8554 40.8554 3
41.6803 41.6803 1
93.6436 93.6436 1
44.0893 44.0893 3
62.7057 62.7057 2
51.8447 51.8447 3
34.0818 34.0818 3
32.1512 32.1512 1
33.1922 33.1922 2
32.6999 32.6999 2
37.1511 37.1511 3
119.978 119.978 2
59.6284 59.6284 3
55.3327 55.3327 3
57.9803 57.9803 2
383.491 383.491 2
36.9834 36.9834 2
35.2669 35.2669 2
34.6252 34.6252 3
45.2543 45.2543 3
101.38 101.38 2
87.5984 87.5984 3
36.5869 36.5869 3
46.5995 46.5995 3
48.293 48.293 2
38.6969 38.6969 3
34.1922 34.1922 3
47.6404 47.6404 3
62.3189 62.3189 1
46.5986 46.5986 1
30.9637 30.9637 3
44.4761 44.4761 2
72.5543 72.5543 3
55.5927 55.5927 3
36.5913 36.5913 2
31.751 31.751 2
35.2103 35.2103 2
35.1797 35.1797 2
31.9111 31.9111 3
49.6398 49.6398 2
32.3462 32.3462 3
32.5317 32.5317 3
41.9819 41.9819 2
46.0879 46.0879 3
60.0859 60.0859 3
33.3542 33.3542 1
36.7032 36.7032 3
43.8386 43.8386 3
34.6833 34.6833 2
41.0876 41.0876 3
34.789 34.789 3
36.1073 36.1073 3
44.164 44.164 3
33.6793 33.6793 2
46.5081 46.5081 1
30.8484 30.8484 1
34.1632 34.1632 3
30.0136 30.0136 1
66.989 66.989 1
32.4882 32.4882 3
59.0763 59.0763 1
58.7767 58.7767 1
30.5776 30.5776 3
39.1458 39.1458 1
37.6733 37.6733 3
34.5034 34.5034 3
30.6374 30.6374 2
269.033 269.033 1
40.5004 40.5004 3
34.2896 34.2896 3
52.4006 52.4006 1
52.962 52.962 3
30.8204 30.8204 3
38.2895 38.2895 3
33.2562 33.2562 3
55.4054 55.4054 3
40.6126 40.6126 3
35.9828 35.9828 2
48.3456 48.3456 1
46.7294 46.7294 3
127.031 127.031 3
35.2615 35.2615 1
32.529 32.529 2
31.8258 31.8258 3
161.83 161.83 3
45.757 45.757 3
59.732 59.732 3
58.2812 58.2812 1
39.8168 39.8168 3
43.8971 43.8971 2
36.3243 36.3243 3
83.4902 83.4902 3
220.611 220.611 1
93.5036 93.5036 1
33.9027 33.9027 2
48.4306 48.4306 2
38.0551 38.0551 3
49.679 49.679 1
49.8038 49.8038 2
52.0109 52.0109 3
34.164 34.164 3
31.1965 31.1965 3
45.815 45.815 2
56.524 56.524 3
77.5742 77.5742 1
56.3074 56.3074 1
33.0581 33.0581 3
66.3856 66.3856 3
36.8606 36.8606 2
55.0761 55.0761 3
63.8176 63.8176 2
33.9515 33.9515 2
41.8303 41.8303 2
70.7846 70.7846 2
68.0793 68.0793 3
31.0813 31.0813 3
36.1732 36.1732 1
32.7472 32.7472 3
41.7513 41.7513 1
40.154 40.154 3
30.3508 30.3508 3
32.2655 32.2655 3
34.4336 34.4336 2
54.0468 54.0468 2
62.6722 62.6722 3
34.6935 34.6935 3
227.316 227.316 3
36.2761 36.2761 1
32.6408 32.6408 1
35.3147 35.3147 2
43.5328 43.5328 3
129.834 129.834 3
170.484 170.484 1
55.1221 55.1221 3
31.836 31.836 1
50.0522 50.0522 2
33.7876 33.7876 3
41.2609 41.2609 1
40.9762 40.9762 3
38.0105 38.0105 3
71.4278 71.4278 3
39.5159 39.5159 3
58.0558 58.0558 3
103.887 103.887 3
36.3767 36.3767 3
39.126 39.126 3
41.4358 41.4358 1
35.8129 35.8129 1
39.9716 39.9716 2
94.9392 94.9392 2
42.0178 42.0178 2
73.5228 73.5228 1
34.203 34.203 3
30.6909 30.6909 2
30.1356 30.1356 3
57.8309 57.8309 3
50.8853 50.8853 3
46.5026 46.5026 3
42.6795 42.6795 3
36.6563 36.6563 3
57.1994 57.1994 3
48.8113 48.8113 3
33.604 33.604 3
43.5484 43.5484 3
35.4551 35.4551 2
52.9413 52.9413 3
37.0792 37.0792 1
37.7456 37.7456 1
33.6402 33.6402 2
32.1557 32.1557 3
317.95 317.95 1
31.0642 31.0642 2
135.43 135.43 3
30.1424 30.1424 3
56.9552 56.9552 3
32.488 32.488 2
57.4964 57.4964 1
81.5281 81.5281 3
80.4621 80.4621 3
38.9678 38.9678 3
67.2936 67.2936 1
54.5875 54.5875 2
30.4723 30.4723 3
48.9045 48.9045 1
30.5867 30.5867 3
90.1857 90.1857 3
39.8973 39.8973 3
45.8374 45.8374 2
31.289 31.289 3
34.5581 34.5581 1
35.4976 35.4976 2
45.7598 45.7598 2
42.4012 42.4012 3
56.1041 56.1041 3
68.1259 68.1259 3
33.8536 33.8536 3
34.3132 34.3132 3
57.153 57.153 1
31.7052 31.7052 2
35.4868 35.4868 2
73.3516 73.3516 2
31.3783 31.3783 3
30.2895 30.2895 2
47.9445 47.9445 3
33.69 33.69 3
136.432 136.432 3
109.87 109.87 1
31.8587 31.8587 3
48.7125 48.7125 1
48.9429 48.9429 1
37.0177 37.0177 3
203.824 203.824 3
37.6246 37.6246 3
108.508 108.508 3
38.8332 38.8332 3
46.9173 46.9173 2
55.7496 55.7496 3
104.483 104.483 3
55.7205 55.7205 3
36.0001 36.0001 3
76.5634 76.5634 3
39.794 39.794 3
31.6316 31.6316 3
30.3538 30.3538 3
30.2772 30.2772 2
31.1252 31.1252 1
91.0097 91.0097 2
62.0579 62.0579 1
330.757 330.757 3
183.952 183.952 3
30.3056 30.3056 1
124.567 124.567 3
122.12 122.12 3
31.5308 31.5308 3
62.8794 62.8794 1
54.0322 54.0322 3
41.6385 41.6385 2
35.4677 35.4677 1
75.0769 75.0769 1
36.8416 36.8416 3
31.2386 31.2386 2
40.1453 40.1453 3
53.0812 53.0812 2
54.7499 54.7499 3
71.3804 71.3804 3
34.487 34.487 3
47.0737 47.0737 3
40.4597 40.4597 1
35.7516 35.7516 3
105.716 105.716 2
100.949 100.949 1
45.49 45.49 3
32.7745 32.7745 2
36.8099 36.8099 1
38.8493 38.8493 1
41.3297 41.3297 3
80.1359 80.1359 2
32.6692 32.6692 2
40.7346 40.7346 3
51.4109 51.4109 1
42.1075 42.1075 3
49.8773 49.8773 3
46.9168 46.9168 2
31.864 31.864 1
52.311 52.311 3
34.0352 34.0352 3
45.5243 45.5243 1
41.7436 41.7436 1
40.0094 40.0094 3
53.7076 53.7076 2
39.714 39.714 3
32.5706 32.5706 3
110.664 110.664 3
50.9109 50.9109 3
63.2177 63.2177 1
55.8523 55.8523 3
31.6749 31.6749 3
41.0132 41.0132 2
40.0039 40.0039 3
30.4219 30.4219 1
59.241 59.241 2
30.2348 30.2348 3
34.6796 34.6796 1
61.2416 61.2416 3
40.0913 40.0913 2
35.9587 35.9587 3
48.5541 48.5541 1
201.091 201.091 3
83.9289 83.9289 2
56.6481 56.6481 3
35.3626 35.3626 3
32.4626 32.4626 2
44.5757 44.5757 3
65.2079 65.2079 3
41.7313 41.7313 3
33.9262 33.9262 2
79.5214 79.5214 3
39.0333 39.0333 3
32.2643 32.2643 3
66.5832 66.5832 2
43.3963 43.3963 2
62.7129 62.7129 2
71.7423 71.7423 1
33.38 33.38 2
43.3712 43.3712 3
30.1401 30.1401 3
34.9895 34.9895 2
43.1598 43.1598 2
96.6425 96.6425 2
47.5454 47.5454 2
39.253 39.253 3
31.4208 31.4208 3
30.0874 30.0874 3
38.2521 38.2521 3
42.918 42.918 3
32.9703 32.9703 3
62.6992 62.6992 3
38.0837 38.0837 3
51.5586 51.5586 3
39.7754 39.7754 3
87.2639 87.2639 2
44.1496 44.1496 3
44.5779 44.5779 1
35.5193 35.5193 3
83.8038 83.8038 1
90.4863 90.4863 2
32.6408 32.6408 1
48.1904 48.1904 1
31.3792 31.3792 3
35.1831 35.1831 3
38.7435 38.7435 3
32.7365 32.7365 1
39.436 39.436 2
35.3329 35.3329 3
50.1152 50.1152 3
109.055 109.055 3
31.0039 31.0039 2
36.2947 36.2947 3
36.4059 36.4059 3
89.8074 89.8074 1
52.7645 52.7645 2
31.7104 31.7104 2
42.1355 42.1355 2
101.074 101.074 3
60.8378 60.8378 3
36.4641 36.4641 1
31.6353 31.6353 1
38.18 38.18 3
38.3165 38.3165 1
62.2026 62.2026 1
31.8853 31.8853 1
38.0527 38.0527 2
50.5782 50.5782 3
44.4619 44.4619 3
32.2288 32.2288 3
76.5736 76.5736 1
37.4121 37.4121 2
56.728 56.728 3
38.1062 38.1062 1
39.1978 39.1978 1
35.8536 35.8536 1
39.5687 39.5687 2
68.8056 68.8056 3
37.4415 37.4415 2
31.4729 31.4729 3
44.7457 44.7457 3
31.1832 31.1832 3
40.0671 40.0671 3
37.0082 37.0082 3
33.3787 33.3787 3
63.7991 63.7991 3
52.5406 52.5406 2
160.26 160.26 2
75.9608 75.9608 3
42.212 42.212 3
47.9992 47.9992 3
34.9231 34.9231 3
245.578 245.578 2
52.8213 52.8213 1
30.2503 30.2503 3
43.14 43.14 1
31.2728 31.2728 1
41.5005 41.5005 3
30.2009 30.2009 3
38.8563 38.8563 1
30.8464 30.8464 3
51.1313 51.1313 3
34.3641 34.3641 2
47.7895 47.7895 1
31.6824 31.6824 2
30.8437 30.8437 3
40.3074 40.3074 3
45.5594 45.5594 3
69.3121 69.3121 3
98.1827 98.1827 2
45.3271 45.3271 3
74.9574 74.9574 1
33.0385 33.0385 3
47.2132 47.2132 2
34.4066 34.4066 3
42.8075 42.8075 3
35.4771 35.4771 2
32.2245 32.2245 2
57.7445 57.7445 1
75.6213 75.6213 2
34.3824 34.3824 3
46.1418 46.1418 1
167.23 167.23 3
35.6259 35.6259 3
37.15 37.15 1
44.9496 44.9496 1
54.6663 54.6663 2
46.4777 46.4777 3
35.3152 35.3152 2
42.4938 42.4938 1
46.9465 46.9465 2
51.2177 51.2177 1
191.967 191.967 3
33.6778 33.6778 3
68.4186 68.4186 3
39.2891 39.2891 1
39.1385 39.1385 2
30.4973 30.4973 3
33.0704 33.0704 3
59.0073 59.0073 2
34.7745 34.7745 1
37.8973 37.8973 3
41.6587 41.6587 2
48.5516 48.5516 3
76.7139 76.7139 2
36.5124 36.5124 3
30.103 30.103 3
79.6234 79.6234 2
44.7331 44.7331 3
138.527 138.527 2
35.9337 35.9337 3
36.5441 36.5441 3
47.9397 47.9397 3
35.8918 35.8918 3
51.7988 51.7988 1
41.5195 41.5195 1
37.3777 37.3777 2
33.7572 33.7572 3
52.0305 52.0305 3
32.0926 32.0926 3
40.9152 40.9152 3
49.4355 49.4355 1
44.0286 44.0286 2
34.2862 34.2862 1
46.2102 46.2102 2
106.621 106.621 3
58.7879 58.7879 3
36.4455 36.4455 3
83.0502 83.0502 3
45.0893 45.0893 3
51.3956 51.3956 3
36.0058 36.0058 2
33.7271 33.7271 1
33.6033 33.6033 2
30.3197 30.3197 1
34.3009 34.3009 2
59.6555 59.6555 3
37.5731 37.5731 2
49.558 49.558 3
43.0272 43.0272 3
37.4517 37.4517 3
48.6409 48.6409 1
37.1879 37.1879 1
41.1228 41.1228 2
130.546 130.546 3
30.9932 30.9932 3
39.6071 39.6071 2
43.1965 43.1965 3
30.4833 30.4833 3
48.065 48.065 1
48.0009 48.0009 3
43.1816 43.1816 2
88.7988 88.7988 1
30.6327 30.6327 3
48.3378 48.3378 3
76.9641 76.9641 2
44.0981 44.0981 3
45.3767 45.3767 2
64.5189 64.5189 3
120.01 120.01 3
36.5248 36.5248 2
32.2678 32.2678 2
103.346 103.346 3
112.163 112.163 1
39.4586 39.4586 3
41.6478 41.6478 3
39.3177 39.3177 3
55.0832 55.0832 1
40.3994 40.3994 3
36.1693 36.1693 3
62.722 62.722 3
34.9864 34.9864 2
65.5336 65.5336 1
32.8509 32.8509 3
52.6672 52.6672 3
60.0989 60.0989 1
30.0633 30.0633 3
33.9793 33.9793 1
161.573 161.573 3
32.182 32.182 3
40.6083 40.6083 3
36.4376 36.4376 1
77.164 77.164 2
42.5528 42.5528 2
52.7873 52.7873 2
41.6067 41.6067 3
52.1649 52.1649 2
35.4967 35.4967 2
35.8181 35.8181 3
57.7891 57.7891 3
39.859 39.859 3
62.3478 62.3478 1
33.7093 33.7093 3
83.6425 83.6425 3
46.7022 46.7022 1
71.4698 71.4698 3
58.9448 58.9448 3
35.0445 35.0445 1
41.9043 41.9043 1
54.0379 54.0379 1
48.1401 48.1401 3
32.6926 32.6926 2
38.0244 38.0244 1
38.026 38.026 1
45.8307 45.8307 3
35.5024 35.5024 3
33.4034 33.4034 2
34.6555 34.6555 2
72.5361 72.5361 3
46.0893 46.0893 1
31.5451 31.5451 3
51.6044 51.6044 3
83.6405 83.6405 3
131.191 131.191 1
105.499 105.499 3
101.445 101.445 1
49.7225 49.7225 1
30.1556 30.1556 2
80.5583 80.5583 1
35.9552 35.9552 3
72.8143 72.8143 2
49.7364 49.7364 2
39.8639 39.8639 3
38.4052 38.4052 3
33.6986 33.6986 3
50.2745 50.2745 3
52.0544 52.0544 1
30.8475 30.8475 1
161.22 161.22 3
65.0543 65.0543 3
37.5883 37.5883 1
37.8554 37.8554 3
36.8771 36.8771 1
63.2061 63.2061 3
57.0106 57.0106 1
224.692 224.692 2
47.7559 47.7559 2
32.6081 32.6081 3
36.7017 36.7017 3
50.0032 50.0032 1
32.9906 32.9906 3
30.3491 30.3491 2
62.3706 62.3706 2
75.9803 75.9803 3
43.1757 43.1757 2
37.9452 37.9452 3
35.2362 35.2362 1
34.0758 34.0758 2
37.0231 37.0231 3
41.7056 41.7056 3
39.4268 39.4268 3
35.9124 35.9124 3
32.5317 32.5317 1
38.3667 38.3667 3
32.0855 32.0855 2
183.049 183.049 1
48.996 48.996 3
83.3441 83.3441 1
63.9462 63.9462 3
45.1369 45.1369 3
30.1261 30.1261 3
46.4246 46.4246 1
39.1264 39.1264 1
46.4796 46.4796 1
72.3255 72.3255 3
31.7101 31.7101 1
42.0508 42.0508 3
30.2306 30.2306 3
42.4161 42.4161 1
32.2412 32.2412 3
36.4113 36.4113 2
50.3906 50.3906 3
56.8782 56.8782 3
76.2642 76.2642 2
55.5874 55.5874 3
112.612 112.612 1
38.8609 38.8609 1
30.2368 30.2368 2
62.9701 62.9701 3
35.6247 35.6247 3
30.1909 30.1909 3
38.8091 38.8091 3
49.9022 49.9022 1
80.802 80.802 1
88.9796 88.9796 3
38.793 38.793 3
31.1381 31.1381 2
53.0881 53.0881 2
34.7253 34.7253 1
49.8277 49.8277 3
200.881 200.881 3
31.2735 31.2735 3
32.0929 32.0929 2
34.5872 34.5872 1
36.2584 36.2584 1
50.752 50.752 1
52.9136 52.9136 1
40.7788 40.7788 3
31.7564 31.7564 1
32.2926 32.2926 3
109.955 109.955 3
127.797 127.797 2
74.2621 74.2621 3
30.5927 30.5927 1
47.2684 47.2684 3
60.1418 60.1418 3
36.9396 36.9396 3
38.3595 38.3595 3
41.5437 41.5437 1
41.3842 41.3842 3
30.4349 30.4349 1
48.5589 48.5589 1
34.6423 34.6423 1
32.7749 32.7749 3
43.8121 43.8121 2
31.4394 31.4394 3
42.5266 42.5266 1
40.4291 40.4291 1
33.7573 33.7573 1
44.8553 44.8553 2
40.6148 40.6148 2
47.0687 47.0687 2
38.6881 38.6881 1
31.9514 31.9514 1
97.9701 97.9701 3
33.8506 33.8506 3
38.9021 38.9021 2
39.9467 39.9467 3
46.2474 46.2474 2
51.8699 51.8699 3
37.3045 37.3045 2
67.4003 67.4003 3
31.5605 31.5605 2
34.6387 34.6387 3
69.3792 69.3792 2
32.7561 32.7561 1
32.5686 32.5686 2
37.322 37.322 1
31.0946 31.0946 1
39.3483 39.3483 3
52.0251 52.0251 3
38.4787 38.4787 3
346.017 346.017 2
50.1439 50.1439 1
54.935 54.935 3
63.7424 63.7424 1
49.1174 49.1174 1
199.084 199.084 1
83.4223 83.4223 2
43.8382 43.8382 1
46.5538 46.5538 1
34.8163 34.8163 1
53.6902 53.6902 3
32.3417 32.3417 3
50.2199 50.2199 3
57.5542 57.5542 3
35.7497 35.7497 1
35.2068 35.2068 1
30.0765 30.0765 3
48.2032 48.2032 2
30.4338 30.4338 3
37.3211 37.3211 1
54.622 54.622 3
32.0058 32.0058 1
44.1711 44.1711 2
47.2181 47.2181 3
40.2398 40.2398 3
32.1885 32.1885 2
42.0134 42.0134 1
63.9324 63.9324 2
41.7473 41.7473 2
35.1507 35.1507 3
32.5447 32.5447 3
51.6832 51.6832 2
37.4546 37.4546 3
33.4687 33.4687 1
111.736 111.736 3
58.4435 58.4435 1
40.375 40.375 1
79.3193 79.3193 1
39.536 39.536 3
45.7591 45.7591 3
30.7816 30.7816 2
37.9919 37.9919 3
32.9004 32.9004 2
45.6493 45.6493 1
63.76 63.76 3
63.7182 63.7182 3
50.6033 50.6033 2
47.768 47.768 2
37.6721 37.6721 3
35.4059 35.4059 3
52.9563 52.9563 3
37.9699 37.9699 1
58.1431 58.1431 1
37.4721 37.4721 3
31.7453 31.7453 1
32.8655 32.8655 2
66.8679 66.8679 3
37.5284 37.5284 1
36.3432 36.3432 2
36.8351 36.8351 3
57.7055 57.7055 1
35.2899 35.2899 3
45.6293 45.6293 1
52.087 52.087 1
35.2879 35.2879 3
36.7825 36.7825 2
57.0615 57.0615 2
42.4095 42.4095 1
58.1609 58.1609 3
41.7306 41.7306 3
36.5636 36.5636 1
56.0081 56.0081 3
33.5893 33.5893 3
32.2087 32.2087 3
45.5546 45.5546 3
90.973 90.973 2
54.5879 54.5879 3
48.0232 48.0232 3
61.3068 61.3068 3
31.1867 31.1867 3
33.5028 33.5028 1
33.4247 33.4247 1
47.2847 47.2847 3
40.0315 40.0315 3
35.7468 35.7468 3
90.174 90.174 1
82.6825 82.6825 3
35.5809 35.5809 1
39.9784 39.9784 3
51.7698 51.7698 2
35.5696 35.5696 1
31.2067 31.2067 1
30.4206 30.4206 1
51.91 51.91 2
43.9417 43.9417 2
51.6905 51.6905 3
40.9106 40.9106 2
35.0197 35.0197 3
99.9946 99.9946 3
39.632 39.632 1
161.007 161.007 3
61.8029 61.8029 2
31.1342 31.1342 3
43.3196 43.3196 2
40.1271 40.1271 2
46.2424 46.2424 1
61.3864 61.3864 1
81.1546 81.1546 2
101.465 101.465 1
59.7645 59.7645 2
43.3119 43.3119 2
36.7628 36.7628 3
30.576 30.576 3
49.6534 49.6534 1
35.0183 35.0183 3
30.6186 30.6186 3
44.7858 44.7858 3
42.054 42.054 3
54.996 54.996 1
46.4158 46.4158 2
32.3862 32.3862 2
39.5819 39.5819 3
31.9425 31.9425 2
62.7015 62.7015 2
32.3963 32.3963 3
73.9743 73.9743 3
54.0195 54.0195 3
44.1251 44.1251 1
30.2728 30.2728 2
51.7093 51.7093 2
39.6058 39.6058 3
101.335 101.335 3
31.6652 31.6652 1
51.9561 51.9561 3
33.3803 33.3803 3
59.6084 59.6084 3
97.36 97.36 3
34.6321 34.6321 2
40.8064 40.8064 3
31.0703 31.0703 2
33.5349 33.5349 1
91.9426 91.9426 1
40.6873 40.6873 3
37.6488 37.6488 2
42.5994 42.5994 2
47.2129 47.2129 1
98.0593 98.0593 3
117.483 117.483 2
33.435 33.435 3
80.4871 80.4871 3
47.8111 47.8111 3
36.2588 36.2588 2
43.2589 43.2589 2
57.0297 57.0297 1
52.7356 52.7356 3
47.9621 47.9621 3
107.724 107.724 3
37.6307 37.6307 3
78.8663 78.8663 3
32.3364 32.3364 2
36.1065 36.1065 2
55.6041 55.6041 3
35.1368 35.1368 1
30.2996 30.2996 3
40.545 40.545 3
43.8021 43.8021 3
35.0567 35.0567 2
61.7094 61.7094 3
50.5761 50.5761 3
33.3972 33.3972 2
50.4521 50.4521 2
30.4278 30.4278 3
40.3307 40.3307 2
32.7613 32.7613 3
34.5519 34.5519 2
34.6076 34.6076 3
34.2949 34.2949 1
52.2417 52.2417 3
66.4279 66.4279 2
39.1821 39.1821 1
36.1718 36.1718 3
32.6671 32.6671 3
84.639 84.639 3
60.8624 60.8624 3
31.5168 31.5168 2
74.6748 74.6748 2
37.5738 37.5738 3
52.7961 52.7961 3
76.3157 76.3157 3
67.7477 67.7477 2
112.534 112.534 3
38.2305 38.2305 3
45.9515 45.9515 2
39.4561 39.4561 1
37.0046 37.0046 3
35.0303 35.0303 3
40.0851 40.0851 3
33.8369 33.8369 3
33.1378 33.1378 3
253.296 253.296 3
39.6668 39.6668 3
31.8475 31.8475 3
65.4478 65.4478 3
47.6781 47.6781 3
38.6514 38.6514 2
35.8356 35.8356 1
61.6326 61.6326 2
59.2743 59.2743 1
69.7661 69.7661 1
39.6118 39.6118 2
39.9801 39.9801 1
73.8889 73.8889 1
78.2852 78.2852 1
86.1233 86.1233 2
38.272 38.272 2
139.5 139.5 3
36.4404 36.4404 3
141.451 141.451 3
96.4492 96.4492 3
33.2404 33.2404 1
48.2312 48.2312 3
33.9145 33.9145 3
43.1537 43.1537 3
39.9333 39.9333 3
51.0571 51.0571 2
32.5914 32.5914 1
45.0817 45.0817 1
36.8009 36.8009 3
41.1258 41.1258 3
36.1011 36.1011 1
110.987 110.987 2
41.3258 41.3258 3
34.9063 34.9063 3
70.547 70.547 1
45.7108 45.7108 1
31.9283 31.9283 1
100.688 100.688 3
37.9179 37.9179 2
32.9605 32.9605 3
65.7671 65.7671 1
47.1605 47.1605 3
52.6934 52.6934 3
42.4217 42.4217 2
32.7845 32.7845 3
79.0444 79.0444 1
64.782 64.782 3
64.143 64.143 3
90.5518 90.5518 3
31.6396 31.6396 1
39.25 39.25 2
46.4988 46.4988 2
42.0893 42.0893 3
70.0863 70.0863 3
31.9821 31.9821 2
71.1138 71.1138 3
46.6778 46.6778 3
34.7648 34.7648 1
90.7046 90.7046 3
110.317 110.317 2
39.945 39.945 3
35.5605 35.5605 1
31.2394 31.2394 3
56.7557 56.7557 1
32.3029 32.3029 2
31.0569 31.0569 3
37.1183 37.1183 1
103.502 103.502 3
45.0649 45.0649 3
59.0076 59.0076 3
51.1755 51.1755 1
36.7619 36.7619 2
34.72 34.72 1
52.1822 52.1822 2
90.4542 90.4542 1
81.1117 81.1117 2
56.6756 56.6756 2
58.0298 58.0298 3
76.0213 76.0213 3
37.1861 37.1861 3
34.2175 34.2175 3
30.9931 30.9931 1
32.5523 32.5523 3
31.3657 31.3657 3
34.9785 34.9785 1
41.1047 41.1047 3
42.0063 42.0063 1
94.1048 94.1048 3
60.636 60.636 3
75.332 75.332 3
31.6176 31.6176 1
63.2022 63.2022 3
43.25 43.25 2
80.531 80.531 2
33.7801 33.7801 1
51.1045 51.1045 1
94.8726 94.8726 3
135.726 135.726 3
44.926 44.926 2
44.8195 44.8195 3
31.2756 31.2756 1
31.8722 31.8722 3
47.1895 47.1895 3
32.3005 32.3005 3
49.5626 49.5626 3
41.7911 41.7911 2
56.1626 56.1626 2
36.0471 36.0471 2
31.5493 31.5493 1
153.342 153.342 1
36.4446 36.4446 2
44.2952 44.2952 1
33.2788 33.2788 1
87.865 87.865 1
96.4946 96.4946 3
30.2452 30.2452 1
62.8645 62.8645 3
33.7863 33.7863 3
30.4067 30.4067 3
37.0758 37.0758 2
49.8931 49.8931 2
36.3672 36.3672 3
43.2101 43.2101 1
31.972 31.972 3
79.8235 79.8235 2
60.6143 60.6143 1
47.7531 47.7531 3
50.2968 50.2968 1
32.2514 32.2514 3
35.0185 35.0185 2
33.6398 33.6398 3
35.9472 35.9472 3
32.4705 32.4705 3
37.4478 37.4478 3
53.7959 53.7959 1
34.2803 34.2803 3
41.5196 41.5196 2
75.2792 75.2792 3
55.302 55.302 2
31.1655 31.1655 3
71.4042 71.4042 3
68.7196 68.7196 3
38.5994 38.5994 3
42.1778 42.1778 2
45.2729 45.2729 3
34.7088 34.7088 1
40.2449 40.2449 2
38.3016 38.3016 3
60.5315 60.5315 3
31.5958 31.5958 3
34.0686 34.0686 1
110.901 110.901 3
80.2708 80.2708 2
31.522 31.522 1
40.0308 40.0308 1
32.7776 32.7776 3
35.3833 35.3833 3
34.5202 34.5202 1
74.0127 74.0127 2
48.1497 48.1497 2
151.707 151.707 2
55.1002 55.1002 1
41.1688 41.1688 3
36.8214 36.8214 3
34.8693 34.8693 3
30.18 30.18 3
45.4129 45.4129 3
43.2356 43.2356 2
31.8679 31.8679 3
38.6243 38.6243 2
41.5116 41.5116 3
42.7539 42.7539 3
49.8134 49.8134 2
167.643 167.643 3
31.4696 31.4696 2
34.8247 34.8247 2
57.3741 57.3741 3
121.25 121.25 2
56.1984 56.1984 3
63.3398 63.3398 3
33.9254 33.9254 3
34.8354 34.8354 3
118.844 118.844 2
40.9498 40.9498 2
34.9987 34.9987 2
152.959 152.959 3
61.1846 61.1846 3
40.1735 40.1735 3
40.9755 40.9755 3
55.8222 55.8222 1
52.4627 52.4627 3
50.3352 50.3352 2
56.2194 56.2194 3
36.8468 36.8468 3
39.4295 39.4295 3
30.7179 30.7179 1
35.7401 35.7401 3
37.5162 37.5162 2
38.2395 38.2395 3
78.828 78.828 3
47.7266 47.7266 3
34.5503 34.5503 3
82.7632 82.7632 3
52.9692 52.9692 3
49.6214 49.6214 3
61.5222 61.5222 3
34.5169 34.5169 3
102.734 102.734 1
51.7167 51.7167 1
48.2075 48.2075 3
56.0172 56.0172 3
32.9773 32.9773 3
54.2823 54.2823 2
31.1315 31.1315 1
116.171 116.171 3
141.46 141.46 2
36.4681 36.4681 2
94.3079 94.3079 3
32.0927 32.0927 3
110.132 110.132 1
42.0743 42.0743 2
40.2043 40.2043 3
44.6991 44.6991 3
37.2667 37.2667 3
47.1774 47.1774 3
31.57 31.57 3
43.0387 43.0387 2
130.012 130.012 2
89.4506 89.4506 1
95.8175 95.8175 3
30.469 30.469 2
53.4239 53.4239 2
48.9503 48.9503 3
59.7749 59.7749 2
96.5397 96.5397 3
30.431 30.431 1
46.5934 46.5934 1
31.4009 31.4009 3
68.9138 68.9138 3
35.6673 35.6673 3
31.311 31.311 3
33.7613 33.7613 2
54.511 54.511 2
109.537 109.537 2
30.1797 30.1797 3
32.8549 32.8549 3
80.4807 80.4807 3
34.4895 34.4895 2
39.647 39.647 3
32.7632 32.7632 2
38.1779 38.1779 3
39.1509 39.1509 3
140.448 140.448 3
58.5101 58.5101 3
32.5219 32.5219 2
31.7587 31.7587 3
31.7767 31.7767 3
57.5742 57.5742 3
66.6623 66.6623 3
31.9195 31.9195 2
42.2652 42.2652 3
44.8253 44.8253 1
66.5766 66.5766 3
31.5065 31.5065 3
53.6416 53.6416 1
31.9067 31.9067 3
31.6445 31.6445 1
40.0817 40.0817 3
99.7136 99.7136 3
35.1787 35.1787 3
32.6861 32.6861 3
39.1074 39.1074 3
67.7375 67.7375 3
51.2345 51.2345 3
43.146 43.146 3
30.0293 30.0293 1
32.1443 32.1443 3
31.5525 31.5525 3
30.4569 30.4569 3
30.2463 30.2463 1
47.8919 47.8919 2
33.5453 33.5453 2
30.8587 30.8587 3
72.4249 72.4249 2
60.8815 60.8815 1
43.0682 43.0682 3
33.8432 33.8432 3
75.1658 75.1658 3
37.6749 37.6749 3
33.5782 33.5782 2
149.33 149.33 3
77.9799 77.9799 1
43.1746 43.1746 2
36.466 36.466 2
48.5449 48.5449 2
39.6534 39.6534 3
31.1477 31.1477 2
39.7738 39.7738 3
36.2013 36.2013 2
74.0874 74.0874 3
34.2587 34.2587 3
55.3924 55.3924 2
59.589 59.589 2
41.045 41.045 3
36.4803 36.4803 3
30.7204 30.7204 3
65.0843 65.0843 2
49.5183 49.5183 2
72.8737 72.8737 2
41.8309 41.8309 3
78.9708 78.9708 3
72.832 72.832 3
41.2981 41.2981 3
201.333 201.333 3
37.2827 37.2827 1
45.8584 45.8584 3
33.7986 33.7986 2
44.4733 44.4733 3
52.4935 52.4935 3
34.4225 34.4225 3
31.9321 31.9321 3
37.3246 37.3246 1
48.8824 48.8824 2
36.3149 36.3149 3
32.3566 32.3566 3
30.896 30.896 3
39.3216 39.3216 3
42.3662 42.3662 1
31.5474 31.5474 2
34.215 34.215 1
35.4242 35.4242 3
30.7587 30.7587 3
60.355 60.355 3
52.3383 52.3383 3
41.9733 41.9733 3
31.4277 31.4277 3
91.5617 91.5617 3
32.6992 32.6992 2
44.555 44.555 2
55.8582 55.8582 3
39.1971 39.1971 3
35.6227 35.6227 3
36.6592 36.6592 3
33.8971 33.8971 3
48.7475 48.7475 3
36.0691 36.0691 3
30.2216 30.2216 2
44.8044 44.8044 3
95.6173 95.6173 2
116.907 116.907 3
56.113 56.113 1
184.933 184.933 1
35.8156 35.8156 1
79.8428 79.8428 3
39.3096 39.3096 3
36.0172 36.0172 1
40.4113 40.4113 1
59.4915 59.4915 1
44.5311 44.5311 3
51.9007 51.9007 3
33.7933 33.7933 3
97.3212 97.3212 2
66.1808 66.1808 3
37.8988 37.8988 3
51.8862 51.8862 1
49.994 49.994 1
78.2936 78.2936 1
34.6593 34.6593 3
63.9996 63.9996 2
39.3777 39.3777 3
61.5991 61.5991 1
38.1498 38.1498 1
49.8404 49.8404 3
46.9033 46.9033 3
38.9161 38.9161 3
127.693 127.693 2
84.1787 84.1787 3
35.4639 35.4639 3
82.8589 82.8589 1
40.6841 40.6841 1
31.3345 31.3345 3
84.6433 84.6433 3
66.2697 66.2697 3
73.2387 73.2387 3
35.5266 35.5266 3
124.612 124.612 1
55.0286 55.0286 3
52.0013 52.0013 3
38.6913 38.6913 3
40.8201 40.8201 2
38.4666 38.4666 1
52.5869 52.5869 3
44.1313 44.1313 2
31.8045 31.8045 2
44.8207 44.8207 2
31.6124 31.6124 1
42.2067 42.2067 2
44.7058 44.7058 1
30.6595 30.6595 3
40.0888 40.0888 3
45.0212 45.0212 3
35.0586 35.0586 3
53.4227 53.4227 3
34.0617 34.0617 2
38.0021 38.0021 3
44.9474 44.9474 3
33.277 33.277 3
38.6663 38.6663 3
70.4983 70.4983 1
69.4374 69.4374 3
63.7854 63.7854 3
124.438 124.438 2
52.0865 52.0865 3
30.6149 30.6149 3
121.378 121.378 3
67.6657 67.6657 2
37.4519 37.4519 1
152.078 152.078 3
59.2284 59.2284 3
48.6172 48.6172 3
59.9559 59.9559 3
67.7927 67.7927 3
32.9395 32.9395 3
62.2741 62.2741 3
66.6354 66.6354 3
40.603 40.603 1
91.1754 91.1754 3
118.727 118.727 2
41.4737 41.4737 2
37.2937 37.2937 3
30.8806 30.8806 3
35.2683 35.2683 3
59.9411 59.9411 3
69.5571 69.5571 3
32.2242 32.2242 1
56.9028 56.9028 2
35.3785 35.3785 3
53.7029 53.7029 3
30.1172 30.1172 3
48.9015 48.9015 2
42.1602 42.1602 2
43.5489 43.5489 3
59.7413 59.7413 2
33.4745 33.4745 1
52.31 52.31 1
46.0675 46.0675 3
36.318 36.318 3
37.65 37.65 3
37.1736 37.1736 3
30.0808 30.0808 3
59.2844 59.2844 2
44.4179 44.4179 2
32.5164 32.5164 3
30.9767 30.9767 2
155.677 155.677 3
106.886 106.886 2
52.1165 52.1165 2
32.6916 32.6916 3
41.1719 41.1719 1
42.3942 42.3942 3
32.0165 32.0165 1
56.9321 56.9321 3
37.6909 37.6909 3
49.312 49.312 2
34.967 34.967 3
36.8692 36.8692 1
58.5104 58.5104 3
31.1562 31.1562 1
57.4974 57.4974 1
133.095 133.095 2
73.8905 73.8905 3
67.7342 67.7342 2
36.1073 36.1073 3
33.8704 33.8704 2
34.1385 34.1385 2
65.7291 65.7291 1
36.4071 36.4071 2
43.5607 43.5607 1
97.6626 97.6626 1
31.2649 31.2649 3
46.7326 46.7326 1
38.3015 38.3015 3
97.3452 97.3452 1
46.6957 46.6957 2
81.2547 81.2547 3
70.8529 70.8529 3
46.3869 46.3869 3
45.7121 45.7121 2
33.1637 33.1637 3
32.078 32.078 3
35.9998 35.9998 3
31.4495 31.4495 3
31.0974 31.0974 1
30.1257 30.1257 3
30.0498 30.0498 2
44.4418 44.4418 1
34.6103 34.6103 3
47.9621 47.9621 1
76.0142 76.0142 2
50.5941 50.5941 1
49.6172 49.6172 1
53.6455 53.6455 1
32.5612 32.5612 3
35.8646 35.8646 2
45.2604 45.2604 2
31.2743 31.2743 3
33.0205 33.0205 1
52.489 52.489 2
34.5884 34.5884 3
30.3196 30.3196 2
32.3191 32.3191 1
192.188 192.188 2
33.5356 33.5356 3
36.937 36.937 2
57.5676 57.5676 2
104.842 104.842 2
36.6594 36.6594 3
66.656 66.656 3
52.5822 52.5822 3
47.9634 47.9634 2
38.7406 38.7406 2
31.0317 31.0317 3
36.1748 36.1748 3
54.4601 54.4601 3
30.5283 30.5283 1
56.0919 56.0919 2
52.0093 52.0093 1
34.7228 34.7228 3
41.7881 41.7881 3
31.7399 31.7399 3
86.3947 86.3947 1
41.4049 41.4049 1
32.2932 32.2932 1
37.1901 37.1901 2
44.9356 44.9356 3
35.5087 35.5087 2
36.3606 36.3606 3
38.0096 38.0096 2
30.9552 30.9552 2
51.1593 51.1593 3
34.9472 34.9472 3
68.7647 68.7647 3
40.8732 40.8732 3
31.5157 31.5157 3
30.9595 30.9595 2
119.532 119.532 3
269.835 269.835 3
32.79 32.79 1
50.3052 50.3052 3
40.6353 40.6353 3
52.5106 52.5106 1
78.9048 78.9048 3
35.1433 35.1433 3
32.968 32.968 1
41.3237 41.3237 2
64.3243 64.3243 1
40.0837 40.0837 3
31.2657 31.2657 1
57.8375 57.8375 3
30.663 30.663 2
83.2903 83.2903 3
45.7906 45.7906 1
38.7072 38.7072 2
76.6687 76.6687 2
39.8738 39.8738 3
37.1956 37.1956 3
31.1329 31.1329 3
59.9168 59.9168 2
63.3948 63.3948 3
96.7316 96.7316 3
53.8524 53.8524 1
30.7397 30.7397 2
58.7202 58.7202 2
34.5798 34.5798 3
36.3215 36.3215 2
68.4473 68.4473 3
30.4356 30.4356 3
40.2157 40.2157 3
30.163 30.163 3
70.12 70.12 3
31.7621 31.7621 3
41.3031 41.3031 1
62.7329 62.7329 2
34.8642 34.8642 3
55.3751 55.3751 3
42.3884 42.3884 3
32.589 32.589 1
34.3891 34.3891 2
32.2173 32.2173 2
88.4019 88.4019 2
36.942 36.942 3
39.2659 39.2659 3
34.0352 34.0352 3
31.4673 31.4673 3
36.3963 36.3963 3
34.9448 34.9448 2
34.737 34.737 3
75.5182 75.5182 2
32.7314 32.7314 3
67.8091 67.8091 1
50.0628 50.0628 3
44.0751 44.0751 1
123.297 123.297 3
65.7928 65.7928 3
62.2423 62.2423 3
32.1491 32.1491 2
30.3856 30.3856 3
48.8413 48.8413 3
32.5005 32.5005 2
58.006 58.006 3
33.5499 33.5499 3
44.3756 44.3756 3
52.312 52.312 2
87.5897 87.5897 3
62.051 62.051 1
101.376 101.376 2
61.1971 61.1971 2
53.0979 53.0979 1
31.7067 31.7067 3
107.264 107.264 3
31.5826 31.5826 3
45.4417 45.4417 3
57.6951 57.6951 2
43.3385 43.3385 3
32.3961 32.3961 3
37.5655 37.5655 3
47.3853 47.3853 1
44.0094 44.0094 3
43.0858 43.0858 2
40.513 40.513 2
31.9958 31.9958 2
39.5153 39.5153 2
33.3403 33.3403 2
55.8288 55.8288 3
39.5388 39.5388 3
77.4871 77.4871 3
50.6115 50.6115 3
34.4643 34.4643 3
60.1748 60.1748 1
50.64 50.64 2
57.6782 57.6782 3
36.5994 36.5994 3
45.9192 45.9192 1
109.378 109.378 3
34.3897 34.3897 1
38.1192 38.1192 3
44.6588 44.6588 3
30.1022 30.1022 3
57.9437 57.9437 1
30.7013 30.7013 3
34.1472 34.1472 1
80.7623 80.7623 2
34.7711 34.7711 3
33.2103 33.2103 1
37.1284 37.1284 1
66.3564 66.3564 2
33.6586 33.6586 1
30.6085 30.6085 2
35.6431 35.6431 3
101.631 101.631 2
57.8952 57.8952 3
33.0161 33.0161 3
41.0478 41.0478 3
64.6765 64.6765 3
36.2399 36.2399 3
30.761 30.761 2
34.1424 34.1424 2
50.6248 50.6248 2
49.8741 49.8741 1
88.5016 88.5016 2
105.388 105.388 1
32.4755 32.4755 3
44.6619 44.6619 1
30.4639 30.4639 2
41.9468 41.9468 3
46.7285 46.7285 2
183.488 183.488 3
37.3535 37.3535 3
38.0468 38.0468 3
31.4063 31.4063 3
91.5143 91.5143 3
58.1691 58.1691 3
48.6931 48.6931 3
30.3165 30.3165 2
143.595 143.595 1
40.6309 40.6309 3
33.9944 33.9944 3
40.4756 40.4756 2
32.1652 32.1652 3
32.1662 32.1662 3
41.5665 41.5665 3
37.9727 37.9727 3
159.966 159.966 3
61.6729 61.6729 3
58.5291 58.5291 1
34.4467 34.4467 1
122.625 122.625 1
49.6268 49.6268 2
90.4898 90.4898 1
91.0604 91.0604 2
48.4499 48.4499 3
37.632 37.632 2
31.2073 31.2073 2
31.2455 31.2455 3
35.4795 35.4795 2
33.9586 33.9586 3
45.8678 45.8678 2
42.6016 42.6016 3
33.7441 33.7441 3
52.3849 52.3849 3
43.4776 43.4776 2
68.0177 68.0177 3
50.216 50.216 3
45.9249 45.9249 3
38.9592 38.9592 2
41.7147 41.7147 3
76.0816 76.0816 3
99.4392 99.4392 3
52.3519 52.3519 1
98.6097 98.6097 1
30.4506 30.4506 2
52.6754 52.6754 3
35.4356 35.4356 3
54.6724 54.6724 3
38.7965 38.7965 3
35.3684 35.3684 3
52.3279 52.3279 1
30.5635 30.5635 2
45.4386 45.4386 1
31.8021 31.8021 3
54.3428 54.3428 1
31.05 31.05 1
41.1997 41.1997 3
44.7304 44.7304 3
42.4134 42.4134 3
36.0765 36.0765 2
32.0095 32.0095 2
56.2395 56.2395 3
108.287 108.287 3
53.8713 53.8713 1
32.3959 32.3959 1
33.9575 33.9575 1
35.8548 35.8548 3
37.8838 37.8838 2
38.6807 38.6807 2
31.3339 31.3339 2
33.2295 33.2295 3
40.358 40.358 1
49.0888 49.0888 3
57.0841 57.0841 3
40.5051 40.5051 3
36.7025 36.7025 2
33.7044 33.7044 3
56.5521 56.5521 2
30.3119 30.3119 3
35.9949 35.9949 3
47.6783 47.6783 1
33.5296 33.5296 2
44.3362 44.3362 3
48.399 48.399 2
68.0505 68.0505 3
55.6937 55.6937 1
48.5767 48.5767 2
30.1837 30.1837 2
49.5212 49.5212 3
31.0026 31.0026 3
36.4175 36.4175 2
62.4749 62.4749 3
61.6087 61.6087 3
35.4926 35.4926 3
37.5227 37.5227 3
42.8086 42.8086 3
33.4202 33.4202 2
42.6519 42.6519 3
66.7711 66.7711 3
30.1527 30.1527 2
41.3958 41.3958 1
34.1855 34.1855 1
36.2544 36.2544 2
30.3252 30.3252 3
31.527 31.527 2
81.3031 81.3031 2
58.2526 58.2526 1
30.8359 30.8359 2
54.8015 54.8015 3
73.1632 73.1632 1
30.7111 30.7111 3
48.3619 48.3619 3
237.459 237.459 3
36.8781 36.8781 3
37.9758 37.9758 3
57.679 57.679 3
30.6047 30.6047 1
69.1569 69.1569 2
46.2436 46.2436 1
45.1028 45.1028 3
36.8711 36.8711 1
49.9517 49.9517 3
53.6952 53.6952 2
49.8508 49.8508 2
157.307 157.307 3
38.1822 38.1822 3
59.3007 59.3007 3
55.491 55.491 1
31.0829 31.0829 3
51.0166 51.0166 2
35.5647 35.5647 3
127.765 127.765 3
33.7985 33.7985 3
63.3591 63.3591 2
35.6175 35.6175 3
30.4952 30.4952 3
89.6474 89.6474 3
92.5534 92.5534 1
59.859 59.859 2
32.415 32.415 3
43.729 43.729 2
30.1345 30.1345 1
53.1329 53.1329 3
69.4271 69.4271 1
38.005 38.005 1
57.0964 57.0964 1
42.3443 42.3443 2
52.7228 52.7228 1
413.789 413.789 3
76.2894 76.2894 3
59.2441 59.2441 2
63.0894 63.0894 3
36.5442 36.5442 1
80.2919 80.2919 1
48.1093 48.1093 2
67.124 67.124 1
42.7225 42.7225 3
46.0007 46.0007 3
86.0092 86.0092 3
116.647 116.647 2
86.943 86.943 2
74.2065 74.2065 1
30.5316 30.5316 3
37.5903 37.5903 3
134.562 134.562 3
112.101 112.101 3
30.7468 30.7468 1
35.2999 35.2999 1
33.6448 33.6448 1
38.7898 38.7898 1
34.5868 34.5868 3
38.3259 38.3259 1
32.5909 32.5909 2
32.3874 32.3874 2
50.5813 50.5813 3
32.3826 32.3826 3
42.5617 42.5617 2
35.2831 35.2831 1
52.4484 52.4484 2
38.8813 38.8813 3
31.5313 31.5313 3
100.642 100.642 1
33.8767 33.8767 3
39.3376 39.3376 2
38.2902 38.2902 1
33.9819 33.9819 1
65.4092 65.4092 1
36.6292 36.6292 3
38.6829 38.6829 3
56.6241 56.6241 3
210.39 210.39 1
38.4794 38.4794 2
35.4401 35.4401 1
45.3062 45.3062 1
31.7683 31.7683 2
40.6025 40.6025 1
93.138 93.138 1
47.5505 47.5505 3
72.4408 72.4408 1
37.0085 37.0085 3
68.6878 68.6878 3
30.367 30.367 3
46.3053 46.3053 3
37.7213 37.7213 2
151.878 151.878 3
108.492 108.492 3
32.1717 32.1717 3
30.92 30.92 3
31.7233 31.7233 1
30.3582 30.3582 2
40.6219 40.6219 1
31.3168 31.3168 3
33.0173 33.0173 3
81.8564 81.8564 1
50.7183 50.7183 3
45.3113 45.3113 3
32.7581 32.7581 3
31.7274 31.7274 2
35.906 35.906 3
36.1755 36.1755 3
40.9832 40.9832 2
117.518 117.518 1
32.272 32.272 2
35.9794 35.9794 1
47.0779 47.0779 2
38.963 38.963 2
39.5686 39.5686 2
32.9901 32.9901 2
129.221 129.221 3
31.9911 31.9911 3
43.9987 43.9987 3
37.2581 37.2581 1
191.016 191.016 1
71.5395 71.5395 3
51.7753 51.7753 3
54.5101 54.5101 1
32.8641 32.8641 3
123.588 123.588 1
46.759 46.759 3
146.668 146.668 2
50.3331 50.3331 1
32.6829 32.6829 3
33.638 33.638 2
35.7904 35.7904 3
33.5564 33.5564 3
43.6705 43.6705 1
47.4034 47.4034 3
34.9128 34.9128 1
42.8551 42.8551 2
39.9338 39.9338 3
38.3671 38.3671 1
49.9559 49.9559 3
37.0679 37.0679 1
37.8986 37.8986 3
31.9278 31.9278 2
42.5992 42.5992 1
41.0366 41.0366 3
48.8437 48.8437 3
35.082 35.082 3
135.576 135.576 2
48.63 48.63 2
36.3382 36.3382 1
69.5387 69.5387 1
41.7414 41.7414 3
43.9518 43.9518 3
32.7497 32.7497 2
32.923 32.923 1
43.6248 43.6248 1
31.6858 31.6858 3
88.4968 88.4968 2
35.9187 35.9187 2
37.6557 37.6557 3
35.0585 35.0585 1
39.5983 39.5983 3
36.8355 36.8355 3
59.6072 59.6072 1
48.3854 48.3854 2
33.3327 33.3327 3
39.4223 39.4223 1
33.5788 33.5788 3
34.7381 34.7381 3
76.5978 76.5978 3
35.9716 35.9716 3
73.2249 73.2249 3
75.0288 75.0288 1
43.0544 43.0544 3
51.6515 51.6515 3
47.246 47.246 2
30.1752 30.1752 3
45.3356 45.3356 2
35.2545 35.2545 3
34.4319 34.4319 2
42.2008 42.2008 1
75.2352 75.2352 3
73.9687 73.9687 2
30.2239 30.2239 3
53.2912 53.2912 2
35.5913 35.5913 2
64.0208 64.0208 2
67.3814 67.3814 3
363.111 363.111 2
30.669 30.669 2
345.173 345.173 3
30.3997 30.3997 2
35.6866 35.6866 3
39.9963 39.9963 2
30.5927 30.5927 3
78.6656 78.6656 3
34.8327 34.8327 2
30.6909 30.6909 3
32.1569 32.1569 1
31.8253 31.8253 2
34.1419 34.1419 1
35.3138 35.3138 2
39.0903 39.0903 2
34.6809 34.6809 2
37.4967 37.4967 2
192.598 192.598 3
32.8815 32.8815 3
33.8371 33.8371 3
96.5475 96.5475 3
33.5091 33.5091 2
53.4958 53.4958 3
54.5088 54.5088 2
32.5662 32.5662 2
125.827 125.827 3
32.0231 32.0231 3
46.3827 46.3827 3
115.042 115.042 3
92.9193 92.9193 2
42.6329 42.6329 2
59.458 59.458 3
58.9831 58.9831 2
30.4048 30.4048 1
78.6778 78.6778 3
41.8912 41.8912 3
32.3539 32.3539 1
34.6589 34.6589 3
61.4181 61.4181 3
48.0783 48.0783 3
57.7999 57.7999 1
35.7661 35.7661 1
88.1636 88.1636 1
36.0013 36.0013 2
31.0332 31.0332 3
32.5087 32.5087 3
45.7853 45.7853 2
43.3494 43.3494 3
171.875 171.875 2
47.3394 47.3394 3
32.1949 32.1949 2
43.6085 43.6085 3
103.661 103.661 3
50.5788 50.5788 3
81.3287 81.3287 3
42.3407 42.3407 3
33.1459 33.1459 3
103.803 103.803 2
61.4088 61.4088 3
59.2059 59.2059 3
46.2645 46.2645 3
121.298 121.298 3
54.116 54.116 3
37.7393 37.7393 3
34.459 34.459 3
100.688 100.688 3
218.328 218.328 2
30.9689 30.9689 3
36.823 36.823 3
34.9938 34.9938 3
33.842 33.842 3
36.5448 36.5448 3
34.7932 34.7932 3
69.502 69.502 3
34.4325 34.4325 3
45.3464 45.3464 3
55.6043 55.6043 3
111.933 111.933 3
46.6613 46.6613 3
54.3396 54.3396 3
37.9365 37.9365 3
38.7879 38.7879 3
37.2241 37.2241 3
36.7455 36.7455 3
34.1093 34.1093 3
51.0766 51.0766 3
32.6587 32.6587 3
94.2816 94.2816 3
