3.483099078291089132e-05
3.985258152743656739e-05
3.569234672617983432e-05
3.335790934608271298e-05
3.457146560985144702e-05
3.962845669416661557e-05
3.329573418240924321e-05
3.422913993431671157e-05
3.516567448015731946e-05
3.588715822017274614e-05
3.461369175494929083e-05
3.727233399476529427e-05
3.428224755468590578e-05
4.048563902938945216e-05
3.656519977359872533e-05
3.682981370354282148e-05
3.909759451067589296e-05
3.486123783620526963e-05
3.690136968859741379e-05
3.442306590586177413e-05
3.851417525660143118e-05
3.327590401703380067e-05
4.752967541133859786e-05
3.962771438476517542e-05
3.772633662162120689e-05
4.280972136619062737e-05
3.867925372779298753e-05
3.831067576310676520e-05
3.488089964543801888e-05
3.465988589597807079e-05
3.430116561779224900e-05
3.536424576157928205e-05
3.407502555589937145e-05
3.338512165127244962e-05
4.014538021948213596e-05
3.387501362361601916e-05
3.570238487116441631e-05
3.799503174490973835e-05
3.569794587978574515e-05
4.778464296742919876e-05
3.327754313834111952e-05
3.333148088740172055e-05
3.341600637959287845e-05
3.663142006291139792e-05
6.227541677803085209e-05
3.753197464433215031e-05
3.326577166153024819e-05
4.025964528842288360e-05
3.720257557721411216e-05
3.635056127294399096e-05
3.608674161253927557e-05
3.665822896999650749e-05
3.932979903809942138e-05
3.593276147100087222e-05
3.539041561610663288e-05
3.651999267764952664e-05
3.679251517225399392e-05
4.197460957090373099e-05
3.506443578705319407e-05
5.096291080594644212e-05
3.682456448833352315e-05
4.096922131697894445e-05
4.014950273648954150e-05
3.325671564410318301e-05
3.896919622469349574e-05
3.585031729139557432e-05
3.658603193103592515e-05
4.031616866908512605e-05
3.865523569772574955e-05
4.467734159055966375e-05
4.594847439725186351e-05
3.672012774767921637e-05
3.491100236950113223e-05
4.295435912083768411e-05
4.850798587118898797e-05
4.061424446340798010e-05
3.337046304956776553e-05
3.564848362778347935e-05
3.888907488935352099e-05
4.699637250310442755e-05
5.223907409404221399e-05
3.656113335897840581e-05
3.568727644320952277e-05
3.416293206281305502e-05
3.526000366835305405e-05
4.296200177230792669e-05
5.552064761908220543e-05
3.605959214154345514e-05
3.556818399059500589e-05
3.851650529879266442e-05
4.771231662878894290e-05
3.668122277578699073e-05
3.600283771755611586e-05
3.334100526386728881e-05
3.473351909476743600e-05
3.470945685040081457e-05
3.472664884559593739e-05
3.436163467024969641e-05
5.423882492729659551e-05
4.315762178276787896e-05
3.387459556260221993e-05
4.569915357869089285e-05
3.972269058923498438e-05
3.334269382177760551e-05
5.058820532177939200e-05
3.515644227744019640e-05
4.452940115001094814e-05
3.758432786686000902e-05
3.638534037157669943e-05
3.550946068516219989e-05
3.350371189805243102e-05
4.345248210426594268e-05
3.691231232791082313e-05
3.435683686049196325e-05
3.672048496892084412e-05
5.034319262140725051e-05
3.847301257313352258e-05
4.089191486836089016e-05
3.385001651727666467e-05
3.403109886854721280e-05
3.438377720540195735e-05
3.671345041703981236e-05
3.423823699766387108e-05
5.687362892538066952e-05
3.750790250054282342e-05
3.333611294093681587e-05
3.528264935469868619e-05
3.607160298327159758e-05
3.410310199072719248e-05
4.961296840089212193e-05
3.817819517762641347e-05
3.998836664241878810e-05
4.039437376227361979e-05
3.576593229383996127e-05
4.563213625110288827e-05
3.594462874544701668e-05
3.566690291486750066e-05
3.398135262848879236e-05
3.656262452208341432e-05
3.496110921977808471e-05
4.276799745934798622e-05
3.351600124483200538e-05
3.627576452178785116e-05
3.330452743932933859e-05
3.541078530039953897e-05
3.493061289566458508e-05
3.863573931808071948e-05
3.430552725233930678e-05
3.635726284646185840e-05
3.975167416647352081e-05
3.421713571835983053e-05
3.336726773712266818e-05
3.683915531741130736e-05
3.369839155526352202e-05
3.650913183951638767e-05
3.343237298368683129e-05
5.794196276737132605e-05
3.531082578179067750e-05
4.047184005652838741e-05
4.031034820286163691e-05
3.537399765765101249e-05
4.518920615748779304e-05
3.683180653751915812e-05
3.513036997908875169e-05
4.776612922834673600e-05
3.580574057323462027e-05
4.365526921015284220e-05
4.114783628579950545e-05
3.532422024174328216e-05
3.662020000139074559e-05
3.711230470178251571e-05
3.442829153722645134e-05
3.490551112307340261e-05
3.358959248997320739e-05
3.854545163946227003e-05
4.178604421041426972e-05
3.322568622982546084e-05
3.573372821521923005e-05
4.719839017019296595e-05
3.589381515690142819e-05
4.336819240635936799e-05
3.779219394207735007e-05
4.048191731322127370e-05
3.951886968997550922e-05
3.521757262903006826e-05
3.445374860830556404e-05
3.340877029008473782e-05
3.475306843933733823e-05
4.019790757220238336e-05
4.073796447655059910e-05
3.863752518649854104e-05
4.482481141711156447e-05
4.322016967736831618e-05
4.217929226849937064e-05
3.646885335847138097e-05
4.311734910574967352e-05
4.181017073704545431e-05
4.492310646983419350e-05
3.352297309622203161e-05
4.255473323878364761e-05
3.328041106649421154e-05
3.787640660275013452e-05
3.639813311686267931e-05
4.197082238834230045e-05
3.979637413627759899e-05
3.432827993821963258e-05
4.790466537070214642e-05
3.466569404713736258e-05
3.794399956637002202e-05
3.355579906798190762e-05
4.124444597813833055e-05
3.419121808854818880e-05
3.565059070594243863e-05
3.588732468498137876e-05
4.749372898784205667e-05
3.872984776914341424e-05
4.147403088775296359e-05
3.403882961359285176e-05
3.451203023403315653e-05
3.660946576701999922e-05
3.395693026467408129e-05
3.973207663578606725e-05
4.470832271396906572e-05
3.600978940610488328e-05
3.512239912804945868e-05
3.578375442401262013e-05
4.582144484562688115e-05
3.321068606607054048e-05
3.391860912039299620e-05
3.326547869267116225e-05
3.432956962809635622e-05
3.684050510672872065e-05
3.460536298675095240e-05
3.530669777073190468e-05
4.344931985964773730e-05
4.055729475190177812e-05
3.976878903137175006e-05
3.371477940560384815e-05
4.525706021330075970e-05
3.357395002292577069e-05
3.507358275561125131e-05
3.476913759204929108e-05
3.469432937789450338e-05
3.331736989327372512e-05
3.774094139465776493e-05
3.358953543709017315e-05
3.941917277792285861e-05
3.884725624022259218e-05
3.484265463627884274e-05
3.453655168614828508e-05
3.347489246096972785e-05
3.350779057877609218e-05
3.324829831289459345e-05
3.808563401071512913e-05
3.936102346058310397e-05
4.502266186916079369e-05
3.547054767837604349e-05
3.757731012725640468e-05
3.773905711305088024e-05
3.671852013381716415e-05
3.582142909388447621e-05
3.427463990167907334e-05
3.670954073047841601e-05
3.417365569135884018e-05
3.456590382472107153e-05
3.477087567813111596e-05
3.486105754770562514e-05
3.982387103630120022e-05
3.413392647585204384e-05
3.446199242070417635e-05
3.363153975904678133e-05
4.259556411591512807e-05
3.513299220970030794e-05
3.441621062272559031e-05
3.836245790027181378e-05
3.419925697407941493e-05
3.637182475915542225e-05
4.258846694976743306e-05
4.380905391648394178e-05
3.812892223112537442e-05
3.370107727317932532e-05
4.206814037213455452e-05
3.638435580178742238e-05
3.327344491867513553e-05
4.107642338883989500e-05
3.367997146284505710e-05
3.500595311331730912e-05
3.927258381305233766e-05
3.397549345156163395e-05
3.330154837977387369e-05
4.119957888787947555e-05
3.356088977563811466e-05
4.029467153977916527e-05
3.353131686030521398e-05
3.331815750976425971e-05
3.517658353126901693e-05
4.005894137773059125e-05
4.122821706142917994e-05
4.129090953580614673e-05
3.525411123155363589e-05
4.184629669238035227e-05
3.438605081916627738e-05
4.604089940825911872e-05
3.775795033700485493e-05
5.070209830306180013e-05
3.599456157463733875e-05
3.333194708610502622e-05
4.724232880274989866e-05
3.614989616819521036e-05
3.449136011464405650e-05
3.500373758956798541e-05
3.577819212696588898e-05
3.523419172905399463e-05
3.512035516566426943e-05
3.650064558847660487e-05
3.820216548218478348e-05
3.714143794718143145e-05
3.900033133222480561e-05
4.558260983919420372e-05
3.712732321364996192e-05
3.612177931260517267e-05
3.418306526244411136e-05
3.503863183725032494e-05
3.514183826678170730e-05
3.831387433518550765e-05
4.012667452620313714e-05
3.344909273200660088e-05
3.546605298926809314e-05
3.608168172346128773e-05
3.584700198348460883e-05
3.475088623602131397e-05
3.411393207859848397e-05
3.473723891992932166e-05
3.954028929277185749e-05
3.395720711916673420e-05
4.076564363178469661e-05
3.821957612354548483e-05
3.660433187925627200e-05
3.347627458944504300e-05
3.641721913888181872e-05
4.460948947838687861e-05
3.346114902289378055e-05
4.473178586571875480e-05
3.392513378218218215e-05
3.696921539377957892e-05
3.682914935964947469e-05
3.367201198023983771e-05
3.321030346537231300e-05
3.719408638583260654e-05
4.260992666714391635e-05
4.019799461219349015e-05
4.331434252977124221e-05
3.924419687362897051e-05
4.521512673959391732e-05
3.653365247307114103e-05
3.527686703380232433e-05
4.134775257217497693e-05
3.846391653547566897e-05
3.822749374904135257e-05
3.585920960076756576e-05
4.419316513684589748e-05
3.485036443008660576e-05
3.525168855459293211e-05
3.322862525561164380e-05
4.844932824461230741e-05
3.576720439888301026e-05
3.480866533904443437e-05
3.369109473925195895e-05
3.808730998808201374e-05
3.492853791988237227e-05
3.333928735156632944e-05
3.394407738446453076e-05
3.463285063736480315e-05
3.366418908540546326e-05
3.524576730365485750e-05
3.370302758357185277e-05
4.828837151638308296e-05
3.511220129533448484e-05
3.620014650776572996e-05
3.376001472513774393e-05
3.403269493389463832e-05
3.412655524274255608e-05
3.572438853499603856e-05
3.361936624479174826e-05
3.614880062081989861e-05
4.390561908423492671e-05
3.851084595229609694e-05
3.451999768407006266e-05
3.404383414014447483e-05
4.532424771573127071e-05
3.342092446019931178e-05
3.840609810496582645e-05
3.451700717448573190e-05
4.410710730904545524e-05
3.625517811093252840e-05
5.604147653385238434e-05
3.453795222152818151e-05
3.478946085167750686e-05
3.318431712219510740e-05
3.569591887895400808e-05
3.493875582107797584e-05
3.327812848500431544e-05
3.424976122677492337e-05
3.679733301458181226e-05
4.200058440364572637e-05
3.713726134986863360e-05
3.647635946705563047e-05
4.327256539602208294e-05
3.664725596313781419e-05
3.556401571864033147e-05
3.947088340729761752e-05
4.189360651471361549e-05
3.341267831365655713e-05
3.617560365692658146e-05
3.472362891738583416e-05
3.573110511711902318e-05
3.579951732780900275e-05
3.360247961145526791e-05
3.377601147329373351e-05
4.623632187135442149e-05
3.332967419803510632e-05
3.706834515177171780e-05
4.319493470905467006e-05
3.746827198115419976e-05
3.547202100604288143e-05
3.660050269146636977e-05
3.754735520246787366e-05
3.453752943485219215e-05
3.358847991068226356e-05
3.617236969891522448e-05
3.695682749871308947e-05
3.761959241045557750e-05
3.619348077251421773e-05
3.418502242839413556e-05
3.402440966617283622e-05
4.543455298419253401e-05
3.457502280757890508e-05
4.311025591480236927e-05
3.332874160781710448e-05
3.637963800901236659e-05
4.627265265644372094e-05
3.459300418508281448e-05
4.113001501211064188e-05
4.027634644637149449e-05
3.386070787460580605e-05
3.676252563431713717e-05
3.822849312863710731e-05
3.386118221058957977e-05
3.933789327801117774e-05
3.818505378756309552e-05
3.427010547468138641e-05
3.778924384388648237e-05
3.401104796618025948e-05
3.720918656108061903e-05
3.677954055723556455e-05
3.546290823174267558e-05
3.407889155231059661e-05
3.343072575432299567e-05
3.337049209400368247e-05
3.402014100113049278e-05
3.883434193816289847e-05
3.969973922346827969e-05
3.322177621743677481e-05
4.520055774641218693e-05
3.489223507619684117e-05
3.593610245243561012e-05
3.449488704435579352e-05
3.588734846549498171e-05
3.328664207771336436e-05
3.581363502675004030e-05
3.965190123113520817e-05
3.641801855131587487e-05
3.328953708995070608e-05
3.537053336372941861e-05
3.485075108550433827e-05
3.808201886298196934e-05
4.716914727567142360e-05
4.254250911732573799e-05
3.507089762245089765e-05
3.511035774855665711e-05
3.438420521134534779e-05
3.406663136929402699e-05
3.371715100319545784e-05
3.325061586315862917e-05
3.449348169497956147e-05
3.413499084777366430e-05
4.308524620497556756e-05
3.360772180587905621e-05
3.938124326451224085e-05
3.378446530589802654e-05
4.138300590187685374e-05
4.416163635326879154e-05
4.311597092308317342e-05
4.383478320919199396e-05
5.440152077389182050e-05
4.063289731936617013e-05
4.054776189358510379e-05
3.422892325652048212e-05
3.839794569700804054e-05
3.494686794873167227e-05
3.404875420192100539e-05
4.064100726113000362e-05
3.470179105318175886e-05
4.775106549570611204e-05
3.349118008461329316e-05
3.965341946958204282e-05
5.139725916810403356e-05
3.544279313210848268e-05
3.627336327445363298e-05
3.713184932869862618e-05
4.967736297383529309e-05
3.945663575078379391e-05
3.717344448158647674e-05
3.609381281784721689e-05
3.904526566548420280e-05
3.510576034912513669e-05
3.347682163861717886e-05
3.364273551646911509e-05
3.479430354447641204e-05
4.001421563779878211e-05
3.579815260325368113e-05
3.947531231510915581e-05
3.362178484667387315e-05
3.368237811678496686e-05
3.493809024319418017e-05
3.812795592213134415e-05
3.325571877487209290e-05
3.442034558136909613e-05
3.485178210894852326e-05
3.362687657357976728e-05
4.600334199597145240e-05
3.707719636157887029e-05
3.757580136630806118e-05
3.399204123099033127e-05
4.343968868302463838e-05
3.484123593581298800e-05
3.421851828352535333e-05
4.512688511201720247e-05
4.024804375317202274e-05
3.322045299434302229e-05
3.882697071054025297e-05
4.714816477276336898e-05
3.734815083202201828e-05
3.464875921488086836e-05
3.571619875542273229e-05
3.367917857916245805e-05
4.120301120318492353e-05
3.486849875586675167e-05
3.406660392798578841e-05
3.576295556188481453e-05
3.363287583201085123e-05
3.498064263181675267e-05
4.628139819129720894e-05
3.970568307692095439e-05
3.472534724096328193e-05
3.363892897213080008e-05
4.028602232189397399e-05
3.737958829278006635e-05
3.812114958869915779e-05
3.377823081646353834e-05
3.851550675674759414e-05
3.609753420683551602e-05
3.619633792955111949e-05
3.470974357559811717e-05
3.537409662376893988e-05
4.738255902671194682e-05
4.258371389070169608e-05
3.508626616571199790e-05
4.944717677666908432e-05
3.712721491479967337e-05
3.477668485878447722e-05
3.409297441516208186e-05
3.557325235925907272e-05
4.012322796568678908e-05
3.476986398544345636e-05
3.635453213587256169e-05
3.526729056450852252e-05
4.261089061777163675e-05
3.319425274937287787e-05
3.481375921277438140e-05
3.800888741367795457e-05
3.816878414410338676e-05
5.951816128459322652e-05
4.251749476998697031e-05
3.771654997807258086e-05
3.322033536749778717e-05
3.357714865309595711e-05
3.877138079050029270e-05
3.943503585409857096e-05
3.439321668434095576e-05
5.071009505016678724e-05
3.795311610792149575e-05
3.405732528117219897e-05
3.431230898755906948e-05
3.426454315059909830e-05
3.326802728412034399e-05
3.626215937307814279e-05
3.510272819079348201e-05
4.613937179395677325e-05
3.411846915277279079e-05
3.670495935508988897e-05
3.436584128907203747e-05
3.529891061913917577e-05
3.352601306670722537e-05
3.484938485022641901e-05
3.354246164191127400e-05
4.281569371080382340e-05
3.759148853054059897e-05
3.463667891824691677e-05
3.348565739584782999e-05
3.940163688035140579e-05
3.885081277383609734e-05
4.321745971746863822e-05
3.476830737706500685e-05
4.036147886850786459e-05
3.859592542784751160e-05
3.627534895256708550e-05
3.798681743007900039e-05
3.460875296135565779e-05
3.949021781047957580e-05
3.530231963421399591e-05
3.584101321142247308e-05
3.371785674723841631e-05
3.639440413011016553e-05
3.881737277554320604e-05
3.397253517001899714e-05
3.406794848060977824e-05
3.535426345009228829e-05
3.804190620077642300e-05
4.768023182925565975e-05
4.962955174452258317e-05
3.545027233553188012e-05
3.736720929613158331e-05
3.565160779352611497e-05
3.471089041125752093e-05
3.453073647268606848e-05
3.935561807495044454e-05
3.979619518176558948e-05
3.377792181802687798e-05
3.809732124250485118e-05
3.399223447980038581e-05
3.834742500168028285e-05
3.878627357664116989e-05
3.632100630090273852e-05
3.488786660858345085e-05
3.515727269383179187e-05
3.999410502760352727e-05
4.015830286044901759e-05
3.536847909167987938e-05
3.794263258568135737e-05
3.475395160499009664e-05
3.646116087678972264e-05
3.836813805829958378e-05
3.523911825162749016e-05
3.686972456386896160e-05
4.043493943740382419e-05
3.418040084685002429e-05
3.336174657828457388e-05
3.383635268291231317e-05
3.333063585654440024e-05
3.385685670610423298e-05
3.968007104372806959e-05
3.606222045329014568e-05
3.404900152771168529e-05
4.813780630021729753e-05
3.528950002532092663e-05
3.420045150000958461e-05
4.626484874804424121e-05
3.323012388354297612e-05
3.841026130058022636e-05
3.927848447792023058e-05
3.743595930575632888e-05
4.243733465287148187e-05
3.943215463205388375e-05
3.670607690872078994e-05
3.376178692045223262e-05
3.996107391611782733e-05
3.408571579338857428e-05
4.635178772240973856e-05
3.512144027284969019e-05
3.336250225368726552e-05
3.684103613409984415e-05
4.400919087865462319e-05
4.159518855554550994e-05
3.689070469198707633e-05
3.516061897687333280e-05
3.508452009735274989e-05
4.037390264283351925e-05
3.330406018432776168e-05
3.341942031741618673e-05
4.072157739936873352e-05
3.478813979549431944e-05
4.184707600490828713e-05
3.470799705749090324e-05
3.601805593222553244e-05
3.406825029889786626e-05
4.158700940473960791e-05
3.785759345588375304e-05
4.004584239366274005e-05
3.641271868840838293e-05
3.400244476222426666e-05
3.511848755601576104e-05
5.377162692230662712e-05
3.432392625087020297e-05
3.518394314018357126e-05
3.426851263557156342e-05
3.670668034877761084e-05
3.632413499373516387e-05
3.931541029263465063e-05
4.721673955657111079e-05
3.594169253915141250e-05
3.403219962529813257e-05
3.602302275860569999e-05
4.531325665081061433e-05
3.514481078000521424e-05
3.826059493710345049e-05
3.565257637418841133e-05
3.665544730365037808e-05
3.444462090296955320e-05
3.553345613556918261e-05
3.377418513067658216e-05
3.631398705103054621e-05
3.678705137178674665e-05
3.545246114979287049e-05
3.571523491235645970e-05
3.371082572316286014e-05
5.502812807609534524e-05
6.654799451641286469e-05
3.726624686790995625e-05
3.530055303138859840e-05
4.186793116478512098e-05
3.548669598338179224e-05
3.676477329001084395e-05
4.581221266326959766e-05
3.346941999514493231e-05
4.008459530681627084e-05
4.767925203722719771e-05
3.533881646807314253e-05
3.540335718597427227e-05
3.853174869838803696e-05
3.652110320217229710e-05
3.525668326372438329e-05
3.582589781983618683e-05
3.480012785820481676e-05
4.082099759433527650e-05
4.299995657346233332e-05
3.322377547961389725e-05
3.406512200706287956e-05
3.770870733067645790e-05
3.791855561450606230e-05
3.873630622824139651e-05
3.357029341913297677e-05
3.451409537441624552e-05
3.536483999724474416e-05
3.540671394115681018e-05
3.420265021368062915e-05
3.717145843639935675e-05
3.320577019606125709e-05
3.701526832514784418e-05
3.597057601677734946e-05
3.754985395710073423e-05
3.386436257987394109e-05
3.426057240061516793e-05
4.573184688087730804e-05
3.432134557121956764e-05
3.560102002271571758e-05
3.443180961122586876e-05
4.326251269001822017e-05
3.378485836585983621e-05
3.552893440859512526e-05
4.703811982644030723e-05
4.789886124594478108e-05
3.396650582408830988e-05
3.865490613299861760e-05
3.707356524141662909e-05
3.829739681807506531e-05
3.431545639774901307e-05
3.585196270668981769e-05
3.349810866683300886e-05
3.428675060814533781e-05
3.506633666681169709e-05
4.195448809430755066e-05
3.672186911097591902e-05
3.977800185768257769e-05
3.825814200359567560e-05
3.338520867920295244e-05
3.438704038073175256e-05
4.515954150966198664e-05
4.671069330650074971e-05
3.627461013051356799e-05
3.683470668828384625e-05
3.423631525540618055e-05
3.450665398010659807e-05
4.041900096271000114e-05
3.949993919305910806e-05
3.655331331138658078e-05
3.571337931304707211e-05
4.961189483580358961e-05
3.582778521683677706e-05
3.929745028936213266e-05
3.484902393329484442e-05
3.728524936570089889e-05
3.964112437397845099e-05
3.516849061010808065e-05
3.474615683563671097e-05
3.448310905987395352e-05
3.473869533623949262e-05
3.731162017574541647e-05
4.486511685630367767e-05
4.336303475054488759e-05
3.962697203712302340e-05
4.201662286703785330e-05
3.480946704899721961e-05
4.070774509103721025e-05
4.282950330112857671e-05
4.509714559262416415e-05
3.822079605168529393e-05
3.515505813023993167e-05
3.456131547670058645e-05
3.475215923375025155e-05
3.597794633972262705e-05
3.393395740838140405e-05
3.536389911142662104e-05
3.716567133665050349e-05
4.672681225551003718e-05
4.031454538863977490e-05
4.045048422180012204e-05
4.027331601188549506e-05
3.415604119446799221e-05
3.637785122107423932e-05
3.929322548476449790e-05
3.333389909844265030e-05
3.635547303262324419e-05
3.686380624921707704e-05
3.328977100010127295e-05
3.355634255938205334e-05
3.870860072017118697e-05
3.486345259997273319e-05
3.784898869902351135e-05
4.173456729314078452e-05
3.663771175192884010e-05
5.906349999031893644e-05
4.705269041093452115e-05
4.009169877884444591e-05
3.944252065532787862e-05
3.466009524521537760e-05
3.593937152225369907e-05
3.354990492236277857e-05
3.634410894633912227e-05
3.915628194456435726e-05
4.040479602002522652e-05
3.602194010390386898e-05
3.696748396742735235e-05
3.996376304021880205e-05
3.864967083345335728e-05
3.414112967357935309e-05
3.324548145122354487e-05
4.051609441758016197e-05
4.274779904279939728e-05
3.369655361958222908e-05
3.774199730749875433e-05
3.702188436362757317e-05
3.590512416357766971e-05
4.305734348500269305e-05
5.005165953302672240e-05
3.553592408647328056e-05
3.528459282562365661e-05
3.482680775936271549e-05
3.362002073722664667e-05
4.157485932305983163e-05
3.396941023422969674e-05
3.490330369115753626e-05
3.448066719246916187e-05
3.608571105262855838e-05
3.483290108718655739e-05
3.578353868957431094e-05
3.359332887356745946e-05
3.505467347370129310e-05
3.359626583849172429e-05
3.803134795354917486e-05
3.502798549449760051e-05
3.565429542667023627e-05
3.935727864955598061e-05
3.707839202543185123e-05
3.352188311085862370e-05
3.356249090754409527e-05
3.906047595480851967e-05
3.379594309286606694e-05
4.971224075617067701e-05
3.563042621771220220e-05
3.950235024692785759e-05
3.399060557380819911e-05
3.341655614623378141e-05
3.566762850081694477e-05
3.483246225899199068e-05
3.742558099712078352e-05
3.382253371194998318e-05
4.006763822069019213e-05
3.700880199077008790e-05
4.474320005984889722e-05
3.345650674651052994e-05
3.421206499795758152e-05
3.361575167724748696e-05
3.845894363006423434e-05
4.963822753901486653e-05
3.345990933360662922e-05
4.056181263544102162e-05
3.407332523234582618e-05
3.580262932236655130e-05
4.050972207228628261e-05
4.734586044881342504e-05
4.016406197471252248e-05
4.068521261793265362e-05
3.502185790842238510e-05
4.309115727237009246e-05
3.568343619649147393e-05
3.966545127718970333e-05
3.499010490724015747e-05
4.179386646350827375e-05
3.348047759927134069e-05
3.522365712083436797e-05
3.897658847997550487e-05
4.180395122701519164e-05
3.406649416214494223e-05
4.253815910996642499e-05
3.917591534489138548e-05
3.681501317012429871e-05
3.454352638986681246e-05
3.619292320613240655e-05
3.351648911727876559e-05
3.519716974387236170e-05
4.089161592872906596e-05
3.682463094695529815e-05
3.659236764288855602e-05
4.183358826707564036e-05
4.055437267672159374e-05
3.370743583728018036e-05
3.421466840668007634e-05
3.383749890425607782e-05
3.373748837411574418e-05
3.432110360514197477e-05
5.162102902918375304e-05
3.447182471593303983e-05
3.463806834882232540e-05
3.970883412781656162e-05
3.534253734229669716e-05
3.412816636754024366e-05
3.339373439166440084e-05
3.379790643229250085e-05
4.220754083351444517e-05
3.335770582260092003e-05
3.428035956335835974e-05
3.481502589864487340e-05
3.664233874100283721e-05
3.518256196637204011e-05
4.346266725649095767e-05
4.014920581442295002e-05
3.444254428630100001e-05
3.371158831831240466e-05
3.340767002705335135e-05
4.437219172118188007e-05
3.330861515181510012e-05
3.535854961012018096e-05
3.749133876714545694e-05
3.332229894657325628e-05
3.624138966358650030e-05
3.733028187073393747e-05
3.342948295989266725e-05
4.185203149873050220e-05
3.678982797202426489e-05
3.545450206870689075e-05
3.441300842588584084e-05
3.770140008907964756e-05
3.497944340444749550e-05
4.294529040527758043e-05
3.464684705464354244e-05
3.530465814289180130e-05
3.492864039577909131e-05
3.408426355882983148e-05
3.331165084542720128e-05
3.399104733224030036e-05
3.475475679047541997e-05
4.187536918388157356e-05
3.838107306186047327e-05
3.327280078650813108e-05
3.586052028631225538e-05
3.441687764394803255e-05
3.835580501893596698e-05
3.643878635760851732e-05
3.515138312145231763e-05
3.373137096446050429e-05
3.854789369566962820e-05
3.599812260793242962e-05
4.302412082098264038e-05
3.346576071125144950e-05
3.429375811461889785e-05
3.420004428815053054e-05
3.505779315534933487e-05
3.558109466931882211e-05
5.522010296166815919e-05
3.354933252353901142e-05
3.343401998989146149e-05
4.835741374205583873e-05
3.780854209533713998e-05
3.781111726967800523e-05
3.756722760318027522e-05
3.425276226829806667e-05
3.534119795168040335e-05
3.424968010750781066e-05
3.440790990520112324e-05
4.313618647766908953e-05
3.750758658699222803e-05
3.935816421056888758e-05
3.496851757434924553e-05
4.832628388930761484e-05
4.198253642514849447e-05
3.666271430586675716e-05
3.709155905250103696e-05
4.093299509106233249e-05
3.455490480672155940e-05
4.202934912281586910e-05
3.509701566951309060e-05
3.509223641997652070e-05
3.754775419397031526e-05
4.702489390300357508e-05
4.377777686701484129e-05
3.575269982490301008e-05
3.462862769029697761e-05
4.424575879582751613e-05
4.033609963954873590e-05
3.327631381817662938e-05
4.064294960730149224e-05
3.812769420185516242e-05
3.802879330866455737e-05
6.151865639346261710e-05
3.776952588175677141e-05
3.348183031430041531e-05
3.683585771908744135e-05
4.796699146889708240e-05
4.887320052959935926e-05
3.359754875691680308e-05
3.400070685022276931e-05
4.349408045076916864e-05
3.425651930992818146e-05
3.610286869777486809e-05
4.469827527753837866e-05
3.455390201935168752e-05
3.638584407662713392e-05
3.792809749144061360e-05
3.328222511907633860e-05
3.597095408309183064e-05
3.463056884804272494e-05
3.543789485469490768e-05
3.848649839745400786e-05
3.355488365932266670e-05
3.586978664900794875e-05
4.006681268287290036e-05
3.417887806717680627e-05
3.911847222410912069e-05
3.722474300301015232e-05
4.383963883094832366e-05
3.362061828667680058e-05
3.318558532820535349e-05
3.444187863116662725e-05
3.381040835003036772e-05
3.682720042742233097e-05
3.404463137786543041e-05
3.625242620061508116e-05
3.705306477388372493e-05
3.493061289566458508e-05
3.610001454682177188e-05
3.969755919723294861e-05
3.336566976529844195e-05
3.828097942844204895e-05
3.492748749426819214e-05
3.784004966415859249e-05
3.371771560167962034e-05
4.872028352646728586e-05
3.470862270369820323e-05
4.240926487671974667e-05
3.526694128726373450e-05
3.524324306983388807e-05
4.217743158401113658e-05
3.408467458587474404e-05
5.155923587973281174e-05
3.345007383379313071e-05
3.339895126275558592e-05
3.528760711477706727e-05
4.127384049188267853e-05
3.570245723345001349e-05
4.150203996456284470e-05
3.556172381548958764e-05
3.440280930606538757e-05
4.475110747506303463e-05
3.692320207259596631e-05
4.386011492637372590e-05
4.415663547841091620e-05
4.488397258883582684e-05
3.698270849362567803e-05
3.708412973650684235e-05
4.185468000035823011e-05
3.700014622217760691e-05
4.789240994921454360e-05
3.536290863092557749e-05
3.323423680903285325e-05
3.525428604620035563e-05
3.468759442800484698e-05
3.524939033473367949e-05
4.396769571985337835e-05
3.765507881063982212e-05
3.585406090608330375e-05
3.391146968562749610e-05
4.838326096953744402e-05
3.371734861562232077e-05
3.566518553305263742e-05
3.658957218465880295e-05
3.329219755125258399e-05
3.322048240087536656e-05
3.659879046286755621e-05
3.862927335224822505e-05
3.531788508624741045e-05
3.385378607104929917e-05
3.922856740364126109e-05
3.631097107991103893e-05
3.779512278368081225e-05
4.149463977072462398e-05
3.893846758110547932e-05
3.524991496469153030e-05
4.113383914570760619e-05
3.541825844573784544e-05
3.752404646961811986e-05
4.602147127069471517e-05
3.459629228564729678e-05
3.362636465222605756e-05
5.237392619962146211e-05
3.341120209693661383e-05
4.072916875071192015e-05
4.378428766549445872e-05
3.565068757486456982e-05
3.371116466019726400e-05
3.997930421113769659e-05
3.541236414785206224e-05
4.363484709126841632e-05
4.761588351787817276e-05
6.545021857846635349e-05
3.447827794888968437e-05
3.564346885755623824e-05
3.371740507573071921e-05
5.348570174262580739e-05
3.450485255231075819e-05
4.099619311207847102e-05
3.497686595876567801e-05
4.329766200704850663e-05
4.193791938988920706e-05
3.334219892399342087e-05
3.349612536751062915e-05
3.809372932626344069e-05
3.696187173660750143e-05
3.583170248469740249e-05
3.433478076765852038e-05
3.846979132693755768e-05
3.370647519914789307e-05
3.799718617734827996e-05
4.345761062211617165e-05
3.523591747788483414e-05
3.568432994027661686e-05
3.565567534613124856e-05
6.854239870139886340e-05
3.487853360683099694e-05
3.399422200651370444e-05
3.899732307494314048e-05
3.507145496073131688e-05
3.456914630191189032e-05
3.989275912293706073e-05
3.322639166121642220e-05
3.547609633596884881e-05
4.054242352035118045e-05
3.955212473958085747e-05
4.382871846310416972e-05
3.821809606696091735e-05
4.088972250481689416e-05
3.322633287684027879e-05
3.744793747149859184e-05
3.824385454487217389e-05
3.554056548944902437e-05
3.620137709321093341e-05
3.355728646059986042e-05
3.320185372974572769e-05
3.935750004494628938e-05
3.676864460288530826e-05
3.370836814935609628e-05
3.611640576430510854e-05
4.967405629280679337e-05
4.051459529017265715e-05
3.329652320707817483e-05
3.860378828361593650e-05
3.376876069696001855e-05
3.526319843395612689e-05
4.617008567629964598e-05
3.676902277450091289e-05
3.506932681078389879e-05
3.373052499953445044e-05
3.661864778576380558e-05
3.414404796159825194e-05
5.272915877685635739e-05
3.554498548670707457e-05
3.586961996027727284e-05
4.100057925366661250e-05
3.365505605177451147e-05
3.359478318717093622e-05
3.778140134293607439e-05
3.592372943724805233e-05
3.392213564278252666e-05
3.662816069852070904e-05
3.636719420460888229e-05
3.623715306625565307e-05
3.389286552137763875e-05
3.784282446883313128e-05
3.956235000393289164e-05
3.763426961093244215e-05
4.008559526406160739e-05
3.440198126395028772e-05
3.402867685898251131e-05
3.412849402834433181e-05
4.174536619930783044e-05
4.049420564390162209e-05
3.379440024895981158e-05
3.640106066467797190e-05
3.403371300598099586e-05
4.432457455099167416e-05
3.460678215701337886e-05
4.781610353232562742e-05
3.716225837757377930e-05
3.580674558771438000e-05
3.493960054279804530e-05
3.390691162038967407e-05
4.779005261607214530e-05
4.264803857251238075e-05
3.587226291640394424e-05
4.365161986929130540e-05
3.528925097409654700e-05
3.367107689716811376e-05
3.702127311687143451e-05
3.645257553248105748e-05
3.734921625617996686e-05
3.775544790996586517e-05
3.917088803277291275e-05
3.794897668006741838e-05
4.200794259713775975e-05
3.594290025224345492e-05
3.788909147672428295e-05
3.623724568403799981e-05
3.635753818093189171e-05
3.401540243517125914e-05
3.720892821194364764e-05
5.210956871366204547e-05
3.435179583550402075e-05
3.571328291103306930e-05
3.950392086735979427e-05
3.952662089097190389e-05
4.136069858231354829e-05
3.951363298364776895e-05
4.442528948694972031e-05
3.732462628667747718e-05
3.346561662244192819e-05
3.512406433705961696e-05
3.556321116061038476e-05
4.141387918636365634e-05
4.198493066909233878e-05
3.627394053728135478e-05
3.693072074018893298e-05
3.994149199917701784e-05
4.031140193037630455e-05
4.220664267769138787e-05
3.431265873901069937e-05
3.464024394162835193e-05
3.551460107726786656e-05
5.299849129987738459e-05
3.691277449655968788e-05
3.404314682503710611e-05
3.784370817802712846e-05
3.323015326654652727e-05
3.347984436186811255e-05
3.352320255440640478e-05
3.654075997647206555e-05
3.677796230557263326e-05
3.330884869372135256e-05
3.890519642825198803e-05
4.172418493852354983e-05
3.887888941320376751e-05
3.952700378313185104e-05
3.466619101685085205e-05
3.414688377126550806e-05
3.375449959191918070e-05
3.373481062088516734e-05
3.643826185783773992e-05
3.406086736009649531e-05
3.509104765140293793e-05
3.482729843241308323e-05
3.831911760998836828e-05
3.323476551219665574e-05
3.419890402400488637e-05
3.469156274061908787e-05
3.949639493982586784e-05
3.497814198725486936e-05
3.459413538865208635e-05
3.345520889904546585e-05
3.325865050865528267e-05
3.649274441465013674e-05
4.122774616065767847e-05
3.901963331862033207e-05
4.233302390334846028e-05
3.922758068402157404e-05
3.650620537648411533e-05
3.378707611141206109e-05
3.988349450935570271e-05
3.519139890351672041e-05
3.460226127980183582e-05
4.326898298991595969e-05
3.385077052038417366e-05
3.443788395720824173e-05
3.849773646829669408e-05
3.522395751468404183e-05
3.678976134036765174e-05
3.470252132976083545e-05
3.657457038244940769e-05
3.322603895066936024e-05
3.515573763941067144e-05
5.061732194336454556e-05
4.170226600190369892e-05
4.052738407893248350e-05
3.892799436724036447e-05
4.769970731276253071e-05
3.371093870321558908e-05
3.564773274705070462e-05
3.450524994832276351e-05
4.472816537456773459e-05
3.354798728057976789e-05
3.799049820972704784e-05
3.444227802849265729e-05
5.213921880434788033e-05
3.737254938719976907e-05
3.440734920807725432e-05
4.111060144629462119e-05
3.448982174446301087e-05
3.483721112084846999e-05
4.164211726272211417e-05
3.402366619818646967e-05
3.365162231081669526e-05
4.880635294948377383e-05
3.574072857250384797e-05
3.356480645889703033e-05
3.536912263388023001e-05
3.435249311975633804e-05
3.492530950583671955e-05
4.098249872902006552e-05
4.668567866479925583e-05
3.659894817734382096e-05
4.543056223093269892e-05
3.806344353428127447e-05
3.491574756154414177e-05
3.521384037875780355e-05
4.113406790903057463e-05
3.709314431232217538e-05
3.353905339395374667e-05
3.549017822617077443e-05
3.624879464987082407e-05
3.494835162631780963e-05
3.707347825648445280e-05
4.772372233741656929e-05
3.727539795719338764e-05
3.537045911864749372e-05
3.762648409543064095e-05
3.372426304491845918e-05
3.918749570630821149e-05
3.695919633315348688e-05
3.563978527838148063e-05
4.564376445713555670e-05
4.122617097127953436e-05
3.574296500521362746e-05
3.341207048143494951e-05
3.526843812276972103e-05
3.679100507657343281e-05
3.792585053445945189e-05
4.594847439725186351e-05
3.710642711326982124e-05
3.744857206264531939e-05
3.388846761086955901e-05
3.558270151246770982e-05
3.991705727818470870e-05
3.707160794467497357e-05
4.855589028185076179e-05
3.447219659732696435e-05
3.838806957985085221e-05
3.658309979768679596e-05
3.795762116752378568e-05
3.947331764560311189e-05
3.492961387556435830e-05
4.868248988639928808e-05
4.194234979698732756e-05
5.184501643866198473e-05
3.365709881242156951e-05
3.320144139622193037e-05
5.352883113578175278e-05
4.064441886481540373e-05
3.882982392782241619e-05
3.398508226076496616e-05
3.817574771884846605e-05
3.356637849647401415e-05
3.521391553546786225e-05
3.325205310786412090e-05
3.329172982019780279e-05
3.504650288459656412e-05
3.534092509573638077e-05
3.670504876282384515e-05
3.339321258127180323e-05
3.401374901989210459e-05
3.371717923373714824e-05
3.576401189960127077e-05
4.173373508182353752e-05
3.424662423027962597e-05
3.533467262691207859e-05
3.468738553486040629e-05
3.929541216238962220e-05
3.990546389189641812e-05
3.421992779966367455e-05
3.985520171522682144e-05
3.933290421961212457e-05
4.243452997230199257e-05
3.462663375729909174e-05
3.947249407734726982e-05
3.459860659307538753e-05
4.333979732007041310e-05
3.327558202068496584e-05
3.435879373163849918e-05
3.831514561330709212e-05
3.430186573596475112e-05
3.418396233508954013e-05
4.139592162414270390e-05
3.724657361620315675e-05
3.427307463119961232e-05
4.038624717006646022e-05
3.468224044933437074e-05
3.441196753546060366e-05
3.530127463092801095e-05
6.936125904970275220e-05
3.408949628528629573e-05
3.548760341885923278e-05
3.341991207688579842e-05
4.763772329194841383e-05
3.611145080656417755e-05
3.468968316920501704e-05
3.994983436080184379e-05
4.103014378634955165e-05
4.447141116174639538e-05
3.321704135071465870e-05
3.874838619850155277e-05
3.362050446998562811e-05
4.525527584680201065e-05
3.638991880335094105e-05
4.406664966126509981e-05
3.324002191322046531e-05
3.419722058582307691e-05
3.405051285576173850e-05
3.758619167555502828e-05
3.362184174919239109e-05
3.828303017258242899e-05
4.002318588014597804e-05
3.414110239662391236e-05
3.395623810128388593e-05
4.159434865276977666e-05
3.521424120944752879e-05
3.420278592400998981e-05
3.569845258054102621e-05
3.333028617136929699e-05
3.827815169349087308e-05
3.339564750462184798e-05
4.278008925980592036e-05
3.652425296036396402e-05
3.571096904798416505e-05
3.439404530684700873e-05
3.584604778178919493e-05
3.900458720998806027e-05
3.938838801526663489e-05
4.707412839182923575e-05
3.322424584616584563e-05
4.125620097101300371e-05
3.968048595667396898e-05
3.671329405155948156e-05
3.948771330583693295e-05
3.399637479989938641e-05
3.325911952011443526e-05
3.816362443093789913e-05
3.760322641485491514e-05
4.126582509831642429e-05
3.480755320568091775e-05
4.007183544479959997e-05
3.526539437367832872e-05
3.505053808476706262e-05
3.383014445853789134e-05
3.698752417856505204e-05
3.970609725429108925e-05
3.566003202264358436e-05
3.330286276109195983e-05
3.822159594643853819e-05
3.918764506883893727e-05
3.886566023243516504e-05
3.337743172131550553e-05
3.564780541482902738e-05
3.352303046117305070e-05
3.818844173341963264e-05
3.800671449566205918e-05
3.809689752555919979e-05
3.597593881068206705e-05
3.970887013585275467e-05
3.603788844091315122e-05
4.404988844746231903e-05
3.646842105921583156e-05
3.551447871075571376e-05
3.629864678871878533e-05
3.901570321199748776e-05
3.323473614040545589e-05
3.837919486818228626e-05
3.739144623865127030e-05
4.251557006015266944e-05
3.668003595721227938e-05
3.387239354041901975e-05
3.348568616634139944e-05
3.583416211803641893e-05
3.358465642982617466e-05
3.782641416136638926e-05
3.452060628460589518e-05
3.339034222321733155e-05
3.552600055010169701e-05
3.797837436900654008e-05
3.885429195640819792e-05
3.554383789789475291e-05
3.390432611500720394e-05
3.358722457134063805e-05
3.325507369804855148e-05
3.952999363776695598e-05
3.486265429949224418e-05
3.602885813852471181e-05
3.489904174814458616e-05
5.259131581397031733e-05
3.682839639672871483e-05
4.125662235833186820e-05
3.914003120253746270e-05
3.635074492296990275e-05
3.398486127689160150e-05
4.110428292201005019e-05
3.603085756999325432e-05
3.473848728704702186e-05
3.476750305430771761e-05
3.325366613825071538e-05
3.545464959249263316e-05
3.320073450598794677e-05
3.447594135928330067e-05
3.426138286054045400e-05
3.330435222081636092e-05
3.442197251315389807e-05
4.028306311717077848e-05
3.387832973832954642e-05
3.762560716466274436e-05
4.064956855689089512e-05
3.555660213840625069e-05
3.602314043307300442e-05
5.384773799937215215e-05
3.453906196884268460e-05
3.793853083079964700e-05
3.439006207054611208e-05
3.923284860387201372e-05
3.628663393285224120e-05
3.582800021939976472e-05
5.890917710314805934e-05
3.557834309567676459e-05
4.360045469623996566e-05
3.477474011779005543e-05
4.520329356795061635e-05
3.351892818662171941e-05
3.417096204602756504e-05
4.039227811590687990e-05
3.935447401145669618e-05
3.386982866388543235e-05
3.752850532032711030e-05
3.545728014991049524e-05
4.544177367292665513e-05
3.480250858342823656e-05
3.370000305664488190e-05
4.165085088271503128e-05
3.521549372449104013e-05
4.501508899424877362e-05
3.717694093899253185e-05
3.932685958448193153e-05
3.453737088617929012e-05
3.829666093747393409e-05
3.420167305559296885e-05
3.592353972129535406e-05
3.684650006813562878e-05
3.548515074369885139e-05
3.398533086289928052e-05
3.393409609426787553e-05
3.447272783732393712e-05
3.358796637836458746e-05
4.705415807636598261e-05
3.441516999862535365e-05
3.403228217810756279e-05
3.511533218949502603e-05
3.985771451155261383e-05
3.695862609635378564e-05
3.912779346053575977e-05
3.580619523225100209e-05
3.874326262760301268e-05
3.703120243981714591e-05
3.461156410808905511e-05
4.092106581880640897e-05
3.336598937650026524e-05
3.756982755208200872e-05
3.490561378498264973e-05
4.529447476239250946e-05
3.587054862750802767e-05
3.659108270679895870e-05
4.071875484283018798e-05
3.443679185787937769e-05
3.617904613421247167e-05
3.851249111922672765e-05
3.323279744433574708e-05
3.445523821458450691e-05
3.384121639967978159e-05
4.011048436877799719e-05
3.926140669086562469e-05
3.829407510266102487e-05
4.284595933650134537e-05
6.962451277797560814e-05
3.405924746520819696e-05
3.788079332464875423e-05
3.446478345061839994e-05
3.519546385329861684e-05
3.351287265735170841e-05
3.522360705450781546e-05
3.794297944435015188e-05
3.706190425580300406e-05
3.496721503855483972e-05
3.572650740176447446e-05
3.632675700365679871e-05
4.057790272082821147e-05
3.367045346877761854e-05
3.580664987539176387e-05
3.662624966575446511e-05
5.298921030807968429e-05
3.325560149073634759e-05
3.372389625476665304e-05
3.395701332167365275e-05
3.423377052048257811e-05
3.381122081493613855e-05
3.344658190528162827e-05
3.813457781434323820e-05
3.592669339121610915e-05
3.371170129133703019e-05
3.730794459825019158e-05
4.098256475622942064e-05
3.481848924969431025e-05
3.338239446003347786e-05
3.337351233584601000e-05
3.376398071266072055e-05
5.051321452395166495e-05
3.413324413814991575e-05
3.465310633495204872e-05
3.940077239758582779e-05
3.692617047063472457e-05
3.426046433530819372e-05
4.008424442836667768e-05
4.337982979263262919e-05
3.683995193083289721e-05
3.352159625640543505e-05
3.512154120836607780e-05
3.370658821930658852e-05
3.488681281181018560e-05
3.364142892580271121e-05
3.578305926690535446e-05
3.337937642795715766e-05
3.518183365104785926e-05
3.325671564410318301e-05
3.998193696139789514e-05
3.783464232611047666e-05
3.504447211195966611e-05
3.371802611976423391e-05
3.407669822720077880e-05
3.351077691564836777e-05
5.178811986748792391e-05
3.511098913016434550e-05
4.217575372412619831e-05
3.478767350743130110e-05
3.763833802419443131e-05
3.785054986579236238e-05
3.432360369509364020e-05
3.856573709538847674e-05
3.431986681636503875e-05
4.353214435561128206e-05
3.533067640063020386e-05
4.403080613240055522e-05
3.482719513440337019e-05
3.850010845034240969e-05
3.709101611246951404e-05
3.867553749019964434e-05
4.477371961747151437e-05
3.691820928626279370e-05
3.719400017382278544e-05
3.328099627445679911e-05
3.867549877422331019e-05
3.391499824971661996e-05
3.396929960254549028e-05
3.628040415566502155e-05
3.382813030737018864e-05
3.329286988298589382e-05
4.698413446108887920e-05
3.562586546951045563e-05
3.444427482410014727e-05
3.488421649993108097e-05
4.300439622905698081e-05
3.457599756755457617e-05
5.185996981231106440e-05
3.397720727192315277e-05
3.634562472247961068e-05
5.118771176444148992e-05
4.809523226135295178e-05
4.223681628112666307e-05
3.853896347160814845e-05
3.534080106839213194e-05
3.685722236713649387e-05
4.938195242988364524e-05
3.415443368322552655e-05
3.497199035099246496e-05
3.427855221807726805e-05
3.897258955907158457e-05
4.199712776003713277e-05
3.786980338729357319e-05
3.652384512010923868e-05
3.695619135168031312e-05
4.612459005605349776e-05
3.347791566321731209e-05
3.676423922783686980e-05
3.360968704918675825e-05
3.670245569534733731e-05
3.890769114749615331e-05
4.093935346233833938e-05
3.605632948611870857e-05
3.333806428260382862e-05
3.426883661934226270e-05
3.464823536422563147e-05
3.394366165849484977e-05
3.387144571348502879e-05
3.695871382666703406e-05
3.792386882314669643e-05
4.841178484980239850e-05
3.800799391865349302e-05
3.379532597854692814e-05
3.700976339924614525e-05
3.762802902718939734e-05
4.009804512695192024e-05
3.361896784093638447e-05
4.060913322474200588e-05
3.952452391968140497e-05
3.398350766443521890e-05
3.921515707208165602e-05
3.341594850797320485e-05
5.028638562672270581e-05
3.408725004505601820e-05
3.903596560628807871e-05
3.858700626540336576e-05
3.380073869798154928e-05
3.657784289474458751e-05
3.404086466518062098e-05
3.580028342626165007e-05
3.917354207661595474e-05
3.811671763469947374e-05
3.328813353412161670e-05
3.717268895530657821e-05
3.849975561895375824e-05
3.977454325489521354e-05
5.182113560587082226e-05
3.449398551757847721e-05
3.497112224573857098e-05
3.890982368847338140e-05
5.238191304977626682e-05
3.570973964052508956e-05
3.332113248785909806e-05
3.675395437012469535e-05
3.748944087190622220e-05
3.737140070014054709e-05
5.226869180978844630e-05
3.684572596196135943e-05
5.090816897675686377e-05
4.026091066954625309e-05
3.948460491888914654e-05
3.711412601774017207e-05
3.366070118435265235e-05
4.166885498495424898e-05
3.408289337022658779e-05
3.360829147414584546e-05
4.338249783740645701e-05
4.097518440462009340e-05
3.400887015663286864e-05
3.397646096001943742e-05
3.467173482415828221e-05
3.359233071502063536e-05
4.091431823312234389e-05
4.092023704192250950e-05
3.774435728955248678e-05
3.577305927814211227e-05
3.326606462329409150e-05
3.960299719162706082e-05
3.421035621486217203e-05
3.455894153577867401e-05
3.530906034912684286e-05
6.970226026068651463e-05
3.372014307895384536e-05
3.385674506006523441e-05
3.989798452862481178e-05
3.509142705766074604e-05
3.850195086980721856e-05
3.835362630264420390e-05
3.824505238151615469e-05
3.558253109916894886e-05
3.349054740355916022e-05
3.441431608857732248e-05
4.396728757087421891e-05
3.360823450851408947e-05
3.328494568823077003e-05
3.811387640974404532e-05
3.329324988005873717e-05
4.264703254424339620e-05
4.052706066449792739e-05
3.496593791313440706e-05
4.778702342031149539e-05
4.106928627025071871e-05
4.866304816354927811e-05
3.473791513409900964e-05
3.528902682386183062e-05
3.384948589480912308e-05
3.544264547256883080e-05
3.332725514381559514e-05
3.901432363760393558e-05
4.502229223100500294e-05
3.482189998292977155e-05
3.612546943328306861e-05
4.270523040317283041e-05
3.728047446821805344e-05
3.949008985367781212e-05
4.103397711787404436e-05
3.529853731431794369e-05
5.381912374164115470e-05
3.355642837160084787e-05
3.654044316238298985e-05
3.458716239889934060e-05
3.529022224653934411e-05
3.456105172763057122e-05
3.959238333132026862e-05
3.641315280866081752e-05
3.815279685191859339e-05
3.862299871466975189e-05
4.149237433076271848e-05
3.368390680427123523e-05
4.030682371130353531e-05
3.346973688922441821e-05
3.675442203537989723e-05
4.173191347892027690e-05
3.860312672784375052e-05
3.400994532573180283e-05
3.408996191830087697e-05
3.768084835978499446e-05
3.418317400197045324e-05
3.320170646938951548e-05
3.614523363191683237e-05
3.907030591193540821e-05
3.943599001659306289e-05
3.404919388879997254e-05
3.532183560876083796e-05
3.468795998268353067e-05
3.491177198059829373e-05
5.194428175195341563e-05
3.454735554596232745e-05
3.800517090711238218e-05
4.427869785018103522e-05
4.341798647637895798e-05
3.329175905391816668e-05
3.534313258221150950e-05
3.565555430644072360e-05
3.928508736294262555e-05
3.751211398218950717e-05
3.425951872388488241e-05
3.444211827109063424e-05
3.427110426992115903e-05
3.810559121621656957e-05
3.854375171719174903e-05
3.654288696118269909e-05
3.409437086991565886e-05
4.250686857540814665e-05
3.388493144336220104e-05
3.539530728087117412e-05
3.478383893155239639e-05
3.377157158348528750e-05
3.996325002205908993e-05
3.835431956747328565e-05
3.603647786632666717e-05
3.677291509596449876e-05
3.958851685369248896e-05
3.564775696968873979e-05
3.967103019545592448e-05
4.013566324398875669e-05
3.387793965351539185e-05
3.709594520643722475e-05
3.375328930770124958e-05
3.364844311316484744e-05
3.750371078523575998e-05
3.471646671759514468e-05
3.548009676300740940e-05
4.725906967935553636e-05
3.921523160876706001e-05
3.685260288193548090e-05
3.413821069941969414e-05
4.003389358459307396e-05
4.076287971665383270e-05
3.862224090619336076e-05
4.257036782125144420e-05
5.943886089477684191e-05
3.650584235935120059e-05
3.815992913848723702e-05
3.866411165237337638e-05
3.564753896431692155e-05
3.373424680887569067e-05
4.153201826044656885e-05
3.713706655473868998e-05
3.331614461028374000e-05
3.834324301527194311e-05
3.573389665296657503e-05
3.934749693522410479e-05
4.945318405520648263e-05
3.463447648784255057e-05
3.347742624331296202e-05
3.363014667648328440e-05
4.171455016839997407e-05
3.574950376204076894e-05
5.962079581141896905e-05
4.614604315092587480e-05
3.460268189504480887e-05
4.350507925157017495e-05
5.498389184196328150e-05
4.559530692849019158e-05
3.971427032467233467e-05
3.523126492794237884e-05
3.387657425938545854e-05
5.283649148842522851e-05
3.401854331544548190e-05
4.350614369769914574e-05
3.378884440643864734e-05
3.344854443477355882e-05
3.453004904221357806e-05
3.791236109850710579e-05
3.730195896907775865e-05
4.233510739253503716e-05
3.386503202664887223e-05
3.406602764647029318e-05
3.416075354534826977e-05
5.881800288656717713e-05
3.559017314615326805e-05
3.525496030893703021e-05
4.020158020936192986e-05
3.847772525547592568e-05
3.575515040854897051e-05
3.709140703149524756e-05
3.774265979956993193e-05
3.892818451276617431e-05
3.838571803429449041e-05
3.386589667487443535e-05
3.466496163500378962e-05
3.654881356916740779e-05
3.406520434065413860e-05
3.442885129694782089e-05
3.369940937026496495e-05
3.536736519253832789e-05
3.766592957832199111e-05
4.515447207157558457e-05
3.338442540536794582e-05
3.417036337887120279e-05
3.390468756233790809e-05
5.082470121534304034e-05
3.710911680726861685e-05
3.799387309044255454e-05
3.652760583884992398e-05
3.355073485295758035e-05
3.458479333402893571e-05
4.103308879394458033e-05
4.342378791117800727e-05
3.461938997545852334e-05
3.356892191028552615e-05
3.512915953724187867e-05
3.424556937290417277e-05
3.838413694062042748e-05
3.341936246205266103e-05
3.340494789554298953e-05
3.337769296868287934e-05
3.388412382970201547e-05
3.448159621980870329e-05
4.439093958537226122e-05
4.202651513572211109e-05
3.742420368799839969e-05
4.101475118953133166e-05
3.450781947205931570e-05
4.966588424939186104e-05
3.614262188898190089e-05
3.635483047623901115e-05
3.413043251111023296e-05
3.637274150837592436e-05
3.440537321791121332e-05
3.826492141598966868e-05
4.185019285598037245e-05
3.879500976217474886e-05
3.425546529030918752e-05
3.402330821618451104e-05
3.750415318786031751e-05
3.527452345473931295e-05
3.498610151483677252e-05
3.357206472336704989e-05
3.540066621343692911e-05
3.339628514197118860e-05
4.228334433658610149e-05
4.416733437672913101e-05
3.571453608140184166e-05
3.481207871959042131e-05
3.597411995957435621e-05
3.903756949949670012e-05
4.800368209906387770e-05
3.423599042459081108e-05
