1.010998265766019575e-10
1.323523545334148520e-10
1.061619679018200302e-10
9.272917632845603935e-11
9.959885286776177694e-11
1.308678816634532329e-10
9.238382622880460067e-11
9.763616838691958280e-11
1.030520551370323165e-10
1.073240104266426852e-10
9.984230474222038764e-11
1.157689067847780611e-10
9.793937478339730984e-11
1.365905806348352083e-10
1.114178195402653553e-10
1.130362647864725536e-10
1.273851580434361285e-10
1.012754919560391570e-10
1.134759237412113283e-10
9.874562219660860585e-11
1.236118079746841731e-10
9.227381567923719536e-11
1.882558370589337223e-10
1.308629789467104094e-10
1.186063729073231347e-10
1.527226869542398488e-10
1.246737224115823099e-10
1.223089897854913495e-10
1.013897633395931687e-10
1.001089741935183029e-10
9.804749689493443582e-11
1.042191565237815112e-10
9.675894721959961507e-11
9.288052897252171445e-11
1.343042960805656235e-10
9.562637900001423710e-11
1.062216904573958164e-10
1.203018697747249028e-10
1.061952783363426686e-10
1.902810086270567241e-10
9.228290644367950586e-11
9.258230151226883885e-11
9.305245686341599642e-11
1.118217446521223051e-10
3.231856279064538672e-10
1.173874267252326135e-10
9.221763035308908310e-11
1.350699198958025762e-10
1.153359691315273319e-10
1.101136087381712840e-10
1.085210766841811353e-10
1.119854792680576100e-10
1.289027576981071662e-10
1.075969455776537317e-10
1.043734597900636974e-10
1.111424887646312618e-10
1.128074310583783552e-10
1.468223207191502413e-10
1.024595547553647419e-10
2.164348564845710699e-10
1.130040458129528601e-10
1.398730912766334806e-10
1.343318808322817733e-10
9.216742795272811923e-11
1.265498545332221537e-10
1.071037708244780347e-10
1.115448110382316951e-10
1.354494546795100965e-10
1.245189372372275936e-10
1.663387376332960221e-10
1.759385249529091606e-10
1.123639818171567516e-10
1.015648405369427993e-10
1.537564139568243049e-10
1.960853911066225472e-10
1.374597377777888112e-10
9.279898367854730041e-11
1.059011987466955617e-10
1.260300121458122290e-10
1.840549190375458085e-10
2.274100718502360123e-10
1.113930393744169638e-10
1.061318083278381170e-10
9.725882726069834885e-11
1.036056548910225705e-10
1.538111330236491305e-10
2.568785260035249119e-10
1.083578487845385469e-10
1.054246426990682369e-10
1.236267650359936309e-10
1.897054298404841596e-10
1.121260086939095253e-10
1.080170269763901086e-10
9.263521933376885279e-11
1.005347790588811718e-10
1.003955329041530025e-10
1.004950116704441272e-10
9.839349476764215186e-11
2.451541774578275656e-10
1.552150264953700274e-10
9.562401871082250637e-11
1.740343864840647286e-10
1.314910123040081255e-10
9.264460260773388382e-11
2.132638764732090488e-10
1.029979528005820255e-10
1.652389638982163683e-10
1.177151417669691678e-10
1.103244161629574272e-10
1.050768165125899940e-10
9.354155924564167046e-11
1.573431834184626636e-10
1.135432334494364382e-10
9.836601992153828235e-11
1.123661680293951491e-10
2.112030869430094627e-10
1.233477247043741708e-10
1.393457251334395322e-10
9.548530151832525905e-11
9.650964085006962778e-11
9.852034457589326665e-11
1.123231201270367289e-10
9.768807272568326304e-11
2.695508055951580875e-10
1.172368958325188725e-10
9.260803550090793159e-11
1.037387787905516471e-10
1.084300451485640299e-10
9.691846378249508591e-11
2.051205527956600104e-10
1.214645489184113978e-10
1.332557888940426414e-10
1.359754526371882798e-10
1.066001594039620082e-10
1.735243215699348791e-10
1.076680279706679950e-10
1.060106636282153111e-10
9.622769387180851194e-11
1.114021259952379573e-10
1.018565964897710143e-10
1.524251338902329836e-10
9.361019495363170884e-11
1.096609243033501781e-10
9.243262899642006242e-11
1.044936429659160054e-10
1.016789764388974140e-10
1.243933627212240349e-10
9.807243333841624135e-11
1.101542134738929987e-10
1.316829665864565245e-10
9.756769806405466421e-11
9.278121302006895014e-11
1.130936137083628050e-10
9.463179945098799334e-11
1.110763923062657711e-10
9.314363027669609221e-11
2.797725874446204176e-10
1.039045347826644448e-10
1.364974864634346363e-10
1.354103476863292033e-10
1.042766425236249484e-10
1.701720294286610658e-10
1.130484977347699121e-10
1.028452412389716888e-10
1.901335917882600381e-10
1.068375881664816592e-10
1.588152108175765688e-10
1.410953692502465289e-10
1.039833779739321502e-10
1.117532540118215674e-10
1.147769300231623772e-10
9.877560484768820595e-11
1.015328922302500786e-10
9.402172697020537819e-11
1.238126535075103932e-10
1.455061242295580087e-10
9.199551878690110738e-11
1.064082776799295822e-10
1.856406695548139829e-10
1.073638305431505512e-10
1.567333427162505369e-10
1.190208269129656705e-10
1.365654691128736946e-10
1.301450884644387456e-10
1.033564518234173080e-10
9.892173276369314097e-11
9.301216102463739112e-11
1.006479804957720894e-10
1.346559810986104789e-10
1.382984791410582157e-10
1.244048627114424385e-10
1.674386432149679472e-10
1.556652555783756426e-10
1.482577246892908888e-10
1.108314387734740984e-10
1.549254828255910213e-10
1.456741980884076739e-10
1.681737912416715663e-10
9.364914376750217836e-11
1.509087767520031459e-10
9.229881339623587638e-11
1.195518480947378460e-10
1.104020078660713135e-10
1.467958276628146045e-10
1.319792828662153741e-10
9.820256695973104756e-11
1.912380803565791122e-10
1.001425286474779007e-10
1.199789252577240192e-10
9.383263759089794824e-11
1.417586936702975878e-10
9.741994953155541326e-11
1.059137181402191080e-10
1.073250060871061561e-10
1.879711910975490678e-10
1.250000923517519214e-10
1.433412698398572542e-10
9.655349345526714117e-11
9.925668590623489131e-11
1.116877486455507589e-10
9.608942608332821617e-11
1.315531594826647684e-10
1.665695099913668593e-10
1.080587444226686118e-10
1.027985767091674413e-10
1.067064233898368930e-10
1.749670673117355357e-10
9.191247241492433008e-11
9.587267038850057823e-11
9.221600605437992691e-11
9.820994590419297896e-11
1.131019013765754161e-10
9.979426228706606847e-11
1.038802422894837768e-10
1.573202830221649196e-10
1.370745131327199522e-10
1.317963817518128504e-10
9.472386253071078677e-11
1.706834582625275502e-10
9.393417667849311306e-11
1.025130172762259085e-10
1.007410774079046034e-10
1.003080409151528023e-10
9.250392805043520172e-11
1.186982214462493243e-10
9.402140757329471986e-11
1.294892652079778849e-10
1.257591097827927663e-10
1.011675485085836158e-10
9.939778353083267001e-11
9.338070210612399908e-11
9.356433578925965422e-11
9.212077839193580113e-11
1.208762931665117411e-10
1.291075139887144713e-10
1.689200068153987820e-10
1.048466460503290106e-10
1.176711863666672377e-10
1.186863693151763607e-10
1.123541434014613689e-10
1.069312318606827642e-10
9.789591169914759806e-11
1.122991983868878094e-10
9.731989527596186711e-11
9.956680893498890110e-11
1.007511496186708290e-10
1.012744444453702844e-10
1.321617253596624662e-10
9.709374472157275821e-11
9.896907680038934879e-11
9.425670554702870182e-11
1.511985068627530324e-10
1.028605951339052077e-10
9.870629613565080439e-11
1.226398480125106079e-10
9.746576479825994646e-11
1.102424696925592773e-10
1.511481264276194254e-10
1.599361004214497530e-10
1.211512258756005531e-10
9.464688411440033421e-11
1.474773695308014282e-10
1.103184455925885080e-10
9.226017806300902190e-11
1.406060465349360978e-10
9.452837314483811674e-11
1.021180627809808155e-10
1.285279866127683748e-10
9.619451293975895019e-11
9.241609370753500103e-11
1.414504417115503557e-10
9.386111021104424474e-11
1.353050462082241002e-10
9.369576753218239200e-11
9.250830165378838954e-11
1.031160024110288842e-10
1.337265653587046893e-10
1.416471568386933476e-10
1.420782675245105768e-10
1.035710298938963642e-10
1.459260455722268928e-10
9.853337424485714899e-11
1.766470348601195769e-10
1.188052344709770758e-10
2.142252310277785471e-10
1.079673719125299006e-10
9.258489137924211388e-11
1.859864692255944024e-10
1.089012494142745499e-10
9.913782687983825016e-11
1.021051371032778946e-10
1.066732526561736694e-10
1.034540222333114073e-10
1.027866122468667389e-10
1.110247606979647156e-10
1.216171206273525504e-10
1.149572010653607387e-10
1.267521536686096470e-10
1.731478599793503376e-10
1.148698440842359509e-10
1.087319117257125966e-10
9.737349589470943105e-11
1.023088100855310098e-10
1.029123997307202559e-10
1.223294138810322381e-10
1.341791673776533019e-10
9.323681704953140426e-11
1.048200762197976810e-10
1.084906463327633638e-10
1.070839626003291273e-10
1.006353411824079621e-10
9.698003015526922167e-11
1.005563139816876991e-10
1.302862064463407299e-10
9.609099294449899768e-11
1.384864750594723657e-10
1.217279999219573299e-10
1.116564260272280816e-10
9.338841336566031606e-11
1.105178208174450119e-10
1.658338792935257973e-10
9.330404116102545665e-11
1.667443888947096835e-10
9.590955851157989069e-11
1.138935739026390862e-10
1.130321868796141098e-10
9.448369923311792966e-11
9.191035468851001895e-11
1.152833385063982030e-10
1.513004875482818706e-10
1.346565642368280752e-10
1.563443557321958118e-10
1.283422490213458276e-10
1.703673071731283901e-10
1.112256469185947530e-10
1.037047789767141037e-10
1.424697202308168854e-10
1.232894062706698861e-10
1.217784398610829740e-10
1.071569094326483932e-10
1.627529870677109684e-10
1.012123250758204831e-10
1.035567954958348522e-10
9.201179469815600070e-11
1.956114506128489980e-10
1.066077425426230075e-10
1.009702652237994460e-10
9.459082206077090717e-11
1.208869318440210028e-10
1.016668967683883897e-10
9.262567342585921470e-11
9.601669912354302647e-11
9.995286193916830958e-11
9.443980223149436665e-11
1.035220094019488100e-10
9.465783902491710899e-11
1.943139019753531094e-10
1.027388899836740569e-10
1.092042172653086104e-10
9.497821618679310732e-11
9.651869370529480762e-11
9.705181439466329316e-11
1.063526613499463622e-10
9.418848222512024353e-11
1.088946488603157678e-10
1.606419489308278561e-10
1.235904379967900391e-10
9.930252000901686608e-11
9.658188691347220458e-11
1.711906192497475995e-10
9.307984931452904321e-11
1.229190309706883026e-10
9.928531535695829401e-11
1.621197429309709169e-10
1.095364949879534230e-10
2.617205910078606334e-10
9.940584530471362235e-11
1.008588821958668197e-10
9.176657523886761169e-11
1.061832187177387611e-10
1.017263881937425173e-10
9.228615295537131286e-11
9.775384534092457183e-11
1.128369764155027162e-10
1.470040908539807267e-10
1.149313483807038930e-10
1.108770666641549157e-10
1.560429096627506557e-10
1.119184474689783345e-10
1.053999345029747129e-10
1.298292197460401922e-10
1.462561889008045895e-10
9.303392267432459188e-11
1.090561916619199826e-10
1.004775337660261442e-10
1.063926560742174384e-10
1.068004534086747519e-10
9.409388633652225288e-11
9.506824592033915614e-11
1.781497883492906173e-10
9.257226517893058431e-11
1.145051843575731433e-10
1.554835320432913107e-10
1.169892837711454149e-10
1.048553561877622779e-10
1.116330664390030710e-10
1.174836568916909373e-10
9.940341162194013103e-11
9.401549855919216389e-11
1.090366941362500210e-10
1.138172582308030054e-10
1.179361444274005832e-10
1.091640042025297046e-10
9.738464653581750966e-11
9.647170442762962162e-11
1.720248837394498874e-10
9.961935017871679200e-11
1.548745137533127295e-10
9.256708476338658912e-11
1.102898384722314386e-10
1.784298653219906946e-10
9.972299487909643442e-11
1.409731779080372307e-10
1.351820069223451571e-10
9.554562814744930499e-11
1.126236075844853839e-10
1.217848072405212012e-10
9.554830505822901042e-11
1.289558206293497487e-10
1.215081943965905622e-10
9.787001077048226681e-11
1.190022458577260400e-10
9.639594864648453113e-11
1.153769637114418806e-10
1.127278836334446450e-10
1.048014883544168769e-10
9.678090411951221086e-11
9.313445203839624132e-11
9.279914521633020259e-11
9.644749947806666756e-11
1.256755094808464601e-10
1.313391078676154922e-10
9.197386792012064511e-11
1.702575350488952348e-10
1.014556723843817579e-10
1.076169549559957159e-10
9.915810268357209294e-11
1.073251483236554139e-10
9.233337840081648340e-11
1.068847044857714548e-10
1.310227726036418256e-10
1.105226729336655903e-10
9.234943997193364180e-11
1.042562192028913183e-10
1.012145709353151489e-10
1.208533467233761996e-10
1.854107045594984025e-10
1.508220901664786354e-10
1.024973216703693402e-10
1.027281017693027070e-10
9.852279733465904403e-11
9.671128107094731106e-11
9.473718931435704122e-11
9.213362127327801038e-11
9.915002328682417477e-11
9.709980001479932776e-11
1.546948700452801426e-10
9.412324708177988407e-11
1.292401934215575671e-10
9.511584133378562696e-11
1.427127647895645323e-10
1.625208437831959557e-10
1.549155790533461253e-10
1.601240182497383556e-10
2.466271218760152794e-10
1.375860287138462134e-10
1.370100828815726841e-10
9.763493227506405598e-11
1.228668528125315315e-10
1.017736316188407483e-10
9.660980522523611115e-11
1.376409559332684821e-10
1.003511918582237999e-10
1.900136879979345635e-10
9.347159528833316170e-11
1.310328063025523369e-10
2.201398541661045183e-10
1.046826320837863405e-10
1.096464069367068062e-10
1.148978528807647130e-10
2.056533660028484739e-10
1.297355087308358114e-10
1.151554145521326757e-10
1.085636103108159983e-10
1.270443975740199763e-10
1.027012008075172234e-10
9.339146558531561146e-11
9.431947108592437038e-11
1.008869632620969833e-10
1.334281210923550443e-10
1.067923108171531828e-10
1.298583568646173972e-10
9.420203468966907972e-11
9.454188296683956875e-11
1.017225124867983638e-10
1.211450852333325445e-10
9.216190260278169329e-11
9.873001582840624233e-11
1.012205596808020270e-10
9.423056900789730601e-11
1.763589562331925711e-10
1.145598741695897919e-10
1.176617373600198911e-10
9.628823892077889235e-11
1.572505460731748963e-10
1.011593101279155252e-10
9.757558279332989678e-11
1.697029799927666746e-10
1.349920854964374583e-10
9.196654142911284827e-11
1.256278045464292399e-10
1.852457867866370436e-10
1.162403642142889127e-10
1.000447095942326535e-10
1.063039044614050314e-10
9.452392248059294657e-11
1.414740110174818668e-10
1.013176837906567683e-10
9.671112526552138806e-11
1.065824158767789955e-10
9.426419472762164226e-11
1.019704465779063068e-10
1.784973182117840283e-10
1.313784390504072491e-10
1.004874784171230250e-10
9.429812853267173642e-11
1.352469662100116366e-10
1.164361350781450569e-10
1.211018371636648392e-10
9.508073975752391700e-11
1.236203550607557828e-10
1.085859979844716744e-10
1.091812399591884173e-10
1.003971915903145725e-10
1.042772259956451030e-10
1.870922416599868264e-10
1.511143907270950638e-10
1.025871727875988834e-10
2.037519409319301927e-10
1.148691739441436223e-10
1.007848174806007976e-10
9.686090870607469805e-11
1.054546902846276026e-10
1.341561185322058608e-10
1.007452867971864947e-10
1.101376672348492270e-10
1.036484819801226445e-10
1.513073332699749213e-10
9.182153463243740936e-11
1.009998192104194247e-10
1.203896268688038639e-10
1.214046735865965192e-10
2.952009602249043702e-10
1.506447801263224504e-10
1.185448451873705585e-10
9.196589016075203056e-11
9.395207597267529589e-11
1.252683307001646025e-10
1.295935044011699779e-10
9.857444615800241473e-11
2.142928116664125204e-10
1.200365851917808358e-10
9.665845044229758598e-11
9.811121233814391171e-11
9.783824310993896796e-11
9.223013661474797994e-11
1.095786835332099224e-10
1.026834605363939617e-10
1.774034691284144734e-10
9.700582811072571675e-11
1.122711701049000667e-10
9.841758729214070592e-11
1.038344242414980419e-10
9.366612934575196356e-11
1.012066353699325485e-10
9.375806108325742807e-11
1.527653023281138514e-10
1.177600008284804645e-10
9.997496054047753623e-11
9.344077093600821090e-11
1.293740824042556562e-10
1.257821377656388307e-10
1.556457353692520557e-10
1.007362664888394135e-10
1.357540813710838922e-10
1.241371216359971843e-10
1.096584118025424883e-10
1.202498582055128232e-10
9.981381512834533176e-11
1.299564418932598487e-10
1.038544809630175858e-10
1.070481856684466955e-10
9.474115530227427361e-11
1.103793876654816526e-10
1.255657024329569046e-10
9.617776215651479691e-11
9.671875947312350710e-11
1.041603286748776116e-10
1.205988856157226407e-10
1.894503756076303787e-10
2.052577005301870626e-10
1.047268173886147519e-10
1.163590275484085451e-10
1.059197615219509976e-10
1.004038260951941118e-10
9.936431344550765993e-11
1.290720561717805180e-10
1.319780959120985719e-10
9.507900019539467920e-11
1.209504904878842745e-10
9.628933374414418425e-11
1.225437503549578356e-10
1.253645848301710809e-10
1.099346248925180410e-10
1.014302697081926839e-10
1.030028186057042100e-10
1.332940364132484895e-10
1.343907740526289868e-10
1.042441094382163976e-10
1.199702806276673957e-10
1.006530960134994711e-10
1.107846877069284705e-10
1.226761681717280924e-10
1.034829545960154650e-10
1.132813824512968612e-10
1.362486939422095986e-10
9.735831683761214607e-11
9.275051122947354448e-11
9.540823024020228578e-11
9.257760721679694294e-11
9.552389550147293721e-11
1.312090031696088914e-10
1.083736453351415054e-10
9.661120875284272043e-11
1.931040329497700316e-10
1.037790676697604779e-10
9.747257356704231954e-11
1.783696858066175675e-10
9.202009444296776651e-11
1.229456810982375793e-10
1.285666119068517186e-10
1.167875874285203229e-10
1.500772810366505516e-10
1.295745682438506976e-10
1.122780068357437913e-10
9.498818800516828973e-11
1.330739523774527167e-10
9.681966842897161064e-11
1.790406854219445050e-10
1.027929639032790050e-10
9.275471305227399184e-11
1.131051619528375314e-10
1.614007401494881259e-10
1.441799759142820122e-10
1.134103410559497686e-10
1.030224272364054358e-10
1.025769625384624224e-10
1.358376678844166224e-10
9.243003539677714802e-11
9.307147119601082227e-11
1.381872388243981951e-10
1.008512225359046250e-10
1.459314808467142582e-10
1.003870883118997601e-10
1.081083627614105773e-10
9.672047320236287209e-11
1.441232792691583950e-10
1.194331151892476957e-10
1.336391244181729919e-10
1.104905068567637635e-10
9.634718748400937467e-11
1.027756806851694890e-10
2.409489884893109265e-10
9.817765943959804386e-11
1.031591545743058757e-10
9.786091318786065509e-11
1.122816985189447047e-10
1.099535652535912826e-10
1.288084572065168845e-10
1.857850411960889407e-10
1.076504385482410334e-10
9.651588427801185806e-11
1.081381807222520252e-10
1.711076023585193769e-10
1.029298103968642171e-10
1.219894270784255067e-10
1.059255168431114771e-10
1.119684847525574888e-10
9.886932576244059316e-11
1.052188754115349333e-10
9.505796510343459356e-11
1.098921379618678538e-10
1.127739290525397613e-10
1.047397501314643991e-10
1.062981670704004815e-10
9.470164757812156505e-11
2.523412399632627082e-10
3.690529645130430712e-10
1.157310963016673895e-10
1.038440870268232191e-10
1.460769716682654302e-10
1.049421326514137841e-10
1.126373795888245551e-10
1.748965690920532743e-10
9.335017290095061058e-11
1.338978984092697473e-10
1.894425895691195022e-10
1.040693291136797961e-10
1.044498083364730115e-10
1.237246381463106880e-10
1.111492482586433033e-10
1.035861428965485961e-10
1.069579128831119367e-10
1.009207415789502443e-10
1.388628203830605419e-10
1.540830221099705337e-10
9.198493809331614088e-11
9.670271144633998353e-11
1.184955507125510424e-10
1.198180716575324451e-10
1.250417850173410968e-10
9.391371668722356731e-11
9.926856495952508540e-11
1.042226590025601304e-10
1.044696160092423348e-10
9.748510680328228839e-11
1.151431101907470880e-10
9.188526452613582680e-11
1.141775074318911108e-10
1.078235282482298223e-10
1.174992943499661336e-10
9.556625441176387384e-11
9.781556843481614071e-11
1.742834849280006292e-10
9.816289681825608802e-11
1.056193855548171204e-10
9.879579275864218291e-11
1.559704170211656201e-10
9.511805456676744861e-11
1.051920983508545474e-10
1.843820597338797514e-10
1.911917423881892425e-10
9.614362649148542924e-11
1.245168140125778591e-10
1.145374366424646088e-10
1.222242169200921721e-10
9.812921231548446137e-11
1.071136024934897923e-10
9.351027368791272805e-11
9.796510560542955282e-11
1.024706639358485421e-10
1.466815892712828361e-10
1.123746392503039532e-10
1.318574526491498898e-10
1.219737857972743117e-10
9.288101321282734512e-11
9.853904551217300768e-11
1.699486824469069897e-10
1.818240724311645051e-10
1.096539450100631304e-10
1.130663014009918875e-10
9.767710685562982457e-11
9.922576407523387340e-11
1.361413032352959879e-10
1.300204330212805833e-10
1.113453928366992880e-10
1.062871218297982136e-10
2.051116757665695936e-10
1.069691827953156503e-10
1.286907999370740121e-10
1.012045390919463982e-10
1.158491516885416138e-10
1.309515618027690526e-10
1.030685609827716783e-10
1.006079512372219857e-10
9.909040086959676902e-11
1.005647461386722924e-10
1.160130833449243743e-10
1.677398925441486907e-10
1.566960652314136338e-10
1.308580760692441698e-10
1.471163830959073698e-10
1.009749163529352673e-10
1.380933758664053376e-10
1.528638627517819842e-10
1.694793783835284258e-10
1.217357709020435199e-10
1.029898426783790635e-10
9.954037729000196573e-11
1.006427142839943983e-10
1.078677185686634059e-10
9.595945544948693288e-11
1.042171133635967093e-10
1.151072604919937276e-10
1.819495819634735978e-10
1.354385474910580399e-10
1.363534728148417279e-10
1.351616652160993840e-10
9.721959583984954946e-11
1.102790049552177020e-10
1.286631307497121841e-10
9.259573575876298761e-11
1.101433682854829961e-10
1.132450175983179956e-10
9.235073776993197412e-11
9.383567716354960925e-11
1.248629808094697810e-10
1.012883605992121205e-10
1.193788287949007949e-10
1.451478422621413612e-10
1.118601602014520485e-10
2.907080859255337540e-10
1.844963062422707934e-10
1.339453592477997657e-10
1.296427029704972018e-10
1.001101835339501385e-10
1.076365354512150163e-10
9.379967669163185252e-11
1.100745212586139536e-10
1.277678679768513754e-10
1.360456284516538698e-10
1.081316807374364852e-10
1.138829059068331960e-10
1.330918630278965357e-10
1.244830879611912626e-10
9.713472794901339534e-11
9.210516974363740192e-11
1.367961589045225433e-10
1.522811935836301027e-10
9.462147715311502001e-11
1.187048633966035939e-10
1.142183268194843276e-10
1.074314951001607554e-10
1.544945689987919758e-10
2.087640518341687416e-10
1.052334917232993295e-10
1.037502075725043685e-10
1.010755448923005884e-10
9.419214953096247214e-11
1.440390773110179244e-10
9.616006930511576820e-11
1.015200507130976123e-10
9.907636750315159247e-11
1.085148785144832383e-10
1.011109165124768655e-10
1.067051367623551230e-10
9.404264540063842947e-11
1.024025110289847562e-10
9.405908985755050377e-11
1.205319522636607558e-10
1.022466473168945267e-10
1.059357318643565221e-10
1.290829485582329215e-10
1.145672629326340248e-10
9.364305394150572064e-11
9.387006632658167918e-11
1.271433984846812035e-10
9.518048079468679357e-11
2.059422400832897359e-10
1.057939393713194347e-10
1.300363062525801148e-10
9.628010560618340659e-11
9.305551872286621993e-11
1.060149769060241025e-10
1.011083689186751265e-10
1.167228427476707045e-10
9.533031555799942289e-11
1.337846360486761312e-10
1.141376187326689988e-10
1.668294959663052118e-10
9.327815363994205124e-11
9.753878261870618065e-11
9.416823006886393196e-11
1.232575287617048636e-10
2.053294694345844868e-10
9.329712771776466957e-11
1.371050536893852337e-10
9.674929103243456586e-11
1.068190221995650939e-10
1.367531318644898678e-10
1.868025418032096200e-10
1.344293228590456818e-10
1.379405438138655387e-10
1.022108776131439688e-10
1.547373195893444829e-10
1.061089682324231549e-10
1.311123354185925363e-10
1.020256201183059824e-10
1.455606061641301467e-10
9.341186502294250156e-11
1.033921684138421332e-10
1.265978707947799537e-10
1.456308615158887326e-10
9.671050204162127302e-11
1.507912483720682954e-10
1.278960285925080255e-10
1.129454328930354674e-10
9.943793462061874136e-11
1.091606408504164605e-10
9.361292022905549393e-11
1.032367298315803369e-10
1.393436877718907192e-10
1.130044536982881559e-10
1.115834474760264516e-10
1.458374256082673834e-10
1.370547619335352400e-10
9.468260256036335283e-11
9.755362784825598073e-11
9.541469434129427354e-11
9.485151014946625695e-11
9.816151272290745943e-11
2.220608865026526500e-10
9.902555827050099876e-11
9.998298157814059137e-11
1.313992923158707672e-10
1.040912454826363781e-10
9.706097830087542659e-11
9.292845805175248807e-11
9.519153993383323485e-11
1.484563752677324421e-10
9.272804481226527409e-11
9.792858764942790960e-11
1.010071690269427810e-10
1.118884157008664465e-10
1.031510555431340366e-10
1.574169537540376093e-10
1.343298939607411486e-10
9.885740474281712982e-11
9.470593224528145585e-11
9.300603471970656912e-11
1.640742831784434658e-10
9.245532027764387972e-11
1.041855858776108371e-10
1.171333735460719820e-10
9.253130059039975199e-11
1.094531937289928737e-10
1.161291620457039114e-10
9.312752758047951996e-11
1.459660450475608423e-10
1.127909535175949234e-10
1.047518097449950916e-10
9.868792907667416004e-11
1.184496307230712422e-10
1.019634550737454524e-10
1.536914973328022313e-10
1.000336675689884948e-10
1.038682405488713569e-10
1.016674933248042451e-10
9.681141852898126899e-11
9.247217350397088958e-11
9.628260822855002495e-11
1.006577599637581064e-10
1.461288786905315407e-10
1.227588974483226389e-10
9.225660601488801544e-11
1.071647429337510653e-10
9.871012222987414513e-11
1.225973148875527860e-10
1.106487626012863857e-10
1.029683112792602413e-10
9.481711559517076860e-11
1.238283423643871863e-10
1.079887359413113294e-10
1.542562477015426606e-10
9.332976166522841981e-11
9.800515380199912111e-11
9.747025244262148028e-11
1.024207384102715475e-10
1.055011914889190275e-10
2.541049809247694029e-10
9.379647606458271754e-11
9.315280772370514637e-11
1.948699553183642415e-10
1.191238212812400384e-10
1.191400490984452051e-10
1.176080491490958413e-10
9.777097691737863221e-11
1.040833560549882556e-10
9.775338228888469847e-11
9.865868867036979027e-11
1.550608819863534690e-10
1.172349209650599257e-10
1.290887575021754724e-10
1.018997684456310053e-10
1.946191428791627148e-10
1.468777803907433441e-10
1.120128850228005882e-10
1.146486460787642994e-10
1.396258405937444174e-10
9.950345385013239481e-11
1.472055156406285890e-10
1.026500424088372883e-10
1.026220880796272171e-10
1.174861537509012689e-10
1.842783872157285634e-10
1.597078122848449566e-10
1.065212953974682997e-10
9.992848797610020967e-11
1.631405976182123207e-10
1.355834111776336470e-10
9.227608844381442009e-11
1.376541127318040575e-10
1.211434220958483183e-10
1.205157600427608653e-10
3.153787570380765975e-10
1.188780904443912068e-10
9.341941343296718276e-11
1.130733678250711489e-10
1.917360225481037739e-10
1.990491441672025898e-10
9.406627353945015830e-11
9.633733885956545893e-11
1.576445861881650640e-10
9.779242626929020955e-11
1.086180940173976960e-10
1.664946510655498903e-10
9.949767873024638885e-11
1.103274707640518250e-10
1.198783816100186566e-10
9.230887573973966575e-11
1.078257948039917473e-10
9.993969156158559902e-11
1.046536993110343259e-10
1.234342132414358255e-10
9.382751811588993212e-11
1.072201328537790747e-10
1.337791232137020532e-10
9.734964216091165653e-11
1.275212390956997439e-10
1.154734576366794458e-10
1.601594944023326605e-10
9.419549783153553767e-11
9.177358946463319926e-11
9.885358363700103017e-11
9.526197606631693660e-11
1.130202242767946157e-10
9.658641047122829802e-11
1.095198671192535636e-10
1.144108007614685756e-10
1.016789764388974140e-10
1.086009208567286217e-10
1.313246838514845109e-10
9.277232657391254468e-11
1.221194488334002921e-10
1.016607818885217478e-10
1.193224465488324087e-10
9.474036211631242781e-11
1.978055022416132930e-10
1.003907074989728612e-10
1.498788122819812595e-10
1.036464289799422907e-10
1.035071818399495357e-10
1.482446445853283453e-10
9.681375346874797740e-11
2.215295670418272910e-10
9.324228662385099139e-11
9.295749545432691219e-11
1.037679346572387504e-10
1.419608257457811788e-10
1.062221210421939264e-10
1.435349434350142951e-10
1.053863500607632891e-10
9.862944067912493709e-11
1.668884683537202395e-10
1.136102376078129186e-10
1.603091401128926096e-10
1.624840380644381537e-10
1.678809162796138319e-10
1.139767272937077385e-10
1.146027231928392578e-10
1.459845198276989453e-10
1.140842350385436476e-10
1.911402442286353423e-10
1.042112755699325608e-10
9.204287468990618141e-11
1.035720570522764341e-10
1.002691006001460726e-10
1.035432932475346704e-10
1.610965222428010976e-10
1.181587466862913288e-10
1.071261402880942674e-10
9.583231468660271331e-11
1.950783285038637877e-10
9.473829980561736557e-11
1.060004549255889194e-10
1.115663993880297576e-10
9.236420148263571172e-11
9.196670424557249227e-11
1.116226219454071002e-10
1.243517299768929092e-10
1.039460839137814412e-10
9.550656927869762600e-11
1.282400417118354774e-10
1.098738850638446475e-10
1.190392755194590187e-10
1.434837608085168113e-10
1.263503547970668626e-10
1.035463754181653276e-10
1.409993935720789481e-10
1.045377526107566922e-10
1.173378386211716797e-10
1.764979848266149348e-10
9.974195332616154759e-11
9.422769997703984197e-11
2.285856787969495994e-10
9.302570213019512777e-11
1.382387655936640459e-10
1.597553205312308335e-10
1.059142937133835815e-10
9.470355189557774238e-11
1.331953971005576991e-10
1.045029612116731772e-10
1.586666567231979754e-10
1.889393635990118585e-10
3.569775926640852017e-10
9.906263752674106154e-11
1.058714060166317870e-10
9.473861708674264102e-11
2.383933575750937886e-10
9.921540413805886498e-11
1.400573208069025218e-10
1.019484293581217702e-10
1.562239612730509858e-10
1.465657568960704340e-10
9.264185242392900315e-11
9.349920121966575818e-11
1.209276844985519369e-10
1.138483301894520371e-10
1.069925752459891585e-10
9.823976419693112219e-11
1.233270703948433473e-10
9.467720586256433456e-11
1.203155131163389391e-10
1.573803267486220268e-10
1.034641567090258291e-10
1.061142836072101716e-10
1.059439320323926315e-10
3.915050349784603562e-10
1.013760088802365966e-10
9.630059415234504582e-11
1.267326005842910584e-10
1.025005794218837739e-10
9.958548967024904635e-11
1.326193525367231883e-10
9.199942523537933870e-11
1.048794509365785280e-10
1.369740087419603881e-10
1.303642142846136611e-10
1.600797135098373592e-10
1.217185722486211244e-10
1.393307838767441034e-10
9.199909970354976752e-11
1.168623350724390317e-10
1.218827008707783345e-10
1.052609829424845800e-10
1.092116419537381096e-10
9.384095621656323059e-11
9.186359092428586290e-11
1.290844008156622667e-10
1.126611021611072454e-10
9.468784027437704203e-11
1.086995637776609507e-10
2.056259890484115174e-10
1.367860359605400334e-10
9.238820480662461933e-11
1.241877058205202573e-10
9.502743325071264536e-11
1.036244303160471503e-10
1.776397342797374985e-10
1.126634196493139086e-10
1.024881402467972056e-10
9.481235972868487431e-11
1.117437804714853667e-10
9.715133426699347069e-11
2.316970154429106546e-10
1.052871661041847146e-10
1.072191363412268124e-10
1.400872915946830945e-10
9.438856648734035571e-11
9.405078811608525107e-11
1.189528572863343092e-10
1.075428613900501821e-10
9.589260721394472434e-11
1.118018463463880954e-10
1.102144011929781616e-10
1.094276051956034487e-10
9.572719443751575349e-11
1.193399469815763097e-10
1.304316281528073930e-10
1.180281874290294244e-10
1.339045789728465406e-10
9.862469290709888577e-11
9.649590406442098475e-11
9.706284205356122216e-11
1.452229665928594057e-10
1.366483908942161589e-10
9.517179068224125532e-11
1.104197681261304904e-10
9.652446841445667521e-11
1.637223257605348991e-10
9.980244760524829108e-11
1.905316464178402766e-10
1.150861206434627091e-10
1.068435857986086030e-10
1.017313071741911238e-10
9.580655463607635612e-11
1.903240940872453433e-10
1.515712661735419953e-10
1.072349372286341311e-10
1.587886597677589654e-10
1.037776028593978381e-10
9.447845161791735658e-11
1.142145552661656263e-10
1.107325219126030663e-10
1.162469962459081657e-10
1.187894872401788238e-10
1.278632057730026803e-10
1.200104025886917438e-10
1.470556034370350949e-10
1.076576732118935460e-10
1.196319377442983866e-10
1.094281645637775517e-10
1.101558818814933606e-10
9.642063356888789432e-11
1.153753615567979893e-10
2.262839292936555080e-10
9.833715642701262308e-11
1.062865480236238774e-10
1.300466469912187178e-10
1.301961465882180453e-10
1.425589489347494899e-10
1.301105992972014127e-10
1.644671954999404576e-10
1.160939772866779348e-10
9.332895799335512430e-11
1.028083246294919233e-10
1.053951656711802426e-10
1.429257824385604067e-10
1.468945336073741885e-10
1.096498968418519617e-10
1.136565111991517528e-10
1.329435652600268023e-10
1.354174271326955420e-10
1.484500571768599932e-10
9.811321247831728339e-11
9.999554169462663355e-11
1.051072408064563349e-10
2.340700066719315451e-10
1.135460767528222790e-10
9.657798714591950562e-11
1.193455207219731185e-10
9.202025717651440605e-11
9.340833154124266972e-11
9.365042579198000699e-11
1.112689283048452354e-10
1.127182092791767974e-10
9.245661677510189756e-11
1.261345257600726156e-10
1.450756340653429561e-10
1.259640035003440147e-10
1.301986690059766393e-10
1.001453999680658961e-10
9.716747260735965254e-11
9.494718689173934191e-11
9.483645396891556126e-11
1.106455772683627230e-10
9.667855711017388847e-11
1.026151354394193114e-10
1.010783930083635565e-10
1.223628978673434009e-10
9.204580322089135318e-11
9.746375303692480647e-11
1.002920437821925404e-10
1.299971011035585315e-10
1.019558680733801699e-10
9.972951694069922803e-11
9.327091687323091107e-11
9.217815280473968531e-11
1.109766995760815641e-10
1.416439211239686762e-10
1.268776486932988373e-10
1.493404094001226896e-10
1.282335905267852143e-10
1.110585859158364796e-10
9.513054267986262910e-11
1.325577611898171925e-10
1.032028797322031441e-10
9.977637380630611223e-11
1.560170740818030691e-10
9.548955540197584354e-11
9.883065428751173360e-11
1.235063094318684424e-10
1.033939319163555217e-10
1.127905449567675250e-10
1.003554155535421437e-10
1.114749332217287762e-10
9.199747202928311792e-11
1.029938240809230229e-10
2.135094400598511777e-10
1.449232491411277500e-10
1.368724050234425057e-10
1.262823954546581131e-10
1.896051731436009621e-10
9.470228235432990356e-11
1.058967375004292659e-10
9.921768949968567944e-11
1.667173981478899973e-10
9.378895421482848287e-11
1.202731628519394902e-10
9.885587631599900037e-11
2.265415114606386337e-10
1.163922873082238138e-10
9.865547329388120866e-11
1.408401292730067916e-10
9.912898366373612009e-11
1.011359398898806840e-10
1.445054941768582689e-10
9.646748846380138580e-11
9.436930701248799759e-11
1.985050073524652921e-10
1.064499732411160872e-10
9.388301938526797268e-11
1.042479029908715577e-10
9.834114862857553957e-11
1.016481036732073937e-10
1.399637668395109448e-10
1.816293826994077189e-10
1.116235839739915537e-10
1.719946653848873880e-10
1.207354778072849101e-10
1.015924523151229734e-10
1.033345461850527954e-10
1.410009618953949245e-10
1.146584462478965713e-10
9.373900854687336272e-11
1.049627292104471786e-10
1.094979261307086391e-10
1.017822734497292165e-10
1.145368991695021282e-10
1.897961394782360808e-10
1.157879410722614147e-10
1.042557815219928018e-10
1.179793587819745914e-10
9.477715982690440153e-11
1.279716516443270407e-10
1.138318494660488443e-10
1.058495245574281208e-10
1.736127694848725933e-10
1.416330977460976069e-10
1.064632956136605025e-10
9.303053782136472568e-11
1.036552273016363846e-10
1.127981712120376800e-10
1.198641782301798414e-10
1.759385249529091606e-10
1.147405777593671436e-10
1.168662957942616091e-10
9.570235308441293914e-11
1.055107205771143182e-10
1.327809551458232255e-10
1.145253429669740492e-10
1.964728734219274261e-10
9.902769485373005309e-11
1.228036571722892005e-10
1.115269325672926404e-10
1.200650837247708097e-10
1.298452338292234940e-10
1.016731604580015151e-10
1.974987351282807621e-10
1.465967255410702442e-10
2.239921441270943013e-10
9.440002503909245228e-11
9.186130923222994189e-11
2.387779802302531927e-10
1.376640654048802045e-10
1.256462688554741877e-10
9.624881802258013714e-11
1.214489761577636425e-10
9.389181378071276389e-11
1.033349872782553994e-10
9.214158632401799613e-11
9.236160620175397965e-11
1.023547803700029486e-10
1.040817488852041322e-10
1.122717170567730175e-10
9.292555387483413313e-11
9.641126019901759722e-11
9.473734795666295563e-11
1.065887122629017640e-10
1.451420536566523840e-10
9.773593926416464407e-11
1.040449241375874805e-10
1.002678929370035774e-10
1.286774514176731895e-10
1.327038373689540665e-10
9.758362155118289962e-11
1.323697586467849093e-10
1.289231128624317600e-10
1.500574444975163302e-10
9.991698044684374624e-11
1.298398157238512694e-10
9.975529818186664337e-11
1.565281693120652058e-10
9.227202990127771668e-11
9.837722555777342648e-11
1.223375319474104783e-10
9.805149941401273002e-11
9.737860674390169752e-11
1.428018605926804681e-10
1.156089371789367593e-10
9.788697038964820289e-11
1.359207467068084224e-10
1.002381502154537560e-10
9.868195913846621078e-11
1.038483325473501308e-10
4.009153547466643414e-10
9.684114641537900772e-11
1.049474997011857871e-10
9.307421026889811122e-11
1.891127233700203593e-10
1.086697399462420391e-10
1.002811765316521492e-10
1.329991054546253146e-10
1.402893915940432256e-10
1.648088675597584933e-10
9.194765300792396255e-11
1.251197860823521333e-10
9.419486006802697246e-11
1.706699993308451256e-10
1.103521825428728635e-10
1.618224676973896404e-10
9.207492139928138928e-11
9.745415798295346808e-11
9.661978547836628706e-11
1.177268170559635066e-10
9.420235355064471458e-11
1.221325332662380363e-10
1.334879506663930271e-10
9.713457273806325682e-11
9.608550883259030212e-11
1.441741533206809062e-10
1.033368986630960463e-10
9.748588041363800226e-11
1.061982930537613461e-10
9.257566468878093647e-11
1.221014080891581879e-10
9.293910602107963032e-11
1.525113364230801561e-10
1.111684211927213232e-10
1.062727758621735879e-10
9.857919604745372157e-11
1.070782617978595070e-10
1.267798186184636722e-10
1.292870925367667036e-10
1.846644636542019565e-10
9.198754267053903552e-11
1.418395098800511982e-10
1.312117471464833326e-10
1.123221633430227344e-10
1.299399585103309215e-10
9.631279162793617426e-11
9.218075260443809547e-11
1.213718524754733419e-10
1.178335530672368569e-10
1.419056934204034758e-10
1.009638133471923281e-10
1.338126663262581303e-10
1.036373366942552638e-10
1.023783516693088605e-10
9.537322284046183876e-11
1.140064120716612017e-10
1.313811799306018720e-10
1.059698236546638287e-10
9.242338900701045977e-11
1.217408663910672446e-10
1.279726271701080608e-10
1.258782954419243576e-10
9.283774569258988368e-11
1.058971692411261388e-10
9.364946427506135630e-11
1.215297568355655169e-10
1.203758622295640535e-10
1.209478000894132382e-10
1.078556811091616919e-10
1.313995306221682210e-10
1.082274502733084865e-10
1.616993893528228501e-10
1.108288112126880641e-10
1.051065165080600624e-10
1.097993132243470427e-10
1.268520914272225840e-10
9.204564052686437893e-11
1.227468832274924591e-10
1.165100209848290158e-10
1.506311414616458362e-10
1.121187531518654818e-10
9.561158701308501341e-11
9.344093150255898725e-11
1.070072645584763653e-10
9.399409562578871492e-11
1.192364673589349703e-10
9.930602152139767432e-11
9.290957948196417829e-11
1.051747262571521751e-10
1.201964099760344237e-10
1.258046669528172370e-10
1.052803677093182667e-10
9.579194410939662374e-11
9.400847120047236201e-11
9.215832722188670662e-11
1.302183664168246511e-10
1.012837220671587564e-10
1.081732182304948562e-10
1.014952595782282335e-10
2.304872082537303773e-10
1.130275650962150441e-10
1.418424073681674131e-10
1.276618368779671775e-10
1.101147213712351819e-10
9.624756633413051685e-11
1.407968395443872441e-10
1.081852247690950198e-10
1.005635415826939619e-10
1.007316057192746947e-10
9.215052596952018414e-11
1.047526814772031612e-10
9.185739764475822937e-11
9.904921105072841490e-11
9.782019629304460480e-11
9.243165640401630833e-11
9.873934930802687880e-11
1.352270978418304004e-10
9.564510215491533226e-11
1.179738595424600493e-10
1.376989519884477403e-10
1.053559963024096588e-10
1.081388872217415812e-10
2.416315739707523031e-10
9.941223347396292227e-11
1.199443434666279457e-10
9.855636410133453784e-11
1.282680341311951904e-10
1.097266501814019721e-10
1.069704666434424768e-10
2.891909289141719708e-10
1.054848747861408766e-10
1.584166374765728184e-10
1.007735458549864205e-10
1.702781457825271164e-10
9.362654556499199772e-11
9.730455392925470088e-11
1.359613442827308134e-10
1.290645520598683687e-10
9.559710781007961169e-11
1.173657259648183597e-10
1.047682263024364000e-10
1.720795662117908427e-10
1.009345503082996722e-10
9.464085050148952494e-11
1.445661149378469520e-10
1.033442498549723227e-10
1.688631864300114340e-10
1.151770781317782369e-10
1.288834903981298710e-10
9.940249897745873580e-11
1.222195199133201570e-10
9.747953665013950731e-11
1.075417255089570884e-10
1.131387139392599117e-10
1.049329936085859304e-10
9.625022615506118871e-11
9.596023981125053536e-11
9.903074704551738809e-11
9.401262378617915886e-11
1.845078160229698207e-10
9.870032716952355194e-11
9.651635252086147347e-11
1.027572128982154541e-10
1.323864505070359958e-10
1.138283369108402559e-10
1.275820184241954101e-10
1.068403014175061943e-10
1.250866999192850205e-10
1.142758295115599443e-10
9.983003083402987207e-11
1.395444689789238565e-10
9.277410392272738237e-11
1.176243285244317013e-10
1.015334894755308976e-10
1.709657870000843560e-10
1.072246882365348270e-10
1.115756111379834815e-10
1.381680829958755591e-10
9.882438612190894774e-11
1.090769482651228720e-10
1.236009976840431262e-10
9.203490216468737249e-11
9.893028670198037563e-11
9.543566061749630907e-11
1.340709130248319999e-10
1.284548379454623222e-10
1.222030156640202360e-10
1.529813526220939006e-10
4.039643982975407301e-10
9.666936149135757539e-11
1.195795419087294562e-10
9.898510819150166175e-11
1.032267229874041237e-10
9.359271947898932122e-11
1.033918744941977262e-10
1.199724740928648470e-10
1.144653955888590642e-10
1.018921772960446386e-10
1.063652775940276440e-10
1.099694395335606938e-10
1.372138491017497836e-10
9.447495306609322451e-11
1.068430146082410758e-10
1.117901803815149270e-10
2.339880340894915077e-10
9.216125254255546089e-11
9.477509821685534514e-11
9.608989614402683281e-11
9.766258700408851068e-11
9.526655441636422951e-11
9.322282009555936980e-11
1.211871687565166316e-10
1.075606081688709287e-10
9.470656699636123642e-11
1.159902275121754754e-10
1.399642178332114816e-10
1.010272661359231818e-10
9.286535499043948401e-11
9.281594380257214416e-11
9.500053279707709804e-11
2.126320701285634476e-10
9.708986294954546197e-11
1.000698148884578090e-10
1.293684054605301096e-10
1.136285054688646563e-10
9.781495137257705443e-11
1.338955542827537561e-10
1.568174694031481209e-10
1.130985048555065385e-10
9.364145129812124680e-11
1.027935547375797085e-10
9.467784078215813793e-11
1.014241423471902797e-10
9.431214501415294326e-11
1.067022775415717745e-10
9.284856422660516534e-11
1.031467849208336319e-10
9.216742795272811923e-11
1.332129402654329419e-10
1.192883466620592040e-10
1.023429188004932424e-10
9.474210711775859075e-11
9.676844683897571717e-11
9.358101412419596557e-11
2.235007799507747806e-10
1.027317964748765765e-10
1.482328501831787512e-10
1.008485190049698020e-10
1.180537074352933507e-10
1.193886770952361922e-10
9.817581421815382057e-11
1.239430064758852304e-10
9.815443819108617380e-11
1.579206326831482913e-10
1.040213912438373364e-10
1.615593240557535046e-10
1.010777934108174811e-10
1.235215292240105920e-10
1.146452896879560996e-10
1.246497666796531939e-10
1.670571640319961285e-10
1.135795147420250189e-10
1.152828040775274429e-10
9.230205941836727434e-11
1.246495171195790675e-10
9.585225885652344428e-11
9.615944295729143933e-11
1.096889771415329766e-10
9.536186667436813091e-11
9.236793208711909685e-11
1.839590742548066279e-10
1.057668575376381126e-10
9.886733901317826559e-11
1.014090467345053199e-10
1.541148412521441874e-10
9.962496731596167352e-11
2.241213724111512231e-10
9.620421783326895841e-11
1.100837030389434254e-10
2.183484863066284788e-10
1.927626138561238088e-10
1.486623874638038612e-10
1.237709754554955896e-10
1.040810183463055454e-10
1.132045700517122128e-10
2.032147688156075816e-10
9.721044501848753636e-11
1.019200090924924998e-10
9.791826184728750624e-11
1.265718947449879694e-10
1.469798950077401262e-10
1.195101673826893288e-10
1.111659385298106267e-10
1.138133399351675689e-10
1.772898173199157534e-10
9.339756976279091646e-11
1.126341071668016059e-10
9.413425529535600096e-11
1.122558545057445140e-10
1.261507025357458608e-10
1.396692218261894986e-10
1.083382413342961233e-10
9.261887750925210625e-11
9.786276360359776167e-11
1.000416844878979705e-10
9.601434723219777464e-11
9.560623622679695395e-11
1.138288773101224200e-10
1.198516522096031749e-10
1.953084093619630962e-10
1.203839668100334207e-10
9.517700483302074390e-11
1.141435489056816286e-10
1.179890473725839877e-10
1.339877685835893880e-10
9.418624989082622774e-11
1.374251417720704187e-10
1.301823325897889648e-10
9.623989943156060650e-11
1.281523786823363316e-10
9.305213455729305502e-11
2.107267149499553428e-10
9.682838463618095236e-11
1.269838842346088203e-10
1.240797543771898871e-10
9.520749471076895267e-11
1.114948825693847550e-10
9.656503892942855098e-11
1.068050244500553752e-10
1.278805332357000679e-10
1.210736802702841667e-10
9.234165284879268189e-11
1.151507336806643088e-10
1.235192652265967836e-10
1.318345242612941799e-10
2.237858412901710622e-10
9.915291974057614636e-11
1.019149492605325869e-10
1.261645316223403638e-10
2.286554012295267645e-10
1.062654587661740781e-10
9.252482252278825333e-11
1.125710968201006878e-10
1.171215147406794021e-10
1.163851325242054530e-10
2.276680119588871494e-10
1.131339601386627801e-10
2.159701390471691613e-10
1.350784106617652602e-10
1.299195021333970771e-10
1.147881958383914918e-10
9.442023368519000116e-11
1.446911229797622270e-10
9.680363504051962570e-11
9.412643798426203682e-11
1.568367598843813358e-10
1.399138114160518093e-10
9.638360411089282214e-11
9.619999161397707401e-11
1.001774329763958532e-10
9.403705690560990963e-11
1.394984530401006192e-10
1.395388166305939331e-10
1.187197089334495052e-10
1.066426475097891263e-10
9.221925462676488466e-11
1.306997822133350646e-10
9.752903936231323069e-11
9.952670333944736239e-11
1.038941452281901129e-10
4.048670904540398329e-10
9.475400410542657976e-11
9.552326550518763553e-11
1.326540974538654026e-10
1.026173544119270668e-10
1.235333517317540726e-10
1.225833875469067748e-10
1.218903359720762101e-10
1.055097099519437855e-10
9.346806378250360659e-11
9.869542932037599218e-11
1.610935313616625560e-10
9.412611889827311282e-11
9.232396745570600677e-11
1.210556312481036335e-10
9.237004063133591918e-11
1.515641154024796116e-10
1.368702205086579277e-10
1.018847345120975075e-10
1.902999672811165994e-10
1.405571895623170216e-10
1.973410213806597309e-10
1.005602289886554208e-10
1.037762845146033179e-10
9.548230794524015610e-11
1.046817598411836638e-10
9.255882795174858726e-11
1.268431207416417778e-10
1.689172331445011074e-10
1.010470598684303693e-10
1.087541284812557783e-10
1.519780586490064305e-10
1.158194813812881906e-10
1.299555997209622810e-10
1.403156065091842317e-10
1.038322280441913602e-10
2.413748400265068652e-10
9.383615708819820448e-11
1.112669988752784829e-10
9.968931690065304313e-11
1.037833155175117047e-10
9.953885804332967158e-11
1.306297348211839220e-10
1.104931414555736079e-10
1.213029923019807704e-10
1.243113358094484290e-10
1.434680939670114119e-10
9.455046479990249218e-11
1.353866698078417439e-10
9.335194061949248054e-11
1.125739615962349497e-10
1.451293835510073203e-10
1.241834494304970494e-10
9.638969842160555352e-11
9.684379196593366832e-11
1.183205277594259759e-10
9.737411540408239448e-11
9.186277603995847792e-11
1.088731595254876442e-10
1.272074003376845856e-10
1.295997757157356572e-10
9.661230037309111638e-11
1.039693392310271026e-10
1.002712139800211676e-10
1.015693185687740147e-10
2.248507005605267359e-10
9.945998126826116754e-11
1.203660846399017858e-10
1.633835902756355537e-10
1.570934624719188362e-10
9.236176840867852497e-11
1.040947517269817388e-10
1.059432127416286346e-10
1.286098407595028601e-10
1.172632246177314673e-10
9.780955193268490380e-11
9.885495924998293763e-11
9.787571565665068965e-11
1.210030068281167862e-10
1.238017330363768317e-10
1.112818822881480464e-10
9.686884375127944524e-11
1.505694896739183776e-10
9.568238157677968734e-11
1.044023147922743282e-10
1.008262875680150243e-10
9.504325393487258721e-11
1.330884460271338220e-10
1.225878191236553602e-10
1.082189780841876448e-10
1.126872737212511493e-10
1.306042222229245169e-10
1.058968814141660046e-10
1.311492197307313037e-10
1.342392886695725098e-10
9.564289959726921719e-11
1.146757625632494009e-10
9.494037825744830340e-11
9.435147699499090001e-11
1.172106935552174123e-10
1.004360884461576167e-10
1.049031055260307344e-10
1.861183055798484880e-10
1.281528658441036011e-10
1.131761949311366173e-10
9.711811914649778644e-11
1.335593862952102106e-10
1.384676968995323711e-10
1.243064577180029807e-10
1.510196847030533575e-10
2.944148487057192998e-10
1.110563771971500314e-10
1.213483493211972787e-10
1.245761274889328808e-10
1.058955861843744247e-10
9.483328398017830276e-11
1.437423783988389381e-10
1.149301426909242446e-10
9.249712430777818734e-11
1.225170237440167278e-10
1.064092808337413265e-10
1.290187929222892042e-10
2.038014510998440611e-10
9.996224679890986750e-11
9.339483898970494416e-11
9.424889712348165179e-11
1.450086413126631912e-10
1.065022516026805836e-10
2.962199410989094729e-10
1.774547748739260832e-10
9.977879952747181704e-11
1.577243267237834774e-10
2.519356968407263751e-10
1.732443344919354468e-10
1.314352722850958098e-10
1.034368357019052289e-10
9.563519029597144737e-11
2.326412360672026346e-10
9.643844077540336771e-11
1.577320449537372542e-10
9.514050052687668325e-11
9.323376040041843402e-11
9.936035723813957191e-11
1.197789270052995716e-10
1.159530119108967164e-10
1.493551098281229029e-10
9.557003284716280653e-11
9.670785330083985291e-11
9.724642356550203552e-11
2.882964552970187455e-10
1.055550353810974289e-10
1.035760188653937925e-10
1.346805876108134062e-10
1.233779450696574878e-10
1.065358983948299648e-10
1.146477062980045919e-10
1.187090307288393507e-10
1.262836291216640221e-10
1.227886124173634358e-10
9.557491313277261971e-11
1.001382970963570500e-10
1.113179811094796425e-10
9.670317889754347644e-11
9.877881680227880093e-11
9.463751599205851978e-11
1.042375433885309636e-10
1.182268542499259480e-10
1.699105290052249377e-10
9.287665497054806115e-11
9.730114445367518535e-11
9.579398655831257251e-11
2.152625211357410264e-10
1.147572125179588437e-10
1.202945327010545793e-10
1.111888323598652523e-10
9.380431743112187529e-11
9.967566082979101423e-11
1.403095313309783556e-10
1.571354463795807570e-10
9.987518018940651585e-11
9.390604318490397222e-11
1.028381541494159971e-10
9.772991847286601657e-11
1.227784973896918110e-10
9.307114894750455190e-11
9.299087865866184290e-11
9.283919899263854077e-11
9.567782064221499604e-11
9.908170648882716311e-11
1.642129597726808127e-10
1.471856645377566454e-10
1.167142518067327417e-10
1.401841512615968247e-10
9.923246705968634016e-11
2.055583381894992161e-10
1.088574264174928021e-10
1.101394749130063919e-10
9.707386861628753304e-11
1.102480270695944133e-10
9.864414218864685706e-11
1.220170175809887202e-10
1.459532201735625468e-10
1.254210652039361641e-10
9.778640852129812715e-11
9.646545849779070676e-11
1.172134588615410951e-10
1.036910004132461490e-10
1.020022749338719876e-10
9.392362748249552769e-11
1.044339306962645871e-10
9.294265510698711922e-11
1.489901006905256452e-10
1.625627854954832328e-10
1.062940072924794922e-10
1.009900687315800199e-10
1.078447755721538338e-10
1.269943193690029297e-10
1.920294579223321530e-10
9.767525336272280740e-11
