Fracture Radii List After Isolated Fracture and Cluster Removal
Format: xRadius yRadius Family# (-2 = userPolygon, -1 = userRectangle, 0 = userEllipse, > 0 is family in order of famProb)
35.9775 35.9775 3
59.6171 59.6171 3
39.429 39.429 1
30.5953 30.5953 2
34.9825 34.9825 2
58.3695 58.3695 3
30.382 30.382 3
33.7011 33.7011 3
37.2911 37.2911 2
40.2421 40.2421 3
35.143 35.143 3
46.383 46.383 1
33.8976 33.8976 3
63.2467 63.2467 3
43.1682 43.1682 2
44.3514 44.3514 3
55.4909 55.4909 3
36.0948 36.0948 1
44.6754 44.6754 3
34.4227 34.4227 3
52.4489 52.4489 3
30.3142 30.3142 3
115.419 115.419 2
58.3654 58.3654 3
48.5374 48.5374 3
77.9728 77.9728 1
53.2969 53.2969 2
51.4172 51.4172 1
36.1712 36.1712 1
35.3192 35.3192 2
33.9678 33.9678 3
38.0869 38.0869 2
33.1356 33.1356 1
30.689 30.689 1
61.2763 61.2763 3
32.4121 32.4121 1
39.4706 39.4706 3
49.8465 49.8465 1
39.4522 39.4522 3
117.758 117.758 3
30.3198 30.3198 3
30.5045 30.5045 1
30.7956 30.7956 2
43.4621 43.4621 2
317.941 317.941 2
47.6063 47.6063 1
30.2796 30.2796 3
61.9329 61.9329 3
46.0583 46.0583 2
42.2256 42.2256 3
41.0878 41.0878 2
43.5815 43.5815 2
56.7369 56.7369 3
40.4342 40.4342 3
38.1927 38.1927 1
42.9684 42.9684 3
44.1832 44.1832 3
72.4201 72.4201 3
36.8901 36.8901 3
149.921 149.921 1
44.3277 44.3277 2
66.1265 66.1265 1
61.2999 61.2999 1
30.2487 30.2487 3
54.8106 54.8106 3
40.0874 40.0874 3
43.2605 43.2605 3
62.2596 62.2596 3
53.1729 53.1729 3
91.5138 91.5138 1
101.666 101.666 2
43.8581 43.8581 3
36.2884 36.2884 1
78.9653 78.9653 1
124.583 124.583 3
64.0034 64.0034 2
30.6385 30.6385 1
39.2476 39.2476 1
54.3892 54.3892 3
110.637 110.637 3
164.491 164.491 1
43.1502 43.1502 3
39.408 39.408 3
33.4573 33.4573 1
37.6676 37.6676 2
79.018 79.018 2
206.711 206.711 3
40.972 40.972 3
38.9171 38.9171 1
52.4608 52.4608 3
117.091 117.091 3
43.6841 43.6841 3
40.7307 40.7307 2
30.5372 30.5372 3
35.6014 35.6014 1
35.509 35.509 3
35.575 35.575 1
34.1929 34.1929 3
189.375 189.375 1
80.3757 80.3757 1
32.4106 32.4106 3
99.6127 99.6127 1
58.8917 58.8917 1
30.543 30.543 3
145.829 145.829 3
37.2544 37.2544 1
90.3826 90.3826 3
47.8558 47.8558 3
42.3773 42.3773 3
38.6767 38.6767 2
31.0998 31.0998 2
82.4544 82.4544 3
44.7251 44.7251 2
34.175 34.175 3
43.8597 43.8597 1
143.198 143.198 3
52.239 52.239 3
65.6598 65.6598 3
32.3225 32.3225 3
32.9757 32.9757 2
34.2756 34.2756 2
43.8282 43.8282 3
33.7347 33.7347 1
226.243 226.243 3
47.4919 47.4919 3
30.5204 30.5204 1
37.7584 37.7584 2
41.0232 41.0232 2
33.2381 33.2381 3
135.563 135.563 2
50.7536 50.7536 3
60.3824 60.3824 1
62.7137 62.7137 3
39.7347 39.7347 3
99.066 99.066 3
40.4843 40.4843 3
39.3237 39.3237 2
32.7953 32.7953 3
43.1568 43.1568 2
36.4841 36.4841 3
77.6882 77.6882 3
31.1426 31.1426 3
41.9007 41.9007 1
30.4121 30.4121 3
38.2752 38.2752 3
36.3649 36.3649 3
53.0724 53.0724 3
33.984 33.984 2
42.2548 42.2548 1
59.053 59.053 1
33.6568 33.6568 3
30.6275 30.6275 2
44.3936 44.3936 3
31.7829 31.7829 1
42.9205 42.9205 3
30.8522 30.8522 2
242.596 242.596 1
37.8716 37.8716 3
63.1659 63.1659 3
62.2259 62.2259 3
38.1263 38.1263 3
95.5079 95.5079 3
44.3604 44.3604 3
37.1509 37.1509 1
117.587 117.587 1
39.9008 39.9008 2
83.9067 83.9067 3
67.2141 67.2141 2
37.9255 37.9255 3
43.4122 43.4122 1
45.6406 45.6406 2
34.4423 34.4423 3
36.267 36.267 3
31.3998 31.3998 3
52.6088 52.6088 3
71.2076 71.2076 1
30.143 30.143 3
39.6007 39.6007 3
112.431 112.431 2
40.2701 40.2701 2
81.8562 81.8562 2
48.8559 48.8559 3
63.2249 63.2249 3
57.7665 57.7665 1
37.4979 37.4979 2
34.5379 34.5379 2
30.7706 30.7706 3
35.6766 35.6766 3
61.5775 61.5775 3
64.7376 64.7376 3
53.0816 53.0816 1
92.6517 92.6517 2
80.8134 80.8134 1
73.7533 73.7533 3
42.7432 42.7432 2
80.0948 80.0948 3
71.3619 71.3619 2
93.4159 93.4159 3
31.1669 31.1669 2
76.2454 76.2454 3
30.3296 30.3296 2
49.2654 49.2654 3
42.4332 42.4332 3
72.3956 72.3956 3
59.3024 59.3024 3
34.0686 34.0686 3
118.871 118.871 3
35.3414 35.3414 3
49.5959 49.5959 1
31.2815 31.2815 1
67.8078 67.8078 3
33.5613 33.5613 2
39.2563 39.2563 1
40.2428 40.2428 3
115.092 115.092 3
53.5588 53.5588 3
69.2341 69.2341 3
33.0038 33.0038 3
34.7575 34.7575 3
43.3645 43.3645 1
32.707 32.707 1
58.9439 58.9439 3
91.752 91.752 3
40.7602 40.7602 3
37.1193 37.1193 3
39.809 39.809 3
100.616 100.616 3
30.092 30.092 3
32.5688 32.5688 2
30.2786 30.2786 1
34.0734 34.0734 3
44.3997 44.3997 3
35.1113 35.1113 2
37.855 37.855 1
82.4319 82.4319 3
63.6675 63.6675 2
59.1484 59.1484 2
31.8409 31.8409 3
96.0468 96.0468 3
31.345 31.345 3
36.9262 36.9262 2
35.7385 35.7385 1
35.451 35.451 3
30.4561 30.4561 3
48.6079 48.6079 3
31.3996 31.3996 3
57.2219 57.2219 3
54.1702 54.1702 3
36.0227 36.0227 3
34.8502 34.8502 1
30.9996 30.9996 1
31.114 31.114 2
30.22 30.22 1
50.2937 50.2937 3
56.906 56.906 2
94.1946 94.1946 2
38.518 38.518 3
47.8223 47.8223 3
48.5988 48.5988 1
43.8509 43.8509 3
39.9664 39.9664 3
33.8694 33.8694 1
43.8107 43.8107 2
33.4967 33.4967 2
34.9614 34.9614 2
35.7452 35.7452 3
36.0941 36.0941 3
59.4562 59.4562 1
33.3509 33.3509 2
34.5689 34.5689 2
31.5471 31.5471 1
76.5201 76.5201 2
37.1613 37.1613 1
34.397 34.397 3
51.6783 51.6783 1
33.5909 33.5909 3
42.3183 42.3183 3
76.4723 76.4723 3
85.0205 85.0205 2
50.5084 50.5084 1
31.7924 31.7924 3
73.0271 73.0271 1
42.373 42.373 2
30.3058 30.3058 3
66.7777 66.7777 3
31.7178 31.7178 3
36.6599 36.6599 1
56.428 56.428 3
32.7741 32.7741 3
30.4019 30.4019 2
67.5316 67.5316 1
31.2993 31.2993 3
62.1352 62.1352 2
31.196 31.196 3
30.4588 30.4588 2
37.3345 37.3345 1
60.783 60.783 3
67.7078 67.7078 1
68.0947 68.0947 1
37.644 37.644 3
71.5934 71.5934 1
34.2841 34.2841 3
102.435 102.435 3
48.6901 48.6901 1
147.064 147.064 3
40.6956 40.6956 3
30.5061 30.5061 3
112.824 112.824 3
41.3581 41.3581 3
34.6795 34.6795 1
36.6512 36.6512 3
39.7858 39.7858 3
37.5643 37.5643 1
37.1112 37.1112 1
42.8831 42.8831 3
50.8732 50.8732 3
45.7751 45.7751 3
54.975 54.975 2
98.6634 98.6634 1
45.7099 45.7099 1
41.2376 41.2376 3
33.5313 33.5313 2
36.7884 36.7884 3
37.1964 37.1964 3
51.4333 51.4333 3
61.1693 61.1693 3
30.9101 30.9101 3
38.4997 38.4997 3
41.0662 41.0662 2
40.0735 40.0735 3
35.6682 35.6682 3
33.2777 33.2777 3
35.6157 35.6157 2
57.884 57.884 3
32.708 32.708 1
64.9027 64.9027 2
50.9602 50.9602 2
43.3417 43.3417 3
31.0044 31.0044 3
42.5167 42.5167 2
90.9937 90.9937 3
30.9519 30.9519 3
91.9327 91.9327 3
32.5923 32.5923 1
44.9842 44.9842 3
44.3484 44.3484 1
31.6897 31.6897 3
30.0907 30.0907 3
46.0189 46.0189 2
76.6169 76.6169 3
61.578 61.578 3
81.4757 81.4757 3
56.2752 56.2752 3
95.7135 95.7135 3
43.0287 43.0287 2
37.7352 37.7352 1
68.4469 68.4469 2
52.1927 52.1927 3
50.9998 50.9998 1
40.1247 40.1247 2
87.8498 87.8498 1
36.0526 36.0526 1
37.6343 37.6343 1
30.153 30.153 2
124.019 124.019 3
39.74 39.74 1
35.8911 35.8911 1
31.7571 31.7571 3
50.302 50.302 1
36.3568 36.3568 3
30.5313 30.5313 3
32.6606 32.6606 2
35.216 35.216 3
31.6621 31.6621 2
37.6106 37.6106 1
31.7993 31.7993 3
122.481 122.481 3
37.0789 37.0789 1
41.5741 41.5741 1
32.0014 32.0014 2
32.9815 32.9815 2
33.3239 33.3239 3
39.5619 39.5619 3
31.5043 31.5043 3
41.3534 41.3534 2
85.7254 85.7254 3
52.4319 52.4319 3
34.7876 34.7876 1
33.022 33.022 2
96.5826 96.5826 3
30.8126 30.8126 2
51.8991 51.8991 3
34.7763 34.7763 1
87.21 87.21 2
41.8116 41.8116 2
214.077 214.077 3
34.8555 34.8555 3
35.8169 35.8169 2
30.0025 30.0025 3
39.4438 39.4438 1
36.3967 36.3967 3
30.3218 30.3218 3
33.7773 33.7773 1
44.2049 44.2049 3
72.5883 72.5883 3
45.7558 45.7558 2
42.7762 42.7762 3
81.1814 81.1814 3
43.5326 43.5326 1
38.9 38.9 3
57.5039 57.5039 3
71.8974 71.8974 1
30.7841 30.7841 3
41.4685 41.4685 2
35.5634 35.5634 3
39.5898 39.5898 2
39.8748 39.8748 1
31.445 31.445 1
32.0583 32.0583 3
104.075 104.075 2
30.4983 30.4983 3
45.4382 45.4382 1
80.6366 80.6366 2
47.304 47.304 1
38.524 38.524 2
43.3247 43.3247 3
47.6795 47.6795 3
34.8539 34.8539 3
31.3959 31.3959 3
41.4546 41.4546 3
44.9277 44.9277 1
48.0244 48.0244 3
41.5454 41.5454 3
33.5385 33.5385 1
32.9514 32.9514 3
97.467 97.467 3
34.996 34.996 3
80.0454 80.0454 1
30.4951 30.4951 2
42.3524 42.3524 3
104.382 104.382 3
35.0643 35.0643 3
67.105 67.105 3
62.0293 62.0293 1
32.3608 32.3608 3
44.0483 44.0483 1
51.0048 51.0048 2
32.3625 32.3625 3
56.7807 56.7807 1
50.7878 50.7878 3
33.8526 33.8526 3
48.8416 48.8416 3
32.9029 32.9029 1
46.089 46.089 3
44.1248 44.1248 3
38.4869 38.4869 3
33.1497 33.1497 2
30.8465 30.8465 2
30.6386 30.6386 3
32.9359 32.9359 3
54.1027 54.1027 1
58.7642 58.7642 3
30.1297 30.1297 3
95.5979 95.5979 2
36.2153 36.2153 3
40.4483 40.4483 3
34.6928 34.6928 3
40.2429 40.2429 1
30.3509 30.3509 3
39.9338 39.9338 3
58.4991 58.4991 3
42.5202 42.5202 3
30.3608 30.3608 3
38.1123 38.1123 3
36.0541 36.0541 1
50.2758 50.2758 1
112.17 112.17 2
76.1633 76.1633 1
36.9156 36.9156 3
37.0716 37.0716 3
34.2772 34.2772 3
33.105 33.105 3
31.8493 31.8493 3
30.2279 30.2279 3
34.6875 34.6875 3
33.3548 33.3548 3
79.8714 79.8714 2
31.4634 31.4634 1
57.0157 57.0157 3
32.0884 32.0884 3
68.666 68.666 1
87.615 87.615 1
80.0852 80.0852 3
85.2079 85.2079 1
191.514 191.514 1
64.1137 64.1137 2
63.6114 63.6114 3
33.7003 33.7003 3
51.8578 51.8578 2
36.4284 36.4284 3
33.0399 33.0399 1
64.1617 64.1617 1
35.4796 35.4796 3
117.448 117.448 3
31.0562 31.0562 1
58.5075 58.5075 3
154.769 154.769 3
38.4051 38.4051 1
41.8903 41.8903 1
45.7308 45.7308 2
136.224 136.224 2
57.4261 57.4261 2
45.9232 45.9232 1
41.118 41.118 3
55.2129 55.2129 3
37.0534 37.0534 3
31.0063 31.0063 2
31.5865 31.5865 3
35.8356 35.8356 2
60.5289 60.5289 3
39.8691 39.8691 3
57.5281 57.5281 1
31.5128 31.5128 3
31.7263 31.7263 3
36.3941 36.3941 2
50.5036 50.5036 3
30.2453 30.2453 1
34.4125 34.4125 2
36.0581 36.0581 3
31.5307 31.5307 3
102.122 102.122 2
45.4789 45.4789 3
47.8151 47.8151 3
32.834 32.834 3
82.3634 82.3634 3
36.0172 36.0172 3
33.6619 33.6619 3
95.0149 95.0149 3
61.866 61.866 3
30.1252 30.1252 3
54.0642 54.0642 3
111.983 111.983 3
46.7378 46.7378 3
35.2767 35.2767 2
39.5279 39.5279 3
31.715 31.715 3
67.5527 67.5527 3
36.123 36.123 2
33.1049 33.1049 1
39.7223 39.7223 3
31.5518 31.5518 1
36.5606 36.5606 1
104.456 104.456 2
58.7972 58.7972 2
35.57 35.57 2
31.5731 31.5731 2
62.0852 62.0852 3
46.8855 46.8855 3
50.4698 50.4698 3
32.0662 32.0662 2
52.4557 52.4557 1
41.1339 41.1339 3
41.5577 41.5577 3
35.5101 35.5101 2
38.1267 38.1267 2
114.085 114.085 1
76.4403 76.4403 1
36.9763 36.9763 3
133.872 133.872 1
45.7094 45.7094 3
35.7676 35.7676 2
33.2011 33.2011 2
38.9379 38.9379 3
61.1496 61.1496 3
35.7413 35.7413 2
42.2429 42.2429 3
37.6968 37.6968 1
76.6234 76.6234 2
30.0362 30.0362 2
35.9108 35.9108 2
49.9147 49.9147 3
50.7067 50.7067 3
268.284 268.284 1
75.9955 75.9955 2
48.4902 48.4902 3
30.1248 30.1248 3
31.3562 31.3562 2
53.7745 53.7745 3
57.3083 57.3083 3
34.3109 34.3109 1
147.151 147.151 3
49.6406 49.6406 3
33.0711 33.0711 3
34.0092 34.0092 3
33.832 33.832 2
30.2873 30.2873 1
41.8418 41.8418 3
37.0414 37.0414 2
103.259 103.259 1
33.2943 33.2943 1
43.7902 43.7902 1
34.2086 34.2086 1
37.8237 37.8237 1
31.1775 31.1775 2
36.0488 36.0488 3
31.2349 31.2349 2
78.0136 78.0136 3
47.89 47.89 2
35.2306 35.2306 1
31.037 31.037 2
57.1265 57.1265 1
54.1888 54.1888 1
80.7944 80.7944 3
35.7353 35.7353 3
62.5224 62.5224 1
52.8676 52.8676 3
41.8989 41.8989 2
49.8061 49.8061 3
35.1242 35.1242 3
57.6096 57.6096 1
37.8374 37.8374 1
40.0484 40.0484 2
31.8518 31.8518 1
42.4169 42.4169 3
54.0141 54.0141 3
32.7634 32.7634 2
33.1098 33.1098 1
38.0466 38.0466 3
50.0775 50.0775 3
116.796 116.796 3
135.733 135.733 1
38.4355 38.4355 2
46.8273 46.8273 1
39.2605 39.2605 3
35.5145 35.5145 3
34.8282 34.8282 3
56.8767 56.8767 3
59.3014 59.3014 3
32.0651 32.0651 3
50.3516 50.3516 2
32.8347 32.8347 3
51.6024 51.6024 3
53.852 53.852 3
42.097 42.097 3
36.1983 36.1983 2
37.2577 37.2577 3
60.4149 60.4149 2
61.3503 61.3503 1
38.104 38.104 1
49.5892 49.5892 2
35.68 35.68 1
42.7094 42.7094 3
51.707 51.707 1
37.584 37.584 3
44.5319 44.5319 3
62.9502 62.9502 3
33.5215 33.5215 1
30.6085 30.6085 2
32.2736 32.2736 3
30.5016 30.5016 1
32.347 32.347 3
58.6551 58.6551 3
40.9832 40.9832 3
33.0408 33.0408 3
121.055 121.055 3
37.7859 37.7859 1
33.5953 33.5953 3
104.316 104.316 3
30.1581 30.1581 3
51.9202 51.9202 1
56.4598 56.4598 3
47.1512 47.1512 1
75.4596 75.4596 3
57.2926 57.2926 3
43.7952 43.7952 3
32.0077 32.0077 1
60.228 60.228 3
33.1746 33.1746 1
105.053 105.053 2
37.1155 37.1155 3
30.6111 30.6111 3
44.4021 44.4021 3
86.4862 86.4862 3
69.9956 69.9956 3
44.627 44.627 2
37.271 37.271 2
36.9694 36.9694 2
62.5946 62.5946 2
30.4105 30.4105 1
30.8074 30.8074 2
64.64 64.64 3
35.8118 35.8118 1
71.5984 71.5984 3
35.5034 35.5034 3
40.7953 40.7953 1
33.1109 33.1109 1
69.944 69.944 1
49.1737 49.1737 2
60.7085 60.7085 2
42.497 42.497 2
32.8717 32.8717 1
37.1038 37.1038 1
183.33 183.33 3
34.0524 34.0524 2
37.3638 37.3638 2
33.8467 33.8467 1
43.7979 43.7979 3
42.1106 42.1106 3
56.6591 56.6591 1
112.595 112.595 3
40.4719 40.4719 1
32.9797 32.9797 3
40.8164 40.8164 2
96.4948 96.4948 3
37.2082 37.2082 3
51.1656 51.1656 3
39.2645 39.2645 1
43.5691 43.5691 1
34.5036 34.5036 2
38.7748 38.7748 3
32.0518 32.0518 3
42.0665 42.0665 1
44.1586 44.1586 3
38.4444 38.4444 3
39.5239 39.5239 2
31.8269 31.8269 3
199.918 199.918 1
407.77 407.77 3
46.3546 46.3546 3
37.8303 37.8303 3
71.7323 71.7323 2
38.5838 38.5838 3
44.0584 44.0584 2
100.54 100.54 2
30.9806 30.9806 3
60.9291 60.9291 3
116.787 116.787 3
37.9843 37.9843 2
38.2451 38.2451 3
52.5387 52.5387 3
42.9733 42.9733 2
37.6543 37.6543 1
39.9851 39.9851 3
35.8581 35.8581 3
65.2338 65.2338 3
79.2801 79.2801 3
30.1365 30.1365 3
33.0995 33.0995 3
48.4524 48.4524 1
49.4713 49.4713 3
53.5923 53.5923 2
31.3322 31.3322 2
34.7653 34.7653 3
38.0893 38.0893 3
38.2587 38.2587 1
33.6034 33.6034 3
45.914 45.914 2
30.0753 30.0753 1
45.1947 45.1947 1
40.594 40.594 3
47.6914 47.6914 2
32.3739 32.3739 3
33.8173 33.8173 1
99.8802 99.8802 3
34.0428 34.0428 2
39.052 39.052 1
34.4555 34.4555 3
81.1107 81.1107 1
32.0898 32.0898 1
38.7563 38.7563 3
111.006 111.006 3
118.817 118.817 3
32.7416 32.7416 1
53.1712 53.1712 3
45.4622 45.4622 2
51.3504 51.3504 3
34.0209 34.0209 3
40.0943 40.0943 3
31.0803 31.0803 2
33.9143 33.9143 1
36.8976 36.8976 3
72.29 72.29 3
43.8659 43.8659 1
59.1998 59.1998 3
51.1533 51.1533 1
30.6893 30.6893 1
34.2878 34.2878 3
95.273 95.273 3
108.136 108.136 3
41.8957 41.8957 3
44.3735 44.3735 2
33.7276 33.7276 1
34.7372 34.7372 1
62.8572 62.8572 1
57.6628 57.6628 1
43.1156 43.1156 2
39.5162 39.5162 3
135.552 135.552 2
39.993 39.993 3
56.5621 56.5621 1
36.0474 36.0474 3
46.4433 46.4433 2
58.4395 58.4395 3
37.3023 37.3023 3
35.65 35.65 3
34.6484 34.6484 3
35.6213 35.6213 3
46.5666 46.5666 3
92.9645 92.9645 2
81.8197 81.8197 1
58.3613 58.3613 3
72.6923 72.6923 1
35.8942 35.8942 1
64.5577 64.5577 2
78.108 78.108 1
94.7803 94.7803 3
50.9663 50.9663 3
37.2489 37.2489 3
34.944 34.944 2
35.6731 35.6731 1
40.6252 40.6252 3
32.6241 32.6241 2
38.0855 38.0855 3
45.8872 45.8872 3
108.276 108.276 3
62.2502 62.2502 1
63.041 63.041 1
62.0118 62.0118 2
33.432 33.432 3
42.3446 42.3446 2
56.5393 56.5393 3
30.5128 30.5128 2
42.247 42.247 3
44.5051 44.5051 2
30.3616 30.3616 1
31.2834 31.2834 3
53.4487 53.4487 3
36.1034 36.1034 3
49.1318 49.1318 2
70.8792 70.8792 3
43.4901 43.4901 3
260.679 260.679 3
111.135 111.135 3
60.9696 60.9696 3
57.3491 57.3491 3
35.32 35.32 1
40.4621 40.4621 1
31.2609 31.2609 1
42.1975 42.1975 3
55.8039 55.8039 3
62.7744 62.7744 3
40.8118 40.8118 3
44.9763 44.9763 2
60.2432 60.2432 3
53.1442 53.1442 1
33.3773 33.3773 3
30.2104 30.2104 3
63.4253 63.4253 1
77.5507 77.5507 1
31.7764 31.7764 2
48.613 48.613 2
45.225 45.225 3
40.3177 40.3177 3
79.6776 79.6776 3
140.113 140.113 3
38.7849 38.7849 3
37.7662 37.7662 2
35.9613 35.9613 1
31.5066 31.5066 2
69.8674 69.8674 3
32.7521 32.7521 2
36.2584 36.2584 3
34.6392 34.6392 3
41.0834 41.0834 3
35.9849 35.9849 3
39.8081 39.8081 2
31.4129 31.4129 2
36.8516 36.8516 2
31.4232 31.4232 2
50.0254 50.0254 3
36.7465 36.7465 3
39.2716 39.2716 1
56.8857 56.8857 3
45.4844 45.4844 2
31.1631 31.1631 3
31.3049 31.3049 3
55.2936 55.2936 1
32.1293 32.1293 1
136.583 136.583 3
39.1731 39.1731 3
57.676 57.676 3
32.8288 32.8288 3
30.7975 30.7975 2
39.3267 39.3267 3
35.9832 35.9832 3
47.1022 47.1022 1
32.2242 32.2242 1
60.8325 60.8325 1
45.1651 45.1651 3
92.0207 92.0207 3
30.9358 30.9358 3
33.6381 33.6381 3
31.4916 31.4916 3
52.1674 52.1674 3
135.822 135.822 1
30.9476 30.9476 3
63.6941 63.6941 3
33.1294 33.1294 3
39.8878 39.8878 1
63.3879 63.3879 3
113.754 113.754 3
61.3833 61.3833 2
64.4238 64.4238 3
36.7224 36.7224 2
79.9125 79.9125 3
39.3921 39.3921 2
58.5741 58.5741 3
36.5977 36.5977 3
71.2576 71.2576 3
31.019 31.019 3
37.5222 37.5222 1
54.8496 54.8496 3
71.3221 71.3221 2
33.1045 33.1045 2
76.1341 76.1341 3
55.9089 55.9089 3
44.2846 44.2846 2
34.8766 34.8766 1
41.543 41.543 2
31.1443 31.1443 3
37.4165 37.4165 3
65.658 65.658 1
44.328 44.328 3
43.2886 43.2886 1
71.5119 71.5119 3
63.6503 63.6503 3
31.8149 31.8149 1
33.6477 33.6477 2
32.2777 32.2777 3
31.9214 31.9214 1
34.0419 34.0419 3
157.311 157.311 2
34.6059 34.6059 1
35.2359 35.2359 3
58.8147 58.8147 1
37.9993 37.9993 3
33.3298 33.3298 3
30.7187 30.7187 2
32.1363 32.1363 3
73.9387 73.9387 2
30.5946 30.5946 3
33.8906 33.8906 3
35.9157 35.9157 3
43.5107 43.5107 2
37.3583 37.3583 3
82.5269 82.5269 1
61.2982 61.2982 1
34.4958 34.4958 3
31.8296 31.8296 3
30.7668 30.7668 2
89.1918 89.1918 3
30.4261 30.4261 3
38.0639 38.0639 1
47.4133 47.4133 3
30.473 30.473 3
41.752 41.752 3
46.654 46.654 2
30.8422 30.8422 3
71.6302 71.6302 1
44.1711 44.1711 3
38.4527 38.4527 2
34.385 34.385 1
48.4172 48.4172 1
36.5559 36.5559 3
78.9028 78.9028 1
35.2694 35.2694 3
37.8468 37.8468 2
36.3572 36.3572 2
33.1693 33.1693 3
30.4365 30.4365 2
32.8304 32.8304 1
35.6831 35.6831 2
71.7801 71.7801 3
51.7724 51.7724 3
30.3036 30.3036 3
40.1302 40.1302 3
34.3995 34.3995 3
51.6447 51.6447 1
42.6112 42.6112 3
37.2343 37.2343 3
31.8997 31.8997 3
52.6213 52.6213 1
40.7107 40.7107 1
79.4473 79.4473 1
30.9679 30.9679 1
33.9403 33.9403 2
33.5938 33.5938 2
36.8639 36.8639 3
38.9701 38.9701 3
202.546 202.546 2
31.2589 31.2589 2
30.8579 30.8579 3
123.139 123.139 3
48.9352 48.9352 3
48.9477 48.9477 1
47.7742 47.7742 2
33.7884 33.7884 1
37.9939 37.9939 2
33.777 33.777 1
34.3659 34.3659 3
80.2261 80.2261 3
47.4904 47.4904 1
56.8905 56.8905 3
36.5131 36.5131 3
122.842 122.842 1
72.4714 72.4714 3
43.6015 43.6015 1
45.545 45.545 3
65.9075 65.9075 3
34.9197 34.9197 3
72.7749 72.7749 3
37.0188 37.0188 1
36.9999 36.9999 2
47.6814 47.6814 1
110.889 110.889 1
84.7931 84.7931 3
39.6796 39.6796 1
35.1999 35.1999 2
88.2425 88.2425 2
62.3751 62.3751 2
30.3156 30.3156 3
64.1732 64.1732 2
50.5023 50.5023 2
50.0128 50.0128 3
303.693 303.693 2
48.7461 48.7461 2
31.0237 31.0237 1
44.3787 44.3787 2
119.452 119.452 3
128.137 128.137 1
31.4277 31.4277 3
32.8654 32.8654 3
82.7508 82.7508 1
33.8023 33.8023 3
41.1567 41.1567 2
91.6747 91.6747 3
34.9159 34.9159 2
42.3795 42.3795 3
49.518 49.518 2
30.3358 30.3358 3
40.5956 40.5956 3
35.2073 35.2073 3
38.3852 38.3852 3
52.3077 52.3077 1
31.2783 31.2783 2
40.1691 40.1691 2
60.8278 60.8278 2
33.5159 33.5159 2
55.6021 55.6021 2
46.1613 46.1613 3
85.2433 85.2433 3
31.5087 31.5087 3
30.0068 30.0068 3
34.4933 34.4933 3
32.1809 32.1809 3
44.3396 44.3396 3
33.0249 33.0249 3
41.7997 41.7997 3
45.368 45.368 3
36.3649 36.3649 2
41.1445 41.1445 3
58.7521 58.7521 1
30.622 30.622 1
51.2679 51.2679 2
36.3527 36.3527 3
49.0883 49.0883 3
31.8513 31.8513 3
126.64 126.64 2
35.5058 35.5058 3
75.2726 75.2726 3
37.6954 37.6954 3
37.6005 37.6005 3
73.7411 73.7411 1
33.1708 33.1708 3
156.606 156.606 2
30.9135 30.9135 3
30.7367 30.7367 2
37.7783 37.7783 3
67.9892 67.9892 3
39.4709 39.4709 1
69.4096 69.4096 3
38.8906 38.8906 1
34.3468 34.3468 1
92.0817 92.0817 1
44.7746 44.7746 2
85.3927 85.3927 1
87.5778 87.5778 2
93.1111 93.1111 3
45.0458 45.0458 3
45.5108 45.5108 2
71.6472 71.6472 2
45.1255 45.1255 3
118.757 118.757 3
38.0815 38.0815 1
30.1721 30.1721 3
37.6447 37.6447 3
35.4252 35.4252 2
37.6251 37.6251 1
86.1808 86.1808 3
48.1945 48.1945 1
40.1031 40.1031 1
32.5431 32.5431 1
123.386 123.386 3
31.85 31.85 1
39.3166 39.3166 1
43.2762 43.2762 1
30.3699 30.3699 1
30.1253 30.1253 2
43.3171 43.3171 3
53.0391 53.0391 2
37.9 37.9 1
32.336 32.336 1
56.1912 56.1912 1
42.0534 42.0534 2
48.8701 48.8701 3
69.3632 69.3632 1
54.6487 54.6487 1
37.6272 37.6272 3
67.1284 67.1284 3
38.3055 38.3055 3
47.5686 47.5686 3
102.273 102.273 3
35.0768 35.0768 1
31.5289 31.5289 3
166.089 166.089 1
30.779 30.779 2
64.6852 64.6852 1
84.8404 84.8404 3
39.2567 39.2567 1
31.8281 31.8281 2
60.3311 60.3311 1
38.2816 38.2816 2
83.7596 83.7596 1
116.206 116.206 1
383.112 383.112 3
34.6302 34.6302 3
39.2269 39.2269 2
31.8502 31.8502 2
179.701 179.701 3
34.7304 34.7304 1
66.2899 66.2899 2
36.5458 36.5458 1
81.3581 81.3581 3
72.183 72.183 2
30.5413 30.5413 1
31.0734 31.0734 2
50.3338 50.3338 1
44.9507 44.9507 3
40.0094 40.0094 3
34.0928 34.0928 3
52.2226 52.2226 1
31.8115 31.8115 2
49.8571 49.8571 3
82.4909 82.4909 1
37.5712 37.5712 3
39.3958 39.3958 1
39.2773 39.2773 3
455.519 455.519 3
36.162 36.162 1
32.8419 32.8419 2
54.9591 54.9591 3
36.9178 36.9178 3
34.9737 34.9737 3
59.8428 59.8428 3
30.1454 30.1454 3
38.5406 38.5406 2
63.58 63.58 3
57.949 57.949 2
85.1637 85.1637 1
50.9528 50.9528 3
65.6466 65.6466 3
30.1452 30.1452 3
47.2078 47.2078 2
51.0817 51.0817 3
38.8039 38.8039 1
41.5794 41.5794 2
31.2867 31.2867 3
30.062 30.062 2
56.8869 56.8869 3
44.0758 44.0758 3
31.8182 31.8182 3
41.2146 41.2146 2
136.19 136.19 3
63.4165 63.4165 3
30.3847 30.3847 3
52.908 52.908 3
32.0325 32.0325 3
37.6804 37.6804 3
103.517 103.517 2
44.0775 44.0775 3
36.9094 36.9094 3
31.8967 31.8967 2
43.4053 43.4053 3
33.388 33.388 3
170.353 170.353 3
38.822 38.822 3
40.1684 40.1684 3
66.3165 66.3165 2
31.6299 31.6299 1
31.418 31.418 3
48.8036 48.8036 2
40.3961 40.3961 3
32.5815 32.5815 3
43.4476 43.4476 3
42.2981 42.2981 3
41.7337 41.7337 2
32.4762 32.4762 3
49.1018 49.1018 3
58.0052 58.0052 1
48.0947 48.0947 3
60.9348 60.9348 3
34.3437 34.3437 2
32.9669 32.9669 1
33.331 33.331 1
70.948 70.948 3
63.2969 63.2969 2
32.1238 32.1238 1
42.446 42.446 2
32.9852 32.9852 2
88.8334 88.8334 2
35.1167 35.1167 1
118.049 118.049 3
45.8714 45.8714 2
39.905 39.905 3
36.4 36.4 3
32.5267 32.5267 3
117.808 117.808 3
76.8742 76.8742 2
40.1795 40.1795 3
83.8804 83.8804 1
37.7849 37.7849 3
31.6864 31.6864 3
45.2222 45.2222 2
42.6717 42.6717 1
46.7428 46.7428 3
48.678 48.678 3
55.882 55.882 3
49.6203 49.6203 3
72.636 72.636 3
40.477 40.477 2
49.3273 49.3273 2
41.7341 41.7341 3
42.256 42.256 3
32.9187 32.9187 2
46.0878 46.0878 1
162.967 162.967 3
34.1562 34.1562 3
39.5158 39.5158 3
57.6846 57.6846 3
57.809 57.809 2
68.5273 68.5273 2
57.7378 57.7378 1
89.5927 89.5927 3
46.6275 46.6275 1
30.9674 30.9674 3
37.1259 37.1259 1
38.8967 38.8967 3
68.8583 68.8583 3
72.4869 72.4869 3
41.8928 41.8928 2
44.8088 44.8088 3
60.1174 60.1174 2
62.232 62.232 3
73.9328 73.9328 2
34.0105 34.0105 3
35.2442 35.2442 1
38.6977 38.6977 2
173.639 173.639 1
44.7272 44.7272 3
33.0195 33.0195 3
49.1061 49.1061 3
30.1582 30.1582 3
31.0168 31.0168 3
31.1677 31.1677 2
43.0601 43.0601 3
44.1177 44.1177 3
30.4269 30.4269 2
54.4738 54.4738 3
70.8131 70.8131 2
54.3358 54.3358 3
57.8111 57.8111 3
35.3433 35.3433 2
33.3984 33.3984 2
31.9818 31.9818 3
31.9119 31.9119 3
42.6089 42.6089 2
33.084 33.084 3
36.9952 36.9952 1
35.9632 35.9632 3
51.4597 51.4597 2
30.1739 30.1739 3
33.5896 33.5896 2
35.4404 35.4404 1
57.6434 57.6434 3
36.5508 36.5508 3
35.0686 35.0686 3
30.9313 30.9313 2
30.2553 30.2553 1
42.8483 42.8483 1
67.7049 67.7049 3
55.0771 55.0771 3
74.7664 74.7664 3
56.1859 56.1859 1
42.9076 42.9076 3
32.0977 32.0977 1
59.7907 59.7907 3
37.3935 37.3935 3
35.0995 35.0995 1
81.1562 81.1562 1
32.3252 32.3252 1
34.4783 34.4783 3
52.365 52.365 2
37.5234 37.5234 3
44.1708 44.1708 2
35.4824 35.4824 1
43.2097 43.2097 3
30.1442 30.1442 1
37.2516 37.2516 2
146.144 146.144 1
70.6737 70.6737 2
63.4916 63.4916 3
54.5936 54.5936 1
116.975 116.975 3
31.8273 31.8273 1
39.2445 39.2445 2
34.7319 34.7319 3
91.9048 91.9048 1
31.2542 31.2542 3
49.8242 49.8242 3
34.4948 34.4948 1
163.315 163.315 2
46.8524 46.8524 2
34.3638 34.3638 2
66.9863 66.9863 1
34.6737 34.6737 2
36.0016 36.0016 2
70.2922 70.2922 2
32.9487 32.9487 3
31.6178 31.6178 1
127.481 127.481 2
39.6298 39.6298 3
31.313 31.313 2
38.1066 38.1066 3
34.1588 34.1588 3
36.3442 36.3442 3
66.2069 66.2069 3
107.919 107.919 3
43.3178 43.3178 3
97.4349 97.4349 1
50.1839 50.1839 3
36.3069 36.3069 3
37.483 37.483 3
67.1298 67.1298 1
45.5523 45.5523 1
31.223 31.223 3
38.598 38.598 2
41.784 41.784 1
36.4342 36.4342 2
45.4618 45.4618 3
117.196 117.196 3
46.3973 46.3973 3
38.112 38.112 2
48.0574 48.0574 3
31.8745 31.8745 2
55.9709 55.9709 2
44.9385 44.9385 2
39.2117 39.2117 3
99.1607 99.1607 3
67.6952 67.6952 3
39.6391 39.6391 3
30.782 30.782 3
37.7014 37.7014 3
44.1764 44.1764 2
49.507 49.507 2
101.666 101.666 3
45.6135 45.6135 1
47.2108 47.2108 3
32.4604 32.4604 1
38.9767 38.9767 1
59.9796 59.9796 2
45.4532 45.4532 3
125.045 125.045 1
34.6073 34.6073 3
51.8078 51.8078 3
43.2475 43.2475 1
49.6627 49.6627 1
57.5172 57.5172 2
36.361 36.361 2
126.272 126.272 2
72.2116 72.2116 1
159.886 159.886 3
31.6371 31.6371 3
30.0606 30.0606 3
180.245 180.245 3
64.1819 64.1819 2
54.0791 54.0791 3
32.8088 32.8088 2
50.7414 50.7414 3
31.3185 31.3185 1
37.4833 37.4833 2
30.2328 30.2328 2
30.3683 30.3683 1
36.8194 36.8194 1
37.9928 37.9928 1
43.7906 43.7906 2
30.7169 30.7169 3
32.9127 32.9127 3
31.8494 31.8494 3
39.7267 39.7267 1
70.8739 70.8739 3
33.7657 33.7657 1
37.9676 37.9676 3
35.4244 35.4244 3
56.5511 56.5511 3
59.9143 59.9143 2
33.6671 33.6671 1
59.6318 59.6318 1
56.7537 56.7537 2
75.4409 75.4409 1
35.1923 35.1923 1
57.5127 57.5127 3
35.0856 35.0856 2
81.6554 81.6554 3
30.3131 30.3131 3
34.1823 34.1823 3
51.4397 51.4397 3
33.9704 33.9704 3
33.5346 33.5346 2
68.7464 68.7464 2
46.2629 46.2629 2
33.8636 33.8636 3
62.6664 62.6664 3
35.4047 35.4047 2
34.3811 34.3811 3
37.8332 37.8332 3
476.264 476.264 3
33.1884 33.1884 3
38.5875 38.5875 2
30.8091 30.8091 1
116.406 116.406 2
41.1934 41.1934 3
35.4332 35.4332 1
60.1645 60.1645 2
66.496 66.496 1
89.942 89.942 2
30.1136 30.1136 3
53.655 53.655 3
31.5083 31.5083 3
96.0326 96.0326 2
42.3973 42.3973 3
86.9104 86.9104 3
30.1918 30.1918 3
33.5834 33.5834 3
33.0463 33.0463 3
47.8647 47.8647 1
31.513 31.513 3
51.2782 51.2782 2
60.5798 60.5798 3
33.3772 33.3772 3
32.7045 32.7045 3
69.9903 69.9903 3
37.4846 37.4846 1
33.6039 33.6039 1
39.4543 39.4543 3
30.5004 30.5004 1
51.2537 51.2537 3
30.7253 30.7253 3
77.7706 77.7706 2
42.9872 42.9872 2
39.5062 39.5062 3
34.314 34.314 3
40.0695 40.0695 1
54.9975 54.9975 3
57.0545 57.0545 1
111.325 111.325 2
30.1381 30.1381 2
67.8803 67.8803 3
58.6574 58.6574 2
43.8275 43.8275 1
57.5959 57.5959 1
32.8497 32.8497 1
30.2569 30.2569 2
50.681 50.681 3
47.9461 47.9461 3
67.9397 67.9397 3
35.8868 35.8868 3
60.8564 60.8564 1
37.6892 37.6892 2
36.8353 36.8353 2
32.2514 32.2514 3
45.0678 45.0678 3
58.7995 58.7995 2
39.2953 39.2953 3
30.4064 30.4064 3
50.9703 50.9703 3
55.9717 55.9717 1
54.2665 54.2665 1
30.6625 30.6625 2
39.2448 39.2448 3
31.1671 31.1671 1
50.8047 50.8047 3
49.904 49.904 3
50.3495 50.3495 2
40.6167 40.6167 3
58.8149 58.8149 2
40.8796 40.8796 3
86.7865 86.7865 1
42.7413 42.7413 1
38.6972 38.6972 3
41.9999 41.9999 3
55.0563 55.0563 3
30.1738 30.1738 3
51.7629 51.7629 1
46.9413 46.9413 1
75.9826 75.9826 2
43.6788 43.6788 3
32.4027 32.4027 3
31.0371 31.0371 2
40.0197 40.0197 2
31.3825 31.3825 3
49.022 49.022 1
34.7899 34.7899 3
30.707 30.707 1
38.7443 38.7443 1
49.7646 49.7646 3
54.207 54.207 2
38.8173 38.8173 3
32.5174 32.5174 3
31.3915 31.3915 3
30.2431 30.2431 1
57.8275 57.8275 2
36.1003 36.1003 3
40.8412 40.8412 3
36.2418 36.2418 1
168.689 168.689 3
44.345 44.345 3
67.8829 67.8829 3
55.7171 55.7171 3
42.2264 42.2264 3
32.808 32.808 2
66.9477 66.9477 3
40.8497 40.8497 2
35.6205 35.6205 2
35.7322 35.7322 3
30.2383 30.2383 3
38.4533 38.4533 3
30.0582 30.0582 3
34.6214 34.6214 2
33.8203 33.8203 3
30.4115 30.4115 3
34.4186 34.4186 3
62.0681 62.0681 1
32.424 32.424 3
48.0532 48.0532 2
64.2124 64.2124 1
38.8696 38.8696 3
40.8169 40.8169 1
184.305 184.305 2
34.8597 34.8597 2
49.5691 49.5691 1
34.2991 34.2991 3
56.2142 56.2142 2
41.9478 41.9478 1
39.9939 39.9939 3
258.134 258.134 2
38.9588 38.9588 3
83.5123 83.5123 3
35.7601 35.7601 3
95.6196 95.6196 2
31.1528 31.1528 1
33.4868 33.4868 1
62.7015 62.7015 3
56.8705 56.8705 3
32.3935 32.3935 3
47.5898 47.5898 3
38.464 38.464 3
97.5251 97.5251 3
35.8673 35.8673 2
31.7886 31.7886 2
70.3475 70.3475 3
37.4896 37.4896 2
94.1352 94.1352 1
45.9394 45.9394 3
56.721 56.721 3
34.8533 34.8533 2
51.3467 51.3467 3
33.5998 33.5998 3
40.3953 40.3953 3
44.4268 44.4268 3
38.5775 38.5775 3
32.8097 32.8097 2
32.6246 32.6246 3
34.6093 34.6093 3
31.3941 31.3941 2
111.148 111.148 3
34.3931 34.3931 1
32.98 32.98 3
37.0913 37.0913 3
59.6459 59.6459 3
44.9359 44.9359 2
55.6518 55.6518 3
39.9027 39.9027 2
53.6284 53.6284 3
45.2677 45.2677 3
35.1349 35.1349 3
65.8355 65.8355 1
30.6231 30.6231 1
47.7866 47.7866 2
36.2674 36.2674 3
96.3449 96.3449 1
40.1723 40.1723 2
43.2829 43.2829 2
64.6232 64.6232 2
34.4742 34.4742 1
41.4833 41.4833 3
52.4403 52.4403 3
30.1672 30.1672 3
34.5435 34.5435 3
32.291 32.291 2
61.0768 61.0768 2
56.3678 56.3678 2
51.3337 51.3337 3
78.2206 78.2206 2
483.078 483.078 3
33.0781 33.0781 2
49.2868 49.2868 3
34.5794 34.5794 3
37.4097 37.4097 3
31.1317 31.1317 3
37.522 37.522 3
49.5909 49.5909 2
45.4086 45.4086 1
36.508 36.508 3
39.5707 39.5707 3
42.122 42.122 2
63.7889 63.7889 2
31.6842 31.6842 2
39.9046 39.9046 1
43.4391 43.4391 3
173.525 173.525 2
30.2449 30.2449 1
31.8732 31.8732 3
32.7073 32.7073 2
33.7182 33.7182 2
32.1838 32.1838 3
30.9014 30.9014 3
50.5365 50.5365 3
40.4086 40.4086 1
31.83 31.83 3
46.5494 46.5494 3
66.2073 66.2073 1
35.9291 35.9291 1
30.6796 30.6796 3
30.649 30.649 3
32.0155 32.0155 2
145.02 145.02 1
33.3484 33.3484 2
35.2933 35.2933 2
57.1218 57.1218 1
44.7881 44.7881 3
33.8169 33.8169 1
60.9271 60.9271 3
81.9386 81.9386 3
44.3972 44.3972 3
31.1621 31.1621 3
37.1159 37.1159 3
31.8119 31.8119 3
36.1942 36.1942 3
31.5819 31.5819 3
39.8061 39.8061 1
30.6692 30.6692 1
37.3554 37.3554 1
30.2487 30.2487 3
60.346 60.346 3
49.062 49.062 3
36.8114 36.8114 2
31.8524 31.8524 2
33.1417 33.1417 3
31.1244 31.1244 2
159.229 159.229 3
37.0741 37.0741 3
73.7301 73.7301 3
35.81 35.81 3
48.1142 48.1142 2
49.1394 49.1394 3
34.0512 34.0512 3
52.7127 52.7127 1
34.0373 34.0373 3
83.0227 83.0227 3
37.9515 37.9515 3
86.6456 86.6456 3
35.9628 35.9628 3
52.3771 52.3771 3
45.5425 45.5425 3
53.2777 53.2777 3
92.2563 92.2563 3
44.7519 44.7519 3
46.0185 46.0185 3
30.3316 30.3316 3
53.2775 53.2775 2
32.5558 32.5558 3
32.7517 32.7517 3
41.9208 41.9208 2
32.2442 32.2442 1
30.3722 30.3722 3
110.529 110.529 3
39.1543 39.1543 1
34.5023 34.5023 3
36.1841 36.1841 2
79.3108 79.3108 3
34.9997 34.9997 3
160.059 160.059 3
32.7803 32.7803 3
42.2041 42.2041 3
152.416 152.416 3
120.654 120.654 2
74.1312 74.1312 3
52.5756 52.5756 1
37.9923 37.9923 2
44.4753 44.4753 2
133.211 133.211 3
33.4261 33.4261 3
36.5267 36.5267 3
33.8839 33.8839 1
54.8285 54.8285 2
72.5659 72.5659 1
49.2332 49.2332 1
42.9854 42.9854 1
44.9248 44.9248 3
103.135 103.135 2
31.0101 31.0101 3
44.056 44.056 2
31.4703 31.4703 3
43.779 43.779 2
54.4869 54.4869 3
65.9459 65.9459 1
40.9581 40.9581 3
30.5271 30.5271 1
33.8479 33.8479 3
35.2747 35.2747 1
32.6591 32.6591 2
32.3993 32.3993 1
44.9363 44.9363 1
49.4973 49.4973 3
123.659 123.659 2
49.9103 49.9103 2
32.1271 32.1271 1
45.1695 45.1695 3
48.0648 48.0648 3
61.0058 61.0058 3
31.5029 31.5029 3
63.9732 63.9732 1
57.7975 57.7975 3
32.8031 32.8031 2
56.1192 56.1192 2
30.7954 30.7954 3
142.593 142.593 3
33.1802 33.1802 2
55.1636 55.1636 2
52.8218 52.8218 3
32.1464 32.1464 3
43.2242 43.2242 3
33.0112 33.0112 1
39.878 39.878 3
55.8962 55.8962 2
50.4478 50.4478 3
30.356 30.356 3
45.9197 45.9197 2
52.3753 52.3753 2
59.1805 59.1805 1
159.61 159.61 3
34.6894 34.6894 3
36.5233 36.5233 2
54.4981 54.4981 1
166.184 166.184 2
39.5011 39.5011 3
30.469 30.469 3
44.0098 44.0098 3
47.4043 47.4043 3
46.847 46.847 3
164.841 164.841 3
44.4233 44.4233 3
149.318 149.318 2
61.9402 61.9402 3
57.5789 57.5789 1
45.649 45.649 3
31.6498 31.6498 1
70.4616 70.4616 3
33.1643 33.1643 3
31.4654 31.4654 2
81.9575 81.9575 1
66.1626 66.1626 2
32.895 32.895 2
32.7776 32.7776 1
35.3645 35.3645 2
31.4094 31.4094 3
65.7948 65.7948 3
65.8305 65.8305 2
48.6244 48.6244 3
39.7644 39.7644 2
30.2806 30.2806 3
58.229 58.229 2
33.6318 33.6318 3
34.935 34.935 1
37.8645 37.8645 2
485.104 485.104 1
31.8599 31.8599 3
32.3466 32.3466 1
59.8722 59.8722 1
36.9967 36.9967 3
52.3865 52.3865 3
51.6337 51.6337 3
51.0877 51.0877 1
38.976 38.976 3
31.054 31.054 3
34.3899 34.3899 3
86.1778 86.1778 3
31.4652 31.4652 3
30.3451 30.3451 1
50.4337 50.4337 3
30.3735 30.3735 2
76.8674 76.8674 2
63.4897 63.4897 2
36.503 36.503 3
117.78 117.78 1
66.7342 66.7342 3
126.083 126.083 3
35.6183 35.6183 1
37.784 37.784 3
32.3206 32.3206 3
38.4045 38.4045 3
30.49 30.49 2
55.049 55.049 3
94.1917 94.1917 3
35.9423 35.9423 3
41.2534 41.2534 3
77.2615 77.2615 2
46.421 46.421 3
57.6089 57.6089 3
66.5193 66.5193 3
37.8222 37.8222 3
183.938 183.938 1
31.2837 31.2837 2
43.0587 43.0587 3
35.0421 35.0421 3
37.7888 37.7888 3
34.943 34.943 2
58.1705 58.1705 3
42.4989 42.4989 2
50.6271 50.6271 1
53.0068 53.0068 2
69.349 69.349 2
31.7317 31.7317 2
62.2055 62.2055 2
30.9817 30.9817 3
44.0119 44.0119 2
70.8623 70.8623 3
52.9046 52.9046 1
32.8989 32.8989 3
33.1901 33.1901 3
48.3183 48.3183 2
33.5317 33.5317 1
30.0615 30.0615 3
41.3381 41.3381 3
55.3458 55.3458 3
57.3135 57.3135 3
33.0415 33.0415 3
37.9159 37.9159 3
35.4266 35.4266 3
36.2914 36.2914 1
161.037 161.037 3
34.8911 34.8911 3
49.8964 49.8964 3
88.4891 88.4891 1
82.2092 82.2092 3
30.3684 30.3684 2
38.0017 38.0017 3
39.2768 39.2768 3
56.4954 56.4954 3
47.5119 47.5119 1
33.8134 33.8134 1
34.4942 34.4942 3
33.8563 33.8563 2
50.3926 50.3926 3
52.6001 52.6001 3
43.0695 43.0695 3
33.2062 33.2062 3
75.9243 75.9243 1
32.4477 32.4477 3
38.2125 38.2125 3
35.7952 35.7952 3
32.0425 32.0425 3
60.2403 60.2403 3
51.6372 51.6372 1
40.8736 40.8736 3
44.095 44.095 2
58.1492 58.1492 3
39.2446 39.2446 1
58.605 58.605 3
61.2207 61.2207 3
32.4226 32.4226 3
45.5652 45.5652 3
31.9775 31.9775 1
31.6066 31.6066 3
47.472 47.472 3
35.5359 35.5359 2
38.5569 38.5569 2
112.974 112.974 2
56.1196 56.1196 1
44.4544 44.4544 3
33.3666 33.3666 3
60.6406 60.6406 3
64.8862 64.8862 3
53.0029 53.0029 3
76.3505 76.3505 2
266.946 266.946 2
42.906 42.906 1
50.6626 50.6626 3
53.2187 53.2187 3
39.2437 39.2437 3
31.9099 31.9099 3
69.5978 69.5978 1
45.7549 45.7549 1
30.4519 30.4519 2
51.5813 51.5813 1
39.6014 39.6014 3
56.8327 56.8327 2
133.933 133.933 3
35.2222 35.2222 2
31.0084 31.0084 3
31.5422 31.5422 3
70.7518 70.7518 3
39.6663 39.6663 1
270.023 270.023 3
103.315 103.315 2
35.1011 35.1011 1
82.8293 82.8293 2
199.316 199.316 2
98.7665 98.7665 2
58.8449 58.8449 2
37.5526 37.5526 2
32.4177 32.4177 2
171.657 171.657 1
32.9301 32.9301 2
82.8369 82.8369 2
32.104 32.104 2
30.9082 30.9082 2
34.8256 34.8256 2
49.441 49.441 2
46.5214 46.5214 2
74.7802 74.7802 2
32.3763 32.3763 2
33.1028 33.1028 2
33.4493 33.4493 2
256.639 256.639 2
39.0074 39.0074 2
37.6474 37.6474 2
61.5986 61.5986 2
52.263 52.263 2
39.6898 39.6898 2
45.5443 45.5443 2
48.6162 48.6162 2
54.5946 54.5946 2
51.7959 51.7959 2
32.3794 32.3794 2
35.3386 35.3386 2
43.0957 43.0957 2
33.0998 33.0998 2
34.4444 34.4444 2
31.7865 31.7865 2
38.0995 38.0995 2
48.2466 48.2466 2
95.2329 95.2329 2
30.6866 30.6866 2
33.4846 33.4846 2
32.5187 32.5187 2
148.402 148.402 2
45.6259 45.6259 2
49.8408 49.8408 2
43.002 43.002 2
31.2638 31.2638 2
35.0331 35.0331 2
66.5139 66.5139 2
82.2504 82.2504 2
35.1647 35.1647 2
31.3274 31.3274 2
37.1461 37.1461 2
33.7618 33.7618 2
51.7879 51.7879 2
30.8072 30.8072 2
30.7574 30.7574 2
30.6634 30.6634 2
32.4448 32.4448 2
34.6427 34.6427 2
89.3332 89.3332 2
72.7565 72.7565 2
47.0957 47.0957 2
66.4025 66.4025 2
34.7416 34.7416 2
136.106 136.106 2
41.3269 41.3269 2
42.2442 42.2442 2
33.3381 33.3381 2
42.3223 42.3223 2
34.3564 34.3564 2
51.1873 51.1873 2
71.6184 71.6184 2
53.8975 53.8975 2
33.7984 33.7984 2
32.9474 32.9474 2
47.4741 47.4741 2
37.7258 37.7258 2
36.582 36.582 2
31.3384 31.3384 2
38.2342 38.2342 2
30.7275 30.7275 2
74.4379 74.4379 2
87.6574 87.6574 2
39.521 39.521 2
35.9043 35.9043 2
40.609 40.609 2
55.1721 55.1721 2
119.795 119.795 2
33.7264 33.7264 2
