Format: x y z  (R = removed from domain due to fracture isolation)
501.7294947 -111.7755995 -227.371607
-474.5245793 -305.3752979 423.681861
-287.5963489 -109.7589514 -97.87656833 R
492.5776984 235.9269105 40.58001118 R
475.3572908 478.9677126 359.3707652
38.30357622 409.3937859 -30.67968084 R
20.40067259 499.7772431 -277.7011594
-106.962147 -120.0237213 -292.9768823 R
-138.8301899 -336.8720494 -33.86096788
404.8653744 246.0525616 -299.7232074
-51.62610737 -365.2256457 -549.5005218
-160.992105 444.7499687 -221.3342933
-37.81712577 -294.3480147 -114.350832
430.3805844 298.8494675 -95.56535706
68.40824117 53.26014781 392.4159529
448.202995 -222.3008728 -477.774679 R
-3.011738771 61.72846647 18.64256499
-312.2702495 467.833355 -135.4681785
466.3611714 192.390812 -351.20035
127.6048661 238.1782523 103.0745544
-98.75154971 -486.2225648 -392.6556664
469.0218517 12.81118221 5.644741144 R
95.57341249 -273.3936828 213.7743682
440.1511525 51.82354811 -272.66415
120.3807078 11.66856102 401.7513971
160.3201454 -436.0413439 236.121171
-169.0770785 -338.3109641 124.3099979
351.4584223 -53.80254296 208.3456043
257.4696757 -213.3799839 352.9972769
104.6028356 168.4248715 341.0326835
-282.9024289 32.17512992 -164.0801927
369.8292573 -40.78451248 -31.85238165
-106.45208 -383.2575093 447.9610351
155.1351264 -155.8884952 -470.5167558
190.9571236 -216.5697998 -437.082336
146.1384856 -149.7408345 430.5736854
497.5089875 -395.7726072 -178.9279926 R
297.4150967 -24.46559589 -30.57025521 R
24.87699506 -296.4737934 532.9245523
-359.3314238 161.2377123 -276.0076362
16.63823855 503.9567806 -182.5125044
323.626685 -268.287796 -467.7846252
-296.5934149 -181.7979314 403.9885526
-391.4623778 -416.3454105 113.9050578 R
389.6188843 -318.2352598 -412.0915567
289.8801171 202.5522286 189.1900585
295.4114009 97.38766986 -505.3463841
-172.4065594 288.7822182 -164.5459608
-72.54996701 58.68869603 -225.5167382 R
31.62506244 139.754749 -376.0139964
-338.2404141 -367.3994492 100.0208343 R
-415.7862097 -338.8085039 -167.5435383
-230.908556 -495.0386039 -458.234153
201.569973 -473.0407571 324.7407354 R
-295.3187721 -257.7907724 115.121367
336.7168903 204.3213914 -97.18220928
425.3287364 -53.99539944 122.2498124
-287.0010845 -334.1079565 5.185485171
-496.2757481 -146.5635947 235.3390975
-250.8629868 -94.80234414 -509.3059281
136.253181 -306.7552871 -51.7842565
18.65562673 -48.94135655 418.6283746
490.2757576 191.8845133 -136.1169001
-439.4242531 449.1162573 -233.3575419
471.5099752 -91.85692168 527.5039789
-280.929531 513.8752098 51.139835 R
269.376294 -179.1150698 -392.1168555
-280.9644919 -11.86846592 94.47564179
285.7372199 -341.0000043 -302.6864199
-332.1419142 -432.5362957 -35.1004594
-27.45182269 -74.87574077 308.4630202 R
-241.3753936 429.7067509 368.4010914 R
-246.850111 264.0916492 -128.2094133
-200.0862146 33.57678326 -239.9112045
-60.82303004 -470.34626 -449.0339519
222.8906122 -216.8300256 86.376448
-375.0507993 539.1594187 -461.130902 R
-434.3809299 -190.6544724 338.9793989
-408.3170403 170.6418551 -182.447156
-418.491035 -16.94532571 33.2032391 R
-523.6632839 468.6375697 -220.3853351 R
217.4410484 -106.7966057 256.6164689
191.1397075 -182.8336232 -277.6105952 R
-8.382654162 255.5041527 -174.1804333
-138.482415 -526.383408 317.7348622 R
108.1390258 -410.4221746 -510.5830605 R
-364.102263 397.1689255 -239.0867813
263.6597739 -113.6168285 443.178139
-253.7089485 -255.2940452 85.95976831
296.690051 159.760713 234.6034464
291.9297601 -274.0056617 348.1335502
61.04633967 -444.6358326 513.54499 R
-208.813674 266.4520689 332.8027636 R
102.1501467 -139.2714821 -71.48996691
-158.810646 -98.62355492 -186.1332643 R
-196.6262117 516.4160711 -235.7450131
-182.8716264 -243.6997698 -192.4663929
76.66037177 -57.80096191 378.5463597
-186.8921711 91.85756494 -118.6264648
-278.1773398 209.180011 -379.8562109
-383.7048481 125.048238 -35.85255838
57.28332914 327.8031645 133.0899234
-190.9347951 426.8564092 95.32001622
356.4401161 56.93766949 233.8274935
-495.5962492 54.42679069 329.6701426 R
-331.7944421 -163.1950443 -448.7565937
64.63237727 -8.835277164 -450.2397025
-45.84624989 -466.3756529 -360.7205824
354.7575329 38.71126472 -359.9973798
-514.9098307 -463.8752903 238.2567235 R
-489.0928617 -240.6001722 -215.7134878
476.9461665 372.1284089 523.1449815
-58.3735785 -257.6814963 440.4919017
-262.4453963 -485.8465041 -169.9312391 R
-56.60156597 438.8749681 44.31146408
61.96711259 381.2605287 36.50663307
193.4049892 -530.5723783 -211.4168096 R
-474.3696241 -461.5319296 58.20627436 R
-160.5802253 -51.99044671 -434.8994842 R
-0.3598059946 460.0098841 -76.49756967
-473.6011771 -109.5687426 455.507669
268.4535861 -298.6884951 10.14602551
-161.3837636 446.315979 420.058082
-327.7794746 464.2565295 333.9867724
-321.9482078 -430.0872377 331.6987988
478.0612431 -92.86180109 66.85736755 R
-117.1918526 437.4273916 -142.2860391
-388.0721724 298.4300755 227.0826901 R
417.698129 -175.5019011 282.5689715
-202.1823266 165.751188 -504.0585849 R
-511.0674758 302.1591059 -132.773829 R
-368.2532579 358.6194616 -107.936161
-192.6504049 -82.42722006 2.675544824
313.068356 430.0041293 -165.7322021
-501.5331453 345.9952282 530.2045572 R
-533.5008511 -34.61126609 -90.32500182 R
-421.3845329 -422.4688186 342.7817454
463.1286189 232.4735025 -242.0372776
128.6882435 312.4520286 32.3612025
119.9717673 105.8460133 -373.9871474
26.96589785 -345.1309519 -409.9762954
166.5029222 -161.5021287 -141.6235971
-221.610164 -187.9905913 417.9838272
-419.6945382 213.0253638 -477.8576841
15.8039752 91.38261272 52.76743817
66.23655586 -266.8733117 -38.97197706
455.3790518 -440.1365655 -323.3484803 R
-384.9045398 97.5251326 -206.452144 R
-44.56352719 444.2047051 -88.54483031
-57.31926858 348.1785585 -403.2059476
-21.43245008 -14.3362016 -16.10914908 R
179.9298177 -252.177248 -464.1048119
-116.1720662 -210.3846225 -110.2044599
84.77580593 393.7461782 387.2823357
143.9484058 13.44679915 206.6930976
109.6954843 82.78124675 -367.8815419
392.9332719 476.3428222 -186.5235792
-265.425951 156.2875027 430.2834395
116.1676013 416.6541944 403.2782398
62.26733803 -94.59431807 -256.6944793
339.8761532 -39.49184248 501.5673749
224.8248611 4.161645782 88.66995735
94.31038316 -208.696058 147.3996491
180.8525155 -183.3908544 -228.8458787
-118.803793 -262.1550592 221.0367503
205.3919423 333.4181121 -364.2138179 R
-270.5173943 -138.3171149 143.6951246
-199.8610472 -332.5108105 472.6998144
-44.721348 454.248236 -151.9182096
-269.8655754 -175.1963927 457.4531043
-1.087736216 -419.9954511 91.51471034
455.0843686 -254.0266002 405.6401397
-81.19139935 -34.77080365 -314.1820047
485.940042 -304.497056 467.7287166
245.1605691 -250.8688799 304.6062772
281.2998996 -226.8945639 382.2359169
217.3781316 -39.67204702 429.6933726
292.1985231 240.2908364 471.561228
486.3147852 416.4300535 -510.823452 R
48.85229518 -471.393402 270.2970731
454.1169378 500.5588427 191.4872198 R
277.7177791 -130.2705931 -174.7653918
-473.0836839 483.8135544 -263.2852715 R
-77.42923825 335.3038648 -68.06152147
-203.1287288 -211.8312608 -307.1846085
254.8817508 -324.79695 -113.0657342
329.0680217 -448.9567689 274.2383835
-412.0994232 181.2744493 -182.6624626
7.005853612 -320.3322785 331.68109
-313.869763 -147.8746908 408.6685345
72.32363899 306.3506429 -319.1745727
216.417974 -197.4203571 210.5943592
474.6052903 -439.8161673 307.9389758
-147.4002922 405.2597138 180.465377 R
463.9681888 -281.7990857 -202.2184203
256.2522331 256.0625075 -94.25231925
-389.3327002 429.0401376 7.923853698
23.71582239 -264.6153825 -237.4806116
26.53632899 272.0095214 -264.2033639
-379.5765961 276.3373521 -58.61128959
476.6625324 414.8414196 -77.87177369
460.3258916 -324.7692919 70.17685562
247.3295781 521.9125894 174.3108183
432.0876232 -94.37184026 47.91984051
-470.9006153 12.45741835 -478.8537036
433.7219109 406.0339455 -358.7067811
-65.14157484 380.6120894 -333.4208834 R
-446.9836404 -80.32641953 -384.9003312
-486.2683033 -159.4706611 296.9380991
-23.26457593 -198.2784186 260.438773
-434.0485171 -445.4402086 -165.4124537
523.2079327 -223.9318638 -182.4812077 R
-305.0836081 431.9618887 -3.401419307
-113.7358068 242.0406379 268.8821166
506.9505022 429.0252089 249.981099 R
461.7267162 86.71337283 176.2699245
-294.6586354 -451.623977 472.4065243
-248.8999014 46.03879414 -311.0237395 R
116.5555804 -203.8159332 234.900528
542.794764 371.3250183 107.1484664 R
-137.1368023 -61.83892989 -303.7006216 R
-224.262892 458.8197672 402.4472027 R
-150.5038921 321.7358534 -85.48417928
-354.4679771 -113.3305556 -85.37966612
-369.8203606 -304.490889 191.3817751
0.5554933429 301.2445578 -251.0424686
-202.9287326 -496.942738 229.6036376 R
549.9066885 -204.4726947 336.0980964
-436.7006119 348.1690801 -234.3233403
-83.9715495 -484.4990113 130.0485836
-169.4352112 29.00842994 -338.6526945
182.7005424 15.05756727 220.2957857
-138.1870807 272.8828589 -367.585957
-226.9340925 -4.124220576 -184.0897617
466.6888575 159.1508298 425.1720124
-58.75896213 -412.9727982 503.372162
93.91731355 -237.4439554 341.2240665
-142.9129667 242.0796492 130.1607692
522.0014592 146.8478639 -231.0227155
-275.5790218 -353.2273244 -152.6799832
156.5171365 4.479076071 -59.34539127
52.99318498 -192.4198395 186.9996408
164.0895263 322.058371 -331.900327 R
-5.761934261 514.8137963 -353.0253198 R
64.73183775 135.101579 132.9263109 R
18.55168039 -447.1695233 -214.743695
377.8599063 246.7370952 -331.0469012
316.4792069 431.8303052 256.9115256 R
292.4768986 -316.0737609 362.4894355
90.44712093 156.0175116 402.2066983
308.8499313 457.9447466 -257.0178591
355.0059375 -191.5331432 -246.7878606
382.8060122 283.5513298 -362.3390999
-432.9252836 194.12997 86.57293204
399.9796609 -416.5918759 -160.3215617
169.6300529 241.216358 -414.6065923 R
-85.89835143 -113.2368076 410.7237982
-230.3558308 40.04572178 -184.4018669
-445.9423303 -387.5796796 -386.1581392 R
-421.771407 207.3027441 362.8847781 R
-379.5139252 474.6609388 -289.8822614
-187.9187761 -182.2428418 -328.51943
459.0623603 155.2694549 -21.49599752
154.7890223 -45.51880339 -341.3878482
-348.2921732 321.3721039 277.5742896 R
40.41387357 -213.7097992 34.8918598
-70.00196337 -508.2860769 -273.4736054 R
-491.2267801 113.9492143 -148.1716247 R
-530.1310984 112.802312 476.1349807
168.6298145 422.8504672 45.70341329
-305.3741538 340.9430044 516.691881 R
-116.641611 336.8376261 211.453917 R
348.348242 -478.4300265 -338.7944092 R
147.1992561 -24.98071451 337.2835269 R
203.6018508 -39.3614232 435.5358681
-522.0340494 -190.5982866 319.939222
392.9087708 477.2912864 15.85688299
1.76929695 192.4287379 131.0751137
39.93205741 -178.0120682 217.0942715
449.4913143 -295.6168412 -209.0606376
-256.2417416 -41.01548325 -143.5787216 R
511.5038868 -150.4973533 -398.7876228 R
461.4030342 39.23782983 516.9773836 R
-423.4223354 -134.4302735 341.2611951
400.517442 350.7573781 -308.0063809
-301.0135638 -391.9531351 -252.1260358
-44.38027603 72.2176899 -103.3829753
150.5136138 47.11120901 190.3117186
417.2009632 -373.5520851 -379.6456989
-82.19525624 434.0369318 375.551036
111.7451653 240.6846804 -198.4431342
0.1928531971 476.172933 -197.901046
-405.6890746 238.2500235 -468.1969322
-520.4210105 250.333341 200.4638585
455.8861322 412.9912786 418.6290868
150.1238943 266.2951453 -189.5684253
-162.4839913 187.5243591 -92.60425734
-1.280756668 280.2478035 -161.6852152 R
-60.87877922 184.1067378 -327.8663191
300.403992 187.9698226 -377.1519521 R
92.40798371 477.5722414 479.0258175 R
-459.7311132 -471.6428079 -47.19002666
-389.9554618 -199.0058658 5.999985805
-225.5622262 64.38480831 46.82636315
360.3775537 364.119317 -80.46540783 R
-418.9389017 -206.6888725 60.77877822
37.03686883 -442.1519919 -270.3430224
-387.0398053 373.4183303 -105.2501654
-538.3217374 -24.0354567 251.778411 R
-125.6057681 -387.095319 103.6075081
93.24261391 141.5960976 -76.38562981
439.9183849 -72.52135221 -294.9683832
346.8200449 518.1263265 49.35023818
393.9995578 360.6370949 -108.9064298
457.1794807 331.0146084 -328.1967494
476.86845 -143.5836314 -66.27058137
-163.5202274 -87.8121765 -383.0708242 R
-372.4395603 344.8936324 -33.03195247
514.222899 -356.1994364 99.3123844
-4.345866325 462.3560652 161.5427162 R
-425.8129771 -226.8678002 -493.5120201 R
-508.5656383 -229.199013 149.8392122
-417.5656938 -24.05117943 90.65486768 R
-451.2340133 264.6842706 417.0182774
466.0812233 166.2846032 -157.5846741
-200.5487513 508.2263704 211.7376711 R
253.7688479 -80.40700252 -59.93507147 R
-229.9303803 405.150185 300.8669885
103.6669598 172.4486017 260.6035191
-97.61787521 447.4686097 312.9882649
-168.1887987 -372.7636659 6.783426549
-73.09237453 241.4998976 -239.5454399
109.9790551 345.4266518 278.9099418
-381.2423512 473.9301092 -157.2621841
522.7228169 228.5429576 130.0728065 R
380.8044584 426.8328104 -7.466619447 R
490.4803568 -112.3748037 278.7237385
383.6677813 530.0201278 49.6089432
61.45743536 -273.6808359 -2.351571224
349.9889416 71.58367189 -21.42275587
-187.2804341 243.6810118 248.2765566
-437.4921918 -183.8638753 -213.4843288
-259.4694628 -447.9383964 507.8936435
-15.91380957 267.368622 -219.0359693
-1.637757198 215.1671545 117.7341345
-100.7423775 107.1227573 453.9059698
502.1133124 -297.1294597 194.8519082
449.9335246 -374.4450982 -311.4667534 R
408.80382 43.77317503 -371.9267352
480.4482302 260.4388445 114.814202 R
-47.52904901 49.2649024 455.0753261
371.8300922 -372.3424643 334.6306454
-350.7431631 362.9194388 -209.0530735
-18.37434894 197.1104132 -316.1991284
388.9305376 -129.3443625 -528.7249473 R
-256.787881 -538.7936492 -125.4099046 R
415.2457564 403.6953528 -329.7477518
485.8852144 -363.829316 328.1595583
-303.1479649 -490.1831697 262.205974
-46.92742472 -147.8765508 -466.2207171 R
-432.8392922 95.8303922 -154.8748934 R
344.0102612 415.8372876 -483.3891548 R
139.4448213 -227.012618 396.3289218
312.183512 158.595081 8.788343457
-114.9907477 147.4184688 33.05772823
223.6852012 204.0922485 -454.1252932
-419.3076122 -188.8828554 419.5285208
17.49113851 -339.0205686 517.3957527
-196.1168776 -24.73507107 58.51693053
-414.2817239 -33.93880555 -34.53996762 R
-169.7901434 27.46877663 -284.9797526 R
-380.8054499 -11.34731733 -335.676938 R
519.7390191 86.36197784 161.3392564 R
-335.6069225 62.73642953 461.6459208
-156.337844 -232.831752 -202.2809506
-470.2054261 119.5447417 14.37232802
-182.1585971 -177.4456837 125.4616743
-408.6362231 -74.06853067 228.8707445
-54.58980387 -484.8534502 -474.6151703
352.5100427 -528.5258836 331.2683426
-4.737369141 -440.4265586 -485.0775992
52.80143922 384.4153706 -135.6553846
214.7189436 426.9246484 423.2922916
-428.3875474 290.4411573 -425.6522472
353.5815284 -508.6596266 -501.2426298 R
-307.6556932 202.6565361 -42.7435657
-102.0646739 -251.3532575 233.7263114
-489.552075 492.2279148 -289.1668316 R
120.2297652 136.1099703 277.6811189
156.9862036 -314.1775384 -488.171989
427.4773863 537.0659542 61.94908808 R
380.7804234 -168.7949883 -284.1662686
117.5695592 -91.42716424 300.509921
-78.16991076 459.5376696 -228.9446557
-279.0812815 -140.599176 368.8293714
145.2751376 168.7608009 249.6351323
-295.2678182 111.3855909 -36.51187986
-214.164182 163.1375046 -4.102689682 R
-469.9341218 -98.35510385 -164.852925 R
-345.3019304 -60.56486442 240.5866597
65.31992365 -291.2297262 312.135503
325.310996 -534.4808325 -72.6015769 R
-200.4240707 203.3392088 -454.8336674 R
18.26301509 318.509868 470.0621572
-262.7490964 430.3618467 -496.949392 R
488.5630281 324.112998 -328.1722804
-471.3454101 394.8718456 366.5104629
-150.9166732 -475.8433112 -12.03714344
-250.2471037 -65.74011753 312.4662378
-282.273652 144.9655407 -110.2005853
89.06836699 270.0472976 436.5054679 R
297.3964887 15.44275002 223.9194741
335.9762059 -265.088223 14.52943984
440.8850136 454.2734596 -435.5365314 R
330.7248855 -210.6834335 -22.64703699
412.8130995 279.4204336 -66.1231822
521.8630971 -409.4268094 365.9380243 R
-261.6893198 -90.36725238 -330.0677378 R
-342.8159676 315.0048176 -25.84555024
53.8191499 -250.191636 249.6350313
386.0151125 -498.9373457 76.0900323
-161.332768 -304.0338505 -15.70408938
37.66577178 -179.5574602 88.15114024
527.5612476 -80.42122175 -471.408465 R
-371.1786452 273.0722407 112.9126791 R
148.056271 42.50581473 -25.65361121
-261.1989136 -324.6874552 -147.9982717
-388.0053561 130.2627387 468.3298829
403.0877961 185.3300772 211.5777648
386.6000139 -135.5152762 165.7521101
409.6964631 -95.16644475 205.8641399 R
-404.9527236 -208.9015712 385.8933931
449.1707366 -501.4122837 42.50866806
486.4481418 -79.86397397 -32.41748844
-201.6479408 427.249756 464.8812538
45.69878297 492.9799989 336.0358439 R
-256.7255304 -388.2870509 -507.7096186
440.5771152 -99.7089304 -352.344611
498.9728824 448.8059374 -46.88816397
521.9524836 -359.67771 25.04214772
-154.2347397 101.0302328 -56.66306685
-272.8768773 64.06091412 -520.3595761 R
289.5289096 -39.13521921 -229.4972112
101.7962474 -450.5367801 -168.0915929 R
-485.2555506 501.11062 -267.2898872 R
271.6979053 -81.06910734 -526.4996414
211.9627119 -410.9790432 69.30864696
408.7528743 -209.4915918 305.9189226
157.3922305 301.7853721 -152.1311652
119.9852833 -482.2394458 -374.4214743
255.8837373 1.85164597 21.77464065
-451.1176313 326.4911164 354.3443414
-314.7725968 209.7639687 -357.4143541
11.84970597 188.2402113 -421.1071013
-176.9664133 -135.5792473 181.7178072
-107.5289686 254.5436845 -455.5423977
481.4621454 226.2748335 431.7834386
344.2364894 -240.4466365 404.8293228
-440.2045509 -384.8807025 -440.9027533
-103.3155746 -265.9464055 542.9761937
59.07386026 159.3869698 331.9439026
5.850540483 -7.898804197 55.12782956
330.2288493 469.2928286 515.5364121
9.102079038 254.6227041 -396.9956676
439.2882011 187.2613395 529.344463
126.8093722 29.60648923 485.6078126
-102.037296 7.064847259 522.1197806 R
459.958235 -344.149298 -73.03219288 R
-139.6262257 -183.4473561 547.9022392
-483.7205772 408.0798898 224.518331
365.4942123 467.8451943 -449.3652344 R
-406.7636306 13.24117566 217.1423708 R
410.3135146 -504.1563162 411.7845112 R
215.3692632 -261.1234838 -144.4081903
-462.8195856 454.9416486 270.93762
289.4035592 -340.3301483 509.5775601 R
237.5194503 -228.8935679 163.9956558
523.5034043 132.7773117 454.3278943 R
-516.1532779 -458.9840117 348.6603029
508.7200635 -48.66056266 -381.6589821
-394.9197957 225.8415854 261.5273881 R
-142.72694 -75.32540417 -191.8198952 R
337.2107957 215.8830675 433.5144501 R
248.4199253 546.7869295 103.2925688
-382.8045734 467.892893 331.815873
-206.9165328 -324.6633535 371.9852496
401.1347737 150.2143452 -94.51430776
235.3361113 -39.25817065 -437.2385249
-479.9844064 13.71321545 497.6509622
-404.4083941 64.85709796 492.7938776
-38.51867385 268.7793071 420.3473309
-355.0493651 -260.4917931 364.2082488
493.6894123 -286.429908 -472.9689856 R
-136.8763961 471.6302058 30.39780843 R
521.6078303 451.5279358 -367.9645705
-66.31523918 254.7070782 457.0593337
97.31755497 257.1029688 -99.68929202
155.6718782 292.5820804 522.5073147 R
62.54975487 -430.7614378 327.0639292
526.0030882 -264.3552523 -86.19523707 R
-284.5156846 229.6770683 -300.9190331
211.330072 316.8551829 504.4644597
-11.55033478 -340.0895202 -98.34935356
-96.62289045 105.4609469 52.37171265
263.3507974 -210.7955693 -303.711281
-246.1406342 57.66960362 -414.2903157 R
105.24203 431.7969543 -496.2279433 R
222.5771416 -220.3956285 26.59405436
-458.6952838 380.718602 -518.2036169 R
392.4858055 448.549277 487.9264579
145.0793765 -331.6773995 218.2587347
-43.27863066 -50.33309623 -417.4587422 R
350.5601165 256.7452664 401.89414 R
-14.64734016 -315.7557003 113.3879483
26.66911386 -398.7999545 62.52053935
211.6045132 -207.9558017 -90.71948694
6.878592884 -113.8241979 206.0864704
192.724481 81.66263045 -486.4661127
342.4308238 -274.8059092 -169.7714977
-343.4030712 436.6149896 9.925530476
490.4108772 -201.3998811 483.2214312
130.9762826 -197.2808027 435.1785307
-308.4414802 -238.0427628 -320.0010023
523.5762932 -389.2498798 -514.2375249 R
-99.87283607 -358.7302349 87.44441816
247.1963412 539.6182546 -421.569104 R
-304.0785663 525.6053559 -336.5437203 R
207.0108189 -474.4993663 144.5607448
-351.1359957 20.355227 393.4546076
-63.04264573 213.0900811 -93.87350536
83.50605877 -276.2201913 251.3144013
371.7287416 -326.7144159 470.7334425
-136.4345764 462.4963866 -343.5416206
191.1990311 -133.2411669 329.9072723
340.2949831 -57.35072271 -404.5364376
-254.0337101 19.255912 6.044196778 R
290.3684875 438.7655292 89.65501688
-344.2119355 -427.2900698 264.0406238
382.2458683 -146.7201539 235.5561885
-195.9772928 -328.8577252 391.6124236
257.055409 211.2301935 49.23818663 R
-463.7613307 -424.9888603 159.4146645
-285.2691555 -337.3522667 -6.221462276
458.8317151 -151.8933149 393.2914716
111.1153652 -373.8222496 275.8680039
-340.1173067 -498.8043776 500.6443668
-395.1261979 363.9988559 27.21119225
-140.7553534 -500.8785821 169.7374862
19.24367435 -145.1690945 478.657349
-439.5870512 -187.2948947 -290.0844086
300.0427828 171.9156668 123.2286251
-383.0482106 -345.6823055 229.947865
258.7928333 489.543074 365.6590217
-281.6955117 -445.1064111 293.2140721
-142.8834694 184.6820805 118.6636811
-368.4351881 -319.1203509 -180.9261468
-269.8273432 -271.6719827 -135.0209473
-314.0618775 167.7869961 -157.4922139
250.5384524 87.28264712 154.8878214
382.2650439 -61.97296886 245.4100058
321.6484042 192.134076 85.1267636
131.8382591 -214.4147742 344.6783251
534.1033385 -288.8794199 -192.4677693
-260.2136098 -410.4610273 -98.32211071
-220.691169 -264.1600153 -169.6305736 R
-111.0290812 -369.61646 -402.9509044
-115.356998 525.8358955 358.7025299
-35.74442739 89.72661383 -199.4829969
170.5988843 -423.5838501 355.037515 R
-371.4139548 -121.1608961 -141.0981769
-353.8878345 -265.5551309 -261.4004691
-26.31429982 -458.2542461 -478.9255331
-438.7798125 -477.5267969 52.48767427 R
-280.2027735 -395.4607506 -418.4164301 R
98.57073788 -418.5768411 358.4602568
131.5626295 355.4208436 -396.8232422 R
-402.3026933 -453.4433474 -272.3508602 R
460.4253702 -152.7603272 135.4197316
-469.9277641 206.0402852 299.0762251 R
-428.2272552 -159.7429168 444.6604409
26.88745654 64.52791463 190.9490001
-380.8723533 341.3671416 -495.0805474 R
189.3851994 -396.0899523 192.0386958
-17.11793265 -11.06630403 79.01459391
-226.7868696 42.13072552 -292.8683235 R
-388.7486171 115.5603667 390.4608218 R
-82.2817127 470.6099483 -149.1138224
481.3760008 -115.0284062 -0.1425391163
-326.9985677 441.1245339 388.0795521
-530.612232 157.5225138 -138.8482571
429.4626252 -383.788333 454.5507194
170.149209 -279.8013825 -408.4004307
-491.9535923 -139.4595766 285.0592007
364.4027558 -182.0401325 -295.3338185
337.3913305 224.41732 -26.35535421
196.6551567 -416.9266287 -377.188744 R
473.7124465 4.165325834 -255.9132431
-167.2605969 458.0355509 -411.2542364
25.99085233 175.35164 115.8835759
-260.2835253 -481.2754781 84.61484565
-508.3739995 5.182547156 -297.9471149 R
-414.690981 373.9116597 -240.6332368
93.10811653 24.1093981 -427.0296838
157.8727158 458.4578652 -331.2447555
-454.0500073 -398.3644856 -349.9520634
-30.52851319 299.9861914 -533.7819367
-447.4071691 -213.8546074 -524.8367796 R
-151.2337283 -486.8766247 400.2831343 R
78.88214075 -8.497898056 331.6450576
-412.310375 496.3916641 -460.518123 R
160.2347599 -271.2685751 196.312942
512.0288483 270.6578071 -159.7112899
414.2819649 -305.4899509 467.124235
287.9112038 -453.5011494 -143.6598979
367.7134453 289.4979443 -45.84253569
-493.8514715 412.8428585 316.4219744
-317.8484724 -404.6416591 17.41760032
-470.8461099 -449.58529 -510.8066658
239.9938979 -404.5378949 -46.46089886
-448.8443766 429.9844325 -504.6836898 R
245.3116782 -539.72126 328.8739641 R
-517.6000005 499.2290571 403.0313933 R
-321.4165202 315.9399005 -136.6313748
-259.5584938 107.8357592 -35.4737772
71.90642857 -256.0239116 -21.81182969
-217.6321718 252.6896388 -305.6546832
490.14933 -129.8655841 407.0164377
367.554041 -496.854914 -264.6667734 R
-1.058027306 -151.6785795 -169.684194
179.8210746 -177.4001667 490.0923761
74.25785878 -237.0787537 380.3054509
390.8571634 471.5115559 251.9079214 R
377.8800165 -453.050733 377.3820231
239.2824944 35.83085709 -276.9105252
-240.61652 108.3633896 -65.79111062
230.1267207 495.0295487 5.759180454 R
-471.773234 281.6564913 -162.7989993
487.5890079 326.0955184 518.7047744
-443.8095927 -289.9765262 45.5346772
24.27712604 -382.7734969 -10.7795774
-34.30246583 526.6654695 487.776844 R
388.3570021 511.4561281 -376.5055096
245.2077922 -471.8297586 -336.6194301
368.8964321 -64.24928927 -249.4843283 R
-1.556277084 -271.598557 364.9056435
-501.6894026 330.3471462 344.2858665
127.649923 -464.5889897 319.1012542 R
-343.201908 -283.1223551 -185.0033426
-368.882811 409.062422 442.3755427
462.7184037 309.8262888 461.412254
116.5636752 -361.8945148 -499.6293781 R
-187.5944985 347.1207307 -268.934004
438.8962325 61.43421164 -91.29375231
304.4639265 307.7823476 -288.378691 R
119.7695861 112.3388716 -368.2968663
252.7924654 493.4150837 234.0144299 R
-297.6697095 -125.4678259 246.1386553
-459.949643 140.8778939 44.46166384
-43.25164364 352.9479595 -431.106952
-418.7496895 452.5160853 497.7810897
227.6345232 -32.45811616 -386.4855413
-119.242246 113.7166588 108.5004436
-361.3421317 -339.5463025 -321.7423029
188.0598211 482.765664 167.921698
318.1703646 -296.5298668 -65.93551534
354.3824276 14.16734171 371.520838
236.2839821 -281.1275567 345.4076865
-237.0907479 491.447157 323.3252919
-502.574905 -78.19441829 305.7675389
296.8614429 73.79027529 146.0415258
-47.04721864 450.3192519 508.9721529 R
9.587758493 272.4862148 28.11182433
-335.8483672 101.9740098 -158.8878695
33.33527023 523.8882407 -4.484258614 R
179.0822394 168.6275639 143.8878846
-510.6906757 -328.4460154 -209.4688013 R
-469.0550503 -192.4429504 312.0860927
27.46299929 81.22881268 -459.8532244
-334.5543981 -86.57953613 -497.2515591 R
219.0552155 -378.1094232 27.38468897
371.0039856 -390.5213216 -150.3350952
201.735591 459.6633597 33.84015386
-269.0111333 -54.73407682 -384.9679029 R
-387.1824617 293.5400179 152.6869949
174.6056252 374.1692298 538.2826883 R
-223.2346541 -125.6515037 532.2772941 R
414.5608577 296.0786737 -130.2430155
335.293332 458.0685212 -396.2071208
540.0474387 339.2140796 -35.9393457 R
-332.0169027 -325.1969246 -67.70814327
17.29292803 -57.69566668 -292.7783813
403.792349 19.28870195 -262.3158908
-519.5951772 244.2126749 -393.4729836
-522.2980627 -49.35497755 -376.9112207 R
93.73152019 490.5973232 423.5275352
-361.2834775 -54.89379806 -404.3211881 R
-272.0046388 162.4116673 397.4720725 R
-375.2487702 448.3526117 103.7314407 R
284.504072 -514.727004 441.8561627
361.1667966 -447.6540411 -345.8246466 R
256.4902159 -126.5021479 419.4605192
166.6757561 -294.7544944 508.32436 R
175.9843294 -386.6888928 430.1217927
-451.7681991 241.6913799 411.1404914
-517.1954739 348.6578588 507.2011659 R
163.4749578 -202.8626266 -372.1135501
265.7119666 -285.4574845 282.8544794
-166.7128274 -81.64057419 102.1563727
-191.2284216 312.2971945 -433.3714822
-177.0390643 -64.02383549 -346.3245464 R
-164.5494339 13.89515766 62.16363539
-44.79832078 -20.8101254 280.8195117 R
70.93065596 163.6903864 370.6634761
380.3465119 325.7609832 -362.6457728
401.8692138 -61.22135546 448.5330883
290.3645694 -132.7883812 530.0943053 R
-219.3460697 35.80658014 217.8382979
252.7340134 462.4951856 -371.8801149 R
-73.68038133 -546.7614844 468.9187316
-371.2420042 -521.2431663 -361.0544258 R
268.0459803 -393.8856426 -410.1894864
-87.2851654 -458.6255412 -92.69796812
535.1477642 475.7535281 390.9998109
-80.74519419 511.572619 -423.9457107 R
204.5597965 223.3205901 -488.6313524
101.0287881 -123.7747785 -379.5308973
-123.1698359 -20.07862767 -97.59980729 R
-520.6851689 -445.753428 -123.8789679
-304.5317749 320.5114472 -349.5037416 R
-406.0717566 32.90829388 -98.20146448 R
-360.1894032 -282.3723617 -34.15492762
420.8094399 494.2227428 -86.36131014
536.3621084 85.97425447 264.3121741 R
-158.9353387 -449.6555455 -17.62843732
469.255466 422.5132433 -357.7938944
117.1868815 -240.4513815 545.5438304 R
449.4177694 161.4146568 -425.5064474
-504.9406275 -234.3316855 -315.0710693 R
-212.996188 196.2440188 281.116661
-339.482226 430.6071694 -375.3624842
225.2710442 332.140898 365.8141937
-489.3380856 -244.3327005 -446.877662 R
-343.7486974 -227.2213452 -312.9967303
477.3637805 401.9089461 50.93275114
-207.0135326 -109.600256 -112.2171075
-414.1785743 502.9011375 436.2287721 R
510.8408882 208.8844769 -289.1979561
-382.3803266 420.3212994 -501.7015321 R
412.855264 42.02640369 -44.66733225
-443.7934361 -188.2085862 246.5912234
-483.4737693 -270.3497488 -506.1065759 R
-266.3850905 433.8091888 499.6235321
13.61218685 457.6818179 15.58590424 R
-385.4853719 504.8135697 -547.7506764 R
-269.0145355 323.4698628 387.3005771
167.7324533 262.6543316 -36.82674053 R
132.2665313 -55.07142303 180.4324756
11.06257826 324.8657224 -16.30989963
487.8625431 -479.7282456 -446.5163462 R
349.4828581 -87.36300873 -450.9793365
-188.4292943 19.44527639 -170.3156259
456.0410534 461.6461219 498.1373453
171.9411676 -256.0665526 -337.4996704 R
41.40078854 -58.95934658 397.0674603
-332.8362453 263.3818226 -494.8812845
282.6179878 -287.5526325 179.6926132
-347.4696095 429.6976311 -484.4821156 R
-418.4843888 -481.2353617 505.5005499 R
-321.2007074 -157.2379293 -328.2927529
241.0450206 461.628238 380.4188008
24.21962109 -205.3700497 10.750153
354.2724856 -42.70428727 177.5626577
-541.5666174 439.9293083 242.093923
-151.7132968 23.30288871 457.5082247 R
505.675334 332.9374285 -467.6839732
177.9850938 131.5203585 -146.7082784
-419.7739136 -226.2195492 222.4358837
404.2284296 99.06952532 429.0753289
518.5696348 -358.0351908 420.4512809
163.25006 326.5325207 79.18455884 R
411.4541186 -473.1377329 -30.27101543
334.0301736 -122.570222 431.3082018
-434.3708623 -382.3322525 -116.9037422
-253.9763171 280.5835125 78.28816831
-464.5666063 116.6763987 175.566616
-107.6414033 375.8762341 -372.0174151
459.7594785 301.1714802 -460.7873412
-230.3821334 -340.1194593 -285.4935378 R
141.9115467 235.385199 -448.9709287 R
-7.737276554 -89.21158374 -504.981493 R
-196.4571528 405.1736776 -444.6178769
-386.8372809 -463.250145 -545.9648931 R
-164.3713087 181.6518232 91.17887875
-136.239056 511.4873005 -401.4684377
-32.95167842 217.5430385 -179.1286213
386.0514523 55.6403253 -102.8239948
-515.9245043 -511.3213262 -468.6497585 R
186.2899324 -291.983097 -419.8974307
297.3125658 -165.0515635 -218.5131492 R
-75.84664817 -371.7364289 46.61765999
137.9428809 -21.70836936 -478.5308672
-366.96358 -492.4690196 -197.6712936 R
234.4798759 -214.5173397 -123.6227097
-132.5713995 67.97116419 -351.3248621
400.4421015 -79.0410835 420.8126182
-435.3225496 -246.2634683 -501.1609411 R
447.7596391 -314.791024 -316.5164334
354.3442413 -182.9132112 128.2670892
-154.6271446 -326.9709353 -505.1474899
321.1500642 -405.8833736 -228.2255476
-197.15384 -406.1871421 -331.4807436
427.9509786 -254.5991858 508.296027
-332.6716682 525.415354 -64.85772768
111.2391986 -371.7702939 -94.72685206
455.9412818 89.07733986 -43.72964086
301.9477861 53.05392063 498.337624
-334.0868252 346.6497123 -254.7220259
-487.1854403 -283.9240315 59.5891737
145.986856 -242.2084904 281.304944 R
-67.53988912 223.0709622 351.6064696
194.4443844 -235.2212916 490.1452496
-349.9518539 -32.51727675 -184.3526241
400.1650411 125.3079934 82.38736084
-60.17928192 58.00675711 -445.584113
493.9759249 -152.9122917 -456.5785855 R
253.9565639 157.1147492 407.1078498 R
171.2588502 409.29947 -262.0944302
264.3610185 -88.32437927 154.6770876 R
-46.34079602 -371.3564833 454.7356567
-229.3245087 449.7637744 -296.8369347
357.3291856 56.94887201 -497.5328512
409.6779793 149.2266839 495.773367
378.7358785 454.9668037 -189.6897613
-26.68031652 -138.9335881 -321.5387382 R
-471.779437 26.58281325 178.1435669 R
151.2012754 402.3142001 510.2256624 R
212.6424126 -21.26243019 -113.5669218
408.4136634 -395.6884744 348.0560913
276.3188586 -74.98461023 388.0067821
-454.3283788 160.7122579 220.413421
140.9980278 -218.8569118 237.9073389
172.5163186 -172.902087 274.6969166
-424.135002 401.2341125 -378.4038844
-184.9398148 423.8899417 500.3622674
526.6660567 -137.945339 -37.8707512 R
114.5779424 -489.6187679 -8.01741807
261.8190458 328.0562426 291.9580942 R
-156.3491416 -133.3335002 128.3904884
295.5435191 -304.8405484 -82.05279542
381.6431074 99.25423641 -462.1521551
-220.7687016 -183.4253468 153.4008861
22.12452286 -443.5046087 439.661487
446.3026319 435.1100905 -55.48354605
-168.687407 352.6812313 386.4574274
-144.7908247 -355.8472295 -153.3920645
-408.9254396 -157.8710605 190.5031029
102.5386116 -160.2787891 -137.9140686
231.4059988 -373.9305721 -517.9397394
101.7808787 280.9177914 74.51750356
211.1442393 -309.9342371 365.4853002
-457.7064283 465.2839011 375.9859293
325.4021766 497.1106364 -483.4072592 R
-75.18868641 317.9189553 -461.3043211
-242.5990647 -77.64650524 145.1876729
294.2471892 268.9903616 -96.9491123
40.39154382 -97.56262347 85.37419717
411.6453594 314.9345735 -324.8552438
-440.8731086 154.5630227 113.0040029
77.99750646 -215.1197838 149.5252659
512.2413454 -351.9715239 -323.02654
147.2828827 34.85584624 99.30416861
-400.4504575 -77.07549401 321.4027012
90.30643557 384.3262096 -260.2124133
-372.3536392 221.8399956 -254.8670797
134.066407 -394.02361 -192.2642803
222.4371811 347.2481903 350.6589354
-378.221488 -351.970516 -131.5160393
452.8903432 -113.2852928 -442.7594861 R
136.2374201 426.7935386 97.56923577
369.6239447 169.0876469 106.9238581
-102.6247482 328.565777 -77.50229419
-274.7636015 -123.5082715 533.7691952 R
-191.3526933 127.6849943 280.010888 R
207.5655907 420.249811 173.3740281
-160.2896722 156.3309326 -291.9878081 R
256.9268745 267.1299494 -248.6711051
161.2030464 260.7467099 192.379725
-7.093149084 -116.1639229 -64.64170943
416.9421675 240.7103122 114.5587498 R
338.9793964 60.71996467 312.241803
371.6494042 -278.1938106 -32.78646723
347.923503 504.6724165 178.5935209 R
-323.9824373 82.83214995 -109.1136543
-345.7761997 -432.0625685 -8.252156315
511.8899205 -449.6050246 195.9605906
125.5655166 -472.5468178 415.7880196
410.9778966 -3.950828325 -114.6039499 R
-262.0043365 -85.88628431 76.31717858
-345.9266111 116.3494375 291.1270886
-48.49702632 -99.25798644 484.8599297
341.7215416 46.97668296 366.0844727
429.991582 353.8640256 -466.3965739
-0.1394808254 -201.5418148 -435.8503285 R
60.42749152 -69.31664594 378.9522373
-447.019357 -539.9209055 452.2209314 R
24.32367599 -269.4636236 -348.705185
-502.7719372 214.9992233 -307.0912842
370.3811648 123.0963592 -14.62221368
-60.3391646 -167.3636043 134.1342105
513.1266142 11.94497939 -139.6704985 R
383.4412733 492.1814974 314.7949771 R
-111.0428519 -172.4776363 6.634809705
198.117408 -355.9001582 393.3501995
-380.0351586 229.5968513 -117.7702001
-290.7409057 211.4664989 71.92763302 R
521.6343945 292.4709632 -374.2654499
300.4615101 246.461574 102.5382347
-490.3050928 129.2074197 -133.3759879 R
-528.9512191 -176.8693062 -200.9692682
314.6794068 -391.8716201 351.6373908
15.62179372 62.22090749 -20.01214779
344.6949947 320.6552988 194.7547581
-32.47789953 -440.5381899 -63.02981841
387.6136809 383.4225228 504.6589585 R
-311.9499126 402.7658659 94.58676477
-198.5648237 -4.424178521 237.2474602
318.8922203 80.18221265 319.6724956 R
499.859944 -150.4814814 -334.1550561
-519.8635553 128.4313496 446.3203453 R
-258.2755994 354.8846026 -117.5013739
455.3903576 59.89760771 -0.8268795438
-123.7340615 -91.92099141 -63.85955734 R
-140.8700372 248.9903436 -308.9516179
-359.8305862 382.978679 105.46523
331.365249 250.0993202 -223.6539867 R
-45.39998074 -2.186922367 166.2259948 R
-397.3669556 -115.2567683 -165.4453239
-358.6439693 305.6768133 -80.51017625
41.04746603 342.0633375 441.9796196 R
267.4552351 426.6618023 78.56600746
-288.919182 217.5598017 -359.4276052
-349.2253067 -482.0417198 268.4068647
-345.234271 348.8229702 -403.4581472
-134.668631 24.35086565 204.470568 R
425.7850722 529.4095355 399.7981742
-441.7524666 88.35741109 -438.0172988 R
-136.9517873 325.6895527 -89.18634785
496.2620487 -96.11246656 -285.4908017
-21.76995674 166.3922941 -219.9912236 R
-256.2270323 -497.5113714 75.28674322
426.7355325 326.2109161 33.84133928
-410.0425727 -280.7665194 251.5616783
311.7370648 314.2438403 53.57246382 R
-518.7004359 -236.4784279 472.4660568 R
-367.1183327 -199.8335941 -110.8894588
-336.134695 362.9450247 -471.8003034 R
351.98794 -292.0302255 268.9598737 R
-293.298226 -90.70660918 -509.0956602
-357.9894835 -41.36831172 495.728067 R
301.4551329 208.96235 251.9327179
-77.07907365 530.3768924 241.6268747 R
327.542905 -174.4103805 29.34094539
-440.4396297 -175.3944006 438.9791681
-333.1453254 -87.78984181 20.8189947
440.633127 20.3867182 -114.1484636 R
-34.46970799 -3.797466065 -77.02150282
-274.3499439 161.8079085 136.8345329 R
58.08213389 -72.57777309 -6.639575004
-310.2901181 92.30702756 32.22101458
-447.4485796 3.637027594 174.8547005 R
-220.1165661 135.789266 454.2476062
232.6267797 221.3724071 339.100622
-75.1259114 -397.5271794 442.3432473
104.3893782 226.2112933 25.53937339
53.19305362 -348.8204579 -445.6080063
-110.4051901 -348.5915344 -139.5993951
-258.4480143 -311.9429456 482.2442829
388.9754108 -175.0458889 76.34157092
375.8471346 172.6244653 410.5691447
-232.6317004 478.9987779 152.3117347 R
-389.8028057 371.342279 -112.2959177
522.1431296 341.0824021 235.2478962
320.8306643 -267.5503289 394.362615
335.9407428 120.8765093 -455.4109881
-68.75343681 -260.2567977 304.4834446
-364.7903743 506.4757503 -52.28389875
-443.3905372 74.70347983 375.2850027 R
-485.309749 267.3746721 39.70017498
429.9202687 -153.6556552 -27.90787026
7.25013155 531.2288654 -456.3689953 R
-400.6982391 336.2033395 177.2011569
-100.3463482 338.4415152 -466.1086548
-297.0493317 118.2460267 -119.3407831
-44.80943438 403.5195466 -63.63102132
250.4378949 301.4023065 -95.11516947
-318.3523351 496.2592419 295.3959498
17.86035947 427.2613124 -439.5322919 R
57.79300651 387.7494367 -146.6271706
-453.1585898 -414.1917498 453.1927927 R
209.8757103 482.0225306 100.177278
32.86834411 -174.2011225 -34.05239745
-288.9299792 16.38846338 407.6924705
-88.1277773 416.7299649 -226.8495672
110.9251018 -172.2299947 -486.554007
273.7180764 -151.1992298 -277.5474377 R
127.5203274 -233.2891513 25.88111689
-244.1227737 -86.54663437 -29.47821221 R
-198.3068176 -526.9034057 -239.0417749 R
148.8163813 505.2655119 354.2153344
-370.69286 -72.02622187 -264.7978173
-478.3184889 -48.50045855 -211.8146689 R
489.2102674 -250.1670736 379.0954058
353.4137948 43.66445627 -463.3487194
290.5642511 489.2115467 -226.3390548
186.0034998 202.0489382 -312.8670365
-404.2336777 376.3622787 347.9899438
73.55113702 -486.6122417 -239.2143646
280.7663395 198.0919428 -88.68044074
-256.91585 -288.4922107 155.5416762
158.4833175 -270.8185941 96.10316346
-106.0333446 -306.4269538 102.6044951
-500.8420086 398.6765477 204.2535603
175.2719211 205.8909403 -107.0054528
92.26125601 280.268362 -179.3900574
297.3272654 257.8468015 -394.8452369 R
-225.3668965 -154.0734615 514.5557178
378.1180966 -391.8835018 -190.6448075
-391.0704162 401.3903384 -140.339525
-440.0603145 -369.9226791 102.8067805 R
-497.2981742 165.7598287 -225.341366
-413.3004221 153.0844394 265.6289123 R
-488.5089686 -520.0259238 -376.2499586 R
-536.6791472 -418.1725057 -496.4197435
-280.8632617 239.5306053 -493.3043061
235.7903088 -302.3888872 -317.1688545 R
-460.0629616 -98.19939385 340.9824853 R
199.5747867 36.84422786 358.1342153
25.73496563 152.2697827 101.6625805
499.2584553 -66.55091602 435.0248486
284.3624573 265.9246453 -387.1454455 R
99.75263014 458.2678681 -336.1526334
-99.0393335 -180.7971945 387.8587855
363.7440162 502.2111712 -235.2236952
180.9760905 -492.0070341 410.9936311 R
504.7042664 264.247128 -141.1379874
-26.76402838 185.240397 40.02458044
492.2831643 -484.0836364 203.8941606
-483.9635441 186.5390598 -409.9080514
30.01988359 -158.4626924 -55.01964124
-146.771167 -303.6267208 216.553976
-298.9105418 415.7640044 -240.7038907
493.0916872 276.3898815 -103.1285952
213.9890742 -338.9261301 -428.774828
-68.85021831 -15.08912891 -5.377703956 R
258.8906871 481.386503 -434.2448294
-335.6997182 127.4642328 29.71184135
288.093761 480.3886782 -254.6792586
-504.3138762 -414.3659175 428.2517355
295.6455025 -134.9983453 135.5152493 R
-104.6861705 -21.34112525 -490.1664195
-366.5776988 -319.7623045 402.748839
476.9083589 60.58985275 -517.9769686 R
-36.44357578 -23.99902219 -369.7272085
-102.6609633 -209.8738852 -351.0282807
148.3139239 367.6992707 182.1049292
409.1032946 -373.1799543 -115.7791559
193.4797666 -74.39124041 98.58718794
-58.44790008 -309.4187976 70.80950377
462.5770417 -486.1245476 -34.8566711
-84.22209689 457.7648977 -250.6391007
104.4580622 -86.58204604 439.0286442
406.1953666 -400.2493478 96.47295267
437.1942666 -185.078577 13.91401594 R
-31.93046086 -272.4296384 383.3411518
-205.8980089 -144.6120729 -94.56449495
-149.1689712 -120.6526107 -60.25987001 R
179.9277331 -30.67796776 -351.0160353
9.091049696 366.3296946 -29.08861197
-268.7715631 -338.3852085 127.3136224
93.57652364 484.1266903 -492.7871644 R
-185.7191356 -209.5597323 -307.6725852
-324.7956854 260.295165 -47.54054575
454.5145824 132.0484915 244.0042714
-362.7744266 161.0755634 455.3438201
24.44551092 -317.4754728 -77.60846521
-128.9512032 -204.7819485 160.3654682
173.9596648 260.5009885 -415.0638064 R
350.4169452 -286.627076 447.9780853
-197.0214375 450.4246831 -34.08047828 R
-395.281502 -375.9826873 -510.9763994
219.7753219 -241.265557 -215.8641407
444.9506562 -131.9338856 174.2110088
-516.9448625 480.706147 40.2203643 R
-375.0133247 -449.3638426 -25.76812638
202.7552701 -58.55089043 -152.5766132
-396.6626644 467.4167062 313.7811373
518.3169658 -348.606913 178.7921748 R
-266.4870771 -109.5931752 435.649518
-35.07952583 335.6442182 -380.9220449
406.9057841 -72.84221938 164.5512441
-18.09934943 241.1563298 255.3188523
377.8253875 -479.6894405 219.8988654
114.1214252 417.3988585 337.077977
167.3094613 -174.6826966 -499.7635549
-334.3337672 54.54338786 422.1287716
42.1470298 -168.5650893 -364.0540856
114.3794472 -78.57230196 160.3870586
-160.5741942 -313.9297939 305.3798362 R
-322.0617099 57.81919107 202.8813777
358.2850786 -411.9678945 87.7644425 R
429.1375734 309.8589859 -232.0627122
192.5135762 -316.7771026 -260.7573801
19.70427186 -499.4962465 253.366639 R
106.9117755 364.863261 -464.1211423 R
187.5336235 -275.645946 320.3469047
53.79476527 238.5228081 -27.67314568
-223.4888933 -459.986981 -137.3661131 R
352.3683174 219.482314 -25.05390272
183.9354862 96.9475402 -178.9859374
96.63696227 -411.4415865 -26.52532984
100.0537968 213.8540675 -138.6037544
30.5610633 287.4914586 -435.0717251
419.0523315 -459.0099676 -413.1657562
302.9940699 38.91952073 -241.9737804
424.8615038 333.5330559 20.91525566
-93.02847702 -156.4656884 480.7642036
-276.1562311 481.7760706 251.6032821 R
183.8959741 350.1003693 -266.9634942
-247.6698281 491.9106821 -283.1155326
-61.99973997 287.2253621 -11.9831542
245.4825875 204.5607125 454.9795922 R
456.5917445 358.4448186 212.3500427
341.6064605 13.90917802 -6.468799077 R
496.2044076 459.172803 -335.8795842
449.6454089 -246.1682507 -306.2681059
281.4596099 -301.6230627 482.3682501
-19.18840033 -405.9446806 -236.0956836
-310.735531 -465.995134 497.5161631
-288.8344859 -129.2481423 -415.7527233
58.12667579 80.94583345 -464.825412
267.3978979 166.9733201 278.3972636
152.1615595 -77.88681598 -98.17791521
384.5781519 141.7197923 137.9441561
-464.2709127 419.3498702 -424.6348131 R
-339.3729806 516.1999197 -487.1029646 R
480.3230221 134.2807051 270.1551238
-470.165234 -281.6295526 -61.63369564 R
310.0613444 -272.146719 -389.3736454
-149.3337271 285.5989501 83.95027495
275.0142931 98.82446026 488.7339863 R
-63.51891849 450.2551073 -1.658173255
245.4499801 332.9681878 439.1197829
78.51086874 443.2256956 -189.3054085
-500.9026959 332.5240738 385.8168888
-457.5826374 -138.2371285 38.66937857
121.7565765 -23.22511137 136.1481059
297.8458684 -87.0096457 -491.0476818
-364.067871 51.68186751 -55.25513905
291.3578277 494.2242139 50.89758025 R
-350.1922222 323.1737579 100.2655463
92.91848795 -66.09315496 -21.84994326
161.9622332 -228.7407402 -178.9792844
-263.533007 350.4459787 -21.5551863 R
-343.4686768 -29.75320205 -314.8103107 R
-84.12888651 -181.5469397 -12.75750228
131.7012835 -540.215068 -377.3299514
-438.4165536 112.9667654 -5.833837491
440.7098063 517.1147177 318.1904116 R
-293.7170391 496.7041088 318.8396045
-113.2526658 325.1659839 116.800127 R
103.6619272 -326.3758349 239.6359978
-315.9104319 -454.3661471 270.628648
-374.9818105 -512.0412078 295.6148698
469.2830845 270.1284599 -120.7959751
70.51399091 -106.1917407 -490.8294988
-106.1076892 277.1778196 415.4521445
-77.36323805 18.46925361 334.4368203
-301.6333238 -153.5406351 211.0654922
-444.9949621 -144.2039197 299.3698812
53.71350631 -485.0976121 -183.6886522
502.1216505 238.0716123 -283.58053
147.2397112 104.2100383 337.380142
-473.6485986 -485.3651219 -431.8597509
-333.6493399 -261.4681095 450.1315762
261.5224552 -56.30655509 -155.4376548
235.2823504 -126.3893147 256.1917293
-172.1604162 179.9188182 -212.5385189
478.9370615 426.5948818 -149.4762904
59.046145 26.74491288 166.3692633
-88.05712696 -2.975668966 309.2447613 R
40.48968649 -242.8160462 235.3857293
431.0708727 155.3515032 -345.2174631
-511.8890882 547.3498429 -434.0358351 R
-2.798375499 -28.18385139 202.6207034
492.4117297 470.515868 4.943893006 R
362.1044536 -399.2147791 -471.3156123
118.4701633 444.9411583 -327.3979023
124.436437 -143.9411812 294.5487298
-447.1492372 258.2986606 69.42344385
463.5246869 167.6302497 120.1963766 R
-518.2298757 -16.21243614 -427.4721539 R
74.38358334 345.1035053 113.2390245
367.6658144 278.5854446 171.2312189
-469.7351743 -193.4468933 -45.75748002
213.4473492 -359.5581024 76.48658252
513.325481 423.0701893 -30.23934027 R
540.8075367 130.4589828 -95.27550556
263.9629189 -279.3045132 408.3348245
367.8183142 366.2861016 -258.0912711
287.8547208 154.950475 -509.2640304
-298.7511452 -413.0097639 -210.115737 R
-93.09192304 -279.3766134 291.2910345
-290.7031413 -218.4897368 -49.08638168
80.123136 209.5288923 -474.2268609
118.1835998 -443.5131539 245.8073818
316.9856247 -460.7845759 -335.0610695 R
379.863311 -509.2582429 -489.2397309
-431.3555667 387.0372312 -244.7346691
-467.3638129 -320.1572856 -402.9992372
-249.4389424 495.9968023 -516.5330371 R
197.8323122 -373.5686254 -437.9523281
-221.9071202 401.4589548 -403.1743803 R
239.1114661 341.9594245 130.3812318
218.598828 7.687968969 124.0773649
416.509396 154.3409624 421.3741923
-31.96033271 443.7207428 366.0806042
2.223182185 -218.6360987 252.7668396
75.45168651 265.237637 -445.8078832 R
283.3437554 107.3751712 377.0008591 R
-165.1595179 64.35543993 -338.8594039
124.6939022 -288.1304791 63.38679064
-168.8691716 -143.6524982 -145.6413447
270.0747996 124.7645883 -78.86734688
460.9958901 -199.2376809 -360.1531489
414.7990189 163.1182866 276.1673283
443.1713778 430.3106138 413.7748051
330.9641774 392.9318538 -371.4632552
-548.0188135 -88.59682302 -451.9221196
375.0044848 148.5717356 209.1446106
155.5691967 397.0178018 113.8731514
377.5836035 -209.7446166 509.8472803
-46.66965145 -307.1332285 33.11013374
-53.1783533 -205.2595395 -447.213733 R
-501.2845147 -409.3688154 -123.5665105
124.0405065 488.6376176 -334.4371921
97.4229074 -369.9183771 -141.8315669
66.27266076 -469.2027697 123.8404875
430.1549225 140.4370625 -129.3322612
369.3735931 -224.9411598 483.919159
265.819095 -391.1669666 -142.7552612
42.0615952 40.04373757 214.8484278
-121.0844923 -451.547394 -101.4833683
-405.0834608 -231.0359476 -374.4043611
-549.0734678 -91.90033899 111.6110722 R
-472.9327638 -484.5852584 -174.3871168
-89.75373449 -293.18495 -154.3504574
401.4682721 -382.7186037 108.1146498
188.4857979 237.5559066 84.00531082 R
-376.4607068 526.8056076 -116.584636 R
44.4564052 122.8872978 -133.0129244
-29.70925487 -203.3485399 87.20681069
-479.9205608 -13.96169702 -200.2778782 R
521.461739 -87.36256502 388.6664591 R
-401.9252753 327.1875056 -10.77186708
247.821503 334.6816833 76.1117411
154.8235051 -223.2564686 -427.8617805
438.8611275 352.5963792 -222.8705239
-10.33177198 465.5634141 115.0464382 R
1.368245839 -383.2831393 172.2973251
-112.2737956 -110.9038932 -184.3090867 R
8.476218785 88.98136124 -407.4524682
510.59657 205.3987809 -359.1609613
167.0371549 496.2533942 194.831669
199.5596514 -450.6310057 57.51986482
-253.9279562 31.63947682 -87.26784703
-264.2217698 461.674636 -286.2409654
271.3534883 105.6069466 377.9058354 R
-424.2681434 235.5470911 -413.1642819
311.5317702 -193.2145896 3.078592956
-384.468444 -523.3057687 -325.9811697 R
-77.89100751 -38.61897338 205.6976314 R
198.8939703 205.9274493 229.1546337
56.50045783 31.65860923 129.5950286
5.409326211 90.90433301 -366.2594406
-78.17154455 -528.9742425 -276.5457924 R
-364.1876514 408.3373863 144.8667827
-413.5885215 392.1397801 547.8585472
206.705277 -479.1932991 180.2481271
-440.3333366 457.1608054 365.7676687
-211.5342195 299.3981285 46.64297454
98.64651619 220.7355743 493.3099314 R
327.7332537 -85.42337811 458.15714
-384.2247291 -251.996793 119.4513734 R
154.6904226 235.0792024 520.1306879
94.36850641 -289.3649979 68.69393832
-135.1797597 -281.0832681 369.2607554
38.30145415 96.52733145 8.268167646
-407.7517692 245.234281 458.3670921
-513.4579277 30.88970754 -67.99789374 R
-109.1928503 -195.5723403 16.24193731
-467.7551063 140.9849249 -298.7850676
353.1778614 129.5505035 340.197193
-294.4711524 -61.88127327 287.5495667
44.3794589 492.1373856 464.7170524 R
-180.0960011 10.94768797 -31.04401959 R
-333.4038777 -186.9383064 -159.5541931
97.38929912 -325.2779633 289.5126741
-296.654285 480.402735 -243.8666763
408.1820729 242.5998567 -480.1752914 R
218.2391137 483.9615374 433.0618479
-182.9474068 515.1305723 -89.16635325 R
-377.1804206 -173.4083044 -183.0441308
-327.5012786 264.663547 -89.86493746
-281.3189535 171.1964809 119.8956178 R
-336.4999696 -335.8649932 -99.53702117
270.5506729 -327.5189502 427.7098742
98.52465053 -182.6266647 -298.570237
437.5492683 537.2874681 -64.52874643
-275.2910693 -230.8799786 59.83058735
-21.77110537 340.4776766 348.7860545
448.2125344 -507.8018882 116.6789299
-423.5258627 467.7978752 -181.6339194 R
-309.3952866 -416.1833257 -219.1719642 R
486.206292 -56.00677694 -130.7544843 R
-241.259645 -506.0823183 100.7642718
-263.3066563 212.1365504 102.7719209 R
-435.1949817 96.28292293 433.6935371 R
-412.2767775 432.7980677 -273.9176801
214.9164112 -427.011627 485.2308201 R
-200.0520353 -205.2409127 -201.6128984
508.6154118 233.7935418 432.3014385
-107.7383146 489.5606121 219.2415973 R
68.72877506 494.1418735 207.240845 R
243.9488599 169.7731125 247.9340591
-465.1139976 -68.38993231 80.37271171
-391.9580296 -228.2492211 -311.2889497
-313.0728013 -365.1435037 -292.6088359
249.8458574 -320.0163596 -14.64800915
90.10709563 -270.7777113 513.9869693 R
-449.2741733 95.98818256 -264.0118612
464.7010119 -506.8061856 276.4143031
-340.9801388 -103.1389928 -72.19288582
93.9944651 -450.7149282 -116.177762 R
-365.0894202 -143.3837275 -282.8174029
127.1950707 253.089311 137.999798
-154.5928185 -152.4297786 -266.163368 R
-299.3143488 283.4405601 -381.7251354
261.0692928 -241.5877397 369.331249
-286.6812329 -180.0606471 -209.7344725
-144.7490673 197.7976662 -1.883606592
506.132466 -351.5168064 87.2380602
284.2181694 -210.5061786 414.519869
-230.8454924 -217.4826843 439.2749027
-198.2070295 372.8011238 318.7120627
328.3230269 164.3942781 167.9509431
-218.7120212 -468.0396528 487.0269644
-87.2736916 74.49676786 29.57296515
138.9670842 -514.9556206 178.8115643
-356.1026497 -190.4792028 -186.4630705
143.0830902 212.133444 361.348528
-330.6507697 446.7239755 315.8459561
-301.2190802 417.6267467 -385.5043224
434.3497151 358.5278998 18.93403917
162.1210264 219.1864292 181.7443636
198.0378803 354.9840974 54.75641662 R
384.9860143 -427.2826756 -149.6888306
395.4808016 456.5958983 363.6512607
-65.05824046 -46.41188521 -206.6156531 R
426.519591 -361.7374313 382.5524345
435.8305652 269.1198534 -15.74508241
235.1495866 -114.9122962 46.32092032
203.9267117 456.3387706 -396.7462245 R
-432.0911621 300.7329567 -290.7303358
285.4113096 528.1821742 358.9187535
-350.1838003 258.4728927 282.2321695 R
442.5927058 -61.82638953 403.4439853
59.23871241 -177.4926626 -459.908665 R
355.9228575 -440.9027308 -516.9991591
336.2599015 446.8198508 -219.4692805
-233.7410987 21.98872066 397.5184586
470.673308 219.5329814 320.8419333
-279.3498453 -219.9277642 268.7290984
110.1442385 -425.1579575 156.4642593
-8.070533474 346.8121456 495.0820693 R
9.874687367 -308.1247837 -134.2693666
395.8794938 -401.4255546 -332.2114188 R
510.8853413 -406.9563034 -494.6668128 R
122.188635 -353.3646455 -361.3465988
-151.6850399 174.4121375 289.96164 R
364.9764768 -46.23895778 366.7746775
183.4942396 -194.6873224 98.25369862 R
487.6157552 -546.8738411 22.87886034
-334.873459 47.69145525 -518.5751811 R
478.9175262 -123.1047671 -67.08695803
192.8469021 -489.2490133 -213.2527475 R
496.2514351 215.1328837 -38.90216206
216.4924447 -275.1447043 -31.55430008
161.7146822 -250.5798026 -256.5333833
-219.9975849 -276.8519224 308.2001197
-483.437174 301.8625357 338.0114186
246.7334402 -172.5933149 236.9169506
-525.2480776 -162.0502932 396.3676537 R
68.25562638 -120.0036005 158.0600243
-213.7960719 468.0014879 341.8345129
100.8009461 48.10660231 13.90399333
-312.113739 -445.6365265 -224.2198623 R
272.9255067 341.6352484 -112.7207821
-515.4986146 311.5951166 -271.260899
35.50809522 81.706845 150.4476079
-314.1966384 -220.2506423 -509.8835434 R
-212.8071905 388.8103868 380.84402 R
448.023835 314.5164299 237.9868466
88.79206883 -380.2919225 117.7282391
238.0345733 418.4951893 -228.2440453
473.6469383 -237.1615274 -99.59445644
-1.684753374 476.2617989 131.8149954 R
493.5945936 -288.4144216 -133.2619579
486.5413073 109.5596272 -513.1450789 R
444.5560616 -164.9852069 -38.45221814
-264.1153521 -183.275784 -356.0872663
-82.26160988 -288.684834 207.9328592
-157.6701183 -182.9097851 -237.836839 R
305.0011162 -482.238235 -317.898819 R
546.8684099 -362.5688926 457.4100702
87.96105622 179.4258939 502.100891 R
308.6291469 90.01331708 -296.5469513
-504.9878574 188.7453791 120.0199746 R
411.0129182 -119.7294487 509.8519838
-217.0301824 -459.007059 -169.9181603 R
160.8030443 -58.54648683 -157.4415771
251.3595239 103.0326898 -431.4013191
346.8716797 -402.280958 126.6121529
122.3385709 -404.6997704 364.2184792
151.2680395 -476.4772724 -433.9319158
21.75386034 508.8232233 108.8240786 R
147.2976317 529.5588401 229.7862054
-312.5434027 524.559548 445.7381211
-373.7429041 -451.1542554 485.2192263
-143.0812951 -141.5693902 89.6456707
148.7912521 -149.10506 -421.0213137
180.0541077 245.250097 -259.0580558
211.638924 -189.0500441 -134.4241049
274.371492 -304.6908585 -76.24506259
52.17619699 466.4196778 191.05393 R
284.8375175 549.7137124 -45.78759521 R
384.0484705 209.9403875 -337.970621
460.5365872 504.5675078 -452.7662841 R
-263.1206287 314.1527378 -68.35700202
115.1321752 -156.0208959 -468.0209064
-385.2630964 196.3419478 -205.9849946
-254.8189252 -86.82153884 -402.9884945 R
250.0918634 513.2340826 257.0855338 R
489.1964223 154.844644 190.8637273 R
253.5868519 460.8957044 -255.2298144
-38.0096741 -248.2829099 -138.2529783
170.3175424 111.729761 -9.895882841
-416.3996229 344.4482097 -445.7653937
86.56102644 -473.7053178 -384.3955907 R
297.5947078 186.5719065 -362.2709097 R
491.1134142 40.05561755 443.5626903 R
382.9920031 -280.6394144 -353.3673756 R
55.06534682 124.8034274 -175.6413649
175.1963417 -99.13462027 334.1613936
-259.5732462 527.7423222 314.4052478
-327.813936 -361.9093513 473.1476102
541.2441797 257.8812695 209.1369797 R
392.0859161 -135.3825024 -227.966269
107.4557155 238.5155424 316.5317196
57.94861684 -94.85765282 421.0490538
-23.33647414 -26.93867551 517.2374954
124.9593384 350.1872771 128.0827719
-157.2303472 -408.3664389 251.5417005 R
498.3734821 316.5224738 -258.0739144
116.1638339 -440.5052316 384.8192195
418.5592218 -511.3922041 -373.1245247 R
-43.15792814 -541.6338987 -428.4042157
-268.3056038 -184.5821718 -388.9059448
466.1794922 323.4211652 277.4143495
224.2456954 12.34592325 -363.9707559
-7.667673978 -349.578819 302.8566945
-165.1417384 538.5668232 415.6123559 R
20.07604969 -522.9129394 -159.403315
-159.5060823 -31.74760163 199.1947322
-302.4087317 366.4189241 -133.8780765
86.75829898 286.7023507 168.1499615
131.4127335 260.267473 136.5934876
218.0503914 -314.9779937 -109.7344217
166.1275071 -463.1484757 55.10057228
333.4195816 312.4084084 -520.5241873 R
377.7716182 -518.4606031 -92.2145566 R
457.3328212 -383.314378 499.3052484 R
520.5677631 -45.45343544 221.7247626
285.7576849 457.7969723 -272.1162787
345.3540737 -233.5124952 464.5273004
-80.6402751 -96.24399372 -97.79333229
330.9341203 374.4576813 443.0052004
-64.62867471 30.58817209 -454.645425
-217.6231053 -354.5998425 189.4607535
-393.4744899 -64.38437865 -501.0792157
307.6137067 396.0114564 324.8594187
-165.4378389 110.3351669 -186.7532303
313.6199003 98.24265553 -39.14409528
-191.0580552 442.541489 -362.4558024
-460.398982 525.661893 321.6838702 R
168.0401695 -520.5355728 -404.4649528 R
235.5100303 467.2727733 -276.1908593
-474.3252164 20.11147592 -148.3666489 R
456.0255337 -431.6580264 -287.6715558 R
-453.0692921 386.801518 61.0888914 R
-338.9994798 536.7032174 -62.84331679
232.3142285 103.2037437 116.7904279
518.4639782 488.6509132 -55.81090331
512.0669118 -433.7160649 -379.7173948
384.8759585 44.47734685 -538.266651
-5.775436828 -205.4045544 -1.627326533
-396.0571366 35.73676862 -509.9258848 R
-152.3884326 -445.8460647 -390.2199809
-84.76397419 -106.5866657 -184.9401276 R
459.9167622 467.6262625 380.4900907
422.9535269 146.803546 -161.7566315
-340.0389196 -477.8403364 506.0136896
-125.750569 501.2458016 303.6129213
202.164124 302.4258876 -163.2731962
389.1285363 -402.945179 247.90291
265.2747025 -282.4750514 405.9883808
-378.7371208 -48.28701382 233.1735403
378.1136036 466.442987 185.6194426 R
-96.47514378 -39.0144886 -23.47675772
-198.6939794 -299.9980292 -443.8400691 R
474.0650116 282.0343464 -364.98894
269.8160043 -89.29835104 -168.3328555
-408.575095 -437.8522798 -218.3646808
27.11392412 -338.375346 89.10197975
-451.1502261 323.0555025 -131.9795467
25.72445416 220.1341651 177.2930697
-251.5791798 224.3510335 305.5914138
136.8712008 196.9319144 402.4447394
-424.0589331 -542.4844897 -244.1492497
-262.8725099 -80.38585454 272.447461
485.087921 -166.2558906 404.3399746
-371.5568597 450.2149965 -107.393893
-485.8625848 195.3303637 -11.97614876 R
351.037373 413.7411013 68.01786505
329.5295711 -460.6119272 -56.90999737 R
-124.357622 -403.2314119 -469.1976602
154.2168271 437.3985514 -327.9877965
479.9191405 -312.9866367 -294.5482474
438.8257573 472.3910985 370.8636597
460.0325058 182.7852037 -436.1902875
138.0131378 53.08348592 -368.5007876
81.56241943 381.5402233 -453.3459493 R
-431.4924735 385.0594254 358.3091939
187.8078258 222.3679409 -359.5893727 R
23.80101378 203.4850205 -342.1246722
-495.7510038 -81.96218709 213.9011095 R
-419.6344949 164.2097731 -296.6736523
199.6169078 -255.7160013 269.84806
-26.30134843 112.9689487 349.8847094
434.5569017 389.7424158 -160.9266726 R
-195.5666907 -354.2327924 -448.5334562
216.8140598 -198.0629318 -234.234994
-386.1330715 -118.8532473 105.1894753 R
-13.25100549 -470.1526207 304.317877
69.04154506 411.159985 -231.9400583
-86.73608373 -297.9565908 410.9851977
-270.8776394 31.07187475 -299.3771438 R
332.5548671 -258.1609476 -227.8714736
-478.4867145 125.7382892 420.2706547 R
-26.05805615 327.9619856 271.3611464
-289.9341525 -96.0574931 501.0442911 R
316.3473361 241.4462736 -64.04070181
341.261669 186.1149036 490.9678459
429.848051 -32.00215199 -180.2090334 R
397.2522571 257.6886491 -219.9325276 R
-9.323584007 -35.15771217 270.1463817
116.8320453 -203.3599143 51.850748
187.0747295 378.8308138 -130.5301305
-6.144047972 -503.0639434 502.4769205 R
24.44061093 337.4734424 -72.52134713
-53.48462628 30.8109646 -327.6827193
-241.1203464 220.0710407 491.9404577 R
341.3421136 152.6126513 362.8927197
-343.0348821 139.1921379 309.6521495
-362.9039307 142.2790286 -91.11892292 R
-310.2086764 355.0537402 467.7138148
213.2097273 388.1148161 -216.1722125
67.54549284 -515.4578847 -311.2891592 R
-147.1935812 -292.0327341 -193.9843535
-400.1900929 508.2645235 -279.4987846
-176.5740996 25.48725289 299.6568745
78.86045385 51.22351617 318.9878555
245.322208 -70.34209955 -428.3103612
164.9883223 328.3867174 75.86443455 R
-398.8756093 -330.1737528 -402.2152858
-276.6669445 -163.7123595 -289.3535758
-57.48619166 307.3280565 -195.4653144
14.86017519 220.0692011 317.6724166
150.0255084 263.6113705 290.5575974
-219.3741042 94.36384863 324.8365063
380.5321107 -512.9339646 -313.1832305 R
346.8111427 20.36582009 470.0046894 R
-219.0396471 -180.9460338 356.7735195
-115.3160278 90.87283672 -74.25301609
292.9236191 187.1413604 513.5917175 R
395.2450067 -506.9516375 446.8745676
440.4275417 -212.8066396 464.4123587
295.4967686 79.06564505 -439.5566316
-440.5394148 123.8515016 -147.4749366 R
191.078703 519.2118395 451.5843472
-474.7724514 -48.30012924 45.40785371
-144.2654924 460.5723518 503.6581595
226.673971 469.4823454 275.0956925 R
-326.4852755 201.1754103 -239.7822351
183.8416678 -323.6806908 112.0014486
-543.0779177 -278.5389758 30.00840713
357.6930653 -427.9715559 475.4430236
-450.7688283 -418.3899851 297.8737769
79.65297499 125.9114365 -111.0774949
387.4699296 -398.2771402 -143.2969666
416.7395262 234.0420698 -365.5305162
69.01968717 332.4643024 181.535827
240.3195609 -170.6782458 453.9280498
-393.2100508 -426.9034141 -502.7153318 R
-342.9554288 -56.11380983 -160.936394
498.4208823 54.57258369 -357.6083101
-49.55039278 238.1673906 -421.6712622
349.5954062 207.3816743 160.1732812
-113.1102848 -212.4386673 -394.594914
-387.8716894 -255.1955988 390.1515169
279.0111862 -133.2842416 24.82047079
490.1520876 362.4484077 -405.9712602
-113.0310135 -60.15321524 -40.66752298
-467.5306249 -324.6890211 -87.96103651 R
-289.8039074 113.9715621 316.8914344
251.8808002 -220.2697264 -441.6242348
386.0959843 87.75851345 384.3345265
-400.3217966 -26.28658407 4.694046675 R
256.6584533 142.2518112 201.2282323
-359.2936111 -300.7457536 479.8508586
-439.4660634 -300.5965904 -484.7930772
-62.61560733 350.2743023 -187.9667027 R
485.8700509 -202.7183503 -218.2396771 R
-14.43126741 310.2802821 -421.7794523
86.32463862 -365.9198372 295.9288884
1.765005702 220.784694 319.8950636
20.21190459 -239.6683967 100.5038793
147.7698421 -155.9021916 48.30856411 R
-246.0419245 -160.5085913 -323.1745384
426.4146876 -261.1126705 112.908875
143.6989776 365.7846027 -49.16137212 R
279.7031689 390.2401508 222.7044668
2.403636098 115.9071495 -410.5211057
107.2622513 -112.7237511 -424.9551519
-23.08316393 -212.6476979 244.8564094
522.3592819 21.00070995 -98.1399059 R
-457.2098403 -440.9420693 501.7761098 R
-498.0757239 -481.1747742 -457.0079294 R
-311.3294678 481.050126 34.50384684 R
-210.2949173 -445.0390129 457.6143285
344.4942421 -183.6689042 245.6627271 R
-414.9420651 272.9617105 -359.2282333
-165.1613098 -86.05321333 -279.864712 R
-376.3868736 316.9771144 -229.4491649
-401.6168706 -268.9686631 256.2513989
-477.7277735 -72.4862034 -240.5547541 R
473.4261148 416.8881597 -203.8013443
510.7533754 -101.5812629 -358.1050186
442.2559616 -232.6171347 158.1606947
307.1742478 368.4599689 229.9639106
290.7657618 -449.0152587 -446.1221428
-69.61959684 519.580739 -375.2722598 R
169.7485585 523.4038607 -324.0903208
92.84529333 153.8622972 484.4971829 R
389.6370529 -313.0256568 -106.0516659
-328.1368534 -124.5717725 480.6855617 R
124.4155024 244.6890998 403.1852205
-234.2300417 431.1763822 518.7779234
-69.65314641 127.5272894 475.682321
210.2470374 454.0796713 125.6570305
51.63026972 94.7616754 15.58383035
-337.6029728 268.5372158 405.1970604
88.26857836 -287.2983255 -113.9791763 R
492.6825222 -461.0224869 -456.422365 R
51.02207827 -203.6423017 274.1640247
317.7022617 -234.2164906 -303.7300461 R
-252.6586324 445.400339 489.9207136
-306.4461507 -235.4673597 -415.7779085
264.2162727 -515.0570773 82.40629387
-24.81640832 443.2814898 -273.0396092
397.9536138 -485.9110035 90.84372674
-449.5205858 -175.4437873 -212.2545102
-346.3279161 -204.1339335 437.7273763
303.617939 504.4630709 -422.9695939
448.1211924 53.61238035 -343.5425093
75.91676733 -59.5117706 -352.1395037
-222.7797045 361.8770435 180.13632 R
-178.2758787 274.6869406 -84.27991193
-182.3338231 -488.508889 -195.0167477 R
356.2949723 -112.82259 -220.0104522 R
-39.54382606 -386.4466266 -116.4675195
-157.8420733 -32.78528284 376.5612517
12.83826055 337.492173 347.1315292
13.9317737 418.4297921 196.7675606 R
-365.4867665 525.9288593 -365.4289826 R
-442.7749066 -356.2729992 474.0686028 R
-2.142169139 25.95435215 547.2197852 R
-233.861293 272.6562238 131.824349
398.0385075 66.94449254 -435.5534744
-32.49437485 447.2236308 347.6918639
477.1875848 -116.5227516 217.4932637
-172.2897682 87.20641856 391.5318263
-59.92453043 282.3566041 -438.9095628
428.0466862 285.92791 -87.66652098
406.3185468 147.3027218 181.2123831
-412.6178703 405.0996091 -324.6836286
-143.8786107 150.2259819 -99.36763655
-117.5291432 -403.1419184 -410.6505773
127.2939554 -405.2359886 1.458670916 R
-165.4805362 426.456295 -231.4570153
-229.3524996 -492.5797629 474.2334428
27.91777953 249.1465771 50.32003536
-478.90988 -90.31522516 178.6142993 R
-477.0863372 -160.5914242 -130.0274302
166.2438106 490.2424992 391.517056
-88.2825897 -85.19797096 217.3183535
122.8061043 268.4159915 36.01062376
449.9829298 120.1962335 120.5939685
255.6360124 126.3047744 -454.552527
-414.4826749 -295.3569704 432.9499208
331.6670968 -317.5809753 448.8255408
96.39601159 459.3626903 304.3436772
-377.509281 -397.6695303 -357.4505322
265.8642055 -343.0519329 -184.1639791
-248.7709357 118.8702507 467.2026648
491.6031103 466.1139908 -71.41774868
-285.9728733 -391.5429003 -197.6480561 R
55.28732156 -321.8961993 -153.4555862
-146.0972234 390.2936411 -477.2381027
-255.6771755 -459.9637352 -451.294323
-448.4683128 -217.915706 -344.2010937
159.222081 135.9487845 365.1177057
-483.0491628 -214.0732715 477.5273227
15.68327643 0.8743082943 -330.5308811
3.780198418 46.41627356 370.6789433
-400.2496741 416.0181993 127.6066306
505.300784 269.8771122 312.0333836
369.5342827 -91.68297353 46.52665101
-384.8545673 -307.1586883 285.3860883
27.30242413 457.5197493 -289.8422013
-282.7228078 283.681482 -37.78789077
46.8249077 342.3989563 -172.1397416
92.30718522 494.5492686 113.0834914
-77.64236643 183.9410934 352.6870783
329.2605178 81.2531013 -332.6272125
-441.1374095 -216.8947687 453.4089841
475.9532086 -290.9218577 133.9551782
-153.6017382 399.1276704 375.5739782
-205.0882004 279.5940504 -458.6428121
-18.94706685 -508.6566999 437.1074415
147.6242201 79.58853543 308.6766199
-112.1638857 154.8951421 -500.7520458 R
-6.469905603 -162.4550065 -318.8627503 R
-349.7876363 333.3614736 194.4226583
-171.6456431 451.9733667 -454.2336822
462.0355569 -149.4579203 -14.20108903
362.8140703 -445.4303728 203.6616865
215.4300105 -497.5163585 3.75748002 R
-417.3848207 -258.3847984 374.5325187
65.50003217 270.374891 310.9934127
9.923399443 -307.9113307 -349.8245409
141.8122568 87.03842294 341.2612007
-388.4213845 -223.7854906 -214.8803496
285.8518022 -14.94988428 429.1317076
437.0601423 211.7363764 288.8502009
273.6886463 -27.24790367 -292.4148169
65.58782163 -245.2751258 105.6864517
469.031347 316.6983797 -242.3053165
128.8833812 -170.2794015 205.0073671
470.8524538 -74.79618269 312.1221673
-480.2419371 204.848625 400.0112471
186.3665995 80.14655633 -2.810079499
-59.75727804 437.5679023 -32.96176892
228.8514106 114.5585662 365.6339965
456.4973968 235.1231283 -202.0990983
-84.71817036 -240.8939561 231.9754411
-210.6815071 372.0401588 52.26447387 R
201.0736441 93.51779686 -318.3838066
-207.0726319 303.7492827 248.255946 R
268.2127278 -378.2414452 160.1773213
380.4703418 55.34229252 -120.7858389
-477.8519659 -347.0901024 450.2519713
77.59074274 345.6339599 -95.6263879
447.9179151 225.4845687 454.020645
135.0446526 -451.1210536 423.5637722
-500.6234333 252.4537705 439.6772018
-322.4987609 204.0131677 -378.8581621
-230.9910588 41.9891182 -235.0098719
537.7374247 229.6647927 -461.1525963
6.18838265 -244.627251 -206.5698037
499.5176988 -108.3646949 -53.75837793
-251.0860445 382.4580134 312.8728481
51.07699482 -201.8224043 386.4154177
178.9528122 351.8567343 344.9276502
25.84992672 -427.0901624 327.0439611
314.010225 437.5401638 -389.3247253
102.8393918 -507.5047626 -235.1157878
-36.46034316 -301.1007337 241.1822199
79.80440546 493.472885 -68.27432855 R
258.3070586 -36.50024727 -516.4081484
-391.497525 -234.102182 342.5063011
395.7861768 231.9591673 140.5145728
-480.9067582 105.0635121 -438.4651215 R
208.3823437 411.3999036 276.3250891 R
275.7608867 151.3866999 284.5146144
356.9052861 510.9268459 402.7993859
-460.3101655 -231.6399513 -457.4076424 R
507.6908714 289.1416105 463.6456092
397.3967803 -234.6054164 20.17862963
189.7589949 270.0836996 221.2281979
-74.70037127 10.96639536 132.7971019 R
-295.1535054 171.914652 -228.8162634
-200.4608482 63.70398937 277.7987399
-250.9446959 360.6143894 272.8776431
450.2741025 87.8144911 3.678506854
142.3240184 57.94929717 -399.3214164
-133.0451034 24.87774554 -274.6751904 R
536.8510838 -82.92749604 369.270988 R
-153.5629197 520.2352019 -416.7304311
162.2960704 -58.72880009 515.7245285 R
-201.7242901 143.6334761 358.7303852
-356.2567914 328.777024 -78.60104606
-318.4036857 -368.5236125 -409.1919115 R
-291.0091395 -417.7766847 -118.9919924
399.6224671 53.72693974 -464.5436043
479.6353484 188.2249678 407.1724668
-132.5167471 -454.4158061 -429.7549294
505.7574541 351.3619582 277.0324111
39.0998818 -299.8366637 -500.1031042
224.7796683 139.6960133 17.38605113
-401.5324033 131.5580044 -103.4409607
-41.79794004 -279.676187 168.846206
-5.161466297 305.6183561 24.33491726
435.4540155 151.009673 391.9725238
77.68999238 229.2379922 -18.93361983
-150.8395778 -280.9523613 -250.1136377
62.3478503 -528.4567829 14.6120729 R
440.2697758 481.7417934 300.1882763 R
-274.0325301 -115.273053 168.1043879
400.850564 475.8774289 457.7041238
-403.0761504 327.9528807 -36.36972913
-96.90046595 200.5058712 -242.895708
121.2883836 -69.05355139 184.1881647
163.6909734 417.5017571 388.3149422
16.5464926 -401.6358309 -73.08040231
52.65422988 204.3163626 -283.6439537
436.9214081 -89.34085253 517.1414728
38.15964497 162.3400029 -195.4254735
415.2868543 -30.41164292 -468.1914448
-284.6618365 57.18737848 -516.1013838 R
281.0059993 -387.1464626 184.5058424
-72.76615833 453.7508384 -240.7248111
-475.3898217 441.215709 274.6332368
-187.7861621 -435.9587694 -297.3009508
-437.4862275 523.4176309 -219.3167591
-58.45540364 391.6968141 443.9340676
132.6052916 8.801574488 -1.09064609
-494.0584352 466.1972652 -214.677074
231.9378592 24.47306197 330.4886205
63.09169347 -57.35421209 -315.1441111
20.59637182 411.7897563 528.6682379 R
-84.08644757 -157.1496076 201.0548658
-261.1721492 298.5345517 433.6763631
69.68078084 273.7061499 133.3313653
360.5008797 293.868198 329.4014165
417.8209776 -485.5208516 5.694359144
453.8069753 -50.87811968 495.4933067
-124.3251604 -210.0477681 -509.5792906
63.5115695 161.5910151 21.81966008
185.1178946 -326.2155326 -13.03498587
-530.1800597 -96.39474342 354.4486755 R
28.82211847 -390.7199916 298.8333984
173.8510432 -488.1743946 -152.9995416 R
163.0280202 387.3777866 -126.011026
302.5937729 -149.9918765 26.51960021
-422.7276296 39.34661038 -358.691511
-18.47970064 152.8118296 -127.2800513
-114.2929841 -326.2108781 -63.6903817
514.4171247 -41.98817874 389.0965857 R
-163.1418594 198.8908876 -294.6869152
-499.1058083 -347.2724934 -370.2807336
113.0550996 -153.8387924 -29.32460376
-43.11813405 -371.1419503 -143.7348085
399.8092763 486.4398835 -514.0089209 R
-482.4124526 -373.6824483 -270.5647732 R
-45.76258152 209.0566885 -226.7397801
277.3544737 -275.3237766 172.4854392
-446.0547932 -98.52797543 466.2646124
338.6582479 90.17577057 280.4776886
-390.8349036 -469.0065233 317.5462575
39.45341187 352.4027759 238.4909589
507.7102786 18.27595822 159.0784552 R
536.5405066 309.046468 429.4780189
-306.3614028 111.3469623 331.9053237
-524.5930326 236.6751155 196.1451476
-137.0465166 -467.20199 457.8571719
258.1516321 243.8493457 493.3775066
162.6759047 -449.8250874 178.3501664
-366.8753666 417.6821618 450.543617
-143.8698541 -225.8708989 328.7142952
480.5693794 -102.5303738 -236.5491318
10.5769527 170.6829884 508.5401515 R
-317.6019489 11.24690789 274.7891095
136.3637111 366.6729115 493.3592721 R
231.5353055 -212.2737915 -213.7319447
488.3295852 304.0879031 -130.6836327
168.8583051 -117.807764 -449.0009624
356.0297973 -106.3124129 -36.73223261
35.50656147 -12.92424272 -387.7971929
374.9522793 239.2069549 -519.3980682 R
-73.10007253 449.7591205 -328.2193255
459.0608976 152.8681333 -110.1095219
39.16663943 165.4595241 -10.28929275
27.58316792 149.6970332 9.761245181
24.81101922 -313.4351542 532.2971304
335.3803049 -65.70965259 189.9111331
-387.3907901 -496.5335265 136.7430496 R
-294.9307557 412.9011922 -269.5080142 R
-467.0678664 -173.404623 21.98349852
-547.9676086 -113.4017066 -305.3231164
-329.2328917 308.7378628 374.5457646
-113.4061741 184.739239 31.51565538
-372.3497474 -355.7803222 -515.0532394
-72.66775229 245.1052198 -338.8282469
510.9258066 -21.22299549 -471.1791733
-344.2698516 321.0826713 -79.98472835
-536.9398313 178.5265503 -278.0006065
442.9257295 -395.9086435 -2.368579785
-249.0059601 -123.6052794 91.45225158
-6.206204119 -355.9247424 -433.2854884
-98.50730453 -448.5715759 -537.3634988
307.2550845 476.2083546 266.5724343 R
203.5126341 -96.45864615 -266.7955114
-495.5353515 -356.0357965 149.0738881
-264.7855529 -302.9446402 -96.24693957
244.211031 515.137775 159.7066595
263.737607 18.48629106 -245.8380817
-359.6082436 -173.4744555 -225.6131573
123.475996 -403.5197891 154.1304405
49.0647438 -123.9203912 518.4601123
13.2878921 13.93537615 -239.7238001
66.97162023 382.6640242 -491.9913122 R
-269.162875 -30.93375496 -133.8359859 R
389.9326407 -248.939575 175.699931
68.2061233 -271.9109314 -224.1312019
238.8811607 -358.6830704 375.1351726
-413.6533763 135.0944944 65.77846183
79.14772985 140.2187778 -349.2564848
47.60369088 405.2549555 -192.4557525
329.3543137 -235.962657 428.1379143
-71.13921215 28.4226172 413.6889968 R
66.354035 -486.8662928 83.6870664
226.8057461 -248.4664281 -124.2453974
-489.2489015 407.8166314 41.80573016 R
-388.9117268 401.34621 -95.52111819
435.1841952 39.38470828 -273.6668458
504.2114594 30.03568288 348.9398241 R
367.1588655 439.8208975 480.5030935
-133.6812984 -170.7385406 -212.386426 R
459.2354999 -325.778571 193.8051274
170.0454338 -254.3222165 -505.7646353
70.76112049 154.1612455 102.6336527 R
-490.529379 -183.310525 -158.9675023
-107.2051114 -473.3462805 94.14719651
123.8533361 -414.7837296 -228.8557082
401.7287697 -45.74351427 313.7690495
-452.1474387 -480.578249 377.0981343
-214.1876494 271.8481366 -71.69153919
406.4766986 -513.7979481 325.865944
-272.3698243 90.97963019 -179.7604332
511.8802286 -454.7367449 278.9044424
-428.0170714 296.5290386 378.6591482
-178.9044857 -438.4785411 -434.6518049
-457.7381051 -335.031374 -382.3377459
-51.41556632 406.6473792 -472.035922
-203.0179059 -359.7057059 457.3092282
186.4076703 -441.7412963 -132.2913686 R
-333.1451968 301.7024355 21.755461 R
-343.2220827 -253.4726208 -107.0316362
227.6414224 82.37458764 -280.6822217
-140.8715083 102.5107507 -416.9378005
-473.6477953 170.7959665 -236.436399
-46.67056917 185.0647391 252.6183639
285.6999271 -68.42562218 -444.0326366
-485.3851612 11.41007638 -475.881711
-246.3398262 205.9960575 233.5195459 R
-431.9728898 379.4347254 228.9977953 R
431.7104745 413.0760127 -316.0638201
-340.2525636 377.2909051 -1.818245537
-402.3349612 330.0422189 -319.532557
-287.7006863 278.9796802 419.7358321
59.70659546 -464.5288877 393.9858681
236.5478945 -250.9504079 472.6343571
-327.8477795 -112.8879101 -38.55332223
-40.88542573 25.82589738 -109.793634
-313.82044 -449.1667677 298.598524
93.33102852 -384.0845946 -94.61037859
-173.9430856 545.0113084 497.3860864
107.5789344 318.2613172 -313.7115093
94.19850356 -195.5828413 -388.3173049
-21.48422836 -380.3524026 499.9944979
454.1769673 141.6771654 -149.3401153
242.7195384 134.0017098 -413.9982915
472.0951854 22.09910624 -111.8170722 R
253.8388552 431.7158088 82.77573876
-125.7828805 347.0532222 286.2279513
325.9745108 -100.2703238 471.1186373
-397.5688734 -180.8160512 -81.77349621
-449.6557026 248.7646092 266.9080531
330.6623761 -367.8073392 298.2682381
185.3745012 -224.8721732 -173.3054862
241.9302452 -449.515624 -260.7958453 R
-227.6400197 157.45409 314.5004352
411.1621086 -177.2793056 -185.4980563
-42.21507164 358.3934558 194.3780563
-158.3359282 -205.4535952 205.8988992
-119.1656616 390.1616499 -423.1963549 R
-351.5525141 205.0809806 -344.8007542
149.0570727 -211.9867912 483.5821041
-216.8302497 -317.1592577 -498.1925807
-346.5401379 -508.8064061 -183.8966073 R
-303.7834002 -107.2500983 193.3595792
434.8631892 -10.34596686 -61.80376312 R
208.7241945 25.1069089 476.6703256
-0.5005478494 -453.0307986 -419.1539056
365.0235819 -430.164018 450.999978
-135.1813847 28.82788439 -341.5262948
-149.4720972 433.1712594 176.1786241 R
-334.188172 341.6520901 113.2497968
-44.54643223 194.0487905 258.2288964
-250.3612094 209.6085383 -253.881337
-446.3822282 232.5190108 -161.9310084
439.836713 -439.2398617 -392.9954597
-451.004245 -115.9078574 -452.838286
12.69844385 -388.3947794 466.3271965
-416.1845123 -37.52653068 -281.3963644
193.7709683 -403.2839353 -114.2174375 R
435.8809652 178.9753046 65.22672659
-47.78373621 245.631947 -464.3355697
-279.4576006 0.5283760554 -468.6319006 R
-136.621552 -261.0244828 -125.0028482
213.0393573 95.87450127 422.2301954
287.8833931 -382.5412066 -473.8055802
-176.3438901 475.7767381 -368.2391229
-503.8691581 -374.0938397 227.5501802
270.4117485 -153.0256281 57.15452954
280.3946489 -349.1045074 -492.3032654
58.76996527 138.3284836 -215.7316196
-61.09889042 455.5974708 225.4684682 R
-99.19831559 -124.7150172 -137.8392424
-22.51136281 182.1088064 -149.8788068
339.2332524 -220.9177789 324.8180296
506.4810171 385.5023607 -251.0131172
-392.1260631 264.030727 342.3045685 R
246.9728346 387.5446315 -283.9800834 R
14.1664043 -521.8396139 -292.2666093 R
-47.37241592 248.4051703 365.3283396
-163.7833472 512.5012935 336.7603416
125.4530338 184.3995218 -240.1679316 R
425.3079571 -137.8337115 256.8001702
229.2256465 -109.0211385 501.5749057
-466.4459134 -31.01333905 -370.7013426
276.1679216 -152.9259649 3.499427343
236.2432598 331.630552 60.63143459
190.3978569 28.5913909 -475.5204499
305.7695116 -435.7619968 -533.2590181
260.8215691 -345.3906206 240.9668569 R
212.0998702 74.08945324 -168.3659741
-341.8012669 127.2854034 -274.7195321
273.2631329 334.4972116 220.9595112
363.8504892 213.6752779 -95.68443483
150.0952707 126.835083 -359.410431
-239.637305 -293.9423287 324.1394003 R
210.7522907 121.2019959 353.9190182
-11.64052152 -141.461764 150.9394711
33.50923529 251.5611973 -319.824801
-43.57852795 465.6287737 344.012807
105.852357 244.1710426 -214.7436482
144.722602 42.93525686 7.473505419
-323.304087 297.6884955 63.46456758 R
223.8876273 356.2526925 129.1619557
-31.62915193 -327.4410027 136.1765133
-312.0053662 462.3134271 512.9471939
238.557803 481.3717788 177.7810893
486.8110563 9.778788636 296.2546333
394.6789612 269.0779617 -177.378193
-234.8977057 189.2808758 -354.1463313 R
225.6693353 9.107610246 409.8878292
3.742097749 9.271754958 -267.5462429 R
-415.8341237 -69.23632725 -175.7437454
-269.9070405 152.5748743 278.4043719
-138.1106571 46.00882953 248.674042 R
402.4687077 111.889345 -17.48560008
436.5374015 -245.2744781 -312.2763703
98.26257258 -78.22397347 -164.4705517 R
-459.9520749 -391.9376539 247.7833939
-396.3486553 84.84495472 -368.483427
237.7270332 -108.2497693 -472.5537332
253.6941735 -265.7531592 -372.9191644
-341.0389896 -164.1576012 -291.4928522
451.2085488 -358.7286688 -200.3106467 R
224.0659572 135.7612298 -547.2860094
329.2192518 -316.8116626 -19.02227058
-36.93968341 237.197875 -79.83170085
-447.5085094 438.0637451 380.1551236
-163.7029928 474.1091882 -372.9998108
-179.0124482 522.0819741 -276.3035381 R
-449.4248391 355.2962846 -409.4696392 R
451.0153629 322.4875722 485.5161035
-187.7032827 -68.28731955 -7.1265982
208.9470854 108.2832313 -105.4307494
483.6714057 -338.7246331 19.2685275 R
9.981885687 415.563702 -377.8704131
420.3050721 127.2852118 526.4698172
-415.4815717 -287.496864 186.898503
521.3498853 334.5354813 -236.1006935
158.5556288 472.9293133 354.0095841
-250.5178706 89.58523767 188.9540286
340.2246012 -244.2009216 -383.6054183
-476.6764549 240.0011909 143.1772712
482.9561945 -246.3869162 -458.7507874 R
-221.6926728 -430.4175321 144.981316
-239.4243496 -139.3294828 88.14803562
430.3645209 164.809634 63.79905404
-375.2292463 -184.8572328 345.6632941
465.1859061 -151.9305766 -74.48447843
163.5544618 402.068089 17.74127225
31.84273238 348.2365758 452.5203125
-525.1227135 -155.7670384 -3.864640139 R
505.6440086 -288.4311898 -473.9712112 R
-275.3021912 -335.9797204 -29.89719569
-272.0779817 -232.1453246 -524.8266164 R
-223.1371739 361.2247595 -57.93060387 R
468.0549243 184.0238995 -504.3745206 R
300.158354 474.8330501 -415.7877753
393.2269888 398.6408807 -208.1348279
-72.95336054 -386.8810941 -510.6122936 R
-78.96781734 -339.669403 136.5220219
-308.3738849 1.46084359 -123.6434407
-310.5626956 -431.923825 0.126875566
286.9764171 165.3951927 165.759319
326.1692596 -306.4083101 -391.1944187
-203.7376284 -437.7855655 355.003304 R
-171.8634909 -206.1300728 448.0924755
43.39469243 -56.12249287 -52.52766867
-350.9939939 202.4523982 -168.2297547
276.543163 138.2575705 42.80115007
-127.1199885 249.9206672 309.0587322
-162.4189257 531.9078831 -265.6218992 R
43.61636735 -503.6439832 -280.6462067 R
534.5840187 185.6271027 -390.821441
-514.771658 506.8600229 5.908845419 R
301.2710707 -352.6859621 443.1601499
-39.33117024 189.7761464 -78.70238035 R
372.4558764 -219.4089478 391.9113511
-271.5330812 68.32473012 315.0214829
215.5999429 200.3125623 -531.9508412
-241.8625002 -153.7233386 439.6622479
302.9337458 285.8190903 -463.4189542 R
171.9569928 -236.4812853 -387.9997352
-34.2260129 -253.4706026 182.4570858
-512.4030789 -464.7938778 397.3321145 R
-9.380611457 252.9316542 -483.1973772
-143.4175732 -379.3539638 -434.8217995
-48.148646 -468.101813 496.7411322
445.4829906 52.03566691 74.63051875 R
-125.0235162 -294.497078 500.8610594 R
510.3126301 28.56727169 -338.0988795
135.6441258 -42.55641313 372.3646319
524.231884 -340.3971423 -266.7045769
383.4566797 -86.58766379 360.5572827
-255.0490312 -94.94445252 281.1098572
38.19979316 265.4181647 117.800836
478.6489083 -498.4551805 84.12362834
-294.6705635 -336.9270878 239.2539014
210.7614047 -77.91803924 -22.91104364
451.5969515 -453.0349896 75.68074531
-216.1666935 1.449716028 51.6066186
-303.9885739 236.9536661 -494.6260801
-381.1787355 483.0821808 70.74179546 R
-378.0267354 177.2314193 157.2090202
232.193476 185.9951569 -30.44482682 R
-150.9173501 -486.1403835 -440.1358844
182.9352033 54.89936314 -310.8687746
-406.1791157 412.4160557 -376.0902538
-377.7200141 -288.8740384 305.3381418
-150.2248563 -448.2145813 -69.26891456
417.9615313 321.1496455 142.8915026
280.1072486 288.2615251 -342.5423242 R
412.4286869 55.62321305 386.1072082
-27.05237828 -35.27661345 -136.9011509 R
67.75937119 -122.8571101 399.1498965
-24.45760428 -384.1597884 -207.6443664
-452.9682085 62.18580191 388.1762185 R
-279.8056767 -486.0872085 -446.3862985
-87.65126312 -488.6214281 -240.1239255 R
189.0351539 -203.3107154 -128.0386228
185.0032211 -390.4372585 376.9153163 R
383.2259293 283.9706273 -42.17315287
-335.8799437 -503.5750804 -196.4745016 R
223.5450249 -4.861018671 232.0246536
-167.2729748 -377.6707739 -343.7055531
239.3437882 -394.137817 191.4078017
-514.41672 -448.5370459 162.3956723
-439.3201198 -504.0289722 -340.8493385
-472.6586706 161.800768 -408.1122179
56.02707291 289.1092207 356.8174445
-83.2982652 130.3377842 -245.2638786
358.278476 434.5000761 -442.8128644 R
407.4341941 257.2323012 -396.4568575
399.7574269 339.4544356 423.7675719
283.8843811 151.7193447 -504.645809
157.9080915 -12.42124286 516.5370675
369.778783 414.6626649 474.8969045
390.1738266 324.8529276 -410.928825
-462.5127022 -362.3992671 334.1532237
-411.9738268 275.3035841 -28.10695413
144.9245793 480.2892067 230.6314752
-169.4914063 173.8138334 118.9207218
-20.68995017 275.8877531 -486.177544
-188.9742315 -299.6130184 481.5608984
365.7996994 354.2787763 -206.9298203
254.6595453 237.5262886 -213.9888404 R
481.5972572 -106.2709683 -363.5503264
181.5744543 256.1116359 -126.8197538
-413.524302 -89.69668028 -486.4006346
-123.8099762 -430.4141468 -140.3134125
-295.4331809 476.2624478 368.2753678
-364.4149362 -180.4629907 -281.8754893
-361.0691963 172.6442532 -59.1680477 R
-305.5721745 -546.1506172 -319.7950246
-447.3814374 -423.440268 455.4175751 R
-263.3624338 276.2169047 69.8195321
-531.343306 -419.1068695 -325.1136518
-235.9644234 -512.3703234 -207.5683898 R
355.1277787 207.7031481 370.1660086
349.2178107 420.1550064 51.2458449
208.0123457 277.2690388 -135.8392976
277.6646707 405.511323 -95.25357399 R
-373.9386014 443.0680766 505.5789909
229.1865332 -322.0006612 -459.9777007
100.3775294 233.3607352 144.4054597
56.62761259 -7.80723318 171.3740221
284.0358034 -304.3559761 -257.9588221
-394.5146894 -63.78594356 163.2228664 R
-38.6123751 -208.0354284 172.7313321
-368.4465867 -472.5746333 -57.49784951
241.7972018 408.7615469 332.1172528
463.1980941 -90.3321776 242.3541618
-205.0305591 446.7812516 234.841128 R
355.2206144 0.07056600694 358.6565792
-492.2997228 -220.0475567 -205.4205903
147.6413776 62.79674744 271.2773443
-241.3917807 247.4793495 503.0876281 R
224.246461 501.7349364 -32.85512515 R
-391.4605323 22.24783283 316.845203 R
-227.7394277 -350.918146 -47.41863558 R
344.360863 253.0015173 -530.974066 R
334.3717941 -171.5543544 496.7163735
102.3719601 401.8037822 364.483445 R
-458.0595716 482.3571727 175.2455559 R
-214.9907906 -94.98615439 485.8618801 R
-306.5260539 59.60680896 -138.4056245
172.7796512 -92.12006596 222.9004406
460.4563719 302.7501779 -382.1711792
-86.67485544 428.2005443 -341.405514
-105.0223902 405.6615997 478.9423213
376.227479 262.5911253 42.60419735 R
109.7246782 -192.1740059 192.5901723
-482.724083 313.2422223 -241.1681676
-86.96682374 -436.7618577 483.805076
-9.484605612 92.95873821 162.5910063
263.6207905 -135.8586659 -312.1234207
-253.2308435 31.34878537 425.9174648
-467.6977938 77.73890659 -522.7336957 R
232.1989334 467.3048423 306.4768679
385.661763 422.4344258 544.1352236
220.6071069 495.6735572 45.37835178
-370.2516818 -381.7618134 332.7380528
408.3818241 -519.5787386 446.4890182
480.1592654 350.9837324 393.8553233
116.690678 502.9053272 395.0198159
-149.1300515 203.8261062 -22.26168143
64.31927774 361.2493579 -54.88216557
125.755162 228.5114472 51.62020007
339.5726272 68.09152634 -420.3886814
-146.1092896 369.942077 438.2970305 R
189.8452534 368.7628606 -172.2615274
-373.3675487 -403.9290865 464.4404117
445.2933037 105.6112697 431.118265
-232.9054661 -238.6640504 -225.2667421
-372.1503603 -86.68330053 475.1663734
-18.84627995 -209.1223933 -498.8256516 R
-513.8468119 -307.129301 427.6619396 R
-35.47222671 -298.0361198 -436.7517641
171.3567218 -259.4833865 369.4339048
363.7891281 -315.2829171 -67.69929963
-8.118303706 147.8805363 -4.047146032
-413.6587758 -143.3311224 42.62344948
480.7612493 367.4123391 -65.00264672
331.0695232 474.1099826 -194.1504905
111.0092464 -169.0546418 196.811406
-84.72573192 -437.0792133 377.9815492
-73.40862526 379.9516648 -468.7922414
506.6031339 224.567977 -500.9424497 R
439.0435634 521.6216487 -260.8521672 R
-115.8317322 420.7393332 -480.499734
-496.1300823 126.9507183 -361.2022164 R
128.2926366 248.6108976 -295.7912231
253.1557674 259.210699 -442.3972797 R
116.8184273 301.0050544 5.620686963
-385.7797406 210.4165808 -46.44695506
-373.9748844 -353.9885407 394.4443245
-46.69266999 66.16162362 234.3618827
-463.561225 86.79364994 -377.2971228
-437.0442983 -225.4818096 228.0276072
-306.8893328 339.1122667 -399.6985942
289.4337553 240.9148327 -510.0333011 R
-457.0818225 -436.047926 -1.328079696 R
411.8800089 -440.1495906 315.9318892
-242.9641262 478.5542234 327.1824188
-219.5350406 487.3490495 -282.756548
303.115572 250.9341618 -27.67188169
-243.670735 -494.4095398 -377.6813873
-10.67651962 72.97660514 39.55160109
-427.4829548 -275.934137 -148.5057105
385.4472187 -307.9735927 -470.3217261
-402.3789927 416.1710551 212.5577246 R
-270.5872572 -513.5100172 -404.8290753
-526.3072475 407.879879 -461.6723123 R
-428.0005637 -130.739668 -67.82272389 R
-462.2773714 -512.410189 -92.32365869 R
-270.549939 321.7704806 -185.1298865
123.0417034 -530.645156 -50.67351534 R
358.8526612 17.81730849 -209.8526364
434.4961424 -132.7871234 481.6862271
393.4218952 -313.9334473 147.51389
506.2159653 514.459432 60.00497349 R
-435.3799255 239.951092 -107.4641687
335.425136 -82.47400454 -115.8127845
-69.29170891 146.5475206 -166.0842283
88.38618876 161.4651759 -381.4883238 R
-414.8880727 446.8784316 364.5593561
455.6479086 -105.248378 -255.4634288
-216.297578 -290.4015219 364.0689787
-441.195689 -109.7501224 508.9317268
173.0955689 -65.97954256 444.4960295
84.66239869 442.2287481 399.696482
418.5792195 -68.11459135 10.86978622 R
-126.2896558 9.614768948 -35.44768475
443.3973696 517.3062013 -145.151289 R
209.8178779 421.766834 -94.02123084
246.3896733 -513.6896895 -393.0586297
-235.4857398 66.99859168 -175.6784193
-209.485391 -346.0071772 64.15218787
451.4185587 40.32663739 445.5955605 R
-110.2376204 337.3869351 340.9230527
402.440705 453.1363859 -266.8762214
-505.746563 66.08418036 -104.1868913 R
-453.5277312 159.9317673 -72.46096468
7.871113059 -156.6216573 -263.8815633 R
40.51399472 184.1777775 -502.2232005
118.6045661 -87.94859404 -427.3648832
-80.07810013 3.939895155 484.8647266
-142.3931289 54.17946864 152.4417695
236.5892441 -340.6792876 512.2436317 R
-235.7660362 -356.1598419 100.2302146
-431.4783883 387.2947783 -352.0911509
341.1197978 -72.08404426 97.58250831
-421.7176405 309.9689586 122.4783768
-545.2208546 -61.17376815 468.6567904
301.3943508 455.2694147 -280.1145946
78.10274218 353.1481937 -125.3625841
-104.8983754 325.6617045 380.7291699
282.3329512 266.2802517 -148.107751
514.8401558 -356.9163802 424.800308
459.4932828 -84.49001884 -37.21979291
-161.2504389 -91.6111878 249.4712502
-468.624847 201.6026708 -360.8408412
85.89915129 276.4361231 234.1317096
-188.7642016 -427.8068257 -162.706681 R
-477.9367738 -386.8612325 147.9688576
428.0742033 129.1759856 84.08547473
182.9632971 284.7411755 -233.6145455
-523.7495261 141.2644255 398.614749 R
-235.5801838 -17.29987861 -238.6635512
498.1675719 436.7781211 485.127155
-26.03984879 330.3103612 241.1076896
-223.9285619 415.238553 -228.3805895
343.787163 -469.9973377 37.27901197
-372.1779531 -405.7484501 -8.054651286
26.47506742 -520.5098779 76.58022079
287.2585201 -348.8850558 -151.0694818
294.2260359 -198.2259706 246.1673016
-318.4311965 -461.7128724 -415.2078045
-199.5474406 -48.01169033 22.51683555 R
239.2885841 -266.4038292 -36.65600797
327.219015 469.3354221 447.5911063
38.92283551 173.8557338 -285.1017555
524.6075542 484.5001209 -194.1314842
381.3869823 214.7688934 -276.3991106
-454.5635707 -151.8198517 -256.4577384
320.7056144 -469.3803631 -213.7829784 R
216.6145053 -425.3565944 32.0968436
347.2638897 -247.885812 111.5212072
374.395793 -289.9061195 -22.28675028
100.3429992 -261.1148001 373.9895858
-524.7907832 -496.2936464 -305.6655374 R
246.1304787 52.02842552 -76.87342471 R
164.8581508 506.8915223 -353.6642675 R
-353.4506393 -198.6265404 89.49307485
-386.7762032 -313.3915172 -509.4322331
417.0343477 -234.4271923 -329.9912807
329.7954115 372.6597139 169.6382796 R
416.8081578 -246.4654914 -213.592721
-478.0318816 387.2596799 -443.7891338 R
518.2687332 263.4952757 408.9838808
349.7600584 177.711287 385.814919
384.8195662 350.1753013 245.6469599
-6.429279339 308.7561348 -212.3260872
299.5294048 456.0776923 470.0368426
-185.8103651 -524.9107302 171.6619022 R
361.8734285 -41.61538679 241.1378125
-191.055286 -122.037445 -197.5137869 R
-380.4194054 -447.5955611 265.1384952
259.2493464 -399.6421142 -481.7814923
491.5528932 -60.31447492 -322.2551692
178.2352449 -446.5329073 -56.02679274 R
-261.5628333 214.3554315 -84.17150617
-450.059055 -98.89879999 -377.9804559
-52.79654794 248.2861144 -451.5251745
489.678327 -398.71026 18.31021741
-377.2637828 -387.521869 1.011802481
-474.8643981 46.94847475 -208.0656639 R
-299.2743554 -358.916053 -102.3111858
312.2959825 66.3307691 -115.6508657
-99.10146322 -452.1951085 512.0118721 R
300.2293038 209.2074547 263.150047
-118.0494527 -440.5973941 -369.7166537
-313.8163289 -17.47520503 -71.58849422 R
353.1006298 468.6439828 -73.67954461 R
-99.38341545 414.5038523 250.872557 R
489.151115 392.6169432 -284.3331425
-228.4746547 443.9382023 43.925089 R
311.5334415 -93.7580119 46.09223964
-492.7669896 56.42218493 154.7895385
449.0624835 30.82004841 -22.42808799
439.5121838 -215.9684087 -341.4389974
-314.5772014 -265.2789034 -411.2958813
-110.3726351 80.47802704 -318.3698636
23.05182455 -342.4519651 -485.2737561
-221.9210766 488.2232026 -474.0653484
532.1803282 45.69601945 -493.5564713 R
451.9526318 -69.36649557 279.2653893
78.05933434 251.7988507 -417.1752073 R
-270.8363402 352.4575652 298.3179408
325.20674 514.9436636 114.9274633
-83.98539181 104.6425006 57.17345513
-310.8908461 85.11430806 338.6680573
495.7316582 280.8331489 227.3243807
33.66605488 387.3846159 52.10637232
-338.9751312 -99.35885768 365.5628342 R
-120.8463433 39.48277714 112.0656082
-80.45229309 -377.0498965 -15.80615183
138.5275708 -156.841307 235.8472567
14.5156882 415.0417942 2.011424935
129.1899281 214.5999932 475.2478369
4.163708259 180.8766251 12.1690327
439.1772728 -110.8169562 490.5940582
392.6345799 416.5436685 -140.1078115
-95.78587815 -113.1833676 -361.2615656 R
-196.6507933 534.7200566 -258.2828981
-55.46294536 -435.1399431 -140.6115928
249.2295917 -22.11439248 400.3376377
92.01047337 -477.3166927 395.5504589
256.1152997 30.25860481 -422.1165746
-449.145065 -108.3462605 41.041352
-236.8908914 -19.64911949 -417.2284842 R
333.2408356 73.10896108 -271.1158383
-364.7953436 -526.3764328 -390.8218658 R
-361.2689855 -258.1401028 -402.2128087
347.4304797 -479.1167075 -328.7340017 R
11.4284574 320.42366 -417.0585993
-301.6940959 -319.3852495 -96.78559328
-228.5822073 314.4081727 -141.7137863
-255.1916201 -482.8276192 226.9072541
-85.52732865 69.54977968 -357.2786692
90.4051556 335.2902164 -150.5679467
-148.0351735 411.3702681 170.8688898 R
233.6631411 5.578291596 -335.6802985
312.2340375 321.8372489 -141.940795
146.2109572 434.1378526 -340.5347867
517.3872388 -310.8942903 -321.8119193
270.9598461 -302.5423312 212.8313452 R
185.6813552 -115.1420238 -134.7831353
-175.1616127 70.28402647 -486.3827756 R
534.9407782 275.3488692 348.8585315 R
-418.0627536 531.7683515 468.776225 R
-115.4886814 -208.4942272 -335.1327136
-384.9248301 -540.7548105 -372.5007533 R
95.90388894 -448.8305078 -424.3123909
156.0813572 -110.6259414 -367.3763368
452.1984793 161.0683097 389.936129
139.0352816 31.72264918 190.3579481
-290.0055333 127.4261038 231.6344378
-482.4862678 -85.7702082 -356.5038744
307.4199437 -493.0076815 438.5946754
240.4939341 464.8656327 -94.70506357 R
243.5939488 57.63231202 -23.54994606
-447.5753606 316.3762156 65.28584824 R
-397.6766297 -126.1076068 -118.7460936
226.5487418 91.01502552 -492.635704
-257.9284851 -359.7681412 -275.6688299 R
151.6942829 161.9133888 -461.5624454 R
43.2854714 -485.7313661 443.726864
7.997494651 -378.6456974 -411.9386941
-75.54929116 -470.9330724 -164.480274
-241.1700108 128.2006399 193.3769286
261.7086981 21.50132098 156.8575063 R
278.4314627 -113.2533777 -7.301176357
474.9797408 -368.1562862 516.2988033 R
78.28651606 341.1174662 467.1779446 R
-415.3043058 388.7928209 -398.1769939
-402.6115847 512.2601849 166.4968233
231.0010711 -361.7280711 -52.56549013
-377.0606231 -486.2086926 -63.67397086
-203.4837057 477.498285 -197.7197033
534.1412878 201.571751 -395.1365359 R
33.48119257 41.59430851 344.9235176
201.6515001 518.5567971 191.3070483
-262.3369051 -396.4498687 94.4190396
191.9668889 310.7635656 413.8950537
-326.8087103 152.4027448 -132.5681598
-187.1304162 189.1747695 211.0096554 R
79.75189111 -278.5881537 535.8214425
-353.3925212 -86.09065426 75.28288881 R
-339.1458007 -185.2935797 92.09160438
-80.76163525 436.7269825 336.99599
367.7294952 339.4532972 -320.5982717
145.7314095 -478.810031 430.9679582
293.5268672 182.9260879 -375.1682281 R
505.6336995 84.58077873 -175.6246672
199.9075698 147.1023885 -112.1825685
511.2281519 157.4703458 181.020602 R
190.2749552 -111.784159 349.6549911
542.1838153 324.6100195 -317.7715773
399.2945917 -281.6654901 -498.1272749 R
159.0341909 380.3743855 -107.7204742
-464.3521389 253.9007947 216.1500779
282.5807262 -450.4815944 -272.9538258 R
-212.6937311 -508.5055793 88.53826608
-6.502297069 263.8961333 124.3330661
-217.1046696 -434.4708711 259.1985021
-447.7442332 -197.3754876 347.8501188
384.6550089 -8.658013359 414.3895618 R
158.6402304 -265.3435938 -225.3584546
222.8330204 259.9806397 153.4045985
-521.5442402 -69.98961529 126.8004035 R
298.4612468 127.9629298 -58.32188306
-85.57360793 -102.4583704 198.8072692
-284.8455852 -471.4032257 431.5504455 R
312.38401 394.0389942 217.0102203
173.9625672 195.6103906 -51.22500056
437.0488532 497.3469321 385.7696846
-362.5506652 -117.9752419 -197.0606654
-60.97761007 -486.8775582 80.93765456
468.9619043 -149.8583032 274.145798
93.99532527 239.6469845 200.3465511
356.5823539 -36.33124376 150.2604734
-396.0421787 -245.0551747 231.0802641
450.379702 -209.3081226 -58.61878259
-317.3672436 -295.4748435 -74.59268016
-33.3945903 -413.0334544 -306.3063878
-501.7419839 -50.20415247 425.8278096 R
315.5781035 255.9064148 -247.4877907 R
321.8960832 -127.5449737 64.94005154
-161.7486854 -63.76234917 203.4698734
-217.5971631 40.50086124 -353.3511227 R
-228.7599637 -431.8411092 488.7916532
259.9255877 214.1621526 127.533203
356.9163319 -162.9593831 13.54966267
-122.7896642 207.1983883 -516.4437931 R
-386.4493021 250.3058455 538.5560831
-479.8828949 -22.0559568 45.50229986
456.703294 316.0028598 -53.17456643
-77.36604944 229.8918813 -248.5661551
-44.11343404 -363.2239977 -97.17773328
312.2489207 -290.8764031 7.764790692
243.3503111 -293.955798 -267.96797 R
-409.9202941 319.9603816 -434.165705
-53.40085453 151.7687075 44.11477384
438.1772453 180.2512052 -200.5776417
-522.8975329 -325.8592043 498.6920529 R
-338.7521366 -327.0916185 410.6216525
-486.1219593 240.2373193 -416.2085575
252.0170595 -304.9408494 -415.2985536
75.06739918 126.8158728 503.2733401 R
-422.9805901 -259.6628998 401.4485086
119.0975202 77.1836207 -261.0205554 R
-19.49925246 323.2447501 -14.9483631
410.0732383 -189.92352 500.6991061
494.5769326 -83.27079339 423.4268793
173.1158396 391.9185068 385.8445595
-313.2161232 234.9327989 -275.4845347
447.8390337 376.7556403 203.0055296
-380.7870789 95.61587728 320.789212
16.14016278 -177.0059396 463.8687263
70.69727626 456.1907863 -506.3840687 R
493.5604856 -394.2916338 475.6485406 R
-95.80101304 -41.93912597 -470.8280234
-380.9871106 192.6887104 210.6577381
240.8558886 -43.98170259 279.2190436
-55.95155308 -299.2860391 -293.2164272
169.612232 -502.4736179 264.6970802 R
-111.5134676 202.4112032 297.2534964 R
-234.2766432 -250.3121993 71.5598427
21.8949884 -11.196608 -429.2913572
-185.633389 52.44721796 49.31222165
79.92624296 -23.86211013 423.3247327
-372.7931341 444.9199521 -343.6920676
426.9890919 56.25943766 -271.8247729
389.3933235 272.1437104 232.9305803
-216.7268945 -155.7760239 -134.0851872
-428.9242935 360.095792 505.1519532
-127.3505438 144.6920038 471.1296519
-112.9443693 -308.5692278 37.32805164 R
318.23345 -407.1668981 325.6119287
163.9416483 164.667573 333.0315258
-274.7533557 108.1725934 121.5020771
-409.405392 -424.6150172 316.0348935
277.5115519 68.51596935 -507.8452191
-111.1795725 340.901902 339.202351
343.4368767 -415.23006 133.8163758
-509.2923189 379.0830908 -140.6735647
-26.0981715 -2.839607291 -330.0257117
-343.1469432 -139.024355 -94.20441403
110.8786803 320.3871432 -210.4030842
-49.07389415 197.5063604 -480.3161598
-448.7615808 -357.7791259 231.7588215
-260.0385321 48.25291657 -345.7525646 R
28.93526049 423.2339963 204.4404306 R
129.7285629 12.4523096 119.4669539
-205.0443673 -231.1918172 442.7992704
