2.033506012230992761e-10
1.178769313612839054e-10
9.250522395177305171e-11
9.778609991010218220e-11
1.128492282644889170e-10
9.304375425520104357e-11
1.203743184458174617e-10
1.429126084438406185e-10
1.043715650255265377e-10
1.664041612560381519e-10
9.269765099948613495e-11
1.106066543289668221e-10
1.939904471326770818e-10
1.054786651952403500e-10
9.499341097305757493e-11
1.000985431016495899e-10
9.752285272570715639e-11
1.026386544122244168e-10
1.214336569836043227e-10
1.335067527586627079e-10
1.022043458623432857e-10
1.371043648702699329e-10
1.067613068562974534e-10
1.125880117174657457e-10
9.412723569509351947e-11
1.124565899579577064e-10
3.132278090714693700e-10
1.022764717682601947e-10
2.136589957639143854e-10
1.010695486289348013e-10
9.704591181690542849e-11
2.413944357757475437e-10
1.793567573843061193e-10
1.021179142181055843e-10
9.418337967870601947e-11
9.421335367604869853e-11
9.965578073383514329e-11
1.863115178931862562e-10
9.865838244798805130e-11
1.210395003421840419e-10
1.137390050711094736e-10
1.395540775113480298e-10
1.162641053587420333e-10
9.647841840759259135e-11
9.199356550823120035e-11
1.576254838529857908e-10
1.460208113801213765e-10
1.157732995556977537e-10
9.256789422003701821e-11
9.791255913025881778e-11
1.401476668221470235e-10
2.146986799494366009e-10
9.338407585072884032e-11
9.563849434882441846e-11
1.217181900321715319e-10
1.095279717345442620e-10
1.036716490873545034e-10
9.841789416999182648e-11
1.692035717591959251e-10
1.372276152913341237e-10
1.037922501490264014e-10
1.042036860103502343e-10
1.391644110798202223e-10
1.055737957020582910e-10
1.830748865459556289e-10
1.245365462914293010e-10
1.048736454159770062e-10
9.663007666973289500e-11
1.011479252175380372e-10
1.084315957807711956e-10
9.176266011816705351e-11
1.139668758497865741e-10
1.048071521501981972e-10
9.287810773785715811e-11
9.711485918321558932e-11
9.668292086488995568e-11
9.395894723046942164e-11
1.065744018236948873e-10
9.330114721606602544e-11
1.038304710570803338e-10
2.231974127542986022e-10
1.007422801062604910e-10
9.905088944731834943e-11
1.028440600870549255e-10
1.208234721775217130e-10
1.046267957306275512e-10
1.452788510100617253e-10
1.088912782296512385e-10
9.280689874058238270e-11
9.731354204567002507e-11
1.494490348506775402e-10
9.593450981904714952e-11
1.644646499496659846e-10
2.486494045099741221e-10
9.410362095003690141e-11
2.434936202969605281e-10
1.017468080543487163e-10
9.322603794889703835e-11
2.063568263523411380e-10
1.058300870474411117e-10
2.213197470670141220e-10
1.108574348586858646e-10
1.036646114579132671e-10
9.249663830940343301e-11
9.576428874224567589e-11
9.469752144201606141e-11
1.505087680419841905e-10
1.379093656942255531e-10
9.315216371814778818e-11
1.068632902303543095e-10
1.290097120399139113e-10
1.265262099015659962e-10
1.878370069333182359e-10
1.090101782170100513e-10
1.643994329443151557e-10
1.208832148088504527e-10
1.347651060908836999e-10
1.045479406421553055e-10
9.739022143745467775e-11
9.946864671069484187e-11
1.105516431204026980e-10
1.212522515166428793e-10
9.697878672864097191e-11
9.297975208917713727e-11
9.205052123822428603e-11
1.014362473092524184e-10
1.233185055251251979e-10
1.283429788173752068e-10
9.865685132360423205e-11
1.062501057789077582e-10
1.962238545035522568e-10
9.529970224266783633e-11
1.114615860520263065e-10
1.144124147285947261e-10
3.699739052657700695e-10
9.617541371185738504e-11
9.601575837305388301e-11
1.003661249408980782e-10
1.172945491335812149e-10
1.388669074235528558e-10
1.060562328386971407e-10
1.031749092774518751e-10
1.017649891458316419e-10
1.313145504491814450e-10
1.015536447014720985e-10
1.292394680605877625e-10
9.587785117228088983e-11
9.218952645479796748e-11
1.027783398073252118e-10
1.303318159892286274e-10
9.307582145529658605e-11
1.376925471626026364e-10
9.669086868961806099e-11
1.190225159739452822e-10
1.127381022327983184e-10
1.280660036448223165e-10
1.257279046932190421e-10
9.645968069762801638e-11
9.556389282325908032e-11
1.044349504246989374e-10
1.408446145895001019e-10
9.499119519918751945e-11
9.390588331443805026e-11
1.173194192709537848e-10
9.332493954315257033e-11
1.074221152667798632e-10
1.048314017861166810e-10
1.188840733057983841e-10
1.283287471397737664e-10
2.462924448306340647e-10
1.094319402335138227e-10
1.081565483965755909e-10
1.082844812452106180e-10
1.890962601700703610e-10
1.116528536613227145e-10
1.087296617061991152e-10
1.144804522216877429e-10
9.981351200909724231e-11
1.049325583986982342e-10
9.582917354142736158e-11
1.545879263786875861e-10
9.231471795039879828e-11
1.384714527097756362e-10
1.243508546832166553e-10
1.093098024458705875e-10
1.149918865723635390e-10
1.052659017611314889e-10
9.193837038440399825e-11
1.069902932526868280e-10
1.101448977917238484e-10
1.142907733723819524e-10
9.234246403426249486e-11
1.303627745099794285e-10
1.795336537874101126e-10
1.381254301255760763e-10
9.918965254668540024e-11
1.042560733094371505e-10
1.307824796611035310e-10
1.268004716703510569e-10
9.313799461011658699e-11
9.580247016904703631e-11
1.103918778482350707e-10
1.271906056439185242e-10
1.125199293585529078e-10
9.523450192176723970e-11
1.249365965621557538e-10
1.156726285382836135e-10
1.966018856784866458e-10
1.227372711099434597e-10
1.507538505738176554e-10
1.300935320121327589e-10
1.053460212543786149e-10
1.055055229859999422e-10
1.113170167703354356e-10
1.093307968142553398e-10
9.755873043940237455e-11
1.459101735568129133e-10
9.573741234409608667e-11
1.324605354055945257e-10
1.136347294864008980e-10
1.344232491436921495e-10
9.717212746201880263e-11
1.596739563697584568e-10
1.017077538044609520e-10
1.340877706200878467e-10
9.318532494003205462e-11
1.043631110939456630e-10
9.838336515880670712e-11
1.088331204735861089e-10
1.004793419484643277e-10
9.573678357739919129e-11
9.298652492238424478e-11
9.690493325154514007e-11
9.715924855391010658e-11
1.498178457849584668e-10
1.246583762345036150e-10
1.066379273406372075e-10
1.448965618939392680e-10
1.515570695010825689e-10
1.107606138578009250e-10
1.493260273213637816e-10
9.403130843610350287e-11
1.101197280982939512e-10
9.208939615412424899e-11
9.558845084824594289e-11
1.348587799675026137e-10
1.625172822582085313e-10
1.034465309755113014e-10
9.642032113607124896e-11
9.640485460430240119e-11
9.292281096815358653e-11
1.209188429623610254e-10
1.020150633208894806e-10
9.886397674253440892e-11
1.133540815316418125e-10
1.609360426768510489e-10
1.351313220364198352e-10
9.652384413614820550e-11
9.799067649153902987e-11
9.202318633729527653e-11
1.225057489043399167e-10
1.147030076366799864e-10
1.966521301453378462e-10
1.091623225378072794e-10
1.315551830009922037e-10
1.194373898114813595e-10
1.183897286910172122e-10
1.362815891739949342e-10
1.248320782829349259e-10
1.016348273529787666e-10
1.317577541036514967e-10
9.582461872089037421e-11
1.253599909417325917e-10
9.586497725760741344e-11
9.372123379840654830e-11
2.404318989270513114e-10
9.362991155718934954e-11
1.222358952794160773e-10
1.377353173077505164e-10
1.348298916115250203e-10
9.505780692942160257e-11
1.071658823103544477e-10
1.015039221431883251e-10
9.432727439734975444e-11
1.006663351207874953e-10
1.296301637102619348e-10
3.850302334641867595e-10
9.516404799719780436e-11
1.212856121598381282e-10
1.039269204514832458e-10
2.030006918845603109e-10
9.882178702438848191e-11
9.446795562233601595e-11
1.209202525205248274e-10
1.145805616554915741e-10
1.298599219198285934e-10
1.228452431042975958e-10
1.547107769077715112e-10
1.216315271884463294e-10
1.095619215747966390e-10
2.251811242400918037e-10
1.049617139699840189e-10
9.450214337222688081e-11
1.061343937280141769e-10
1.291338900453031126e-10
1.250778673553797833e-10
1.393337269624208339e-10
1.453709319421971935e-10
1.175874345302686907e-10
1.012409190968157761e-10
1.027532234748208389e-10
1.397226413630676422e-10
1.496550204480308477e-10
9.825697527620960112e-11
9.304584939263975282e-11
9.365459226548166176e-11
1.361967399488746134e-10
1.112479786456413252e-10
1.675404930808805741e-10
1.649351868527802767e-10
1.513610364534113868e-10
1.297717715575820843e-10
1.084122819772067823e-10
9.811475102340372511e-11
1.091177501599060328e-10
1.035914246560764893e-10
1.112952483133168386e-10
1.183882928049433228e-10
9.598517959039079038e-11
1.154019281064471573e-10
1.210365556087137452e-10
1.039576390114453325e-10
2.735408664323008106e-10
1.525147878210963140e-10
9.383727690402595026e-11
1.121778806969796681e-10
9.620390478555908733e-11
1.098632943800361488e-10
1.020586225314683648e-10
1.115186801194505354e-10
9.661666674616505645e-11
1.838667379640137900e-10
1.410369171223716093e-10
1.425974442396127186e-10
9.829830182826320524e-11
1.001065554743048711e-10
1.786603891318844798e-10
2.342949426954077901e-10
2.961421170496036676e-10
9.294491355446022779e-11
1.176437561662463367e-10
2.386401723468881016e-10
9.434367543518958431e-11
9.559018229549272661e-11
1.307932473068965848e-10
1.426911483984025892e-10
1.122551707310052394e-10
1.099181890302006372e-10
1.002923456355553056e-10
1.012138223203285887e-10
9.378447286193796124e-11
1.837734726447308227e-10
1.136506940805871953e-10
1.300250027616646891e-10
1.023205268093674672e-10
1.546153142547483652e-10
1.018752070543878559e-10
2.082413940976785142e-10
1.809253612175460904e-10
1.451097211258583647e-10
1.244257353173328530e-10
1.313245646389641588e-10
9.946439008467737993e-11
1.416449253182184313e-10
1.025158304173117614e-10
9.947244713495745467e-11
1.185628371142091164e-10
2.245630947071567707e-10
9.481188413055565645e-11
1.976088190841261035e-10
1.149132618717773533e-10
9.482884584017387122e-11
1.285335745477692665e-10
1.105576026698492858e-10
9.427518853899057447e-11
1.287633461577956191e-10
9.862913437728702021e-11
1.217014988895654394e-10
9.553224260906022633e-11
1.343852829809370654e-10
2.598584676304825383e-10
1.148008016751266542e-10
1.343254526254902766e-10
1.339933910390042480e-10
1.027647481060000709e-10
1.043472219114546897e-10
9.353514244181643061e-11
1.015575260467349577e-10
9.308838787175924139e-11
1.048404033956761882e-10
9.915444416018266735e-11
1.286383696943745841e-10
1.703223042914009941e-10
9.299861819390968804e-11
1.035707364184363010e-10
1.125544525729718670e-10
1.013419147018657246e-10
1.080778307579411663e-10
1.045076200619285105e-10
1.556397761418009535e-10
1.014898824883689843e-10
1.470342227723805717e-10
1.050233380019812049e-10
1.349143282413434565e-10
1.011611076428578778e-10
9.329214332942352670e-11
1.169222614407334642e-10
9.623864764161516249e-11
1.312424046911135851e-10
1.068111665173699030e-10
1.036820581478373087e-10
9.398083644598095357e-11
9.867063069463354863e-11
2.185997303002249828e-10
1.814201344635136986e-10
1.073685227770613512e-10
9.656191865011894095e-11
9.523592316828776718e-11
9.997178223771807198e-11
9.945891704557505383e-11
1.245801224557657161e-10
1.021856392822909011e-10
9.564730466818111366e-11
1.632939582878049147e-10
1.292064603671924378e-10
9.951773841309588053e-11
1.492486629026379585e-10
1.296889925874714322e-10
1.025164226489334021e-10
1.090770885006868014e-10
2.158320195985313493e-10
9.829138952350267769e-11
1.176119878884481339e-10
1.288259158370662060e-10
1.100196948645299784e-10
1.026315548419041988e-10
1.059066671468252641e-10
9.417668221943588379e-11
1.071621792976377104e-10
1.423636698216640465e-10
1.059101207459316021e-10
9.370922216320182566e-11
9.562622164898736794e-11
1.326350714619021244e-10
1.345421101726840839e-10
1.200752695472154565e-10
1.162492510612421259e-10
1.080593099861191875e-10
1.056378474313885715e-10
1.157208430051657211e-10
2.124333641591588687e-10
1.861051256218399412e-10
9.209606362986465780e-11
1.440906368841088324e-10
9.982275678383602409e-11
9.820871611380473461e-11
1.012551386227117424e-10
9.568112340693511626e-11
1.198034744654493524e-10
9.549680237743510313e-11
9.179055216476752392e-11
1.021465833499901104e-10
1.270640313715301423e-10
1.244328587989018526e-10
1.705630531185225240e-10
1.031872759808516726e-10
1.005135413711051654e-10
1.730727813139595545e-10
1.212484164453204487e-10
1.471997979000987795e-10
9.944021550663962971e-11
1.256825709427944283e-10
1.777403839163984455e-10
9.491060525612375106e-11
9.481299385627667363e-11
1.006819793745844431e-10
9.432281543141734751e-11
1.617056495516544976e-10
1.789825040813603055e-10
2.946477007007776975e-10
1.032966060042885956e-10
1.207653713993599662e-10
1.963177930880881301e-10
1.008004456431306081e-10
9.770814828826481295e-11
9.554090402715567272e-11
1.167799254112926941e-10
9.702323056916654732e-11
1.142241186356300554e-10
1.098069815317666427e-10
9.264719095076689347e-11
9.747891772704318489e-11
1.330028781498703412e-10
1.063910794704062953e-10
1.227380299852762572e-10
1.851036957721631818e-10
1.413773661911205445e-10
1.144269395363618581e-10
1.763957943347942911e-10
1.574037281956822408e-10
1.221216084845066053e-10
1.101621382130804889e-10
1.684376496553444857e-10
1.631395129999276362e-10
9.327654551201774467e-11
9.324888191363711150e-11
1.125047798844187049e-10
1.119109059072240274e-10
9.722626460776701147e-11
1.726935824738585178e-10
1.859943817126219764e-10
1.338137217593465004e-10
9.530853995929997597e-11
1.414418397345603593e-10
1.333854385059991317e-10
1.055686008283115849e-10
1.043894912084539971e-10
2.397744860615903249e-10
1.226832539350444414e-10
1.077973181687745796e-10
1.251598275136165476e-10
9.434622294535453583e-11
1.009603621953336563e-10
1.305610924220958908e-10
9.492485930819325374e-11
9.217002801712237378e-11
1.423788875821958885e-10
1.082546985469760481e-10
1.166591244496536225e-10
1.364084881246618086e-10
1.153831051239124787e-10
1.011882167708663948e-10
1.004198076456079144e-10
9.189797327956576023e-11
1.666653406767884266e-10
1.193845305291053260e-10
1.299667881917824957e-10
1.448081570115882619e-10
1.195119798520442090e-10
9.347095320504795603e-11
1.272335079434251036e-10
9.478318584669058948e-11
1.428572439087111298e-10
1.041248427418975692e-10
1.179649555362306337e-10
1.627982350873765017e-10
9.902143760321649223e-11
9.906279009118213498e-11
9.826788450506988417e-11
1.091761955939303869e-10
1.059745698516680323e-10
1.037263230940954947e-10
9.287165084205885900e-11
1.039345276920578218e-10
1.342634942870169361e-10
1.200223981946760178e-10
1.048434521746281532e-10
1.314076328112840800e-10
1.433266936781617585e-10
1.410902191478062456e-10
1.180331609372004358e-10
9.673168968317302790e-11
1.247122677129954359e-10
9.197533315704316285e-11
1.188784806390356767e-10
1.347940065955959740e-10
1.571825137505035711e-10
1.085033265533687798e-10
1.063027570048802679e-10
9.920991908221402153e-11
9.425383721231510634e-11
9.762025239982278781e-11
1.829527285330490131e-10
1.336123539628756621e-10
1.788206001385930454e-10
9.418561207252465007e-11
1.309731914836266820e-10
1.543253039741023986e-10
1.403266312447783777e-10
1.032688048764063799e-10
9.908490975940627219e-11
1.062828182174185741e-10
1.013658414911198945e-10
1.313054894159242064e-10
9.475796947754176050e-11
1.086252722574872255e-10
1.249267584140255628e-10
1.016193115277745928e-10
1.005168553113988554e-10
1.382650924768330091e-10
1.415582069222897992e-10
9.388269957548741776e-11
9.239923153152330822e-11
9.470482142193439147e-11
1.450341083058064837e-10
1.768942887515312131e-10
9.563109942547820166e-11
1.042856860189435736e-10
1.623963477395812493e-10
2.102817757933782324e-10
1.027623841712895454e-10
9.614848129243932143e-11
1.369457410277826378e-10
1.281471415909945324e-10
1.984152986933603523e-10
9.671112526552138806e-11
1.236224917514815977e-10
1.642694210145273211e-10
9.373996926007312524e-11
9.471688117972785143e-11
9.601952132662106311e-11
1.116323793275428592e-10
1.722650533438390223e-10
1.889350278215012430e-10
9.338696754693655201e-11
1.036298570327896042e-10
1.650307737153343405e-10
1.014780818895938764e-10
1.163065370614749851e-10
1.029184494916282133e-10
1.144316463038809470e-10
1.032961647676812949e-10
1.680369220276385753e-10
1.189918497543524474e-10
1.064481108577654857e-10
1.013653929092827058e-10
9.543439960202491908e-11
1.033787943297860901e-10
1.049470645439350442e-10
1.107989361622128850e-10
1.010887355761983080e-10
1.231276762239350285e-10
1.087708587326093057e-10
1.013495419025770826e-10
9.488842856231087148e-11
1.209944262529433232e-10
1.058002767968696163e-10
1.178254262740401334e-10
1.100414056352131942e-10
9.290861125970261875e-11
9.569905096079394402e-11
1.287509745833906609e-10
1.022862632121928016e-10
9.511378614852435964e-11
1.267901455123676999e-10
1.293228612355450201e-10
1.051627090899967419e-10
1.084816284979831556e-10
1.185554059557775541e-10
9.504610141331070838e-11
1.899826229838336288e-10
9.968810309397128865e-11
1.140236801034480369e-10
1.689748981723504567e-10
1.171599861517594577e-10
9.807443417057850167e-11
1.148559044658171771e-10
9.694272128614137146e-11
1.292972439933294289e-10
1.122222084661564802e-10
1.016400485588175269e-10
9.996572808309472010e-11
9.728549051946642787e-11
9.670442542442013097e-11
1.091540540231894334e-10
1.579689151683336058e-10
1.081092107649149909e-10
1.020632302335580498e-10
9.353450074024862077e-11
1.183108629249534867e-10
1.445022048916571678e-10
1.084172164469120438e-10
1.238362488890855571e-10
1.451465316521736792e-10
1.091098992862881778e-10
1.331729059251012524e-10
9.335820774923634650e-11
1.880826570419679007e-10
9.760897076210176371e-11
1.374710771944830990e-10
1.011943566298161931e-10
1.258258312696728712e-10
1.003965884344846867e-10
1.801918201085147395e-10
1.204455717433456158e-10
1.029849763368150783e-10
1.062169539238134816e-10
2.086678797730296072e-10
1.740348523796319847e-10
9.294894637694898253e-11
1.088203333595932326e-10
9.323215160250713156e-11
1.031896313963712314e-10
1.335512809731732433e-10
1.027025312197601482e-10
9.439588736913240086e-11
1.053651032333001824e-10
1.099489696930080123e-10
9.708924185341894210e-11
9.923109602691560616e-11
1.579018639456166056e-10
1.072037605489377352e-10
1.186028540663079506e-10
1.822898694707007364e-10
1.068582930304660281e-10
9.505780692942160257e-11
1.047875455620843922e-10
9.258796676394221755e-11
1.624503920471240259e-10
1.604732692308061734e-10
9.456905643381977136e-11
1.453990697215133903e-10
1.028972001778594712e-10
9.435816359702408602e-11
1.057708913867561835e-10
9.223370955982893983e-11
1.327502544489826360e-10
1.613165178763505974e-10
1.767132440076246810e-10
2.577375450633921281e-10
9.643359874968126552e-11
1.432780971018257026e-10
1.542240398013715922e-10
1.004324706900520970e-10
1.858369557692762456e-10
9.861565627229653964e-11
9.811075076226783790e-11
1.150353979105312568e-10
1.373433182433474923e-10
9.885465355965669335e-11
1.102648366430925259e-10
1.145788154355818991e-10
9.946408603386254299e-11
1.301662346604191774e-10
1.300639601056467835e-10
9.751063310942750816e-11
9.295862452632301860e-11
9.732717780084568316e-11
9.342053761858655360e-11
2.167718657481549584e-10
1.043591754386336492e-10
1.004805473876056010e-10
1.116112144819954862e-10
1.073931185225466209e-10
9.348909057263261652e-11
9.581990663821557896e-11
1.015878259346190953e-10
1.001245434745189482e-10
1.316747602882232301e-10
9.426180462016880309e-11
9.302683047780766508e-11
2.339966639656186060e-10
1.277832531890478454e-10
1.122316466605386449e-10
9.628198257829451249e-11
1.022602992541371446e-10
1.104701215236430222e-10
9.305326262444979884e-11
1.039079002180631326e-10
1.095070104460746949e-10
1.069656164797743544e-10
1.290859740784112479e-10
9.202985801009960372e-11
9.453123418931776743e-11
1.085750158568334731e-10
9.710430245455128984e-11
9.965122755175427466e-11
1.155034724745060478e-10
9.285050175802437737e-11
1.184827677342676168e-10
2.307384957012878203e-10
1.022938287662715197e-10
1.172021339119139217e-10
1.122272696132718258e-10
1.083400752562237657e-10
1.042454226047282187e-10
1.126203348123128877e-10
1.027660777983652732e-10
1.146518681330546692e-10
1.520596593854988712e-10
1.009522590852601323e-10
1.004627658769012836e-10
1.088666979540320885e-10
1.164642112573438877e-10
1.126315164403663875e-10
9.646389696003981221e-11
1.036298570327896042e-10
1.085544569538378258e-10
1.095098054873752715e-10
9.815182357728201213e-11
9.392378732653359777e-11
9.543014356716646710e-11
1.124105674122969581e-10
1.301473714371686748e-10
1.224801554491049365e-10
1.190279727968539681e-10
1.010505084293017734e-10
1.238659885265511427e-10
1.140185538953449697e-10
9.438267759142959066e-11
9.547710838626700607e-11
9.641313493678161019e-11
1.063183901680310936e-10
1.055316530510707779e-10
1.160443044233600433e-10
9.669382949778158711e-11
1.106549945423460362e-10
9.216206511721136804e-11
9.436373544868547485e-11
1.142348934238200908e-10
9.294265510698711922e-11
1.380147526255462652e-10
9.399952662453839354e-11
9.619686097642655968e-11
1.130592345904584580e-10
1.711431583249826064e-10
1.610568392653293500e-10
9.613845824184949588e-11
1.109755945085580630e-10
1.230124736617177065e-10
1.131202410483397464e-10
1.522873723756956437e-10
1.489574324970559442e-10
9.843216306553130741e-11
1.104759462403870371e-10
9.271284899567996416e-11
9.966670762823259453e-11
1.138349566473710257e-10
1.248981118435328664e-10
1.389982043635411830e-10
1.254713202285585790e-10
1.628298428951523901e-10
1.982706933786899117e-10
9.525376612888742832e-11
9.832272189957172764e-11
1.442762935074610021e-10
9.476954753321340831e-11
9.968021303530102996e-11
1.105785281636988730e-10
1.470879932017601089e-10
9.936263968228824253e-11
1.536962760142231303e-10
9.658672243389559403e-11
1.025808099831233169e-10
1.114085963753443410e-10
1.091333102523858718e-10
9.543424197406583906e-11
2.116259153174206575e-10
2.277041031706265997e-10
1.182882654133727702e-10
9.751558298885465172e-11
9.568584146921182203e-11
1.816365634426415281e-10
1.017025356401100897e-10
2.017980271107725853e-10
1.002879686839880230e-10
1.184150499962159738e-10
9.345377604450538634e-11
1.134291791487712255e-10
1.081633296171949918e-10
9.200495912228538516e-11
1.159845129382205916e-10
1.061341064640493234e-10
1.454849804319444395e-10
9.633233604625684092e-11
1.112873942212917187e-10
3.723968528406729042e-10
1.162774993281936099e-10
1.013389235056505206e-10
9.227511440785046172e-11
1.120532978051847300e-10
9.273838965347326719e-11
9.772003749659425050e-11
1.014837582768452594e-10
1.172623031976025486e-10
1.131901796200824840e-10
1.882636660262387516e-10
1.155676146495336374e-10
1.305852945673293412e-10
9.979759711723658879e-11
1.122837494081656541e-10
1.606761259243897281e-10
1.223432396806143699e-10
9.425766164162765771e-11
1.099534259966489678e-10
1.116201481243045080e-10
1.159900946179046875e-10
1.060756340839613754e-10
9.410314221915423434e-11
1.584604385182982619e-10
1.475561919209107844e-10
1.035952391136394629e-10
1.007963885354736110e-10
1.083354198629031532e-10
1.345033561644100819e-10
1.190862951598653320e-10
1.023135562417151039e-10
9.630512926907893294e-11
9.806196686500051796e-11
9.326544876808340520e-11
1.013200771927359694e-10
9.354444668170787559e-11
1.179627294427867228e-10
1.101654747961415816e-10
1.191368036897339405e-10
1.118878671098328517e-10
1.110999922769915528e-10
1.117528421333756111e-10
1.073949665586511359e-10
1.198082542483677882e-10
1.377095879983551028e-10
1.490229760736468159e-10
1.218980978960923513e-10
9.717212746201880263e-11
9.690882150440450362e-11
1.756558998643961745e-10
9.372587793624552699e-11
1.219215082935957857e-10
9.225205959679318028e-11
1.623601114247092567e-10
1.032168624724542797e-10
1.052873107467108965e-10
2.653364155981416841e-10
1.467562424855789895e-10
1.422583283344910303e-10
3.078252505540330079e-10
1.039020472256310737e-10
2.163231882863658577e-10
1.019042335966034473e-10
1.062374775681394496e-10
1.067861678008873886e-10
1.045019420639543068e-10
1.249839098309150670e-10
1.267252213758787920e-10
9.908765534778422469e-11
9.823745894132858479e-11
9.415754432467391429e-11
9.554247875662988322e-11
1.104916161682254404e-10
1.064996740180776573e-10
1.282382159335571233e-10
2.813671633594607223e-10
1.132659150683368809e-10
1.052158361533126143e-10
1.275977900042182670e-10
1.027988721125756799e-10
1.048724842781117912e-10
1.233933046058822893e-10
9.385151354311017423e-11
9.514081663406905574e-11
9.517052660804537154e-11
1.968722359969413051e-10
1.348630894596660303e-10
1.107819208306721817e-10
9.214451210972290864e-11
9.414893116151583182e-11
1.708603284929892283e-10
9.238382622880460067e-11
1.779643790737372835e-10
9.370041277443284508e-11
1.353394192896383016e-10
1.062635935535462703e-10
9.385871112455159488e-11
1.181520778811978369e-10
1.097998709352329032e-10
1.707724344554691600e-10
9.900098466350980331e-11
1.059291137798935158e-10
1.047679357634640862e-10
1.040500393677938735e-10
1.167461015956658927e-10
1.041374027591260350e-10
1.052536043373845972e-10
1.105829622605102183e-10
1.667170111559767504e-10
1.330924521582007442e-10
9.554358105374929761e-11
1.125858292750135898e-10
1.155334804891611197e-10
1.441642654261983963e-10
1.089614808521221686e-10
9.187956138042635643e-11
9.740446713985719820e-11
1.043310390083657189e-10
1.219554718231161711e-10
1.069256666352245546e-10
9.354605077915872977e-11
9.326641374819875360e-11
9.599333476581768734e-11
1.007299518524584781e-10
9.794800374212367144e-11
9.546592061627376876e-11
1.129716828036208675e-10
9.270266334555119147e-11
9.399601248022945974e-11
9.672561423067514631e-11
1.104504264432068272e-10
2.253298252187518757e-10
2.788190464520149185e-10
1.104068644355004812e-10
1.151758746931128392e-10
9.256562772580784400e-11
1.125765534815817814e-10
1.807406426088806275e-10
1.006276666358634199e-10
1.489651196947719608e-10
1.164080529739518715e-10
1.194667904044254009e-10
1.869688827928069049e-10
9.247654842137961836e-11
1.194287108929874702e-10
1.069532048905870610e-10
1.140356854332738944e-10
1.108351725818827288e-10
9.922210773489547309e-11
1.227515625726696746e-10
1.030402638307895405e-10
1.358908989865489227e-10
1.073080787598890603e-10
1.020308238216707873e-10
1.562027609876892245e-10
9.961540283539143607e-11
1.391834468694172721e-10
9.274550114613223152e-11
1.049827421968987919e-10
1.598420690234041832e-10
1.000018968902473306e-10
1.070679996841210181e-10
1.790461390744661257e-10
1.222970637783499935e-10
9.291409773578803621e-11
1.019848745264972179e-10
1.139995312026303904e-10
1.066068840977866862e-10
9.207118040852822697e-11
9.199665818270044370e-11
2.449062057878072136e-10
9.299861819390968804e-11
1.358756258414531243e-10
1.206113437064720237e-10
9.353321732555635736e-11
9.348748562003652558e-11
1.266491936371015804e-10
1.748241897918865266e-10
1.227497920279857162e-10
1.318244251598344088e-10
1.429453754066206186e-10
1.487081577971974982e-10
1.022739495968271595e-10
1.626581083222203271e-10
1.162476594308612802e-10
1.436881752146262886e-10
1.112274391155447383e-10
1.421277791145913161e-10
9.581189563230396079e-11
1.000307934422945994e-10
2.610488993637783270e-10
1.025340401705888886e-10
1.429909725392766595e-10
9.788203694745095597e-11
9.624412411744960242e-11
1.301166084383120389e-10
9.728471551497376291e-11
9.417588487509571543e-11
1.076136912370516059e-10
1.144571943723395527e-10
9.286035032913201032e-11
1.021069200404949008e-10
1.425814703466848840e-10
1.409212941692795400e-10
1.183083813019389073e-10
9.892830102398669590e-11
1.195654368823781252e-10
1.385943209813991020e-10
9.783022266205676232e-11
1.019521487751142136e-10
1.633167150994906813e-10
1.115496240443242095e-10
1.455443724141955562e-10
1.588200562174424481e-10
1.315070873138188814e-10
1.109112077010174489e-10
2.022224906447038490e-10
1.345845882851396272e-10
9.931332867753690529e-11
1.697715528442965206e-10
2.414427193604605678e-10
9.980896512371677001e-11
1.584684287896774266e-10
9.243538462627043968e-11
1.017585813805679970e-10
1.328039765930258312e-10
9.400272120143291494e-11
1.303457361202040917e-10
9.422785936964829327e-11
1.261020432399070439e-10
1.084967048221553456e-10
1.516318255749313008e-10
9.195840028452683276e-11
1.643683832635285509e-10
1.722018643840118791e-10
1.833465883688622856e-10
1.569409334303460826e-10
1.040225606901561644e-10
1.034813392699555935e-10
1.300008296456561346e-10
1.055560456265432180e-10
1.217855713064786979e-10
1.033567458312010275e-10
1.041071688446884296e-10
1.255231699144659875e-10
1.010941313310054180e-10
9.698888916624963299e-11
1.154761258986861539e-10
1.000578678755597097e-10
9.186505770013652542e-11
1.102681705068998864e-10
1.060363972443433472e-10
9.217815280473968531e-11
1.190410942606716316e-10
1.006187875998756340e-10
9.242906278049350390e-11
1.446627552139994715e-10
1.262134166897773346e-10
9.343772012567120284e-11
1.725216441125640640e-10
1.865440183806073993e-10
1.249233958535244234e-10
9.187516159922558667e-11
1.038935598741263003e-10
1.566030930372244485e-10
1.117279896756978321e-10
1.077944843126661423e-10
1.287222248492937485e-10
1.000344239061092462e-10
1.003697447893840734e-10
9.882056389897604751e-11
1.147193787993588792e-10
9.344558782751694200e-11
1.002413211270705044e-10
1.596681289021460348e-10
9.370169418511039916e-11
1.019824947816939877e-10
1.036456957569689034e-10
1.186368657038825017e-10
1.064319212474811480e-10
1.442056807552001048e-10
9.989062989358880296e-11
1.222993475606173932e-10
9.316262832579331374e-11
9.307856041616809749e-11
1.426001064028785763e-10
1.042865611594931089e-10
1.414699899572001608e-10
9.382975791627977378e-11
1.487289001038292854e-10
9.287972190043667812e-11
1.027919299361024987e-10
9.512611667731038036e-11
1.137541457988383189e-10
1.758508244129971172e-10
9.501097729401661043e-11
1.098702620356956614e-10
1.155456151272384208e-10
1.673104106834996045e-10
1.445273114436485983e-10
1.183292777569876001e-10
9.793721743977284991e-11
1.170915995302711936e-10
2.045938051715716383e-10
1.334769033564965327e-10
1.355091985142249912e-10
1.071140299394479159e-10
1.607029034512335643e-10
9.778347668052746175e-11
1.326473618167103645e-10
9.284743398360615895e-11
1.002838934408893539e-10
9.458891575761700460e-11
1.199871823058824523e-10
1.040282615762306741e-10
9.584267982656198883e-11
1.132526170687061791e-10
1.384707698418159570e-10
1.327657236534372609e-10
9.754512301067857615e-11
1.169815014061516520e-10
1.197458455698652475e-10
9.894693447640784211e-11
1.361916590721552540e-10
9.787617820223679942e-11
3.294681251260234195e-10
9.867905059254802358e-11
9.551097985087556758e-11
1.087072999227656654e-10
1.119969903997628532e-10
1.931856908550238098e-10
2.306984514311916044e-10
1.379259262692253912e-10
9.333586937358589784e-11
9.728223546429354718e-11
1.330261017426658340e-10
1.143912970837208992e-10
9.291926121904651934e-11
1.025304872702121798e-10
1.032649798701968340e-10
9.623770878980643764e-11
1.163628707345149049e-10
1.053675605410978654e-10
9.688782331694035655e-11
1.368074314116833324e-10
1.029740632029797637e-10
1.017605186491607153e-10
1.067841676823533202e-10
1.127476388610533792e-10
1.111838677831371227e-10
1.116888475452105269e-10
2.176445729085060766e-10
1.244124871921443703e-10
9.333169045301874473e-11
1.124366534306846286e-10
9.736156966702003608e-11
1.329790614408001379e-10
9.907758786492865568e-11
1.065499270760541000e-10
9.707184975014629835e-11
1.350859705398108386e-10
1.208150086850331817e-10
1.143937183881023313e-10
1.062373340581967819e-10
1.320285332277246401e-10
9.353016915390380278e-11
1.073865790944247216e-10
9.462767065006787888e-11
1.483420778275913128e-10
1.207238008687819237e-10
1.015031753958259588e-10
1.128659705760786353e-10
1.716180052598490212e-10
9.567860702381577370e-11
1.021424245343444706e-10
1.200358113934062190e-10
1.816688737137966073e-10
9.765795261128711472e-11
1.123806507455306266e-10
9.601136809746052763e-11
9.555381613850768558e-11
1.249984741821598979e-10
9.532289971967484337e-11
1.228097251884246898e-10
1.089755166278221664e-10
1.436200653659417783e-10
9.855896932236735437e-11
1.308260240320857231e-10
9.622440752811078286e-11
9.686526527189447176e-11
9.549885034850526863e-11
1.040583694146226625e-10
1.583690816237188140e-10
1.196151215164822597e-10
1.029989849578697740e-10
9.258424391844170978e-11
9.205670314756942824e-11
1.236294043530377473e-10
1.484768271348636541e-10
9.466022038041096455e-11
1.040456548982320705e-10
9.459431686258169718e-11
9.237750129580368414e-11
2.282676552965001771e-10
1.006126170185554906e-10
1.339676197562058334e-10
1.089414069437668066e-10
1.204473718903790686e-10
1.323086578318753796e-10
9.354749444628640719e-11
1.065184318592414641e-10
9.578000287617455150e-11
9.863862934725737297e-11
1.496356666659222485e-10
1.046363944592015357e-10
1.003172458005457733e-10
1.360433167383467697e-10
1.059957097427771259e-10
1.002940058148411218e-10
1.082065511569003422e-10
9.948323964716119641e-11
1.083726581097539095e-10
9.370585866392076870e-11
1.442474151197285324e-10
1.066738246418364004e-10
9.678604233901109376e-11
9.469768014246743497e-11
1.082350747473804623e-10
9.204498974824014681e-11
9.406978538701043725e-11
9.505938865918829654e-11
9.432265617922283104e-11
1.547692275010418815e-10
1.003407828021619647e-10
1.081846597816569370e-10
1.086774779489417964e-10
1.369851535513625335e-10
9.415610884535750909e-11
1.020155094020935548e-10
1.828438853778857780e-10
1.747573548501100173e-10
9.977228028482432114e-11
1.021347006264605705e-10
9.476685138423020010e-11
1.073335399881387154e-10
9.521918286451039606e-11
1.816760530912370159e-10
1.138165826710107664e-10
9.281885098013272256e-11
1.394552515468256391e-10
2.061978271668015541e-10
1.014036656447460021e-10
1.407124696146128195e-10
1.236397097856024363e-10
9.254457938855643274e-11
9.463545172041519595e-11
9.737101782272926400e-11
9.896205280846528478e-11
9.899930552663557477e-11
9.924693806153874431e-11
1.397535781226794858e-10
1.057536025140482590e-10
1.159508849894321453e-10
9.942211921834336298e-11
1.328430460317844062e-10
1.337540197069546703e-10
9.208793250535045705e-11
1.088548976966975049e-10
1.178757520757871549e-10
1.595203705571845720e-10
9.642407027140783215e-11
1.284412248695104755e-10
1.062379080969496977e-10
1.042853943039990465e-10
9.686370937521193463e-11
1.232717674337385101e-10
9.936963889163355604e-11
9.406802947757021686e-11
1.326602419846338613e-10
1.022445697083597832e-10
1.096782312737590518e-10
3.728558700806965864e-10
1.887971046616401543e-10
9.414063635270755413e-11
1.594876867283457952e-10
1.079694943325136380e-10
1.239821265907036800e-10
9.398882409969976546e-11
1.020486633276439623e-10
1.222612796496416951e-10
9.357443932197249562e-11
1.433591569931822040e-10
1.064747545520749453e-10
1.008914676094008760e-10
1.157329604519988483e-10
1.222635640167647688e-10
1.206211038981461591e-10
9.586183704893481565e-11
9.898419217321145877e-11
1.192393212338631481e-10
1.208350124677153018e-10
1.044512648949493791e-10
1.184480649943205292e-10
1.010732963300150492e-10
9.680379071565536107e-11
1.092423166448457409e-10
2.475740214959229715e-10
1.535228096870937918e-10
9.804487978592770377e-11
9.456889754451625263e-11
9.694209936521465805e-11
1.371151560218764288e-10
9.315361272517348830e-11
1.316513282489653861e-10
1.062071932111752321e-10
9.683507697220297688e-11
1.025797741450589497e-10
9.233840804455936636e-11
1.015788711260246376e-10
1.121339482503093472e-10
1.012537915846581816e-10
9.864659225384539354e-11
1.052507106432058550e-10
1.010263663401828300e-10
1.001343676587861059e-10
9.906370547351140365e-11
9.621204373635786774e-11
1.451387769979735763e-10
1.126031513929053180e-10
9.410441883010575045e-11
1.519842482229908564e-10
1.186754279672311316e-10
1.150125060481121698e-10
1.079953849174592206e-10
1.307638139039213052e-10
9.310063064483453583e-11
1.081788685115532294e-10
9.602720362285907632e-11
9.667185529412936563e-11
1.024576290569046193e-10
9.478413729285520334e-11
1.586301812707182430e-10
1.120295996525183188e-10
9.950436568435708603e-11
9.829707300516855670e-11
1.229655075346630142e-10
1.553727416677838403e-10
9.673231278762775843e-11
9.779489499524777709e-11
1.277997355465361407e-10
1.127152114444952418e-10
1.285583532635343850e-10
1.084205999697080865e-10
1.339630507579512676e-10
9.580121337930627138e-11
1.271578688021928439e-10
1.400245267867681482e-10
1.662923943950594967e-10
1.007146148647146645e-10
9.818380995859699253e-11
9.576711745285773869e-11
9.225449520229621622e-11
1.441218506132766796e-10
9.257501717151667970e-11
1.734152718041818616e-10
1.003982471053875661e-10
2.359941819601305936e-10
1.857683202414856684e-10
2.118205763277316420e-10
1.333967276249748678e-10
1.695319184009188465e-10
1.157679749661362003e-10
9.336817012085831238e-11
1.038767297105059208e-10
9.582430458835313720e-11
9.966640411754252840e-11
1.110497508104584503e-10
9.954782130543517172e-11
9.864643912633041840e-11
9.869573544217844939e-11
1.191144731805043870e-10
9.471545312064907689e-11
1.479644664246058754e-10
1.673473466103958854e-10
1.217818782821596338e-10
1.033404272923008224e-10
1.349558890165565792e-10
1.300646814416534382e-10
1.051262158685490741e-10
1.642173714188693378e-10
1.007057425368563392e-10
3.785125495973165923e-10
1.029104814488695688e-10
9.730734342243412937e-11
9.997496054047753623e-11
1.420330819783650992e-10
1.101058200312647120e-10
1.667780494155133942e-10
1.096553408998155206e-10
1.210345070615001726e-10
1.003020045234737919e-10
9.281029072921761255e-11
1.041035168857720077e-10
9.803456470224638802e-11
9.505227069387134740e-11
1.945997078939074866e-10
9.706688007696171388e-11
1.400281333309017730e-10
1.603927242164848731e-10
2.234828126797126185e-10
9.826665534915974948e-11
9.709824740701011890e-11
9.620406130952546607e-11
1.811072153560514518e-10
9.393002105836900293e-11
9.187190238317435926e-11
1.003178493737681527e-10
1.025047255200587411e-10
1.547417601937253198e-10
9.246083028198084062e-11
1.247458148459558638e-10
1.017973206230166731e-10
1.058870948901966517e-10
9.503297075230952497e-11
1.112170991701072799e-10
1.593055556238989252e-10
9.496966818471927782e-11
1.043480966004124142e-10
1.266165805098337929e-10
1.049251595889420595e-10
2.162376702588907363e-10
2.180488011065852837e-10
1.103929880268598072e-10
1.859187614592388030e-10
9.526829098153708310e-11
1.028895258708741634e-10
9.381711842974448050e-11
1.083025449820773152e-10
9.826634805808021416e-11
9.982139284779014040e-11
1.040541313935375923e-10
1.358407928228787414e-10
1.099882354302990527e-10
1.068824204773909130e-10
9.749485390123402883e-11
1.544909495019938121e-10
1.121914269190215826e-10
9.484374459118369149e-11
1.800905616320915928e-10
1.508744663234902764e-10
1.161919403493310746e-10
1.114544302924297095e-10
9.812459721211127858e-11
1.416886575138944835e-10
1.197945603704587080e-10
1.188408867409250951e-10
1.012777365898354659e-10
9.317647222625355665e-11
1.833688433885714210e-10
9.374733444173869226e-11
1.247138891314760844e-10
9.623051065967395083e-11
1.059724125124508811e-10
9.657439923807378153e-11
1.234595077228693237e-10
1.121802069177023829e-10
9.510477449287654013e-11
9.995361881127802248e-11
9.239793432953373285e-11
9.957561811905235479e-11
1.048499850111769577e-10
1.605688767637108551e-10
1.024942119139499919e-10
1.069299476003793477e-10
3.031552558046292109e-10
9.604773936649728617e-11
9.765208210413827157e-11
1.160189295530138855e-10
2.205249288162675472e-10
1.257298861702208071e-10
1.220229926849342958e-10
1.019427756168815788e-10
1.175313520163941369e-10
9.400687400938596546e-11
1.318297718272868299e-10
1.220969610685482964e-10
1.109507279432258728e-10
1.043636941429471256e-10
9.218936398272757859e-11
9.739610575293201625e-11
1.418448590484304088e-10
9.221454416413709682e-11
1.097584541590251014e-10
9.455968156520894311e-11
1.651745021691382059e-10
1.011513707692571449e-10
9.656613100634471278e-11
9.677140557015461528e-11
1.108776196287149078e-10
1.127281561399459734e-10
9.472195857054841202e-11
9.777606958226125715e-11
1.170449342651082671e-10
1.228284332535867676e-10
1.225478032344331551e-10
1.462268933532627108e-10
1.377472085452234410e-10
1.023226030683512898e-10
1.042724122660433752e-10
1.156170668646696754e-10
9.748711817903410055e-11
9.754388588934244095e-11
9.750506423225784199e-11
1.014701643591514731e-10
1.199125927982026917e-10
9.340447670053939726e-11
9.203783091763828031e-11
1.970787554872426924e-10
1.199960838789922269e-10
9.208354143689161154e-11
1.063413342879556453e-10
1.075239760031924666e-10
9.560182950015296146e-11
1.067535903606950506e-10
9.893547984878834472e-11
1.031073111562101234e-10
9.407808566161833146e-11
1.369794089033294597e-10
1.055781245926632007e-10
1.235377534763868171e-10
1.125439464886549401e-10
9.819979973047784922e-11
1.024038448360703734e-10
9.568678505724037493e-11
1.120934239827067778e-10
1.098967356018593396e-10
1.246938071866904686e-10
1.368518233843680284e-10
1.113575127227462447e-10
9.577230323244307778e-11
9.524855565512752997e-11
9.348764611638101953e-11
9.307243793567208313e-11
9.624365471591948030e-11
9.559222851595096970e-11
9.822208936083747844e-11
1.424142050747285499e-10
1.918395824848934668e-10
1.392405405750001566e-10
1.062822443909139350e-10
9.992621684506614199e-11
9.812490489157833570e-11
1.157995200335891399e-10
9.535019382601789445e-11
1.195399406174700089e-10
1.037147454497246465e-10
1.013649443257085155e-10
1.107087149892953777e-10
1.254273945840665257e-10
9.745957464728000109e-11
9.916663877886117016e-11
9.793860430830471118e-11
1.397464654566576235e-10
1.214226772018521997e-10
1.286975950815915382e-10
1.025233811462602845e-10
1.227045090767703859e-10
1.148930288249900897e-10
1.214363379611470314e-10
1.081691216152397785e-10
9.982972775786442501e-11
1.042179890079675835e-10
1.937064002105505130e-10
9.898907751838455388e-11
1.511810123933727756e-10
1.241932139004857718e-10
1.236774061845786538e-10
1.225705984965652257e-10
1.427420254935520617e-10
1.231877006313678656e-10
1.231341086350441713e-10
1.460280904717206125e-10
1.142002762556065074e-10
1.260034392699471673e-10
1.515734744402435151e-10
1.032092089673386576e-10
1.109134189490296840e-10
1.024434075338650616e-10
1.210642080274083122e-10
1.119963052423286550e-10
1.165620343116785082e-10
1.370660158290049384e-10
9.481315238759477631e-11
3.011692202469830973e-10
1.103116415746846891e-10
1.025738548948217072e-10
1.104687346467142308e-10
9.369993224147552398e-11
1.001376925762816641e-10
1.053999345029747129e-10
9.730284920453167615e-11
1.648599721063103347e-10
1.889402307440668094e-10
1.062028867648881910e-10
1.470594905383825833e-10
1.154493074116556149e-10
9.508580014356474031e-11
1.145133825666731468e-10
9.546103545547501874e-11
1.079175553055031371e-10
9.223793197515593210e-11
1.021600984777483645e-10
1.031045121410791609e-10
1.337727890727985063e-10
1.060779332850073672e-10
1.254564316872750967e-10
1.030346625467055692e-10
1.010035691752816258e-10
1.874645113618936549e-10
9.573159611427171133e-11
1.298736455432677376e-10
1.118003366932886135e-10
1.158406371237577195e-10
2.052673785170114617e-10
1.199944068151908504e-10
9.676050459017584502e-11
9.305229571047665118e-11
2.272382154067721333e-10
1.863159070444996078e-10
1.890477297570591518e-10
1.047884170341620599e-10
1.026565493391701872e-10
9.658812625498827571e-11
1.237672087614882226e-10
1.380723830729178648e-10
2.255185517828853855e-10
1.018915818908349634e-10
9.236744549401104637e-11
1.039235555550429912e-10
1.146318632648330452e-10
1.361563192953409597e-10
1.010574052421288249e-10
9.956939100786236693e-11
1.059360195989528032e-10
1.054640786189057290e-10
1.659837976668038816e-10
1.111222081239605190e-10
1.183888149470969518e-10
9.656316677242959820e-11
1.228221132401921508e-10
1.230603074296309045e-10
1.130865483912556848e-10
1.077299964656325523e-10
9.897548962948301534e-11
1.001538623886884648e-10
1.393941613879342276e-10
1.065353257612623800e-10
1.338898110210230957e-10
9.638547931933110810e-11
1.271969805006776122e-10
9.548120502919145623e-11
1.047090870880291189e-10
9.682091364346573578e-11
1.002706101611767981e-10
1.009624629087581007e-10
1.034452089395654694e-10
1.003161895397604877e-10
1.782456234758053956e-10
9.603237711117595561e-11
1.032726297586537344e-10
1.656778110441811639e-10
1.080660965455134937e-10
1.000879598625399259e-10
1.105456832898370860e-10
1.054884848663761066e-10
9.710554447475064584e-11
1.303645742260982593e-10
1.309206056057873556e-10
9.624787925757824023e-11
2.032806615184190427e-10
1.171066238638283768e-10
1.023859112689574462e-10
9.379423556878685242e-11
1.404234588628111177e-10
1.034710594053224969e-10
1.509103601454566346e-10
1.578423998123858829e-10
2.503504875488023318e-10
9.649278182904545621e-11
1.075983647897685981e-10
1.307787706257156696e-10
9.617400462097761758e-11
1.070945083848883474e-10
1.294581239879028075e-10
1.289085737463205225e-10
1.434146830594702482e-10
2.007132845101169134e-10
1.096669261847349607e-10
9.814213359467061792e-11
1.788642722559572894e-10
1.018702941543523236e-10
1.264601814995025673e-10
1.155641483013643245e-10
1.238759003507269850e-10
2.688198350817790017e-10
1.553753141871518691e-10
9.345088615725191228e-11
1.121780175346611586e-10
1.160809632009611855e-10
9.700986821060374891e-11
9.658173092541550397e-11
1.101574112357035604e-10
1.194578543300939543e-10
9.240571730245986736e-11
1.235073157497814030e-10
1.329700997324168561e-10
1.624442559395592678e-10
1.177311458382376121e-10
1.045460486448674691e-10
1.198569468529015044e-10
9.495288681516561163e-11
1.835032134931780315e-10
9.748959366857401157e-11
1.859257970366766406e-10
9.359656753502431779e-11
9.841329091430838516e-11
1.778949212655954514e-10
1.101133305783682302e-10
9.424363807026038089e-11
1.097343229316812789e-10
1.952039331834539491e-10
1.621979513852494499e-10
9.244462356655614393e-11
1.111491103133813578e-10
1.000377517299985342e-10
9.647107985056851103e-11
1.199535059099384405e-10
9.709032876935883264e-11
1.078940552631367349e-10
1.339131343564463875e-10
9.724068638826948079e-11
9.728626551855694426e-11
1.019305745035097105e-10
1.434648942167070606e-10
1.545538147850351045e-10
9.903196789918529954e-11
1.127378297473333433e-10
9.337427563085543560e-11
9.195302678361342826e-11
1.050413117581130289e-10
1.244013628128909924e-10
1.014044130332649276e-10
1.121880062909532728e-10
1.692396684756785000e-10
9.343804126770586673e-11
1.138955993726977551e-10
1.285845849967387506e-10
1.479509340212119351e-10
1.490071796037511071e-10
1.645134989169825441e-10
9.676875828809054067e-11
1.034477061061635096e-10
1.044409229448670031e-10
9.740415747005963571e-11
1.010647513941124975e-10
9.902540565586975938e-11
9.199616987172697445e-11
1.161277017318354985e-10
9.211931517946374825e-11
1.004045799919312193e-10
1.852643133668868782e-10
9.376846650041512168e-11
1.017612637438729054e-10
9.221876734729058943e-11
1.301471311258998255e-10
1.345055742778464525e-10
1.161711060218747168e-10
1.158563354266829972e-10
1.237910627964606487e-10
1.631683025463264340e-10
1.056828364324368921e-10
9.776233428821475752e-11
1.259957754831805993e-10
1.134950232034292632e-10
1.104719244408746713e-10
3.452686333147847385e-10
1.805332005105930608e-10
1.595228844551662582e-10
9.199210052541353908e-11
1.257113087504948211e-10
9.965441479832395316e-11
1.482714469916840017e-10
1.267563344887749498e-10
1.091340111117618952e-10
1.223069598986872725e-10
1.181984911648287176e-10
1.105528904912217333e-10
1.136454178640207948e-10
1.124546783702241696e-10
1.072184245415849519e-10
1.687959177847307018e-10
9.535114031976154005e-11
1.018872651120162051e-10
1.004243303218685837e-10
2.229987178117858846e-10
2.689210912951267497e-10
1.069962833942768396e-10
1.115075384671755689e-10
2.325458080754569902e-10
3.129440910526818119e-10
1.064045516076066555e-10
1.284385507240997180e-10
9.509765950008341219e-11
9.575564500678931809e-11
9.416743266190306345e-11
1.029836491178319517e-10
9.764095819102657888e-11
1.210764962174482865e-10
1.022736528671981380e-10
1.064015420043042866e-10
