Fracture Radii List After Isolated Fracture and Cluster Removal
Format: xRadius yRadius Family# (-2 = userPolygon, -1 = userRectangle, 0 = userEllipse, > 0 is family in order of famProb)
133.378 133.378 1
47.9792 47.9792 2
30.4569 30.4569 2
33.7982 33.7982 3
44.2139 44.2139 3
30.7902 30.7902 3
49.9028 49.9028 3
68.8464 68.8464 1
38.1914 38.1914 3
91.5813 91.5813 1
30.5758 30.5758 2
42.5808 42.5808 3
122.099 122.099 2
38.9545 38.9545 3
32.011 32.011 3
35.3123 35.3123 1
33.6278 33.6278 1
37.0111 37.0111 3
50.7294 50.7294 2
60.5958 60.5958 2
36.718 36.718 3
63.6935 63.6935 1
39.8474 39.8474 3
44.0222 44.0222 1
31.4659 31.4659 3
43.9259 43.9259 3
299.821 299.821 1
36.7666 36.7666 3
146.336 146.336 1
35.9573 35.9573 3
33.3201 33.3201 3
183.966 183.966 3
105.401 105.401 1
36.6598 36.6598 3
31.5011 31.5011 3
31.5199 31.5199 1
35.02 35.02 3
113.194 113.194 3
34.3657 34.3657 3
50.4211 50.4211 3
44.8698 44.8698 3
65.844 65.844 3
46.7557 46.7557 3
32.9557 32.9557 2
30.1418 30.1418 1
82.732 82.732 1
71.6806 71.6806 3
46.3863 46.3863 3
30.4956 30.4956 1
33.8802 33.8802 1
66.3701 66.3701 3
147.674 147.674 3
31.0017 31.0017 3
32.4198 32.4198 1
50.9525 50.9525 3
41.8055 41.8055 3
37.7126 37.7126 2
34.2088 34.2088 1
94.4913 94.4913 2
63.8009 63.8009 3
37.7949 37.7949 3
38.0763 38.0763 2
65.4997 65.4997 3
39.0204 39.0204 1
109.535 109.535 3
53.187 53.187 1
38.5366 38.5366 3
33.0529 33.0529 3
36.0096 36.0096 2
41.0243 41.0243 1
30.0001 30.0001 1
45.0385 45.0385 3
38.4908 38.4908 3
30.6875 30.6875 3
33.3645 33.3645 2
33.0868 33.0868 3
31.3605 31.3605 1
39.7167 39.7167 3
30.9501 30.9501 2
37.821 37.821 2
158.824 158.824 2
35.7393 35.7393 3
34.6225 34.6225 3
37.1501 37.1501 2
50.2525 50.2525 3
38.3667 38.3667 2
70.9992 70.9992 3
41.351 41.351 2
30.6434 30.6434 2
33.4926 33.4926 1
74.8684 74.8684 1
32.6082 32.6082 2
89.5901 89.5901 3
194.469 194.469 3
31.4511 31.4511 3
186.977 186.977 3
36.4104 36.4104 3
30.9034 30.9034 3
137.099 137.099 1
39.1982 39.1982 2
156.328 156.328 1
42.762 42.762 2
37.7078 37.7078 3
30.4516 30.4516 3
32.4998 32.4998 1
31.8243 31.8243 3
75.8669 75.8669 3
64.3965 64.3965 3
30.8575 30.8575 2
39.9188 39.9188 3
56.8252 56.8252 2
54.7914 54.7914 3
114.938 114.938 3
41.4357 41.4357 3
89.5235 89.5235 3
50.2991 50.2991 2
61.6711 61.6711 3
38.3125 38.3125 2
33.5421 33.5421 1
34.8968 34.8968 3
42.5411 42.5411 3
50.5874 50.5874 2
33.2769 33.2769 3
30.7505 30.7505 3
30.1768 30.1768 3
36.2023 36.2023 2
52.2158 52.2158 3
56.2758 56.2758 3
34.3647 34.3647 2
39.4904 39.4904 1
124.748 124.748 3
32.2048 32.2048 1
43.2 43.2 3
45.3692 45.3692 3
409.68 409.68 2
32.7619 32.7619 1
32.66 32.66 1
35.4895 35.4895 2
47.5357 47.5357 2
65.2374 65.2374 3
39.3554 39.3554 2
37.3745 37.3745 1
36.4226 36.4226 2
58.7436 58.7436 1
36.2809 36.2809 3
57.0151 57.0151 3
32.5721 32.5721 3
30.2623 30.2623 3
37.1056 37.1056 2
57.922 57.922 2
30.8101 30.8101 3
64.2068 64.2068 3
33.0919 33.0919 2
48.8572 48.8572 3
44.1323 44.1323 3
56.0483 56.0483 3
54.145 54.145 1
32.9437 32.9437 1
32.3724 32.3724 3
38.2349 38.2349 3
66.9903 66.9903 3
32.0096 32.0096 2
31.3273 31.3273 3
47.5546 47.5546 3
30.9649 30.9649 3
40.3111 40.3111 3
38.5075 38.5075 3
48.7507 48.7507 3
56.2641 56.2641 1
191.027 191.027 3
41.7368 41.7368 2
40.8294 40.8294 3
40.92 40.92 1
116.387 116.387 2
43.3391 43.3391 3
41.236 41.236 3
45.4198 45.4198 2
35.124 35.124 3
38.5772 38.5772 3
32.5411 32.5411 3
79.7679 79.7679 3
30.3394 30.3394 3
64.8895 64.8895 2
53.0384 53.0384 1
41.6495 41.6495 3
45.801 45.801 3
38.8073 38.8073 1
30.1079 30.1079 1
40.0078 40.0078 2
42.2481 42.2481 3
45.2788 45.2788 3
30.3565 30.3565 1
57.9478 57.9478 3
105.596 105.596 3
64.5858 64.5858 3
34.7135 34.7135 1
38.1122 38.1122 1
58.2981 58.2981 3
55.0143 55.0143 3
30.8487 30.8487 3
32.5241 32.5241 3
42.4259 42.4259 2
55.3321 55.3321 1
43.9723 43.9723 3
32.1635 32.1635 3
53.5078 53.5078 1
46.3107 46.3107 1
125.199 125.199 3
51.7553 51.7553 3
76.0987 76.0987 3
57.7236 57.7236 3
38.8627 38.8627 2
38.9731 38.9731 2
43.095 43.095 1
41.6645 41.6645 2
33.651 33.651 3
71.5788 71.5788 3
32.4827 32.4827 3
59.7085 59.7085 2
44.7927 44.7927 2
61.3781 61.3781 2
33.4014 33.4014 3
84.7594 84.7594 3
36.3842 36.3842 3
61.0912 61.0912 3
30.8781 30.8781 3
38.1856 38.1856 3
34.1863 34.1863 3
41.3096 41.3096 3
35.5646 35.5646 3
32.4823 32.4823 3
30.7547 30.7547 3
33.2294 33.2294 1
33.3931 33.3931 3
75.2152 75.2152 3
53.2846 53.2846 3
39.7611 39.7611 1
70.6493 70.6493 3
76.8607 76.8607 2
42.692 42.692 3
74.7529 74.7529 3
31.4058 31.4058 2
42.23 42.23 2
30.2007 30.2007 1
32.388 32.388 3
61.7515 61.7515 3
87.6114 87.6114 3
37.5592 37.5592 2
32.9185 32.9185 3
32.9086 32.9086 3
30.7152 30.7152 2
50.3269 50.3269 3
36.5906 36.5906 2
34.5001 34.5001 3
44.5855 44.5855 1
86.0199 86.0199 3
61.9857 61.9857 1
32.9848 32.9848 1
33.9309 33.9309 1
30.16 30.16 1
51.5724 51.5724 2
45.5855 45.5855 3
125.259 125.259 3
41.5442 41.5442 3
58.9456 58.9456 3
49.177 49.177 3
48.3713 48.3713 3
62.9787 62.9787 1
53.4239 53.4239 3
36.3353 36.3353 3
59.1159 59.1159 3
32.5382 32.5382 3
53.8483 53.8483 1
32.5639 32.5639 2
31.2119 31.2119 3
182.593 182.593 3
31.1549 31.1549 2
51.3596 51.3596 3
64.2442 64.2442 3
61.7267 61.7267 2
32.0517 32.0517 3
40.131 40.131 2
36.2476 36.2476 2
31.5914 31.5914 1
35.6888 35.6888 1
57.3387 57.3387 1
441.496 441.496 3
32.1189 32.1189 1
50.6135 50.6135 2
37.8869 37.8869 2
132.948 132.948 2
34.4725 34.4725 1
31.6798 31.6798 2
50.328 50.328 2
45.4943 45.4943 3
57.5294 57.5294 2
51.8407 51.8407 3
79.8868 79.8868 3
50.8845 50.8845 3
41.8298 41.8298 3
161.481 161.481 3
38.5973 38.5973 3
31.7013 31.7013 1
39.4098 39.4098 3
56.9278 56.9278 2
53.6213 53.6213 2
65.6492 65.6492 2
71.0836 71.0836 2
47.7585 47.7585 3
36.0717 36.0717 1
37.0886 37.0886 1
65.9932 65.9932 3
75.062 75.062 2
34.104 34.104 3
30.7915 30.7915 2
31.1703 31.1703 1
62.9052 62.9052 3
43.0449 43.0449 3
92.7574 92.7574 1
90.0713 90.0713 3
76.6744 76.6744 3
57.4562 57.4562 3
41.0106 41.0106 3
34.0115 34.0115 2
41.5124 41.5124 3
37.6579 37.6579 3
43.0792 43.0792 3
48.3702 48.3702 3
32.6405 32.6405 3
46.1077 46.1077 3
50.4188 50.4188 3
37.9079 37.9079 2
232.563 232.563 1
77.7739 77.7739 3
31.2844 31.2844 1
43.722 43.722 3
32.7801 32.7801 2
42.0458 42.0458 3
36.6199 36.6199 3
43.2415 43.2415 2
33.0443 33.0443 3
110.425 110.425 3
67.1619 67.1619 3
68.562 68.562 3
34.1309 34.1309 3
35.3176 35.3176 1
104.635 104.635 3
173.952 173.952 2
269.89 269.89 2
30.7289 30.7289 3
47.8014 47.8014 3
180.05 180.05 3
31.6017 31.6017 3
32.3891 32.3891 3
58.3071 58.3071 3
68.6465 68.6465 3
43.7785 43.7785 3
42.0852 42.0852 1
35.4406 35.4406 2
36.0536 36.0536 1
31.2514 31.2514 2
110.32 110.32 1
44.8045 44.8045 2
57.6666 57.6666 3
36.7963 36.7963 2
79.7944 79.7944 1
36.4966 36.4966 1
139.456 139.456 2
107.136 107.136 2
70.8443 70.8443 3
53.0983 53.0983 3
58.752 58.752 1
34.894 34.894 2
67.7058 67.7058 2
36.9281 36.9281 3
34.8993 34.8993 1
48.504 48.504 2
160.651 160.651 2
31.8964 31.8964 2
126.404 126.404 2
45.7423 45.7423 3
31.9071 31.9071 3
56.4326 56.4326 2
42.5454 42.5454 3
31.5587 31.5587 3
56.6219 56.6219 3
34.3466 34.3466 1
50.9394 50.9394 3
32.3523 32.3523 2
61.3456 61.3456 2
211.23 211.23 3
45.6584 45.6584 3
61.2944 61.2944 1
61.0106 61.0106 3
37.0964 37.0964 1
38.1747 38.1747 3
31.0958 31.0958 3
36.2835 36.2835 3
30.8179 30.8179 3
38.5137 38.5137 2
34.6904 34.6904 3
56.5189 56.5189 3
95.6661 95.6661 3
30.7622 30.7622 2
37.6438 37.6438 3
43.9976 43.9976 3
36.1392 36.1392 1
40.7737 40.7737 1
38.2848 38.2848 2
80.7886 80.7886 2
36.2382 36.2382 2
72.6162 72.6162 3
38.6398 38.6398 1
61.7992 61.7992 1
36.0184 36.0184 2
30.9445 30.9445 3
47.2532 47.2532 2
32.8023 32.8023 3
58.6831 58.6831 3
39.8823 39.8823 2
37.7197 37.7197 1
31.3742 31.3742 1
34.3737 34.3737 3
152.745 152.745 3
107.686 107.686 3
40.2734 40.2734 1
33.0092 33.0092 3
32.1644 32.1644 3
35.2285 35.2285 3
34.8904 34.8904 1
53.2219 53.2219 3
36.7054 36.7054 2
32.4254 32.4254 2
88.3981 88.3981 1
56.9878 56.9878 3
34.9291 34.9291 2
74.6803 74.6803 3
57.3875 57.3875 2
36.9285 36.9285 3
41.4834 41.4834 2
149.139 149.139 2
34.1264 34.1264 3
47.7772 47.7772 2
56.6735 56.6735 3
42.1581 42.1581 2
37.0063 37.0063 1
39.2514 39.2514 3
31.4969 31.4969 3
40.1284 40.1284 3
68.3514 68.3514 3
39.2538 39.2538 1
31.2044 31.2044 2
32.412 32.412 2
59.8561 59.8561 1
61.4799 61.4799 3
49.6706 49.6706 3
46.7445 46.7445 1
40.7606 40.7606 2
39.0648 39.0648 3
46.3469 46.3469 1
144.766 144.766 3
112.959 112.959 1
30.2048 30.2048 3
69.9143 69.9143 3
35.1301 35.1301 3
34.0726 34.0726 3
36.0812 36.0812 3
32.4469 32.4469 3
49.46 49.46 3
32.3298 32.3298 1
30.0172 30.0172 3
36.6791 36.6791 3
55.2289 55.2289 1
53.104 53.104 3
95.9198 95.9198 3
37.3829 37.3829 2
35.5873 35.5873 2
98.5832 98.5832 1
50.5844 50.5844 3
72.7696 72.7696 3
34.8781 34.8781 1
54.1084 54.1084 1
103.627 103.627 1
31.9587 31.9587 1
31.8971 31.8971 1
35.6992 35.6992 3
31.5886 31.5886 3
86.7928 86.7928 3
104.989 104.989 1
267.342 267.342 3
37.4572 37.4572 3
50.2072 50.2072 2
124.86 124.86 1
35.778 35.778 3
33.7477 33.7477 2
32.3578 32.3578 3
47.1454 47.1454 1
33.3055 33.3055 1
45.2293 45.2293 3
42.0054 42.0054 2
30.5446 30.5446 3
33.5994 33.5994 3
60.1677 60.1677 3
39.5887 39.5887 3
51.7559 51.7559 3
111.822 111.822 2
67.4662 67.4662 1
45.38 45.38 2
102.162 102.162 3
82.5139 82.5139 3
51.2696 51.2696 2
42.2605 42.2605 1
93.6909 93.6909 3
88.2414 88.2414 2
30.9348 30.9348 2
30.9176 30.9176 3
43.9612 43.9612 3
43.5271 43.5271 3
33.4363 33.4363 1
98.1786 98.1786 2
112.833 112.833 3
60.8573 60.8573 3
32.2104 32.2104 2
67.5239 67.5239 3
60.4926 60.4926 3
39.0168 39.0168 2
38.2037 38.2037 3
181.658 181.658 3
51.7126 51.7126 3
40.5755 40.5755 3
53.6872 53.6872 3
31.6033 31.6033 1
35.8845 35.8845 3
58.1132 58.1132 3
31.9677 31.9677 2
30.2503 30.2503 3
68.3651 68.3651 3
40.8989 40.8989 3
47.054 47.054 2
63.0887 63.0887 2
46.0936 46.0936 3
36.0365 36.0365 3
35.5251 35.5251 2
30.0831 30.0831 3
91.851 91.851 2
49.1362 49.1362 3
57.6182 57.6182 1
70.5685 70.5685 2
49.2346 49.2346 3
31.0558 31.0558 2
55.3671 55.3671 3
31.8783 31.8783 2
68.7964 68.7964 3
38.0223 38.0223 3
48.0464 48.0464 3
87.8956 87.8956 3
34.6032 34.6032 3
34.6303 34.6303 3
34.1111 34.1111 3
41.5541 41.5541 2
39.2986 39.2986 3
37.7499 37.7499 2
30.6835 30.6835 3
37.8921 37.8921 2
61.2414 61.2414 3
49.6296 49.6296 3
38.5158 38.5158 3
58.8217 58.8217 3
69.2209 69.2209 2
67.2095 67.2095 1
48.0985 48.0985 2
33.1181 33.1181 2
53.3278 53.3278 3
30.1306 30.1306 2
48.7464 48.7464 2
61.6959 61.6959 3
82.2966 82.2966 3
41.0752 41.0752 3
39.5271 39.5271 3
34.7268 34.7268 2
31.5453 31.5453 3
33.6908 33.6908 3
109.398 109.398 1
60.6857 60.6857 2
104.811 104.811 2
31.5025 31.5025 2
58.4576 58.4576 3
79.514 79.514 3
66.5291 66.5291 2
37.4383 37.4383 3
34.6448 34.6448 2
39.5132 39.5132 3
36.1552 36.1552 3
58.736 58.736 1
31.8624 31.8624 3
41.1618 41.1618 1
53.4999 53.4999 3
36.3249 36.3249 1
35.5895 35.5895 3
64.7083 64.7083 1
67.6281 67.6281 3
31.3128 31.3128 3
30.3915 30.3915 3
31.8289 31.8289 2
70.7751 70.7751 1
102.704 102.704 3
32.4151 32.4151 3
38.1325 38.1325 3
87.4892 87.4892 3
142.029 142.029 2
37.0948 37.0948 1
32.7447 32.7447 3
63.5554 63.5554 2
56.1149 56.1149 2
127.373 127.373 3
33.1049 33.1049 1
52.4574 52.4574 2
89.3908 89.3908 1
31.2236 31.2236 3
31.8365 31.8365 2
32.6624 32.6624 3
43.3242 43.3242 3
97.7223 97.7223 2
116.201 116.201 2
31.0035 31.0035 1
37.6841 37.6841 3
90.1692 90.1692 2
36.2303 36.2303 1
46.7877 46.7877 3
37.2005 37.2005 3
45.3835 45.3835 3
37.4569 37.4569 2
93.2734 93.2734 3
48.8336 48.8336 1
39.6285 39.6285 1
36.1549 36.1549 3
32.2902 32.2902 2
37.5131 37.5131 3
38.5872 38.5872 3
42.7197 42.7197 1
35.9701 35.9701 3
52.0644 52.0644 2
41.2653 41.2653 1
36.1443 36.1443 2
31.9447 31.9447 2
50.3859 50.3859 3
39.1775 39.1775 3
47.9399 47.9399 3
42.1737 42.1737 2
30.7064 30.7064 3
32.4583 32.4583 2
56.6117 56.6117 1
36.7732 36.7732 3
32.0871 32.0871 3
55.0059 55.0059 3
57.0841 57.0841 3
38.736 38.736 3
41.0598 41.0598 2
48.4983 48.4983 3
32.0443 32.0443 1
117.412 117.412 3
35.0413 35.0413 3
45.0806 45.0806 3
94.252 94.252 3
47.4335 47.4335 3
33.9853 33.9853 3
45.6995 45.6995 3
33.2537 33.2537 3
57.0629 57.0629 1
43.7544 43.7544 2
36.3388 36.3388 1
35.2245 35.2245 1
33.4745 33.4745 3
33.1006 33.1006 3
41.5383 41.5383 3
83.0703 83.0703 1
40.7959 40.7959 3
36.623 36.623 3
31.0954 31.0954 2
48.3109 48.3109 3
70.2892 70.2892 3
41.0141 41.0141 3
52.6276 52.6276 3
70.878 70.878 2
41.5068 41.5068 3
60.312 60.312 3
30.9856 30.9856 1
115.22 115.22 3
33.6835 33.6835 3
64.0133 64.0133 3
36.0406 36.0406 3
54.2241 54.2241 3
35.5097 35.5097 1
106.323 106.323 2
49.9582 49.9582 2
37.2456 37.2456 1
39.4673 39.4673 2
139.992 139.992 1
99.6132 99.6132 3
30.7314 30.7314 2
41.3005 41.3005 2
30.9072 30.9072 3
37.3845 37.3845 3
60.6337 60.6337 3
37.0543 37.0543 2
31.6345 31.6345 2
38.8759 38.8759 1
42.1073 42.1073 1
33.348 33.348 3
34.7407 34.7407 1
83.0042 83.0042 3
40.1576 40.1576 2
48.5347 48.5347 3
108.656 108.656 1
39.9153 39.9153 3
32.0517 32.0517 2
38.4773 38.4773 2
30.508 30.508 3
87.5438 87.5438 1
85.5567 85.5567 2
31.7434 31.7434 3
71.1094 71.1094 3
37.1861 37.1861 3
31.6108 31.6108 3
39.1571 39.1571 3
30.2895 30.2895 2
59.9536 59.9536 3
86.4016 86.4016 2
102.507 102.507 2
208.009 208.009 1
32.927 32.927 1
69.1769 69.1769 2
79.4162 79.4162 3
35.5335 35.5335 3
112.654 112.654 2
34.3378 34.3378 2
34.0089 34.0089 3
45.8335 45.8335 3
63.9018 63.9018 1
34.494 34.494 3
42.3344 42.3344 2
45.493 45.493 2
34.8938 34.8938 2
57.7841 57.7841 3
57.699 57.699 3
33.6199 33.6199 1
30.7374 30.7374 3
33.5014 33.5014 2
31.0244 31.0244 3
150.359 150.359 3
38.1829 38.1829 3
35.5654 35.5654 3
43.3088 43.3088 3
40.2907 40.2907 2
31.0671 31.0671 3
32.5352 32.5352 3
36.3038 36.3038 2
35.3295 35.3295 3
59.0461 59.0461 3
31.5503 31.5503 3
30.7797 30.7797 2
173.537 173.537 3
55.8165 55.8165 3
43.7613 43.7613 3
32.83 32.83 3
36.7557 36.7557 2
42.4823 42.4823 3
30.7961 30.7961 3
37.8739 37.8739 3
41.7905 41.7905 3
39.9905 39.9905 3
56.8882 56.8882 1
30.1641 30.1641 1
31.7196 31.7196 3
41.1261 41.1261 2
33.3577 33.3577 3
35.017 35.017 3
46.1838 46.1838 3
30.6704 30.6704 3
48.4426 48.4426 3
169.034 169.034 1
36.7783 36.7783 3
47.4655 47.4655 3
43.7581 43.7581 3
40.9594 40.9594 1
38.1049 38.1049 3
44.0459 44.0459 1
37.0973 37.0973 3
45.5474 45.5474 3
77.3393 77.3393 3
35.8791 35.8791 3
35.5536 35.5536 1
41.3335 41.3335 2
46.9067 46.9067 3
44.0541 44.0541 2
32.9464 32.9464 3
37.6841 37.6841 3
41.1115 41.1115 3
41.7925 41.7925 3
34.0356 34.0356 3
31.3385 31.3385 3
32.2875 32.2875 2
43.8922 43.8922 3
57.7684 57.7684 3
51.5522 51.5522 3
48.8614 48.8614 1
35.9446 35.9446 2
52.6513 52.6513 3
45.0768 45.0768 2
31.6262 31.6262 1
32.3173 32.3173 3
32.9139 32.9139 3
39.538 39.538 3
38.9912 38.9912 2
46.5901 46.5901 2
33.0938 33.0938 1
42.6157 42.6157 3
30.2454 30.2454 3
31.6143 31.6143 3
45.2373 45.2373 1
30.7275 30.7275 3
64.4888 64.4888 1
31.3859 31.3859 1
32.7756 32.7756 3
44.3683 44.3683 3
96.5324 96.5324 3
86.141 86.141 1
32.7383 32.7383 2
42.8475 42.8475 3
51.9731 51.9731 2
44.4132 44.4132 2
77.5566 77.5566 2
74.4073 74.4073 3
34.2181 34.2181 1
42.4865 42.4865 3
30.5852 30.5852 1
35.0272 35.0272 3
44.9408 44.9408 2
53.4769 53.4769 2
65.3531 65.3531 3
53.938 53.938 1
87.9276 87.9276 1
127.199 127.199 3
32.1757 32.1757 3
34.1468 34.1468 2
70.0833 70.0833 3
31.8697 31.8697 3
35.0361 35.0361 3
42.5605 42.5605 1
72.666 72.666 2
34.8271 34.8271 3
78.9074 78.9074 1
33.0251 33.0251 3
36.972 36.972 3
43.1615 43.1615 3
41.5235 41.5235 3
32.2901 32.2901 2
143.736 143.736 2
164.89 164.89 2
48.2936 48.2936 2
33.6231 33.6231 3
32.4499 32.4499 1
107.927 107.927 2
36.3807 36.3807 3
131.475 131.475 3
35.4377 35.4377 1
48.3907 48.3907 3
31.0451 31.0451 1
44.6409 44.6409 2
40.8342 40.8342 2
30.1488 30.1488 1
46.5451 46.5451 3
39.4096 39.4096 1
71.1882 71.1882 2
32.8622 32.8622 3
43.0735 43.0735 2
414.725 414.725 3
46.7658 46.7658 3
36.1372 36.1372 2
30.315 30.315 3
43.631 43.631 2
30.601 30.601 3
33.7554 33.7554 3
36.2341 36.2341 2
47.5112 47.5112 3
44.4647 44.4647 2
115.428 115.428 2
46.2319 46.2319 3
58.1334 58.1334 3
35.1135 35.1135 3
43.7994 43.7994 2
85.7596 85.7596 3
51.4442 51.4442 1
31.5477 31.5477 1
42.1105 42.1105 1
43.3153 43.3153 3
46.5493 46.5493 3
39.3689 39.3689 2
31.4508 31.4508 3
83.5556 83.5556 1
73.1003 73.1003 3
37.6605 37.6605 3
35.7753 35.7753 3
40.9561 40.9561 1
61.4467 61.4467 3
48.9063 48.9063 3
36.7916 36.7916 2
32.8448 32.8448 3
33.9772 33.9772 2
30.9279 30.9279 3
36.1246 36.1246 2
31.1016 31.1016 2
48.0447 48.0447 1
42.2629 42.2629 1
48.9452 48.9452 1
43.5103 43.5103 3
42.9376 42.9376 3
43.4119 43.4119 2
40.292 40.292 2
49.4637 49.4637 1
64.2217 64.2217 2
74.4687 74.4687 1
51.0938 51.0938 2
33.4014 33.4014 3
33.2319 33.2319 1
101.36 101.36 1
31.2148 31.2148 2
51.1122 51.1122 1
30.3008 30.3008 3
87.4526 87.4526 3
37.403 37.403 1
38.8221 38.8221 3
219.656 219.656 2
72.359 72.359 2
68.2566 68.2566 3
290.198 290.198 3
37.8699 37.8699 3
149.776 149.776 3
36.5161 36.5161 1
39.4816 39.4816 2
39.8648 39.8648 3
38.2809 38.2809 3
53.5458 53.5458 3
54.9531 54.9531 1
34.6466 34.6466 2
34.0913 34.0913 3
31.4849 31.4849 1
32.3588 32.3588 3
42.4978 42.4978 3
39.6645 39.6645 3
56.1897 56.1897 3
245.195 245.195 3
44.5205 44.5205 3
38.7727 38.7727 2
55.6647 55.6647 1
37.1195 37.1195 3
38.5358 38.5358 2
52.2752 52.2752 2
31.2933 31.2933 3
32.1042 32.1042 1
32.123 32.123 1
125.522 125.522 1
61.7552 61.7552 3
42.7074 42.7074 3
30.2346 30.2346 3
31.4795 31.4795 3
96.2335 96.2335 3
30.382 30.382 3
103.872 103.872 3
31.1989 31.1989 1
62.1648 62.1648 2
39.4998 39.4998 3
31.2978 31.2978 3
48.1894 48.1894 2
42.0003 42.0003 2
96.1407 96.1407 3
34.5898 34.5898 2
39.267 39.267 3
38.4638 38.4638 3
37.9711 37.9711 1
47.1198 47.1198 2
38.0309 38.0309 3
38.7988 38.7988 3
42.5637 42.5637 2
91.9044 91.9044 2
60.2437 60.2437 3
32.3595 32.3595 2
44.0206 44.0206 3
46.2063 46.2063 3
69.9813 69.9813 2
41.401 41.401 3
30.0718 30.0718 1
33.5513 33.5513 3
38.1636 38.1636 1
51.1389 51.1389 3
39.9625 39.9625 3
31.1026 31.1026 1
30.9285 30.9285 3
32.6457 32.6457 2
35.7311 35.7311 2
33.9032 33.9032 1
32.3102 32.3102 2
44.3039 44.3039 2
30.5789 30.5789 1
31.3837 31.3837 2
33.1142 33.1142 2
42.4681 42.4681 3
161.681 161.681 1
241.048 241.048 3
42.4367 42.4367 2
45.9385 45.9385 1
30.4942 30.4942 1
44.0138 44.0138 1
106.931 106.931 3
35.6631 35.6631 3
74.4145 74.4145 3
46.8643 46.8643 1
49.1997 49.1997 3
113.944 113.944 2
30.4392 30.4392 3
49.1703 49.1703 3
39.9818 39.9818 3
45.0895 45.0895 3
42.7459 42.7459 3
34.7348 34.7348 2
51.7666 51.7666 1
37.2831 37.2831 2
62.6406 62.6406 2
40.2309 40.2309 1
36.6012 36.6012 1
81.3374 81.3374 1
34.9934 34.9934 1
65.5165 65.5165 3
30.6054 30.6054 2
38.6118 38.6118 2
84.9268 84.9268 1
35.2484 35.2484 3
40.0623 40.0623 1
105.059 105.059 3
51.4078 51.4078 1
30.7098 30.7098 3
36.5703 36.5703 1
45.0627 45.0627 2
39.7394 39.7394 3
30.1895 30.1895 3
30.1437 30.1437 3
189.016 189.016 3
30.7622 30.7622 3
62.6274 62.6274 3
50.0872 50.0872 3
31.0946 31.0946 1
31.0661 31.0661 3
54.8913 54.8913 3
100.462 100.462 3
51.7652 51.7652 3
59.172 59.172 2
68.876 68.876 3
74.174 74.174 3
36.7649 36.7649 2
87.7538 87.7538 3
46.7433 46.7433 3
69.5486 69.5486 2
43.03 43.03 3
68.1392 68.1392 3
32.5301 32.5301 3
35.2675 35.2675 3
213.048 213.048 2
36.9404 36.9404 3
68.9172 68.9172 2
33.8604 33.8604 3
32.8058 32.8058 3
57.7428 57.7428 2
33.474 33.474 2
31.4964 31.4964 3
40.446 40.446 3
45.4025 45.4025 1
30.6765 30.6765 1
36.6524 36.6524 1
68.5476 68.5476 1
67.0587 67.0587 3
48.309 48.309 1
34.5422 34.5422 1
49.2759 49.2759 3
64.9975 64.9975 1
33.8268 33.8268 3
36.5483 36.5483 2
88.4212 88.4212 1
43.264 43.264 2
71.2427 71.2427 1
83.9115 83.9115 3
58.9052 58.9052 2
42.8009 42.8009 3
131.994 131.994 2
61.5163 61.5163 3
34.7947 34.7947 3
95.0869 95.0869 2
184.035 184.035 3
35.121 35.121 2
83.5635 83.5635 3
30.4138 30.4138 1
36.4183 36.4183 3
59.9991 59.9991 2
31.3879 31.3879 3
57.9336 57.9336 1
31.529 31.529 3
54.4475 54.4475 1
41.0705 41.0705 2
76.9318 76.9318 3
30.1202 30.1202 1
89.4918 89.4918 3
97.6551 97.6551 1
109.84 109.84 3
82.0596 82.0596 3
37.9523 37.9523 3
37.5829 37.5829 3
57.6465 57.6465 3
39.0081 39.0081 3
51.0054 51.0054 3
37.4981 37.4981 2
38.0102 38.0102 2
53.9798 53.9798 1
35.9737 35.9737 2
33.2834 33.2834 3
46.1633 46.1633 1
35.2854 35.2854 3
30.0629 30.0629 1
42.3368 42.3368 1
39.3416 39.3416 2
30.2553 30.2553 1
48.8715 48.8715 1
35.6572 35.6572 3
30.4099 30.4099 3
70.4357 70.4357 3
54.5377 54.5377 3
31.0351 31.0351 3
97.9954 97.9954 2
113.459 113.459 2
53.4972 53.4972 1
30.0691 30.0691 3
37.8641 37.8641 1
81.7287 81.7287 2
43.3938 43.3938 3
40.5735 40.5735 3
56.588 56.588 3
35.2699 35.2699 3
35.4919 35.4919 3
34.4717 34.4717 3
45.5977 45.5977 3
31.04 31.04 1
35.4068 35.4068 3
84.7536 84.7536 2
31.1997 31.1997 3
36.5687 36.5687 3
37.6949 37.6949 1
48.5608 48.5608 1
39.6172 39.6172 3
70.019 70.019 3
35.1749 35.1749 2
51.4096 51.4096 3
30.864 30.864 3
30.8118 30.8118 3
68.5644 68.5644 3
38.1331 38.1331 2
67.5491 67.5491 3
31.2797 31.2797 2
74.1934 74.1934 2
30.6885 30.6885 3
37.1148 37.1148 1
32.0949 32.0949 3
44.881 44.881 3
101.571 101.571 2
32.0221 32.0221 1
42.0508 42.0508 2
46.2154 46.2154 3
92.5187 92.5187 2
70.3121 70.3121 2
48.325 48.325 3
33.8962 33.8962 3
47.3816 47.3816 3
134.911 134.911 3
60.5704 60.5704 3
62.3111 62.3111 3
40.0946 40.0946 2
85.7864 85.7864 2
33.7965 33.7965 2
59.8665 59.8665 1
30.6685 30.6685 3
35.435 35.435 1
31.7559 31.7559 2
49.6023 49.6023 3
37.9562 37.9562 2
32.5497 32.5497 3
44.5107 44.5107 2
64.8889 64.8889 1
59.9667 59.9667 1
33.6422 33.6422 3
47.2981 47.2981 3
49.4154 49.4154 2
34.5544 34.5544 2
62.9008 62.9008 3
33.8566 33.8566 2
329.628 329.628 3
34.3792 34.3792 2
32.3388 32.3388 3
41.2201 41.2201 3
43.5899 43.5899 3
121.151 121.151 1
168.979 168.979 2
64.411 64.411 2
30.9717 30.9717 3
33.4724 33.4724 3
60.1874 60.1874 3
45.3535 45.3535 2
30.713 30.713 3
36.938 36.938 3
37.4357 37.4357 3
32.8017 32.8017 3
46.8302 46.8302 3
38.8776 38.8776 3
33.2184 33.2184 3
63.4351 63.4351 2
37.2382 37.2382 1
36.4196 36.4196 1
39.8634 39.8634 2
44.1393 44.1393 3
42.9984 42.9984 1
43.3653 43.3653 3
151.496 151.496 1
53.0877 53.0877 2
30.9691 30.9691 3
43.9113 43.9113 1
33.5236 33.5236 3
60.1475 60.1475 2
34.64 34.64 1
39.6996 39.6996 2
33.3368 33.3368 1
61.9467 61.9467 1
50.2459 50.2459 2
45.3553 45.3553 1
39.4815 39.4815 3
59.3439 59.3439 1
31.0927 31.0927 3
40.2861 40.2861 2
31.7803 31.7803 3
73.832 73.832 3
50.1748 50.1748 3
36.2471 36.2471 2
44.2262 44.2262 1
97.0352 97.0352 2
32.4453 32.4453 3
36.6763 36.6763 3
49.64 49.64 3
107.963 107.963 3
33.7152 33.7152 3
43.8703 43.8703 3
32.6572 32.6572 3
32.366 32.366 3
53.5575 53.5575 3
32.2195 32.2195 3
51.8126 51.8126 3
41.411 41.411 3
69.4868 69.4868 1
34.3008 34.3008 2
58.3345 58.3345 3
32.7932 32.7932 3
33.2039 33.2039 3
32.3311 32.3311 3
37.9768 37.9768 1
83.4653 83.4653 1
49.3143 49.3143 3
37.2551 37.2551 3
30.5057 30.5057 3
30.1806 30.1806 2
52.4629 52.4629 3
73.9578 73.9578 3
31.8008 31.8008 2
37.9681 37.9681 3
31.7593 31.7593 1
30.3781 30.3781 3
165.656 165.656 2
35.6531 35.6531 1
60.9886 60.9886 3
41.3867 41.3867 3
49.9596 49.9596 2
59.5802 59.5802 2
31.1035 31.1035 3
39.6776 39.6776 3
32.5098 32.5098 2
34.3528 34.3528 3
75.0438 75.0438 2
38.3733 38.3733 3
35.4571 35.4571 2
62.7724 62.7724 3
39.3133 39.3133 2
35.4417 35.4417 2
40.8648 40.8648 3
34.9064 34.9064 3
40.9825 40.9825 3
31.2023 31.2023 3
70.057 70.057 2
39.7862 39.7862 3
33.153 33.153 2
31.8244 31.8244 3
40.885 40.885 1
30.1734 30.1734 3
31.4299 31.4299 1
32.0527 32.0527 3
31.5885 31.5885 3
79.9434 79.9434 2
35.4727 35.4727 2
40.8493 40.8493 2
41.1989 41.1989 3
63.5897 63.5897 3
31.484 31.484 1
36.5909 36.5909 1
109.276 109.276 2
100.39 100.39 3
35.0968 35.0968 1
36.6711 36.6711 3
31.868 31.868 2
40.2488 40.2488 1
32.1538 32.1538 3
107.971 107.971 3
44.9272 44.9272 1
30.6508 30.6508 3
65.7566 65.7566 1
136.901 136.901 3
36.1805 36.1805 1
66.8725 66.8725 1
52.4711 52.4711 3
30.4812 30.4812 3
31.7852 31.7852 1
33.5297 33.5297 1
34.5643 34.5643 2
34.5887 34.5887 3
34.7511 34.7511 2
66.0206 66.0206 1
39.1451 39.1451 3
46.5198 46.5198 3
34.8662 34.8662 2
60.0322 60.0322 3
60.8064 60.8064 3
30.1998 30.1998 3
41.3251 41.3251 2
47.9783 47.9783 3
84.6066 84.6066 1
32.9209 32.9209 3
56.3566 56.3566 3
39.4819 39.4819 3
38.1323 38.1323 3
33.2029 33.2029 3
52.1787 52.1787 2
34.8317 34.8317 3
31.4288 31.4288 2
59.8774 59.8774 1
36.7451 36.7451 2
41.9131 41.9131 2
415.684 415.684 1
116.042 116.042 2
31.4743 31.4743 2
84.5741 84.5741 3
40.6971 40.6971 1
52.7439 52.7439 2
31.3792 31.3792 3
36.6132 36.6132 1
51.3796 51.3796 1
31.1203 31.1203 3
69.2503 69.2503 3
39.6471 39.6471 1
35.8386 35.8386 3
46.356 46.356 2
51.3814 51.3814 2
50.0948 50.0948 3
32.5619 32.5619 3
34.5788 34.5788 3
49.0242 49.0242 3
50.2615 50.2615 3
38.2461 38.2461 2
48.416 48.416 2
35.9598 35.9598 2
33.1644 33.1644 1
41.6013 41.6013 3
192.895 192.895 3
78.7405 78.7405 3
33.9661 33.9661 3
31.7433 31.7433 1
33.2533 33.2533 1
63.7029 63.7029 3
30.8584 30.8584 2
59.0264 59.0264 3
39.4605 39.4605 3
33.1845 33.1845 3
36.9713 36.9713 1
30.354 30.354 3
36.2978 36.2978 3
43.6899 43.6899 3
36.0803 36.0803 3
34.358 34.358 3
38.7968 38.7968 1
35.9285 35.9285 1
35.336 35.336 3
34.6309 34.6309 3
32.7853 32.7853 2
70.8709 70.8709 3
44.0333 44.0333 2
31.4516 31.4516 3
77.2674 77.2674 3
48.5904 48.5904 3
45.8164 45.8164 3
40.7154 40.7154 2
58.2825 58.2825 3
30.8255 30.8255 2
40.8452 40.8452 3
32.6673 32.6673 3
33.0797 33.0797 3
36.8888 36.8888 1
31.8789 31.8789 2
83.7235 83.7235 3
43.6137 43.6137 3
34.9203 34.9203 3
34.1301 34.1301 2
51.9359 51.9359 3
80.5289 80.5289 3
33.1185 33.1185 3
33.8039 33.8039 2
55.83 55.83 2
44.1155 44.1155 3
56.453 56.453 3
41.0165 41.0165 2
60.9847 60.9847 1
32.5233 32.5233 1
55.3054 55.3054 1
66.2608 66.2608 1
91.466 91.466 3
35.7209 35.7209 3
34.0564 34.0564 1
32.5016 32.5016 2
30.3023 30.3023 3
69.9427 69.9427 1
30.5 30.5 2
98.9493 98.9493 3
35.5108 35.5108 3
176.325 176.325 3
112.576 112.576 1
143.984 143.984 2
60.5022 60.5022 3
94.8354 94.8354 3
46.3823 46.3823 1
30.9918 30.9918 1
37.8526 37.8526 1
32.538 32.538 3
35.027 35.027 3
42.9012 42.9012 1
34.9489 34.9489 3
34.3579 34.3579 3
34.3901 34.3901 1
48.928 48.928 3
31.8356 31.8356 1
73.48 73.48 1
92.557 92.557 3
51.0025 51.0025 3
37.487 37.487 2
61.8349 61.8349 2
57.6996 57.6996 3
38.7108 38.7108 3
89.3377 89.3377 3
35.715 35.715 2
427.587 427.587 3
37.1951 37.1951 2
33.4886 33.4886 1
35.2306 35.2306 3
68.0541 68.0541 3
42.22 42.22 3
91.9675 91.9675 3
41.8967 41.8967 3
50.4172 50.4172 3
35.447 35.447 3
30.6455 30.6455 3
38.0077 38.0077 3
33.9594 33.9594 3
32.0482 32.0482 1
122.819 122.819 3
33.3336 33.3336 2
66.264 66.264 2
85.4762 85.4762 2
159.205 159.205 3
34.1103 34.1103 3
33.3538 33.3538 3
32.7802 32.7802 3
107.338 107.338 1
31.3424 31.3424 3
30.0671 30.0671 1
35.4575 35.4575 2
36.9206 36.9206 3
79.9168 79.9168 3
30.4295 30.4295 2
53.3547 53.3547 3
36.4443 36.4443 3
39.2378 39.2378 3
32.036 32.036 2
43.0225 43.0225 2
84.3931 84.3931 1
31.996 31.996 1
38.1753 38.1753 3
54.8648 54.8648 1
38.5721 38.5721 3
149.665 149.665 1
152.024 152.024 3
42.4267 42.4267 2
112.747 112.747 3
32.1849 32.1849 3
37.1809 37.1809 3
31.2718 31.2718 2
40.9328 40.9328 1
34.1101 34.1101 3
35.1292 35.1292 3
37.9739 37.9739 3
62.5973 62.5973 2
42.1355 42.1355 3
39.9322 39.9322 1
33.6097 33.6097 3
79.6741 79.6741 2
43.7319 43.7319 3
31.9165 31.9165 2
106.211 106.211 3
76.2129 76.2129 3
46.7013 46.7013 2
43.1948 43.1948 2
34.0179 34.0179 1
67.745 67.745 2
49.4531 49.4531 3
48.7175 48.7175 2
36.0963 36.0963 2
30.8726 30.8726 1
109.865 109.865 3
31.2282 31.2282 2
53.3291 53.3291 2
32.7971 32.7971 2
39.2971 39.2971 3
33.0172 33.0172 3
52.3278 52.3278 3
43.7237 43.7237 2
32.0814 32.0814 3
35.2165 35.2165 3
30.3907 30.3907 2
34.9672 34.9672 2
38.5203 38.5203 3
85.6523 85.6523 3
36.9135 36.9135 3
39.9655 39.9655 1
281.998 281.998 2
32.6804 32.6804 3
33.7114 33.7114 3
46.571 46.571 3
155.277 155.277 3
54.1466 54.1466 3
51.192 51.192 3
36.542 36.542 1
47.7158 47.7158 3
31.3905 31.3905 3
59.1765 59.1765 3
51.2502 51.2502 3
42.8295 42.8295 3
38.186 38.186 3
30.2622 30.2622 3
33.5459 33.5459 3
67.8851 67.8851 3
30.2777 30.2777 3
41.9706 41.9706 1
31.7375 31.7375 2
90.3165 90.3165 2
36.0119 36.0119 2
33.0119 33.0119 3
33.1436 33.1436 2
42.7766 42.7766 3
44.125 44.125 3
31.8397 31.8397 3
33.7917 33.7917 2
47.3462 47.3462 3
51.8274 51.8274 2
51.6056 51.6056 3
71.8704 71.8704 3
64.2546 64.2546 3
36.7977 36.7977 3
38.1234 38.1234 2
46.269 46.269 3
33.6047 33.6047 3
33.6414 33.6414 3
33.6163 33.6163 3
36.225 36.225 1
49.5445 49.5445 2
31.0144 31.0144 2
30.169 30.169 2
125.769 125.769 1
49.6092 49.6092 3
30.1971 30.1971 3
39.554 39.554 3
40.3828 40.3828 3
32.3965 32.3965 2
39.842 39.842 2
34.5469 34.5469 1
37.3286 37.3286 3
31.4351 31.4351 3
63.5847 63.5847 2
39.0234 39.0234 3
52.39 52.39 3
43.9899 43.9899 3
34.0668 34.0668 1
36.8525 36.8525 3
32.4505 32.4505 3
43.6603 43.6603 3
42.0698 42.0698 1
53.313 53.313 2
63.4737 63.4737 3
43.1244 43.1244 3
32.5049 32.5049 2
32.1724 32.1724 2
31.0662 31.0662 1
30.808 30.808 2
32.8055 32.8055 2
32.3904 32.3904 3
34.0813 34.0813 2
68.3969 68.3969 1
119.573 119.573 3
65.5669 65.5669 1
39.5128 39.5128 3
35.1984 35.1984 2
34.0181 34.0181 3
46.406 46.406 1
32.2368 32.2368 3
49.2562 49.2562 2
37.742 37.742 2
36.1546 36.1546 3
42.6545 42.6545 1
53.9026 53.9026 2
33.5869 33.5869 1
34.6984 34.6984 2
33.8971 33.8971 3
66.0143 66.0143 1
50.7208 50.7208 3
56.5677 56.5677 3
36.9332 36.9332 1
51.7294 51.7294 3
45.7272 45.7272 3
50.7315 50.7315 2
40.8383 40.8383 3
35.1347 35.1347 3
38.0861 38.0861 1
121.764 121.764 2
34.582 34.582 3
76.5035 76.5035 2
52.9124 52.9124 3
52.5011 52.5011 3
51.6236 51.6236 2
68.6924 68.6924 3
52.112 52.112 2
52.0695 52.0695 3
71.6873 71.6873 3
45.2116 45.2116 2
54.3677 54.3677 2
76.8763 76.8763 2
37.3978 37.3978 3
42.8025 42.8025 3
36.8792 36.8792 1
50.4404 50.4404 2
43.5894 43.5894 3
46.9806 46.9806 2
63.6601 63.6601 2
31.8972 31.8972 1
278.544 278.544 1
42.3681 42.3681 1
36.9673 36.9673 3
42.4813 42.4813 3
31.1986 31.1986 3
35.3382 35.3382 3
38.9 38.9 3
33.4857 33.4857 3
89.9943 89.9943 3
116.207 116.207 3
39.4575 39.4575 3
72.6396 72.6396 2
46.1432 46.1432 1
32.0694 32.0694 3
45.4443 45.4443 3
32.3071 32.3071 3
40.6604 40.6604 3
30.2921 30.2921 3
36.6882 36.6882 1
37.3267 37.3267 1
60.8224 60.8224 1
39.3705 39.3705 2
53.926 53.926 2
37.2793 37.2793 1
35.9133 35.9133 3
114.511 114.511 2
32.479 32.479 3
57.5408 57.5408 3
43.4465 43.4465 3
46.4369 46.4369 3
135.745 135.745 3
49.6079 49.6079 3
33.1366 33.1366 2
30.7955 30.7955 3
164.258 164.258 3
113.199 113.199 3
116.331 116.331 3
38.4779 38.4779 2
37.0232 37.0232 2
33.026 33.026 3
52.5726 52.5726 3
64.5393 64.5393 1
161.935 161.935 3
36.5076 36.5076 3
30.3719 30.3719 3
37.8846 37.8846 2
45.5325 45.5325 1
62.8702 62.8702 2
35.9492 35.9492 2
34.9631 34.9631 3
39.2718 39.2718 2
38.9444 38.9444 3
91.148 91.148 3
42.9537 42.9537 3
48.3706 48.3706 2
33.01 33.01 3
51.8224 51.8224 3
52.011 52.011 3
44.3884 44.3884 1
40.528 40.528 1
34.5731 34.5731 3
35.3489 35.3489 3
65.7026 65.7026 2
39.6894 39.6894 3
60.9222 60.9222 2
32.8962 32.8962 2
55.3373 55.3373 2
32.3199 32.3199 2
38.4233 38.4233 2
33.1754 33.1754 2
35.4262 35.4262 3
35.8859 35.8859 1
37.5583 37.5583 1
35.4564 35.4564 1
104.18 104.18 1
32.6706 32.6706 3
37.4409 37.4409 3
90.8332 90.8332 3
40.7654 40.7654 3
35.3053 35.3053 1
42.5368 42.5368 2
38.9613 38.9613 1
33.3585 33.3585 3
57.9493 57.9493 3
58.4136 58.4136 2
32.8082 32.8082 2
133.292 133.292 2
47.393 47.393 3
36.8404 36.8404 2
31.2575 31.2575 2
66.6152 66.6152 1
37.5759 37.5759 2
76.2469 76.2469 2
82.9456 82.9456 3
196.971 196.971 2
32.9649 32.9649 3
40.4352 40.4352 1
58.295 58.295 3
32.761 32.761 1
40.0809 40.0809 2
57.1961 57.1961 3
56.7417 56.7417 3
69.3006 69.3006 1
130.153 130.153 3
41.905 41.905 3
34.0293 34.0293 3
104.859 104.859 3
36.4933 36.4933 3
54.7378 54.7378 3
46.2293 46.2293 3
52.6592 52.6592 2
225.094 225.094 3
80.5314 80.5314 1
31.0433 31.0433 3
43.7221 43.7221 3
46.6177 46.6177 3
33.2969 33.2969 3
33.0219 33.0219 3
42.2571 42.2571 3
49.1928 49.1928 1
30.3955 30.3955 3
52.3658 52.3658 3
60.1399 60.1399 1
87.5376 87.5376 1
47.868 47.868 3
38.3112 38.3112 2
49.5014 49.5014 1
31.9854 31.9854 3
110.016 110.016 2
33.6063 33.6063 3
112.755 112.755 1
31.1341 31.1341 3
34.2058 34.2058 3
103.796 103.796 3
42.2254 42.2254 2
31.5389 31.5389 2
41.9533 41.9533 1
123.535 123.535 3
87.2889 87.2889 3
30.4195 30.4195 3
42.9732 42.9732 3
35.2721 35.2721 3
32.951 32.951 2
49.5762 49.5762 3
33.3487 33.3487 3
40.6438 40.6438 2
60.9421 60.9421 2
33.4456 33.4456 2
33.475 33.475 1
36.5338 36.5338 3
69.3461 69.3461 1
79.7349 79.7349 2
34.6101 34.6101 3
44.1321 44.1321 3
30.9956 30.9956 2
30.1169 30.1169 3
38.6522 38.6522 2
53.0788 53.0788 3
36.181 36.181 1
43.7294 43.7294 3
94.5291 94.5291 2
31.0353 31.0353 2
44.9857 44.9857 3
56.4746 56.4746 2
73.4674 73.4674 3
74.4539 74.4539 1
89.64 89.64 3
33.1419 33.1419 3
37.56 37.56 2
38.239 38.239 3
33.5511 33.5511 2
35.9541 35.9541 3
34.6058 34.6058 3
30.1434 30.1434 3
46.6529 46.6529 3
30.2191 30.2191 1
35.515 35.515 1
112.004 112.004 3
31.2414 31.2414 3
36.4201 36.4201 1
30.2803 30.2803 2
57.7682 57.7682 2
61.4486 61.4486 3
46.6856 46.6856 3
46.4487 46.4487 3
52.5916 52.5916 2
88.2706 88.2706 3
39.096 39.096 3
33.7828 33.7828 3
54.3615 54.3615 2
44.6895 44.6895 1
42.4836 42.4836 3
359.889 359.889 3
106.701 106.701 2
84.6091 84.6091 2
30.1409 30.1409 2
54.1316 54.1316 2
35.0191 35.0191 1
73.7661 73.7661 2
54.9784 54.9784 1
41.524 41.524 1
51.4156 51.4156 2
48.2249 48.2249 2
42.542 42.542 2
44.8006 44.8006 2
43.9245 43.9245 1
40.1679 40.1679 1
94.0649 94.0649 2
32.2374 32.2374 2
36.5047 36.5047 1
35.5281 35.5281 2
158.559 158.559 2
225.253 225.253 1
40.012 40.012 1
43.2334 43.2334 1
171.525 171.525 1
299.312 299.312 1
39.5981 39.5981 1
56.3544 56.3544 1
32.0769 32.0769 1
32.4943 32.4943 1
31.4911 31.4911 1
37.2447 37.2447 1
33.7042 33.7042 1
50.45 50.45 1
36.7647 36.7647 1
39.596 39.596 1
