4.445790386508053754e-05
3.931404094287002193e-05
4.808715167347771437e-05
3.667602686461837817e-05
3.359732069237604649e-05
3.562814604429945497e-05
3.416276868725457122e-05
4.232128768636469047e-05
3.423959015930291204e-05
3.708903962616360070e-05
4.503713492606520308e-05
3.505261863217838458e-05
4.530799637263792476e-05
3.928679323032419497e-05
3.898683648553694699e-05
3.592221163247298615e-05
4.046038801868668210e-05
4.104813381089205836e-05
3.634959706844407060e-05
3.355940282217974161e-05
3.800935444490832104e-05
3.968526561498662668e-05
3.334170400600756142e-05
3.696266109817311521e-05
3.374509564127166594e-05
3.851276529492636146e-05
3.785352791654520062e-05
3.547251207787051959e-05
3.495967814354652097e-05
5.311841595483250336e-05
3.585959090469589827e-05
3.966825003340737675e-05
3.967496483369152473e-05
3.767219453225264619e-05
3.857275890230831450e-05
3.418059118119183798e-05
4.218179316089145270e-05
3.626266779742989556e-05
3.427207599386773327e-05
3.369635567160356903e-05
3.951534835199535165e-05
3.338918229009719653e-05
3.686566152449964173e-05
4.964309975203550157e-05
3.683654386347221324e-05
3.462353728811232032e-05
3.367376860988819298e-05
3.366248779441318307e-05
4.162080694616796504e-05
3.492987004205519636e-05
5.514442379543918417e-05
3.356303410100496898e-05
3.381973445897141318e-05
3.603741826625472133e-05
4.523884304215672363e-05
3.329436057235151422e-05
3.804409385046260200e-05
5.204157341075591489e-05
4.540769316525845547e-05
3.390852381165127509e-05
3.535354482097546934e-05
3.370557100035859172e-05
3.417920439281326800e-05
3.359749174118073755e-05
3.607664332126330381e-05
5.238477068782386697e-05
3.458629379359474184e-05
3.349920078075971326e-05
3.647951985997022417e-05
4.917984638612196002e-05
3.407886413814254726e-05
3.499576360615125120e-05
3.415059116081760760e-05
3.431854923261708809e-05
3.558958919990991840e-05
3.872579767213160722e-05
3.342179215020693145e-05
4.143852591704180071e-05
3.544301461824604573e-05
3.490964260919486096e-05
3.648020186037917060e-05
4.834735759553495320e-05
3.567928068720958797e-05
3.427029444208281895e-05
4.584159210605611080e-05
4.274568219890632496e-05
4.219119835522166877e-05
3.922994497347379955e-05
4.089156610487279612e-05
5.057821186289168739e-05
3.320706558953008644e-05
3.499020688804495332e-05
3.413141528811235918e-05
3.808516954736164981e-05
4.329858443619069743e-05
3.474207565547410054e-05
3.786315596068572461e-05
4.101209909577830184e-05
3.330636708067973223e-05
3.620987195991160818e-05
3.374915092283232846e-05
3.765951596003944325e-05
4.357771729161159135e-05
5.771128786427990210e-05
4.670493283021968364e-05
3.390460415235594993e-05
3.756894697964192968e-05
3.591594882283939330e-05
3.333366603886855575e-05
3.340384728623412589e-05
3.555474807900784340e-05
3.555972416393806009e-05
3.831264267387629016e-05
3.727539795719338764e-05
4.530911119087135269e-05
4.286360905501655040e-05
4.065891783749199300e-05
3.656061367193019589e-05
3.651253389255506275e-05
4.982476956862332050e-05
3.348116836614966263e-05
3.326667981990494213e-05
3.418260310884440646e-05
4.219808472690256181e-05
3.320247220362872908e-05
4.030746302024047436e-05
4.133031259138979707e-05
3.596402901081135496e-05
3.387141783511806901e-05
3.531890389071865098e-05
3.654057894077469365e-05
3.853644165610536958e-05
3.517582974868186692e-05
3.377533716302945073e-05
3.571723480694842474e-05
3.331742823699192137e-05
3.352979763090708045e-05
3.492231095777943213e-05
4.439654380514454409e-05
4.143663637297718977e-05
3.661752287875719733e-05
6.158790860884460810e-05
3.641817842801199889e-05
3.424464968074305426e-05
4.017135359426783739e-05
3.863717579532175686e-05
3.499117566492627405e-05
3.564921024514697945e-05
3.795566439919876895e-05
3.394823387427365382e-05
3.847369993818572825e-05
3.575060925612669080e-05
3.401496154604045902e-05
3.837270821369194657e-05
3.645237050934427720e-05
3.428275996014005969e-05
3.907423975505149082e-05
3.681374949243099658e-05
3.545410866369201375e-05
3.451896564180653075e-05
3.478694813627951230e-05
3.634302942400643831e-05
4.019355491168044152e-05
4.014099440018086261e-05
3.422090352500857578e-05
3.521742235809008294e-05
3.921476574809125258e-05
3.521925053475805594e-05
3.680330295591257412e-05
4.055629247739689813e-05
4.354762928725686068e-05
3.573437789164274212e-05
3.319631550401524621e-05
4.053607956395699838e-05
3.966279647106942322e-05
3.436983224867821258e-05
4.863719566705001520e-05
3.339231385525102795e-05
3.402586893638824322e-05
3.434707473366560094e-05
3.506020214314341710e-05
5.487383262442099683e-05
3.518785984035626444e-05
3.422938369232889967e-05
3.403932465693603664e-05
4.484482196411007713e-05
3.541835707212576546e-05
3.457470665297816923e-05
3.398187760776734710e-05
3.544896870776524498e-05
4.747192684432610074e-05
3.388807784689082403e-05
3.460930473126929834e-05
3.335308201210948284e-05
3.467581267323696913e-05
3.516127303513930184e-05
3.446297599741135844e-05
3.795395199931569718e-05
3.583480679949328502e-05
3.530702109660984378e-05
3.754006630583957906e-05
3.502058625564437902e-05
3.410239059339731339e-05
3.396299195801882252e-05
4.007854146937203681e-05
4.957437754628233359e-05
3.522616018768350270e-05
3.615758573947953593e-05
3.413398106124781078e-05
3.349954563850093337e-05
4.068602094730027364e-05
3.430994118142730877e-05
3.936153990935772553e-05
3.527778938899069191e-05
3.386293988462754645e-05
3.434146610639756027e-05
3.544766494814858713e-05
3.809017685264478209e-05
3.407244755469311648e-05
3.903555045146285459e-05
3.440847057719967746e-05
3.475060044339464856e-05
3.716504497203153165e-05
3.653181839170730735e-05
3.464582537063477146e-05
3.607488528377168519e-05
4.000169387469477435e-05
4.023908919764753079e-05
4.132952231645526124e-05
3.453686880217657985e-05
3.351129370735651597e-05
4.230421870905353311e-05
3.582472701846070015e-05
3.429365033664777971e-05
3.872907641188817079e-05
3.422746058272584460e-05
3.437240293029444476e-05
3.610609641587933202e-05
3.817751314231771062e-05
3.684930859217951885e-05
4.030941533168530690e-05
3.572120958669383107e-05
3.425535718068998284e-05
4.155095894619765672e-05
3.778274314076382229e-05
3.421572588588325190e-05
4.275623415437710995e-05
4.124822479428731273e-05
3.921254804260880896e-05
3.369409318184707146e-05
3.540399898625216647e-05
3.459779137425533937e-05
3.428373077587815507e-05
5.229665930763505291e-05
5.056163666223966450e-05
3.633239026449854400e-05
3.797332641209046902e-05
4.038971827330307458e-05
4.117399883480267616e-05
3.410452466297043554e-05
3.424767899831102644e-05
3.826643636245525274e-05
4.040002364669942548e-05
3.545268246987175875e-05
3.449812140129925855e-05
3.577744870886552108e-05
3.641171330264815644e-05
3.624046374769395845e-05
3.357931867500928494e-05
3.553526438338114552e-05
3.719934427958333122e-05
3.354174570245305697e-05
3.436404628100325222e-05
3.721932287054469611e-05
3.336128152387022325e-05
3.532297830064091434e-05
3.906064549447099362e-05
3.561241647255508885e-05
3.775230371874376559e-05
3.412240358448163978e-05
4.283130174251904311e-05
3.380836294203808280e-05
3.491538852795195142e-05
3.574683576955075453e-05
3.351907164609002317e-05
3.829154847718987731e-05
4.654272385624823918e-05
4.028989780287510079e-05
4.241420706024306731e-05
3.333617119449023192e-05
3.390527141641182159e-05
3.539048974611302647e-05
3.452386047370433500e-05
3.916168850445716191e-05
4.341095712560614031e-05
4.233851887461908631e-05
3.452333139469260660e-05
3.669449451341360772e-05
4.316725526368397832e-05
3.498709610571048927e-05
3.561807452129386344e-05
4.477968471080935169e-05
4.976225393034456788e-05
3.673048328605792417e-05
4.001072473668774120e-05
3.598609138491546745e-05
3.428154633414288944e-05
3.639923102317472678e-05
4.476878803131880389e-05
3.436993937096928487e-05
3.404655553327929620e-05
3.521316394851612970e-05
3.471717009529780480e-05
3.900061509714455019e-05
4.714457160979770416e-05
4.229786403202416957e-05
3.601895057082784115e-05
3.687928110030278114e-05
4.164222784635498856e-05
3.582231340196204633e-05
3.637060996855344890e-05
3.857716524122772412e-05
3.457114936578244954e-05
3.948857256468311683e-05
3.462917858979723730e-05
4.263174175883600680e-05
4.673567116360303933e-05
5.770124006229051004e-05
4.652270208432708311e-05
3.873000203552490298e-05
4.020168463105106661e-05
3.680097299830146346e-05
4.638528735742521240e-05
4.549330804114741267e-05
3.749036876481154904e-05
3.405185915629625369e-05
3.710798893634812459e-05
3.967234787731261823e-05
3.398124210369334725e-05
3.440956515012694823e-05
3.534908346566492481e-05
3.593472825143460511e-05
3.388476435522373692e-05
3.518595185414568369e-05
4.113065243561273883e-05
4.813610956792215321e-05
3.329699075299035789e-05
3.366759095824491935e-05
4.045322168906320502e-05
3.394684853317184408e-05
3.697241465825563950e-05
3.370427109772323044e-05
4.556250367541383095e-05
3.573238063463144202e-05
5.430736767534232080e-05
3.817757332325160953e-05
3.359683604109057971e-05
5.335030227452304812e-05
3.416034503078733216e-05
3.848924500701406348e-05
3.406034572215847761e-05
4.297543623229860320e-05
3.622480591982286539e-05
5.849030129201536829e-05
3.389534213458845525e-05
3.459802805612878024e-05
3.382452079487821068e-05
3.776266441506695237e-05
4.069081949358364084e-05
4.648352128573106118e-05
3.549076668143350265e-05
3.415674952321388306e-05
3.346068775791398247e-05
3.363168190140667545e-05
3.922536497051160823e-05
3.459587145673482145e-05
3.419616153212710690e-05
4.196890525199341749e-05
3.786180146172491692e-05
3.610343009705958031e-05
3.703008984704313163e-05
4.360303010258703796e-05
3.586476123850293880e-05
3.571810213536837217e-05
4.084265826858746575e-05
5.222501067503574100e-05
3.375362707344162108e-05
3.703532477638431431e-05
3.389609336831187695e-05
3.966940549049612270e-05
4.139250100063888977e-05
3.427007847910440897e-05
3.907341166806089713e-05
3.353787890300975250e-05
3.378165736895107654e-05
3.669809552385474281e-05
3.973570714826930801e-05
3.440272917535280254e-05
3.473921544423025311e-05
3.437018039276728399e-05
3.349135262828747256e-05
3.621149603701357073e-05
4.552930163680973813e-05
3.359663647320821169e-05
3.718475074404636508e-05
3.383822572100634289e-05
4.172944768531050097e-05
3.474698850682953491e-05
3.768265748380857013e-05
3.764532452744594838e-05
3.400840146392498058e-05
5.431018358552158824e-05
3.464839252170914406e-05
4.050145436204494729e-05
4.330604702928543602e-05
4.390478593944308218e-05
3.697353203015221995e-05
3.416295929186391044e-05
3.778164906932164223e-05
4.170439009677578360e-05
3.413384459730829705e-05
3.810206195318772640e-05
3.742151223555014572e-05
3.394914811424484395e-05
4.021454020293330076e-05
3.325791764183595506e-05
4.044153256949642537e-05
3.515379968453935218e-05
4.914411935311976319e-05
3.834459090142509826e-05
3.426454315059909830e-05
3.322404006305269396e-05
4.946686528055962290e-05
3.578550413786440635e-05
3.619417769727633998e-05
3.772225279094388071e-05
4.162218322125673167e-05
3.721338404336054634e-05
4.030644356844539840e-05
4.805287400459580174e-05
3.802477791294827124e-05
3.846841617888307509e-05
4.066095904193815671e-05
3.651793002854976069e-05
3.833489511217019898e-05
3.613888992708720046e-05
3.714466148363245878e-05
3.360171018715683692e-05
3.437473215391057799e-05
3.549221318657525714e-05
3.348608894611389947e-05
4.235472063910297166e-05
5.183922206024113582e-05
3.843072380954746430e-05
3.423996901820939166e-05
3.790108934551534941e-05
3.904083333426830937e-05
3.583132036406476081e-05
4.337341899393370499e-05
3.482270085526341851e-05
3.835931005727748379e-05
3.482321752021191386e-05
3.515900884473392555e-05
3.990771938018207433e-05
3.545420701607115857e-05
3.864850716867984214e-05
4.014822767549172986e-05
3.568660025578631635e-05
3.498612701813816789e-05
3.587376273440154447e-05
3.836028022298365744e-05
3.622992687269463165e-05
3.422336960079209084e-05
3.362078900972684351e-05
4.256364584493231568e-05
3.457309941082163169e-05
3.600811662506907691e-05
3.470009560531502263e-05
3.364165616898672515e-05
4.045289664148021878e-05
3.488064248870751836e-05
3.553132989890900827e-05
3.437754270797311121e-05
3.918615137307625821e-05
3.368039620084647989e-05
3.326539080062980002e-05
3.400638864035827766e-05
3.404924884856200148e-05
5.922104085738458815e-05
3.889812884285843286e-05
3.448828318556249604e-05
4.374514147594652674e-05
3.530396161038360994e-05
3.374777115104733634e-05
3.352354673358484845e-05
3.606949249915334006e-05
3.398676713287635659e-05
4.569396562816802017e-05
4.728493016228506909e-05
3.442050561682381262e-05
3.707500041177396095e-05
3.754216725159558295e-05
3.807543242527937171e-05
3.425754621762706491e-05
4.159236756525951740e-05
4.868978787676964522e-05
3.786221193002752738e-05
3.681474714262789386e-05
3.586723846008009248e-05
3.323834833525474050e-05
4.470164244550241381e-05
3.393212660858114919e-05
3.722037695519326222e-05
3.597369473713032180e-05
3.472985022215416783e-05
3.841759813157969464e-05
3.963866409602287227e-05
3.539575188549161437e-05
4.481967588677075812e-05
4.175324078885068243e-05
4.444866386321919693e-05
4.013672963101865866e-05
3.376608975864894038e-05
3.430450428977916755e-05
3.715488949515674717e-05
3.490374007442312553e-05
3.470922225221269623e-05
4.030870700095345584e-05
3.707645717088663270e-05
3.456076159726034899e-05
3.638829364143602072e-05
3.436171506477399967e-05
4.034580509884874109e-05
3.764223839257386622e-05
3.645102639024026077e-05
3.730484522714794330e-05
3.689207134278134467e-05
4.130312907844112627e-05
3.404861679656915187e-05
3.497410930024376309e-05
5.381100745660820378e-05
3.375393668387188475e-05
3.499759831959070095e-05
3.596849645669276398e-05
3.640791956890038824e-05
4.456923922373657709e-05
3.824379465033162732e-05
3.526524466246036446e-05
3.882566837946990903e-05
3.358939280371667718e-05
3.442258589155586907e-05
4.523343309680182196e-05
3.439572911248538520e-05
3.868587084485958910e-05
3.590049245676561122e-05
3.427215696744332913e-05
3.837284667988462094e-05
3.780516273487495441e-05
3.520449245549651045e-05
4.100143654411507509e-05
4.141796839779247739e-05
3.368914252845059187e-05
3.936725649025415004e-05
3.885136720646802322e-05
3.526190065642908925e-05
6.151309181805437228e-05
3.993812535853791121e-05
3.452893849809636056e-05
3.492528388022035136e-05
3.483746916016760295e-05
3.657499924024967933e-05
3.417599515187345373e-05
4.168478993109147473e-05
3.472787223163416992e-05
3.384811734181769816e-05
3.660980345338974470e-05
3.345751608771629242e-05
3.568092372204892832e-05
4.261748836200293216e-05
3.447076213686846058e-05
3.783530036673990948e-05
3.353295053729503708e-05
3.581786735355327789e-05
3.898891927753065755e-05
4.694725404084732813e-05
3.746641312052771959e-05
3.571651198901878245e-05
5.979981520092140298e-05
3.417213208492154313e-05
3.360208065675594031e-05
3.567159432004280957e-05
5.344120370935492528e-05
3.683672092728558587e-05
4.027108174718721344e-05
3.563219671389951702e-05
3.467152566813697659e-05
3.545909910003559190e-05
3.335389639592842927e-05
3.368803896732773697e-05
4.143143089483651863e-05
3.445930712906738027e-05
3.824818623265065600e-05
3.473414347759427672e-05
3.388663004416990574e-05
3.454014519902931838e-05
3.475480873616453703e-05
3.420609679727275678e-05
3.604066212808732422e-05
3.529530155099337713e-05
3.319012618225075011e-05
3.432752755758727452e-05
3.447312625254783831e-05
3.368614287378091023e-05
3.711770288724593555e-05
3.794824246470008140e-05
3.904718905529732390e-05
3.711646734858474667e-05
4.815073847915949458e-05
3.429319226987826683e-05
3.509736961680901506e-05
3.609201025647704316e-05
4.019327629726916176e-05
3.559700822404606932e-05
4.205512351369229863e-05
3.756974369048541375e-05
3.957175010549235914e-05
3.319186540754043687e-05
4.391177754387971214e-05
3.650935867017585421e-05
4.515674782340694463e-05
3.773804239270564856e-05
3.393897684470810862e-05
3.627684955748017428e-05
3.639637170190334871e-05
3.474087964591416315e-05
3.507188561453907053e-05
4.202936452348393496e-05
4.486022572754212756e-05
3.477899223015051204e-05
3.597910348120802727e-05
3.367226699050255418e-05
4.790122612282868731e-05
3.354827351490954456e-05
3.424984234551369758e-05
3.384009847402990955e-05
3.751588215593674812e-05
3.996845012612273675e-05
3.403976467884272468e-05
3.567645321370829076e-05
3.370130341203068339e-05
4.066057106608970061e-05
3.675807371553894515e-05
4.716241771854036744e-05
3.468370322524467119e-05
3.863863153457524371e-05
3.446454424383728761e-05
3.448090609178813603e-05
3.634488982242504247e-05
3.668907998561933152e-05
3.650128111069660510e-05
3.417482547666747788e-05
3.650257475834397695e-05
3.683855782625599376e-05
3.383912020576769524e-05
3.387420535952104266e-05
3.938150112679315981e-05
3.935510141243999462e-05
3.391660938417118110e-05
4.300854551664629917e-05
3.330511148273120265e-05
3.984400467495762563e-05
3.401881879321635950e-05
3.950801097974007502e-05
3.366503964224390482e-05
3.368155707623500685e-05
3.532851643172558770e-05
3.568053714433434598e-05
4.331257035396298040e-05
3.876622710643849436e-05
4.375835253884665662e-05
3.851343112785080854e-05
4.209535237329887060e-05
3.880976258889571792e-05
3.733305544693068043e-05
3.384222244594016607e-05
5.454372079723039722e-05
3.844974007421430440e-05
3.677562792997614267e-05
3.814545983087437461e-05
3.421239045384242552e-05
3.572019793997199323e-05
3.745022186124290084e-05
5.024505458807238857e-05
3.485879084494858724e-05
3.871765538165363260e-05
4.602747001573297695e-05
3.553198980290327055e-05
3.909306570990744520e-05
3.502412113624737706e-05
3.530644905297724065e-05
3.394274701207148465e-05
3.676241435441561782e-05
3.880065180609708022e-05
3.435546954944346785e-05
3.890986176664132628e-05
4.110113903412635292e-05
4.466129456049730935e-05
6.119003374197168885e-05
4.527189312324854224e-05
3.675606986824303226e-05
3.977337825429043183e-05
3.529903505166701527e-05
3.713070170148324015e-05
3.437644532872764720e-05
3.503355116057765546e-05
3.373125817250804314e-05
3.498842210593922943e-05
3.357763408622049491e-05
3.923115489129595383e-05
3.583175024898853454e-05
3.632696398227552506e-05
3.397256282078959312e-05
3.540116001200467241e-05
3.475002883874983334e-05
3.930935825597125453e-05
3.340894400671778945e-05
3.654435754940117974e-05
3.604538544745898251e-05
3.892128059314488558e-05
3.322330509474836471e-05
3.566980501515075864e-05
3.414835595549604820e-05
3.338526669747669080e-05
4.222842715808251547e-05
3.970546697966346837e-05
3.337766394147530084e-05
3.501371713539371011e-05
3.677464959427314477e-05
3.427682555395304085e-05
3.339553156696120558e-05
3.334560457639116764e-05
3.422911284979846252e-05
3.850418496814442785e-05
3.331235128207948371e-05
3.361042749368445916e-05
3.392943539456475519e-05
3.645002390759827758e-05
3.817309916260668966e-05
4.243619484418050854e-05
3.393484497112193176e-05
3.529866175046466708e-05
3.486188170277390586e-05
3.430603870216379484e-05
3.622475956726750612e-05
3.545941861883098600e-05
3.780512151803462953e-05
3.355459758003216084e-05
3.704829427023955237e-05
3.324639113455606538e-05
3.573028679466811765e-05
3.382488459219532446e-05
3.482499985248404818e-05
3.930708113848982232e-05
3.578428175980475940e-05
4.804722557903796850e-05
3.342586946367185583e-05
3.407954947415094984e-05
3.554413090898010500e-05
3.418442443815773274e-05
4.869862366943989058e-05
3.633429813073703151e-05
3.609016061799365206e-05
3.810218297137505961e-05
3.340396314454181477e-05
3.416557300291383039e-05
3.553377381904828785e-05
3.748484265244219011e-05
3.532200950321358974e-05
3.390713400413124294e-05
3.528207622373221971e-05
3.512608248120244609e-05
3.323564663274115687e-05
3.709978734754322685e-05
5.024844744188423413e-05
3.541554592405623126e-05
3.355408262040598412e-05
3.657019072693189861e-05
3.845166781604094638e-05
4.246435045914377318e-05
3.690454110990844494e-05
3.785615628120209559e-05
4.113655139993818781e-05
3.704711772201659621e-05
3.343754441142059240e-05
4.212449058475456763e-05
4.360165196419690158e-05
3.526284904523493865e-05
3.798927817044311938e-05
5.007184337532337692e-05
3.982999619480523715e-05
3.411210037973171587e-05
4.486264573242547567e-05
4.228338977933163563e-05
3.563500960755063577e-05
3.365746760786944455e-05
4.135243954199362219e-05
4.326365051798476436e-05
3.549498315916673190e-05
3.558941887729229572e-05
3.417400935899553429e-05
3.420924402357796649e-05
3.533052744891568877e-05
3.549285057805898013e-05
4.270608527834805713e-05
3.342991650726396993e-05
3.644940871025490609e-05
3.676199148234157699e-05
3.988018555493105067e-05
3.820240577741341098e-05
3.917451385631098496e-05
3.532429475439104985e-05
5.587957687798224412e-05
3.453435808102485189e-05
3.900748047760092401e-05
3.800797361127707997e-05
4.001633092790242224e-05
4.129714985678138381e-05
4.090446490965121581e-05
3.719395706761179516e-05
3.329699075299035789e-05
4.477010844491626846e-05
3.332410673570005278e-05
3.405147451393723368e-05
3.714818702179651820e-05
4.422994655327141183e-05
3.421361083758905967e-05
3.821373498386945570e-05
3.596379259550055817e-05
3.440117988068206405e-05
3.518871332103286597e-05
3.991494523768507108e-05
3.536330483228091132e-05
3.454875487730732557e-05
3.954977663320854606e-05
4.156508141165387975e-05
3.490255923801555485e-05
4.883043076311103159e-05
4.201096506248681894e-05
4.238695276637029235e-05
5.158467898651679080e-05
4.245618926812391394e-05
3.719529329627325337e-05
3.332046172324764098e-05
3.542757530468384743e-05
3.429526690841768627e-05
3.437438413658372086e-05
4.325471635494174485e-05
3.670719436879063384e-05
3.349842481514443021e-05
3.671168561459638835e-05
4.013611777913557563e-05
3.329453593550465112e-05
3.465122102126345634e-05
4.169564006134943472e-05
3.401289466872508286e-05
3.319778868441112868e-05
4.135376000509076384e-05
3.874850174628593320e-05
3.859224549972550784e-05
4.148294197765980122e-05
3.370675774759062494e-05
3.958599309929537963e-05
3.405306795450238426e-05
3.861889828857855339e-05
4.226556592108705402e-05
3.555660213840625069e-05
4.705494830561150705e-05
3.819182885291911379e-05
4.089709553401679862e-05
3.557244837561040069e-05
3.907437149171405792e-05
3.824936373941267354e-05
3.635723990166385997e-05
3.409483631988183944e-05
3.328602789518530662e-05
3.969429755154558717e-05
3.329970800622067525e-05
4.170328875138803142e-05
3.631371080752551962e-05
3.331920758544498550e-05
3.661581283807720911e-05
3.938194316561537920e-05
3.336799401838661867e-05
3.590507666723143787e-05
3.983797465873398854e-05
4.271946236569034669e-05
4.010123478915907677e-05
3.528942531046113930e-05
3.517459847491963179e-05
3.459524018696991907e-05
3.861423284094055224e-05
4.223684666816981877e-05
3.319613871028570138e-05
3.493117641080333198e-05
3.409491845629728603e-05
3.401992064295844179e-05
3.475192542745440111e-05
3.454220572052155272e-05
3.330773932955900476e-05
3.642368157751456098e-05
3.718893425343981199e-05
3.930102557348732665e-05
3.416426621612510619e-05
3.407283154631626261e-05
3.894287503873981865e-05
3.415764849768475645e-05
3.894807863206128478e-05
3.473957950708279717e-05
4.580151637202932750e-05
3.560862686898863181e-05
3.367787587309208173e-05
3.363151133037654936e-05
3.437542815949767226e-05
3.491018139956828193e-05
3.464302186329220305e-05
4.980517814986745902e-05
3.460386480004020040e-05
4.323040625617352248e-05
4.188617739956321804e-05
3.629371384866475627e-05
3.341505146262131217e-05
3.492379750599370925e-05
3.566305663147845828e-05
3.965844297622976583e-05
3.327912350935616892e-05
3.599406625485136513e-05
3.341855245804088015e-05
3.674259175742699695e-05
3.580648237713421751e-05
4.167128334857751938e-05
3.687365394143925218e-05
3.384929039655480568e-05
3.440256891238784178e-05
3.567981228007348669e-05
3.534194207481173487e-05
3.728512091513520383e-05
4.187704923741241152e-05
3.357317879920453953e-05
4.593497054684137171e-05
3.739747749659898393e-05
3.991657810267122485e-05
3.458463538050259890e-05
3.898020738357368877e-05
4.172066494889622491e-05
4.882329244470166418e-05
3.387350853755885722e-05
3.443703159515922388e-05
3.485451391549958125e-05
3.424724628377188583e-05
4.415110850668335906e-05
3.889275435272207879e-05
3.697951167779540933e-05
3.696980709596180473e-05
4.852687283205996068e-05
3.861182175218107226e-05
3.572797595890754010e-05
3.424635376254757315e-05
3.326981390739603881e-05
3.476698410924248693e-05
3.425000458140623052e-05
3.551058685084736041e-05
3.624449100792509476e-05
3.439703858239377281e-05
3.805974166085313661e-05
3.530244403370086907e-05
3.369581836811275268e-05
3.493560681795102762e-05
3.428653493009619388e-05
3.504761967162587304e-05
3.629724085814583465e-05
3.411177228570135792e-05
4.383863765146016691e-05
3.493307168737165482e-05
4.259670707919867571e-05
3.902971812988036544e-05
3.429486278512052270e-05
4.327343244315905819e-05
3.718854614724144208e-05
3.649744481762406593e-05
3.415159959736331554e-05
4.202212449844590705e-05
3.754214624373844694e-05
3.526357276845074870e-05
3.863735049199622137e-05
3.825199780038010468e-05
3.381990243211863872e-05
3.523078957234165810e-05
3.709173278869532517e-05
3.377497189617805130e-05
3.506032891936630529e-05
3.459439844467134835e-05
5.581353658798172561e-05
3.372981998418988429e-05
3.999105072289549893e-05
3.836914718241694796e-05
3.531286443018296869e-05
3.820068356975157066e-05
3.420009858383545590e-05
3.495044894394578277e-05
4.186089437983876694e-05
4.087878907987438929e-05
3.362465809290984651e-05
3.528835434966447730e-05
3.409875088395647826e-05
3.587523857742935557e-05
3.454622012485914748e-05
4.188766973022737216e-05
3.565078444306288085e-05
3.745398603794861347e-05
6.477806795388691124e-05
3.524936535181913188e-05
3.614849758095702834e-05
4.080615538479339950e-05
3.535024852447720756e-05
3.451232149236288028e-05
3.441879846646954595e-05
4.187474689479079925e-05
3.454767238935117405e-05
4.128376069658961956e-05
3.431045245033451075e-05
3.680217131288099971e-05
4.376420988589558610e-05
3.348148495453803428e-05
3.943241157982427676e-05
3.433464648724192072e-05
3.765164059363407598e-05
3.388949764204603394e-05
3.405081509923631031e-05
3.934673995785034964e-05
3.372849444562395660e-05
3.511636723564360148e-05
3.562137593128037133e-05
3.435729259758936281e-05
3.332606001112647898e-05
3.507305084017118543e-05
4.418472503366703791e-05
5.740727999240050208e-05
3.653387888531014842e-05
3.443556646232063834e-05
3.486123783620526963e-05
3.520953065620390963e-05
3.410269157417126812e-05
3.530204595109943369e-05
3.375494989977077543e-05
3.762441695442717270e-05
3.623949146598602080e-05
4.405800744780467902e-05
3.365003281524129919e-05
3.751826041136427505e-05
3.780213296780378173e-05
4.142481333731729747e-05
3.392038639155667680e-05
3.986143835164825035e-05
4.089953579922945643e-05
3.679158248622495800e-05
3.507267088698851976e-05
4.007013211467494093e-05
3.785985157015025614e-05
3.432244780176993632e-05
4.136699044006678403e-05
3.485546733199707258e-05
3.470604171317031488e-05
3.429510526067030006e-05
5.914641752044946712e-05
3.648395223602990530e-05
3.389539778310114932e-05
4.206187153275642759e-05
3.393021230011555238e-05
3.728385775308203104e-05
3.731505978522821831e-05
3.590208404902817037e-05
3.455836117089527797e-05
4.376853604733685430e-05
3.896324170796952970e-05
3.732612044357746270e-05
3.385495858573189435e-05
3.787285930601690586e-05
3.616773840335378939e-05
3.689039607415086757e-05
4.415487404677396089e-05
4.001906272260056873e-05
3.625913153118864353e-05
3.433233663799766563e-05
3.449849250368101336e-05
3.361592246827412619e-05
3.341198364577805936e-05
3.483039698099414216e-05
3.478197304179883251e-05
3.599670774380651878e-05
3.930102557348732665e-05
3.666345424126534754e-05
3.561802596486804943e-05
3.476911164865620704e-05
3.723329895287784142e-05
3.430062703860964086e-05
3.604399917696061875e-05
3.491744001174330024e-05
3.635705634184628620e-05
3.834922822016409552e-05
3.883156621321878896e-05
3.740136241867640551e-05
3.548875601516706454e-05
6.994774773471203796e-05
3.527494732522288618e-05
3.318682391239974870e-05
3.606463709651159280e-05
4.412518300751548867e-05
3.413752859718563064e-05
5.289574442621956866e-05
3.363259157339114320e-05
6.151022795334368644e-05
3.435214448249547227e-05
3.680299231833436638e-05
3.387810683423392690e-05
3.638282155863850750e-05
3.348821770361772184e-05
3.683665452862985395e-05
3.437457153173296439e-05
3.853573781263696426e-05
3.458910996243901980e-05
3.402413431286843579e-05
3.523269088892850290e-05
3.514365208589284307e-05
3.369748675984073316e-05
3.357980402187211614e-05
4.709756659653450137e-05
3.540723218565449364e-05
3.687018820204200181e-05
3.335895598433904851e-05
3.866033327375665424e-05
3.731204750386019119e-05
4.273927110755276732e-05
3.888028224279352249e-05
3.493245703406281375e-05
3.694679919513137374e-05
3.409516486227882198e-05
3.719182313843202587e-05
3.498153560003491381e-05
3.720070151860090980e-05
4.291470816901280671e-05
4.042858325727786327e-05
3.725578090757088184e-05
3.551083165647864583e-05
3.395853593433337302e-05
3.451033550602580020e-05
3.389756787915163217e-05
3.517095421521369082e-05
3.419643309295550341e-05
4.188911528614393790e-05
4.712265947843918411e-05
3.887478644646006617e-05
3.359044825124154679e-05
4.284793114052147674e-05
3.516346137146829430e-05
3.541051391649698569e-05
3.559995033129650813e-05
3.636767567441548534e-05
3.348119714725242139e-05
3.478000319282924995e-05
4.492178556206744146e-05
4.001324602705601876e-05
3.993341075010704188e-05
3.394025217727145264e-05
3.462382597420742312e-05
3.452880628392043311e-05
3.725959934616217441e-05
4.428364757382627760e-05
3.551695028949401691e-05
3.325231707301581208e-05
3.375525947683602506e-05
6.720085824245852660e-05
3.450278589012884185e-05
3.648942815303449281e-05
5.277721992101379973e-05
3.371229438263609812e-05
3.537872244016792921e-05
3.626377701888573837e-05
4.229159756560180384e-05
3.667029109516596998e-05
3.896754665695407321e-05
3.752785340950980303e-05
3.730520863833636024e-05
4.169919733950985395e-05
3.638085197081814080e-05
3.424289125665123284e-05
3.443665866851846350e-05
3.403049341059648328e-05
3.462390470563002929e-05
3.341198364577805936e-05
3.572739818574092259e-05
3.687654505133074699e-05
3.436878775822001784e-05
3.350753211136484072e-05
3.533305939323654678e-05
3.323508859718866357e-05
3.523929327088617881e-05
4.232656027314850094e-05
4.537547595620729262e-05
3.419846961016124385e-05
3.862894317803594059e-05
3.340425278547646431e-05
4.036688329796018511e-05
3.752223727507000503e-05
3.393942045359086331e-05
5.182762795716561996e-05
4.266020930206081222e-05
3.348695200076590254e-05
3.670444524899677680e-05
5.126662396447940269e-05
4.104182168340992054e-05
3.621388538631108807e-05
3.526963546540237584e-05
4.708945700205453540e-05
3.909402420718889495e-05
3.752743280535785229e-05
3.333110208775127390e-05
3.717081074987206178e-05
3.702101114547982658e-05
3.724996537465320463e-05
3.392169141200251036e-05
3.842193530509040655e-05
3.643675665625833505e-05
5.266541377081006628e-05
3.377938246943212522e-05
3.413163367243396510e-05
3.345618950769338468e-05
3.410304726930451396e-05
3.575469396228651733e-05
4.333764580728979512e-05
3.583124871519852492e-05
3.635118108155569307e-05
3.622214038290008111e-05
3.863034150976811130e-05
4.237211026511573676e-05
3.968944877132406956e-05
3.542962016807392044e-05
4.581476417257096431e-05
3.851632909066353541e-05
3.595743141923891028e-05
3.345344937362046775e-05
4.478299627040338663e-05
3.380724202619844992e-05
3.671054618781893032e-05
3.483754657093842349e-05
4.678459953626764814e-05
3.672599835974022046e-05
3.423923835142421169e-05
3.420886422816926155e-05
3.622098128553387039e-05
3.522223015383135276e-05
3.933981452527685432e-05
3.397853393734260767e-05
3.975451010410949816e-05
4.308458448687051335e-05
3.924174194756160878e-05
4.028617805295332224e-05
4.079014455614319982e-05
3.347258856471362266e-05
3.394393881069705934e-05
3.374303932680263661e-05
3.428858372094441807e-05
3.553778084770907854e-05
3.458795198803317635e-05
3.473388332183417624e-05
3.657982857863913476e-05
3.843777426269333190e-05
3.401587086265434084e-05
4.540264974685460317e-05
3.473822722073778834e-05
3.880429682513965230e-05
3.499425996320305437e-05
4.132692540618536033e-05
3.565201944914954272e-05
4.089128376653380854e-05
3.389831897724010848e-05
4.409194090315087888e-05
5.406676465960482075e-05
4.992154683823543150e-05
4.314108937764606430e-05
4.089535224225087761e-05
3.603666595171120096e-05
3.328316129790387287e-05
3.908150226845567523e-05
3.700154551155172269e-05
3.840457852539977987e-05
3.452206151408156772e-05
3.333637507972269336e-05
3.451925673924143137e-05
4.037617288898574867e-05
3.652049129198376890e-05
3.539345459628745087e-05
3.436230460881430809e-05
6.852289002645660669e-05
3.526414672678616382e-05
3.762295515106468629e-05
5.217800059724941007e-05
3.419428760075614933e-05
4.120390575335270995e-05
3.551592256172532523e-05
3.342575381405353562e-05
3.324583359482715555e-05
3.509150293755862433e-05
3.390604984550391488e-05
4.377363224476890445e-05
3.436873419225367160e-05
3.535971381143928298e-05
4.430788058689296951e-05
3.406556111322611404e-05
3.995769411367908793e-05
3.338810925329351823e-05
4.629958380237673992e-05
3.557612680116445050e-05
3.483398518578755394e-05
3.497357321391559535e-05
4.046683302307404535e-05
3.412469809364342588e-05
3.903385196436346836e-05
4.104859396578676266e-05
3.336049670411770886e-05
3.445670104838630414e-05
3.829894800655898760e-05
3.522493374604460293e-05
3.982465691578027377e-05
3.454756677577611900e-05
3.319610924441237691e-05
3.956507793862140226e-05
4.421363644032434980e-05
3.425581664009177529e-05
3.665537999807859051e-05
3.529044637589451538e-05
3.864183363013001885e-05
3.526067763046979387e-05
3.370237751459283899e-05
3.383618493424671476e-05
3.403308016020921070e-05
3.814558047081602815e-05
3.497250097346137396e-05
4.170983271530369032e-05
3.895872674404940217e-05
3.499275614255927821e-05
3.539562838574868429e-05
4.537280602399423781e-05
3.488807221726023656e-05
3.755827076541001368e-05
4.029541513413978468e-05
3.684709720519909159e-05
3.446154048119759255e-05
3.416328603581911960e-05
4.946263407067380948e-05
3.676906726457601616e-05
3.410110450234086040e-05
3.598717700797036018e-05
3.674820743242383222e-05
3.355680021757571023e-05
3.506225576276248801e-05
3.351499674006018313e-05
4.727122449317866683e-05
4.056789091155430063e-05
3.321871788221677900e-05
3.532007168911222098e-05
4.187638034941844784e-05
3.896803965133989337e-05
3.395031159447756093e-05
3.509026350938679399e-05
3.417637595260390683e-05
3.344378186651338492e-05
3.378339836546210293e-05
4.095138388398363044e-05
3.361088312954135701e-05
3.586704792127800331e-05
3.398908690876639363e-05
4.449116372736636589e-05
4.335730989701612806e-05
3.334313047951814981e-05
3.452936157410393757e-05
3.581698274356533526e-05
4.099904589974352439e-05
3.977739263015369947e-05
3.447570236534328562e-05
3.669127291037914201e-05
3.404416403784210149e-05
3.812209623156550040e-05
3.335241301306224917e-05
3.716452657935751615e-05
3.892664426055735124e-05
5.743822616149288888e-05
3.428507900566708138e-05
3.448576272434280367e-05
3.431230898755906948e-05
3.855795048269269139e-05
4.089233005232423740e-05
3.367450518603986139e-05
3.800571930699982046e-05
3.816753956394855631e-05
3.472675296817094034e-05
3.534506692156476045e-05
3.864947689601522701e-05
3.597870203555201965e-05
5.016892685085293490e-05
3.451303637051552644e-05
3.476633539795436292e-05
3.702476558173091442e-05
3.787706265000742519e-05
3.526092723707888442e-05
3.372087687283465367e-05
3.483068097668849433e-05
3.570209541798865995e-05
3.485046753935149282e-05
4.131210959746186374e-05
3.617539428803285190e-05
3.961740862867858679e-05
3.506767978431644478e-05
3.418298370717508998e-05
3.682828566331673909e-05
3.447519780761850182e-05
3.845811791729179943e-05
4.014869928637193386e-05
3.417643035175576340e-05
3.955254335393966486e-05
4.305865478761366301e-05
4.557622683362267784e-05
4.814745333884513998e-05
4.468963965896967095e-05
4.842013474626450086e-05
3.405435904043835403e-05
3.436551981404346038e-05
6.773143918662086042e-05
3.916630770961233160e-05
3.330365132141241533e-05
3.569179150605673563e-05
3.542604760455734305e-05
3.762800815089587170e-05
3.496103255906368712e-05
3.604038008501761849e-05
3.805300292360161728e-05
3.627197774058288604e-05
4.604461456950420252e-05
3.382312147413827513e-05
4.890937257159549148e-05
4.023860313476201981e-05
3.383928791442187634e-05
3.388805000613489182e-05
4.078606387885076869e-05
4.446212610756300655e-05
4.186595434356762512e-05
3.389876405080828500e-05
4.519595499153402344e-05
3.573221217723083880e-05
4.871823159532279754e-05
3.468116938081040510e-05
3.432371121461202782e-05
3.838735822971066938e-05
4.117046206125433717e-05
3.360017119319048647e-05
3.915684327465239337e-05
3.519932686815739132e-05
3.330327165063066302e-05
3.408842800227719085e-05
4.656167614301479052e-05
3.639586839742683640e-05
4.028373807613462050e-05
3.505984716301254226e-05
3.521158547230748137e-05
5.336340556473757933e-05
3.471787343381352238e-05
3.872940424388379753e-05
3.349621160463122987e-05
4.084300818175331811e-05
4.395520163954096972e-05
3.339443010397625080e-05
4.140414078965089841e-05
3.916698082901251597e-05
3.708923511573826307e-05
3.350497586061258981e-05
3.494384889744748808e-05
3.744901625885311674e-05
3.484471791705876881e-05
3.921368489270683050e-05
3.461896991823753557e-05
3.623062187124416006e-05
3.800858281959057532e-05
3.346887261320876094e-05
4.231763056246729373e-05
3.461539886581783596e-05
3.617548734128590924e-05
3.371175777745892853e-05
3.768367631059261683e-05
3.949498795764285809e-05
3.806158260692060004e-05
4.031048640094976230e-05
5.154694063296908895e-05
3.400569924189938514e-05
5.158143471739090244e-05
3.744872012965783450e-05
3.681213092395863116e-05
4.543997190321562551e-05
3.591110732127998477e-05
3.367172862927435761e-05
3.702653329670944004e-05
3.518650419520333387e-05
3.566092738036451216e-05
4.428240695041080226e-05
4.400296124487673580e-05
4.381604639953535926e-05
4.157949209848951018e-05
3.708773628991326126e-05
3.759266067955123068e-05
4.017745621886184044e-05
3.555120999111852082e-05
3.427331753088408894e-05
4.366542189649428544e-05
3.370913089740471008e-05
3.691334668331643066e-05
3.527559557063610616e-05
3.825347425275119366e-05
3.706725737860950306e-05
3.344476339678245446e-05
4.005830867748715052e-05
3.398991529464837855e-05
4.369199340935195700e-05
3.900659175884604548e-05
3.449170489586913808e-05
3.821925612466635808e-05
3.896263473771235936e-05
3.451152713554176874e-05
3.931748257256142948e-05
3.719484071747858827e-05
4.481021349992203936e-05
3.531880449871816169e-05
3.424824691332779792e-05
3.463903823781766165e-05
3.345693933156665769e-05
3.365721228912761507e-05
3.934018396632469689e-05
3.577910335572259849e-05
3.524819109990536887e-05
3.638717193439663374e-05
3.706155601156173275e-05
3.506435974596825952e-05
3.628919421054720504e-05
4.247751906400387602e-05
4.518226521316406788e-05
4.477745937839991826e-05
3.599267454179959065e-05
4.026044266461550468e-05
3.657122933241082865e-05
5.587690278976546211e-05
3.540335718597427227e-05
3.372310620794570642e-05
3.432559265627046873e-05
3.321583528064263265e-05
3.382174998533626578e-05
4.883440658175220719e-05
3.503141667201841879e-05
3.675270718276749452e-05
3.582969622634022333e-05
3.367082186211782513e-05
3.562261374312072979e-05
3.483000970387555126e-05
3.939687238010623050e-05
4.332205271769337283e-05
3.353527170183669864e-05
3.530416062352791909e-05
3.370277321286046189e-05
3.370201006904695887e-05
3.653652762187338082e-05
3.813463818179221323e-05
3.424202547972003382e-05
4.029442943114630685e-05
4.030155266956651663e-05
3.606029620527613088e-05
4.034913071508512109e-05
3.728946615018481284e-05
3.630606577783699500e-05
3.910657267963557349e-05
3.440668167873775154e-05
3.457439049042711438e-05
3.354870285381225166e-05
3.398452979367218800e-05
3.643522847367385112e-05
3.913111162188386379e-05
3.440037844607242906e-05
3.768059880669063914e-05
3.597664738552021444e-05
4.605946697717809124e-05
3.355748667268418502e-05
3.640739384533804172e-05
3.651387179458051010e-05
3.365448855774527139e-05
4.018934030125122605e-05
3.994335217636664205e-05
3.500164904168797449e-05
4.218991824639065942e-05
3.640661665052480187e-05
3.635623029112683473e-05
3.863092410691010867e-05
3.455880963702233236e-05
3.461566147771105235e-05
3.406929288732035569e-05
3.406550622580693295e-05
3.365746760786944455e-05
3.408757878856475169e-05
3.408766097307965536e-05
3.418186906486671891e-05
3.651838338549203913e-05
4.392048545666422677e-05
3.385490275423160982e-05
3.634215655424260431e-05
3.549603706340743786e-05
3.332772150509030030e-05
3.505609391123587509e-05
4.740358941389464473e-05
3.752453028332063362e-05
3.558868889782612578e-05
3.852368878716849965e-05
3.540269066720357505e-05
4.304552239506562623e-05
3.671827450909851353e-05
4.319357760948354283e-05
3.710991927341006575e-05
4.276881952998737145e-05
4.470585367383753177e-05
3.573911714051894201e-05
4.067196993729462270e-05
3.419138109054852069e-05
3.496838988066066896e-05
4.591421121020180873e-05
3.405210642007490613e-05
3.371695338758353420e-05
3.707382619284571411e-05
3.327713337882917411e-05
3.321345220279844945e-05
3.398392205134241270e-05
3.456168471609990991e-05
4.120992224859803085e-05
3.684265121298416939e-05
3.536620168375544386e-05
3.519656769080887809e-05
3.358385734231308294e-05
3.744404466539126808e-05
3.322342269268174292e-05
3.665549217384276502e-05
3.489963234374257990e-05
3.424489313527833323e-05
3.650237050657101123e-05
3.448151659159102132e-05
3.483594665220192746e-05
3.835527027463468490e-05
3.586247415472013572e-05
4.483832638609545765e-05
3.444235790642950280e-05
3.377311729687365382e-05
3.323602843169477480e-05
3.556304049035072836e-05
3.447944608041241530e-05
3.555374775233677119e-05
4.139648362407710020e-05
3.630443027205788853e-05
4.045269134456916268e-05
3.505292307404760739e-05
3.320435688103633588e-05
3.329266526423704212e-05
3.393933727813991413e-05
3.946202148953840256e-05
3.997674168090436695e-05
4.403264899421320295e-05
5.060475660878368051e-05
3.588002201762993594e-05
3.346518434577667295e-05
3.412502584603423217e-05
3.476163773501087884e-05
3.763378966705536153e-05
4.849437888328601929e-05
4.184168234449372776e-05
3.347474848022831558e-05
4.168798751088391305e-05
3.482280418993958864e-05
3.351005911302596643e-05
3.346455031222328458e-05
4.153924110486611018e-05
3.435386075659494854e-05
3.611626555535565029e-05
3.339286469521893897e-05
3.403274996695946096e-05
3.866081773802356174e-05
4.028468988848789230e-05
3.433150391312224885e-05
3.384739110904609252e-05
3.407156981486334342e-05
3.812090788228820207e-05
3.505025896110709987e-05
3.367413690350239277e-05
3.821849609779760668e-05
3.687047520811461657e-05
3.434686009572192485e-05
5.184458408385142811e-05
3.379984141710860841e-05
3.551039100300071934e-05
3.386988442775080012e-05
4.580334008918140050e-05
3.357803384018532926e-05
3.678525182705892198e-05
3.353077225266457928e-05
4.697222795458482478e-05
4.044938909223315599e-05
3.334991121134611876e-05
4.387235512951309321e-05
3.480514755971493828e-05
3.610574561539092237e-05
3.826222998588066864e-05
3.671208774200521369e-05
4.622198097873300200e-05
3.878077948912470041e-05
3.562661761833004186e-05
3.522132882959482685e-05
3.526122675859599050e-05
3.485234913609197631e-05
3.533623602935732921e-05
3.329926978081209781e-05
3.341878389326778610e-05
3.761842256776167057e-05
3.343078355562302398e-05
3.343994158981106093e-05
3.596469095094588270e-05
3.607643236920343347e-05
3.481908361022201720e-05
5.493682944172808001e-05
3.465221608308327692e-05
3.419349992211369809e-05
3.885949001744248415e-05
3.458979416993526913e-05
3.869175011480283853e-05
4.968494660288945783e-05
3.429804153475765762e-05
3.948566550300613623e-05
3.878254705149815850e-05
3.524359299331327459e-05
3.392232998871824707e-05
3.883011113252089606e-05
3.325360748637009477e-05
3.513054649227572601e-05
5.416713050091225305e-05
3.403676671985161374e-05
3.383450732179088142e-05
3.661259466601726238e-05
3.474639074869280414e-05
4.499518393567162407e-05
3.484843097601970588e-05
3.900859602445619280e-05
4.206781777398934275e-05
4.047829712694259180e-05
3.476794414086578378e-05
4.099073336630567693e-05
3.552157405271393444e-05
4.340179595982482494e-05
3.448520550138407705e-05
3.967186052955539599e-05
3.498750412050048692e-05
3.382922134685552166e-05
3.414879212471405356e-05
3.751910217235026961e-05
3.523336628874170796e-05
3.347158047295943861e-05
4.237099574791481640e-05
3.499234829615662510e-05
4.072263571937742268e-05
3.360831995686215304e-05
3.418784890198779724e-05
3.642772185387969176e-05
4.035820770568999770e-05
3.408914020117918294e-05
3.543631913353915904e-05
3.375821413774612054e-05
3.455292554421838489e-05
3.979274092609037312e-05
3.701013483412768839e-05
3.320877294135290823e-05
4.347294409333049011e-05
3.339744439683923208e-05
3.361743101871655416e-05
3.766938502356201155e-05
3.679735521260509831e-05
3.541194478537804168e-05
3.999429921026081286e-05
3.753300475861262012e-05
3.358351486022934741e-05
3.840414432943815810e-05
3.909086656014961928e-05
4.268103856811182557e-05
3.927726001208858462e-05
3.879957730500292783e-05
3.469975648840323843e-05
3.940542527474691587e-05
3.480980323483401796e-05
3.529164166634949463e-05
3.489765502436384550e-05
3.378061826958774671e-05
3.353607397695169262e-05
6.021614973555354690e-05
3.561120197678668359e-05
3.576857237300749083e-05
3.903007682075564598e-05
3.388239702980962831e-05
3.468030723518937699e-05
3.535929272951337035e-05
3.614763504464546176e-05
3.331518180099161470e-05
5.825941993686167754e-05
3.400914584992835232e-05
4.216621694309517744e-05
3.343087025705777904e-05
3.539538138270777943e-05
3.587002477207091032e-05
3.983852781211171890e-05
3.606717057432695325e-05
4.063179875581964938e-05
3.743828804299282844e-05
4.755633955023015364e-05
3.322130575471967837e-05
3.700172041249182129e-05
3.736671986010181302e-05
3.841329905828550693e-05
5.203737978031068486e-05
3.564077897851200934e-05
3.417585914878475958e-05
3.404493376495039300e-05
3.492115748151341858e-05
3.683917744620157620e-05
3.325645177495072986e-05
3.438853794659305660e-05
3.513561390220293909e-05
3.636533694256227926e-05
3.431241660443454993e-05
3.739953685580976555e-05
3.796597507819557480e-05
3.733821705696512146e-05
4.263031997099862066e-05
3.434978422051556535e-05
3.364693838343873225e-05
3.374760218873892458e-05
3.396465217680994772e-05
4.882064033814645642e-05
3.444962466714137939e-05
3.405485346323621642e-05
3.571092083811960459e-05
3.815036500913750422e-05
3.453377657927479981e-05
3.443522013314579333e-05
3.871338941173010261e-05
5.553246215162484716e-05
3.891686640607052263e-05
3.923353719874261765e-05
3.669471820696546904e-05
4.427034257396203086e-05
3.333133519662948257e-05
3.760069556654065017e-05
3.418847390072849270e-05
3.571263217872016574e-05
4.223198397635025169e-05
3.785412344938552753e-05
3.712650012059893594e-05
4.754778517149971424e-05
4.424221510130497352e-05
3.853014491084284549e-05
3.642735668181839421e-05
3.822087604323226307e-05
4.169756046560716973e-05
3.339451706521274815e-05
3.397524465142576520e-05
3.637688900451741360e-05
3.610951038447258934e-05
4.169190874459280458e-05
3.671237815982299191e-05
3.388704769702753010e-05
3.818531442813179362e-05
3.414661112540094364e-05
4.487350558872083462e-05
3.601541874711551442e-05
3.592358715054183132e-05
4.184096512424078588e-05
3.762429166311593155e-05
4.133458580736105591e-05
3.352761878287756380e-05
3.746180712310874452e-05
3.387138995668801544e-05
4.022093768214886420e-05
3.345073747542615187e-05
3.736173937811629211e-05
3.566508877238034112e-05
3.502501105949218000e-05
4.143143089483651863e-05
4.511517828331997575e-05
3.854791323040395910e-05
6.653114642985228332e-05
3.397889321804763439e-05
3.418907169621142111e-05
3.667707964806416675e-05
4.327522324174000971e-05
3.659142085990560992e-05
3.619919446651615629e-05
4.221773654477453143e-05
3.447163877109878918e-05
4.122912634520123625e-05
3.475351002987858500e-05
3.680279261894078884e-05
3.626227492578855513e-05
3.615238994620592242e-05
3.682908292344756404e-05
3.608641371589217184e-05
3.441829161138019983e-05
3.577824008796527807e-05
3.751866025430831454e-05
3.466420302042920898e-05
3.535755871744780275e-05
3.332191985980788009e-05
3.330841079895316349e-05
3.579230900674061785e-05
3.342465508779431674e-05
4.648457195568723641e-05
3.390251871938493842e-05
3.977463286643964218e-05
3.584084615442783157e-05
3.817951903287749026e-05
3.962371249732281580e-05
3.339898023911407575e-05
4.172585036328271694e-05
3.486556399119184862e-05
3.903872041705998616e-05
4.302365869755410676e-05
3.910918242255559163e-05
3.463088360218577585e-05
3.526536942193004670e-05
3.506623529371121102e-05
3.626123491493906097e-05
4.412004947724407005e-05
3.567964313925208169e-05
4.029164489429240445e-05
4.837960071571243542e-05
4.446442148920973827e-05
3.338770321463608247e-05
3.689044016284788235e-05
4.074175644153145133e-05
3.583654966746237128e-05
3.335872340586400127e-05
4.126297414855366493e-05
3.867305945281917384e-05
3.801968601246373704e-05
3.817442350389433823e-05
4.134383759104706468e-05
3.330286276109195983e-05
3.570026206466010699e-05
3.399093689411243971e-05
3.939392826751714753e-05
4.233415626940949977e-05
3.518361669437517750e-05
3.363441071440236512e-05
3.820088383742691832e-05
3.455632968270157506e-05
3.737799369398341217e-05
4.176979234347465793e-05
3.483346895993020485e-05
3.433998973310519619e-05
3.618327821630555976e-05
3.659198442932032395e-05
3.449456886583305274e-05
3.484894659261501094e-05
3.863247758117439450e-05
3.410318407240846099e-05
3.488213392517644572e-05
3.335674630875985140e-05
3.998105354130520109e-05
3.784136519686995650e-05
3.443119668459673321e-05
3.833650162919500343e-05
3.365250212137950512e-05
3.414423885373387378e-05
3.510055470084101842e-05
3.557634601204651549e-05
3.357700587497457288e-05
3.472157182862136858e-05
3.848745977211466004e-05
3.441418265986887859e-05
3.869660252949906246e-05
4.726709951081061589e-05
5.263242458254024849e-05
3.473916343439480917e-05
3.866068208971168343e-05
3.547619452080618449e-05
3.611505034842047638e-05
3.396271523318780477e-05
3.642162672695407519e-05
3.552502244918966589e-05
4.662338553359968472e-05
3.831462917056009931e-05
3.656296339946606496e-05
5.226150317902055148e-05
3.571865623153844873e-05
3.800533339823658941e-05
3.445912099842132124e-05
3.429047046736009602e-05
3.362676281513104782e-05
3.506610857620227504e-05
4.018285927271143815e-05
3.438201152599738451e-05
3.414344799577869989e-05
4.117771399196778521e-05
3.555421132797793610e-05
4.176459057895661722e-05
3.474553304631504825e-05
4.284308151537817035e-05
3.856987258499981682e-05
4.221183298809333737e-05
4.500432285318534624e-05
3.785001580235135569e-05
3.594952884654598654e-05
3.588535075126977078e-05
3.635072196685620822e-05
3.988993235380743736e-05
3.628919421054720504e-05
3.377157158348528750e-05
3.436447496308199208e-05
3.407296868329763947e-05
3.880744229516121268e-05
3.674544445871419178e-05
3.540752831600207950e-05
3.525388646636214423e-05
3.339761827552560397e-05
4.082878840378633697e-05
3.494955378973477981e-05
3.472193640043175162e-05
4.116110269448395345e-05
4.085726429741473581e-05
3.418461471089877040e-05
3.352093646554400350e-05
3.829312021149259616e-05
3.516703233451886902e-05
5.314153615915299592e-05
3.594796669492749606e-05
3.955105084702888630e-05
3.715817465471194306e-05
3.378438107712720436e-05
4.462210029374818099e-05
3.488635014167200854e-05
3.486800967559196442e-05
3.333500607022977331e-05
6.008345948680872308e-05
