Fracture Radii List After Isolated Fracture and Cluster Removal
Format: xRadius yRadius Family# (-2 = userPolygon, -1 = userRectangle, 0 = userEllipse, > 0 is family in order of famProb)
89.8396 89.8396 1
56.6517 56.6517 2
120.578 120.578 3
43.6609 43.6609 3
31.4269 31.4269 3
39.1637 39.1637 3
33.4567 33.4567 3
74.6887 74.6887 3
33.7397 33.7397 2
45.5334 45.5334 3
94.3082 94.3082 2
36.8435 36.8435 2
96.4528 96.4528 3
56.5046 56.5046 3
54.9037 54.9037 3
40.3897 40.3897 3
63.0989 63.0989 3
66.6054 66.6054 1
42.2214 42.2214 1
31.2941 31.2941 3
49.917 49.917 2
58.6839 58.6839 1
30.5396 30.5396 2
44.9543 44.9543 3
31.9484 31.9484 2
52.4417 52.4417 1
49.1539 49.1539 1
38.526 38.526 1
36.4785 36.4785 1
175.117 175.117 3
40.1263 40.1263 3
58.5896 58.5896 3
58.6268 58.6268 2
48.2767 48.2767 3
52.7487 52.7487 2
33.5222 33.5222 3
73.7697 73.7697 2
41.844 41.844 3
33.8599 33.8599 3
31.7757 31.7757 1
57.7472 57.7472 1
30.703 30.703 3
44.5135 44.5135 3
135.872 135.872 2
44.3818 44.3818 1
35.1805 35.1805 3
31.6959 31.6959 1
31.6561 31.6561 3
70.1574 70.1574 1
36.362 36.362 2
201.507 201.507 3
31.3068 31.3068 3
32.2142 32.2142 3
40.8776 40.8776 2
95.9019 95.9019 3
30.3773 30.3773 3
50.0883 50.0883 3
162.171 162.171 2
97.2511 97.2511 2
32.5325 32.5325 3
38.0437 38.0437 1
31.8083 31.8083 1
33.5171 33.5171 3
31.4275 31.4275 1
41.0447 41.0447 3
166.218 166.218 3
35.0388 35.0388 3
31.0841 31.0841 3
42.7901 42.7901 3
131.178 131.178 3
33.1496 33.1496 2
36.6199 36.6199 3
33.412 33.412 1
34.0324 34.0324 3
39.005 39.005 3
53.5378 53.5378 3
30.8156 30.8156 3
69.0121 69.0121 3
38.406 38.406 2
36.2831 36.2831 3
42.7931 42.7931 3
123.043 123.043 2
39.3749 39.3749 1
33.8533 33.8533 3
100.782 100.782 2
77.5363 77.5363 2
73.8314 73.8314 3
56.1986 56.1986 2
65.6577 65.6577 2
145.721 145.721 3
30.0797 30.0797 3
36.5981 36.5981 2
33.3417 33.3417 3
50.2914 50.2914 3
81.3646 81.3646 1
35.6343 35.6343 3
49.2008 49.2008 1
66.3864 66.3864 3
30.4184 30.4184 2
41.616 41.616 3
31.9628 31.9628 1
48.2158 48.2158 3
83.3491 83.3491 2
238.994 238.994 3
108.086 108.086 3
32.5184 32.5184 1
47.7824 47.7824 3
40.3633 40.3633 1
30.512 30.512 3
30.7536 30.7536 3
38.862 38.862 1
38.8824 38.8824 3
51.4271 51.4271 1
46.3973 46.3973 3
96.4617 96.4617 1
78.3415 78.3415 1
64.2678 64.2678 3
43.1479 43.1479 2
42.9355 42.9355 3
137.746 137.746 2
31.0214 31.0214 3
30.2827 30.2827 2
33.5296 33.5296 3
73.8766 73.8766 1
30.0641 30.0641 2
62.2092 62.2092 1
68.3387 68.3387 1
40.5663 40.5663 3
32.3992 32.3992 3
37.9041 37.9041 2
43.0593 43.0593 3
52.5627 52.5627 3
37.3315 37.3315 3
32.0559 32.0559 3
39.5322 39.5322 3
30.4563 30.4563 3
31.1907 31.1907 1
36.3325 36.3325 1
89.3755 89.3755 2
69.0003 69.0003 2
43.4003 43.4003 2
304.977 304.977 3
42.5209 42.5209 1
33.7584 33.7584 1
61.4251 61.4251 2
53.0798 53.0798 3
36.6019 36.6019 3
39.2506 39.2506 1
49.6531 49.6531 2
32.6756 32.6756 1
52.2425 52.2425 3
39.6709 39.6709 1
32.9171 32.9171 1
51.7301 51.7301 3
42.6708 42.6708 2
33.8995 33.8995 2
55.3667 55.3667 3
44.2789 44.2789 1
38.4511 38.4511 3
34.7837 34.7837 3
35.8072 35.8072 2
42.1928 42.1928 3
61.5525 61.5525 2
61.2512 61.2512 1
33.6707 33.6707 3
37.4973 37.4973 1
56.1171 56.1171 3
37.5046 37.5046 3
44.2318 44.2318 3
63.6616 63.6616 3
83.1335 83.1335 3
39.6034 39.6034 3
30.0432 30.0432 2
63.5427 63.5427 2
58.5594 58.5594 3
34.2235 34.2235 3
125.832 125.832 2
30.7138 30.7138 1
32.9567 32.9567 3
34.1386 34.1386 3
36.8734 36.8734 3
197.824 197.824 2
37.3794 37.3794 2
33.702 33.702 3
33.0056 33.0056 3
92.8069 92.8069 3
38.3059 38.3059 1
34.9948 34.9948 3
32.7972 32.7972 3
38.4302 38.4302 2
114.894 114.894 2
32.459 32.459 3
35.1263 35.1263 3
30.5787 30.5787 1
35.3801 35.3801 1
37.2736 37.2736 3
34.5726 34.5726 3
49.6447 49.6447 3
40.0224 40.0224 2
37.8563 37.8563 1
47.6448 47.6448 1
36.7174 36.7174 3
33.2355 33.2355 3
32.7289 32.7289 1
60.8946 60.8946 1
135.168 135.168 2
37.5322 37.5322 3
41.3911 41.3911 3
33.3511 33.3511 3
31.0853 31.0853 3
64.4286 64.4286 1
34.0004 34.0004 3
56.9088 56.9088 1
37.7389 37.7389 2
32.3688 32.3688 2
34.1177 34.1177 1
38.4249 38.4249 3
50.3162 50.3162 3
33.1262 33.1262 1
55.1614 55.1614 2
34.368 34.368 2
35.6671 35.6671 3
45.8843 45.8843 3
43.0206 43.0206 1
35.2655 35.2655 1
41.0372 41.0372 1
60.4579 60.4579 1
61.8144 61.8144 3
68.3338 68.3338 3
34.8514 34.8514 1
31.1262 31.1262 2
74.5758 74.5758 3
39.9802 39.9802 2
33.9399 33.9399 3
53.5548 53.5548 3
33.6949 33.6949 3
34.2331 34.2331 3
41.1705 41.1705 2
50.7502 50.7502 3
44.4395 44.4395 1
62.2205 62.2205 3
39.5487 39.5487 2
33.798 33.798 3
69.7169 69.7169 1
48.8101 48.8101 3
33.6516 33.6516 3
77.6081 77.6081 2
67.8311 67.8311 1
56.1052 56.1052 3
31.7677 31.7677 3
38.2477 38.2477 1
35.0825 35.0825 2
33.9031 33.9031 2
165.172 165.172 3
145.542 145.542 2
42.1465 42.1465 3
49.7398 49.7398 2
62.6866 62.6866 1
67.3745 67.3745 3
33.2433 33.2433 3
33.7696 33.7696 1
51.1949 51.1949 3
62.7466 62.7466 1
38.4453 38.4453 3
34.705 34.705 1
39.7827 39.7827 2
42.4926 42.4926 3
41.748 41.748 2
31.3638 31.3638 3
38.7822 38.7822 3
46.0433 46.0433 3
31.2324 31.2324 3
34.2019 34.2019 3
46.1361 46.1361 2
30.6069 30.6069 3
37.9205 37.9205 3
55.2945 55.2945 3
39.0989 39.0989 3
48.6628 48.6628 1
33.3087 33.3087 3
78.1203 78.1203 2
32.1736 32.1736 1
36.3055 36.3055 3
39.6552 39.6552 3
31.1533 31.1533 2
51.321 51.321 3
106.685 106.685 1
62.1076 62.1076 3
75.3055 75.3055 2
30.5206 30.5206 1
32.5208 32.5208 2
38.193 38.193 3
34.8022 34.8022 1
55.8328 55.8328 3
82.1593 82.1593 1
74.8028 74.8028 3
34.8002 34.8002 1
43.7434 43.7434 2
80.443 80.443 2
36.5859 36.5859 1
39.1222 39.1222 3
92.3024 92.3024 3
137.099 137.099 3
43.9045 43.9045 2
60.5091 60.5091 3
40.6597 40.6597 2
33.895 33.895 3
42.438 42.438 3
92.2182 92.2182 3
34.2239 34.2239 2
33.0319 33.0319 2
37.4803 37.4803 2
35.5386 35.5386 1
54.9765 54.9765 1
111.951 111.951 3
74.5338 74.5338 3
40.7991 40.7991 3
44.5752 44.5752 3
70.2929 70.2929 1
39.9701 39.9701 1
42.313 42.313 1
52.7713 52.7713 2
34.9813 34.9813 3
57.6006 57.6006 2
35.202 35.202 2
76.7641 76.7641 2
108.353 108.353 3
238.838 238.838 3
106.513 106.513 3
53.5596 53.5596 3
61.5992 61.5992 2
44.2213 44.2213 3
105.338 105.338 3
97.9405 97.9405 3
47.4087 47.4087 2
33.0512 33.0512 3
45.6207 45.6207 3
58.6123 58.6123 3
32.7949 32.7949 3
34.3721 34.3721 3
38.0257 38.0257 3
40.4425 40.4425 2
32.4471 32.4471 3
37.3718 37.3718 2
67.1089 67.1089 3
121.039 121.039 3
30.3863 30.3863 3
31.6741 31.6741 3
63.057 63.057 3
32.6706 32.6706 1
44.9988 44.9988 3
31.8037 31.8037 3
98.5003 98.5003 3
39.5951 39.5951 3
190.274 190.274 1
50.7505 50.7505 1
31.4252 31.4252 3
178.001 178.001 3
33.4478 33.4478 3
52.3217 52.3217 1
33.0821 33.0821 2
79.1107 79.1107 2
41.6804 41.6804 3
251.318 251.318 3
32.4851 32.4851 1
35.0834 35.0834 3
32.2313 32.2313 3
48.7129 48.7129 3
64.4571 64.4571 3
106.177 106.177 3
38.6004 38.6004 3
33.4346 33.4346 2
30.9503 30.9503 3
31.5476 31.5476 2
56.174 56.174 1
35.0752 35.0752 3
33.5795 33.5795 3
72.3832 72.3832 3
49.1942 49.1942 1
41.1591 41.1591 3
45.2626 45.2626 3
83.5308 83.5308 3
40.148 40.148 1
39.5358 39.5358 3
65.3637 65.3637 3
164.325 164.325 2
31.9787 31.9787 3
45.2866 45.2866 1
32.4878 32.4878 3
58.596 58.596 3
68.7251 68.7251 3
33.8525 33.8525 3
55.3623 55.3623 3
31.2189 31.2189 3
32.0784 32.0784 1
43.7595 43.7595 3
58.9641 58.9641 1
34.3465 34.3465 1
35.6233 35.6233 3
34.2248 34.2248 3
31.0568 31.0568 1
41.623 41.623 2
98.2314 98.2314 1
31.4245 31.4245 2
45.9756 45.9756 2
32.2803 32.2803 2
70.8466 70.8466 3
35.6532 35.6532 3
48.327 48.327 1
48.1477 48.1477 1
32.8933 32.8933 3
190.311 190.311 3
35.2753 35.2753 1
63.3394 63.3394 3
81.4172 81.4172 1
85.7193 85.7193 1
45.0039 45.0039 3
33.4574 33.4574 1
48.8048 48.8048 2
70.6872 70.6872 2
33.3506 33.3506 3
50.3751 50.3751 2
47.083 47.083 3
32.6789 32.6789 1
61.6731 61.6731 3
30.2528 30.2528 3
62.9887 62.9887 3
37.2439 37.2439 3
130.821 130.821 2
51.5881 51.5881 2
33.832 33.832 3
30.1374 30.1374 1
134.072 134.072 2
39.8163 39.8163 3
41.5484 41.5484 3
48.5177 48.5177 2
70.1661 70.1661 3
46.1085 46.1085 3
62.2033 62.2033 3
120.256 120.256 3
49.993 49.993 3
52.2156 52.2156 2
64.2799 64.2799 3
42.9593 42.9593 2
51.5392 51.5392 2
41.3109 41.3109 3
45.79 45.79 3
31.4423 31.4423 2
34.2418 34.2418 2
38.6063 38.6063 3
31.0385 31.0385 3
74.9102 74.9102 2
159.819 159.819 2
52.024 52.024 3
33.7411 33.7411 1
49.3859 49.3859 3
55.1894 55.1894 1
40.0078 40.0078 3
81.8932 81.8932 1
35.9454 35.9454 1
51.6624 51.6624 2
35.9474 35.9474 3
37.2646 37.2646 2
59.927 59.927 1
38.4515 38.4515 3
53.1382 53.1382 3
61.2926 61.2926 3
39.4052 39.4052 3
36.5821 36.5821 3
40.1858 40.1858 3
51.6673 51.6673 3
41.7025 41.7025 1
33.6798 33.6798 2
31.5093 31.5093 3
76.3053 76.3053 3
34.9887 34.9887 3
40.7531 40.7531 3
35.4731 35.4731 3
31.5827 31.5827 1
63.0551 63.0551 3
36.1702 36.1702 1
38.7661 38.7661 2
34.2523 34.2523 3
55.9637 55.9637 2
31.7193 31.7193 3
30.2783 30.2783 2
32.886 32.886 3
33.0417 33.0417 3
263.296 263.296 1
54.4367 54.4367 2
34.6679 34.6679 2
84.5563 84.5563 1
37.844 37.844 3
31.9579 31.9579 1
31.1689 31.1689 3
41.0142 41.0142 2
32.8149 32.8149 3
99.5703 99.5703 3
113.206 113.206 3
34.4131 34.4131 3
45.4688 45.4688 2
47.6548 47.6548 3
50.2432 50.2432 3
33.8061 33.8061 3
69.9778 69.9778 3
126.343 126.343 1
49.1962 49.1962 1
44.2834 44.2834 1
40.1584 40.1584 2
30.1861 30.1861 2
91.7006 91.7006 2
32.6175 32.6175 3
46.141 46.141 3
40.6072 40.6072 2
35.5873 35.5873 3
51.9574 51.9574 3
58.4259 58.4259 3
38.2143 38.2143 3
92.6119 92.6119 3
70.9982 70.9982 2
89.7696 89.7696 1
61.2268 61.2268 3
32.023 32.023 3
33.9802 33.9802 1
45.8373 45.8373 3
36.2601 36.2601 1
35.5081 35.5081 3
62.2164 62.2164 3
45.4755 45.4755 1
34.9419 34.9419 3
42.3902 42.3902 2
34.1932 34.1932 3
62.4314 62.4314 2
48.1329 48.1329 1
42.6649 42.6649 1
46.5349 46.5349 3
44.6332 44.6332 2
68.1703 68.1703 3
33.0394 33.0394 2
36.535 36.535 1
183.834 183.834 1
31.9798 31.9798 2
36.6271 36.6271 3
40.5852 40.5852 1
42.476 42.476 2
90.6862 90.6862 3
51.0814 51.0814 3
37.6886 37.6886 3
54.0574 54.0574 1
31.3991 31.3991 2
34.4209 34.4209 2
95.8589 95.8589 3
34.3203 34.3203 3
53.3311 53.3311 3
40.2982 40.2982 3
33.8602 33.8602 3
51.7308 51.7308 3
48.9188 48.9188 1
37.4457 37.4457 3
66.3217 66.3217 2
68.8838 68.8838 3
31.7502 31.7502 3
56.9398 56.9398 1
54.1917 54.1917 3
37.6752 37.6752 3
303.59 303.59 3
60.0984 60.0984 3
34.8214 34.8214 3
36.3441 36.3441 2
36.0026 36.0026 1
43.2116 43.2116 2
33.5053 33.5053 3
70.5627 70.5627 3
35.5797 35.5797 1
32.3157 32.3157 2
43.366 43.366 1
30.9393 30.9393 2
39.3817 39.3817 1
76.6679 76.6679 3
34.6019 34.6019 3
49.0652 49.0652 3
31.2017 31.2017 3
39.9515 39.9515 1
54.9147 54.9147 1
110.204 110.204 2
47.2952 47.2952 3
39.5292 39.5292 3
273.076 273.076 2
33.4911 33.4911 1
31.4436 31.4436 1
39.3431 39.3431 3
179.141 179.141 3
44.3826 44.3826 1
61.9989 61.9989 3
39.1804 39.1804 3
35.3637 35.3637 3
38.4714 38.4714 2
30.5815 30.5815 3
31.7463 31.7463 3
68.9678 68.9678 3
34.5588 34.5588 3
51.1034 51.1034 3
35.6038 35.6038 1
32.4538 32.4538 2
34.8638 34.8638 2
35.6833 35.6833 2
33.6161 33.6161 3
40.8914 40.8914 3
37.8092 37.8092 3
30.0222 30.0222 3
34.0658 34.0658 3
34.6108 34.6108 3
31.7396 31.7396 1
45.6655 45.6655 3
49.6167 49.6167 2
55.2231 55.2231 3
45.6598 45.6598 3
121.177 121.177 2
33.9382 33.9382 3
37.0202 37.0202 1
41.1103 41.1103 2
61.5509 61.5509 3
39.0355 39.0355 2
72.9424 72.9424 2
47.7862 47.7862 3
58.0569 58.0569 1
30.0281 30.0281 3
85.7705 85.7705 1
42.9215 42.9215 3
95.2509 95.2509 1
48.5939 48.5939 2
32.6422 32.6422 2
41.9054 41.9054 1
42.4255 42.4255 2
35.6297 35.6297 1
36.9195 36.9195 1
72.775 72.775 3
92.9265 92.9265 3
35.7765 35.7765 1
40.6301 40.6301 3
31.6906 31.6906 3
118.839 118.839 2
31.2552 31.2552 1
33.7776 33.7776 3
32.287 32.287 2
47.5298 47.5298 1
60.2697 60.2697 3
33.0072 33.0072 2
39.3632 39.3632 3
31.7932 31.7932 3
64.2776 64.2776 1
44.0283 44.0283 3
112.11 112.11 1
35.4103 35.4103 2
53.0873 53.0873 1
34.5785 34.5785 1
34.6401 34.6401 2
42.2009 42.2009 3
43.7192 43.7192 3
42.8859 42.8859 1
33.501 33.501 3
42.8916 42.8916 3
44.3909 44.3909 3
32.2835 32.2835 2
32.4092 32.4092 3
57.0171 57.0171 3
56.8739 56.8739 3
32.5616 32.5616 3
79.3395 79.3395 3
30.4141 30.4141 2
59.569 59.569 1
32.9311 32.9311 3
57.707 57.707 3
31.6651 31.6651 3
31.7234 31.7234 2
37.9428 37.9428 3
39.3801 39.3801 3
81.4632 81.4632 3
53.7477 53.7477 2
84.6521 84.6521 3
52.4451 52.4451 2
73.2044 73.2044 2
53.9744 53.9744 3
46.667 46.667 2
32.2946 32.2946 3
193.398 193.398 3
52.1206 52.1206 3
44.1072 44.1072 3
50.5906 50.5906 2
33.6393 33.6393 3
39.5445 39.5445 3
47.2186 47.2186 3
142.154 142.154 3
36.0853 36.0853 3
53.4956 53.4956 2
102.323 102.323 2
38.7688 38.7688 3
55.4668 55.4668 1
36.7313 36.7313 3
37.854 37.854 3
32.6558 32.6558 1
44.0478 44.0478 1
53.9269 53.9269 3
34.1699 34.1699 3
54.4983 54.4983 2
66.9285 66.9285 2
91.3906 91.3906 3
297.654 297.654 3
96.1649 96.1649 3
44.0193 44.0193 3
59.174 59.174 3
37.8242 37.8242 2
45.7255 45.7255 2
34.2482 34.2482 3
36.7684 36.7684 3
31.8993 31.8993 1
36.5911 36.5911 1
31.3579 31.3579 3
56.2051 56.2051 3
40.0096 40.0096 3
42.1229 42.1229 1
32.7635 32.7635 1
38.2362 38.2362 3
35.6649 35.6649 2
56.6264 56.6264 3
30.7712 30.7712 3
43.076 43.076 1
40.9115 40.9115 1
54.5583 54.5583 3
30.1349 30.1349 1
39.3357 39.3357 3
33.4038 33.4038 3
30.6895 30.6895 1
74.076 74.076 3
58.796 58.796 2
30.6633 30.6633 3
36.6904 36.6904 3
44.1028 44.1028 2
33.8775 33.8775 3
30.7249 30.7249 3
30.553 30.553 2
33.701 33.701 1
52.3979 52.3979 3
30.4389 30.4389 2
31.4729 31.4729 2
32.6078 32.6078 1
42.6605 42.6605 3
50.7282 50.7282 2
75.452 75.452 2
32.6273 32.6273 1
37.8227 37.8227 1
36.0973 36.0973 1
33.9859 33.9859 3
41.6802 41.6802 3
38.4727 38.4727 3
48.9186 48.9186 1
31.2773 31.2773 3
45.3461 45.3461 3
30.2135 30.2135 3
39.5864 39.5864 3
32.2326 32.2326 2
35.9543 35.9543 3
56.6141 56.6141 1
39.8112 39.8112 3
120.203 120.203 2
30.8297 30.8297 1
33.1521 33.1521 3
38.8185 38.8185 2
33.5363 33.5363 2
126.429 126.429 1
42.1548 42.1548 3
41.1024 41.1024 3
50.3757 50.3757 3
30.754 30.754 2
33.467 33.467 2
38.7761 38.7761 3
47.3825 47.3825 2
37.9166 37.9166 2
32.5275 32.5275 3
37.7561 37.7561 3
37.1339 37.1339 2
30.1769 30.1769 2
45.5829 45.5829 2
142.19 142.19 2
38.2945 38.2945 3
31.2755 31.2755 1
43.1903 43.1903 3
52.1304 52.1304 2
75.6399 75.6399 3
44.6898 44.6898 2
49.1667 49.1667 2
67.145 67.145 3
45.3407 45.3407 3
30.8701 30.8701 3
73.3946 73.3946 3
83.5209 83.5209 1
37.679 37.679 1
49.8182 49.8182 1
140.325 140.325 3
59.4905 59.4905 1
33.271 33.271 3
92.9453 92.9453 2
74.4382 74.4382 3
39.192 39.192 1
31.6384 31.6384 3
68.476 68.476 3
81.1187 81.1187 3
38.6176 38.6176 1
39.0043 39.0043 2
33.498 33.498 2
33.6277 33.6277 3
37.9509 37.9509 3
38.6089 38.6089 1
77.2673 77.2673 3
30.8437 30.8437 1
42.6578 42.6578 3
44.0459 44.0459 3
59.7721 59.7721 3
50.8744 50.8744 3
55.9014 55.9014 1
37.9258 37.9258 3
211.767 211.767 3
34.8419 34.8419 2
55.0128 55.0128 2
49.9102 49.9102 2
60.5409 60.5409 1
68.1333 68.1333 3
65.7354 65.7354 3
46.0183 46.0183 2
30.3863 30.3863 3
92.2284 92.2284 3
30.4792 30.4792 1
33.0498 33.0498 3
45.8063 45.8063 1
88.1243 88.1243 2
33.6438 33.6438 3
50.931 50.931 3
40.5653 40.5653 3
34.3407 34.3407 2
37.3828 37.3828 3
59.9677 59.9677 3
38.0831 38.0831 3
34.8964 34.8964 1
57.9361 57.9361 3
69.8058 69.8058 3
36.2555 36.2555 3
127.717 127.717 2
72.6556 72.6556 3
75.1242 75.1242 2
156.896 156.896 2
75.5854 75.5854 1
46.0245 46.0245 3
30.4667 30.4667 1
38.3433 38.3433 2
33.9459 33.9459 3
34.2405 34.2405 1
81.0559 81.0559 3
43.8002 43.8002 3
31.0814 31.0814 3
43.8203 43.8203 1
61.2233 61.2233 3
30.3779 30.3779 2
35.2861 35.2861 3
70.6316 70.6316 3
32.9096 32.9096 3
30.0482 30.0482 2
68.4842 68.4842 1
53.6556 53.6556 3
52.8487 52.8487 3
69.2899 69.2899 1
31.8125 31.8125 2
58.1353 58.1353 2
33.0556 33.0556 2
52.9857 52.9857 3
74.3206 74.3206 1
38.8696 38.8696 2
111.155 111.155 2
50.8216 50.8216 3
65.691 65.691 1
38.9346 38.9346 2
55.3674 55.3674 3
51.1093 51.1093 3
42.2547 42.2547 3
33.2079 33.2079 3
30.3488 30.3488 1
58.734 58.734 3
30.3956 30.3956 1
70.6802 70.6802 2
42.0653 42.0653 3
30.4624 30.4624 3
43.3927 43.3927 2
57.0195 57.0195 3
30.63 30.63 1
40.3175 40.3175 2
59.5352 59.5352 1
77.3581 77.3581 2
61.024 61.024 1
37.7856 37.7856 1
37.3266 37.3266 1
35.0728 35.0728 2
52.9617 52.9617 3
74.1314 74.1314 3
30.0426 30.0426 1
36.3671 36.3671 3
33.2082 33.2082 2
32.9351 32.9351 1
35.6722 35.6722 1
34.8716 34.8716 2
30.4231 30.4231 3
42.545 42.545 1
45.995 45.995 3
56.5814 56.5814 3
33.4622 33.4622 3
33.1276 33.1276 2
54.6719 54.6719 2
33.4379 33.4379 2
54.6993 54.6993 3
35.6247 35.6247 3
100.452 100.452 2
39.0833 39.0833 2
31.7104 31.7104 3
31.547 31.547 3
34.2444 34.2444 3
36.2852 36.2852 3
35.2548 35.2548 3
137.543 137.543 2
35.1056 35.1056 3
80.8852 80.8852 2
71.8496 71.8496 2
41.9785 41.9785 3
30.7923 30.7923 3
36.3383 36.3383 3
39.3078 39.3078 3
58.5353 58.5353 3
30.3252 30.3252 3
40.6935 40.6935 1
30.8044 30.8044 1
43.9588 43.9588 1
39.9039 39.9039 3
70.477 70.477 2
44.5497 44.5497 1
32.3199 32.3199 2
34.3459 34.3459 3
39.3771 39.3771 1
37.9969 37.9969 3
46.4427 46.4427 1
71.7909 71.7909 2
31.3423 31.3423 2
101.554 101.554 2
46.9697 46.9697 3
59.9769 59.9769 3
35.0325 35.0325 2
54.8687 54.8687 3
70.7907 70.7907 1
127.647 127.647 3
32.4067 32.4067 3
34.4751 34.4751 3
36.0687 36.0687 3
33.768 33.768 3
87.5367 87.5367 3
54.4085 54.4085 3
45.0312 45.0312 3
44.9869 44.9869 3
124.765 124.765 3
52.9493 52.9493 2
39.5768 39.5768 3
33.7647 33.7647 3
30.2934 30.2934 1
35.7302 35.7302 3
33.7782 33.7782 2
38.6813 38.6813 3
41.7654 41.7654 3
34.3252 34.3252 2
50.1656 50.1656 3
37.8379 37.8379 3
31.7738 31.7738 1
36.3844 36.3844 3
33.9135 33.9135 2
36.8238 36.8238 3
41.9938 41.9938 3
33.2698 33.2698 2
85.236 85.236 1
36.3745 36.3745 3
76.5278 76.5278 3
55.1305 55.1305 3
33.9444 33.9444 3
81.1875 81.1875 3
45.9932 45.9932 3
42.869 42.869 2
33.4157 33.4157 3
72.728 72.728 3
47.6547 47.6547 3
37.6819 37.6819 2
53.0807 53.0807 3
51.1225 51.1225 3
32.2148 32.2148 3
37.5507 37.5507 3
45.5458 45.5458 3
32.0546 32.0546 3
36.8739 36.8739 1
35.0696 35.0696 3
210.83 210.83 1
31.8942 31.8942 3
60.3976 60.3976 3
51.7121 51.7121 3
37.8798 37.8798 2
50.8658 50.8658 2
33.594 33.594 3
36.4424 36.4424 1
71.6871 71.6871 1
65.5808 65.5808 3
31.5229 31.5229 2
37.7813 37.7813 3
33.2222 33.2222 1
40.192 40.192 1
34.8868 34.8868 3
71.8592 71.8592 1
39.2571 39.2571 2
47.2364 47.2364 1
368.565 368.565 1
37.625 37.625 2
41.3521 41.3521 2
65.1449 65.1449 3
38.0304 38.0304 2
34.7586 34.7586 3
34.4067 34.4067 3
71.7761 71.7761 1
34.8923 34.8923 1
68.0505 68.0505 3
34.0023 34.0023 1
44.2267 44.2267 1
84.6946 84.6946 2
31.0225 31.0225 2
57.294 57.294 3
34.0923 34.0923 1
48.178 48.178 2
32.4641 32.4641 1
33.0474 33.0474 2
56.8286 56.8286 3
31.8895 31.8895 2
37.0954 37.0954 3
39.1358 39.1358 1
34.1767 34.1767 3
30.4859 30.4859 3
36.9241 36.9241 3
87.7869 87.7869 1
234.307 234.307 3
43.0297 43.0297 1
34.4696 34.4696 3
36.0948 36.0948 3
37.4658 37.4658 3
33.2366 33.2366 1
37.8363 37.8363 2
31.9834 31.9834 3
48.0475 48.0475 3
41.7438 41.7438 1
86.8465 86.8465 3
31.6122 31.6122 3
47.5411 47.5411 2
48.9041 48.9041 3
68.9265 68.9265 3
32.5752 32.5752 2
59.6668 59.6668 2
65.7057 65.7057 1
44.179 44.179 1
36.9226 36.9226 1
60.8467 60.8467 2
49.1847 49.1847 2
34.0469 34.0469 3
68.5664 68.5664 3
36.0724 36.0724 3
35.4959 35.4959 3
33.9453 33.9453 3
262.054 262.054 2
42.8096 42.8096 3
32.4853 32.4853 1
72.9863 72.9863 2
32.6106 32.6106 3
46.4368 46.4368 3
46.5827 46.5827 2
40.3049 40.3049 1
34.9328 34.9328 1
84.726 84.726 3
54.7792 54.7792 1
46.6345 46.6345 3
32.3402 32.3402 2
49.2481 49.2481 3
41.4347 41.4347 1
44.6256 44.6256 3
87.5647 87.5647 3
60.5564 60.5564 3
41.8287 41.8287 3
34.0837 34.0837 1
34.7064 34.7064 3
31.4922 31.4922 3
30.7817 30.7817 1
35.9752 35.9752 3
35.788 35.788 3
40.7047 40.7047 1
56.5814 56.5814 1
43.6048 43.6048 2
39.122 39.122 2
35.7384 35.7384 1
46.2011 46.2011 3
33.9658 33.9658 3
40.9056 40.9056 3
36.3135 36.3135 1
42.2539 42.2539 3
51.6115 51.6115 3
54.0882 54.0882 3
46.988 46.988 3
38.5922 38.5922 3
491.542 491.542 3
37.7275 37.7275 3
30.011 30.011 2
40.9935 40.9935 3
87.3441 87.3441 3
33.3641 33.3641 3
172.38 172.38 3
31.5508 31.5508 3
303.537 303.537 3
34.1575 34.1575 3
44.2304 44.2304 3
32.4232 32.4232 3
42.3663 42.3663 3
31.0459 31.0459 3
44.3823 44.3823 3
34.2412 34.2412 2
52.5591 52.5591 3
35.0495 35.0495 3
32.9504 32.9504 3
37.5583 37.5583 1
37.2036 37.2036 3
31.7797 31.7797 3
31.3655 31.3655 1
111.533 111.533 3
38.2608 38.2608 3
44.534 44.534 1
30.5989 30.5989 1
53.1992 53.1992 3
46.5686 46.5686 3
77.4927 77.4927 3
54.3431 54.3431 1
36.3721 36.3721 3
44.882 44.882 2
33.2091 33.2091 2
46.0084 46.0084 2
36.5641 36.5641 3
46.0496 46.0496 3
78.6923 78.6923 3
62.9131 62.9131 3
46.3058 46.3058 3
38.6823 38.6823 2
32.7128 32.7128 3
34.7511 34.7511 3
32.4931 32.4931 3
37.3121 37.3121 3
33.5805 33.5805 2
71.8685 71.8685 3
111.756 111.756 3
54.3143 54.3143 3
31.4028 31.4028 1
78.2341 78.2341 1
37.2823 37.2823 2
38.2741 38.2741 3
39.0476 39.0476 3
42.3002 42.3002 3
31.0215 31.0215 3
35.7804 35.7804 1
93.4056 93.4056 1
60.5234 60.5234 2
60.0718 60.0718 2
32.6468 32.6468 3
35.1816 35.1816 1
34.8209 34.8209 1
46.3236 46.3236 3
88.5262 88.5262 2
38.7073 38.7073 3
30.2337 30.2337 2
31.9845 31.9845 2
422.975 422.975 1
34.7226 34.7226 3
42.8337 42.8337 3
170.936 170.936 3
31.8321 31.8321 1
38.1454 38.1454 3
41.8488 41.8488 2
74.4924 74.4924 3
43.6353 43.6353 1
54.8019 54.8019 3
47.5867 47.5867 3
46.5366 46.5366 3
70.6542 70.6542 3
42.3577 42.3577 2
33.7519 33.7519 3
34.4737 34.4737 3
32.9735 32.9735 3
35.1819 35.1819 2
30.7817 30.7817 2
39.5744 39.5744 3
44.5628 44.5628 1
34.2196 34.2196 3
31.1131 31.1131 2
37.9611 37.9611 3
30.175 30.175 3
37.5847 37.5847 3
74.7236 74.7236 3
96.9926 96.9926 1
33.588 33.588 2
53.0374 53.0374 1
30.755 30.755 2
62.5538 62.5538 3
47.56 47.56 3
32.6438 32.6438 3
159.685 159.685 3
76.9565 76.9565 2
31.0415 31.0415 3
43.7879 43.7879 1
153.299 153.299 1
66.567 66.567 3
41.6333 41.6333 1
37.7062 37.7062 3
111.461 111.461 2
55.4719 55.4719 2
47.5847 47.5847 1
30.5032 30.5032 2
45.911 45.911 3
45.221 45.221 3
46.2787 46.2787 3
32.5799 32.5799 3
51.9794 51.9794 1
42.6023 42.6023 1
169.582 169.582 3
32.0703 32.0703 1
33.3425 33.3425 1
30.9347 30.9347 3
33.2379 33.2379 1
39.6879 39.6879 2
81.6402 81.6402 3
40.0075 40.0075 3
42.2283 42.2283 2
41.6689 41.6689 3
53.0446 53.0446 2
75.0256 75.0256 3
58.7071 58.7071 3
38.3516 38.3516 3
100.561 100.561 3
52.4599 52.4599 2
40.5384 40.5384 2
30.9252 30.9252 2
92.328 92.328 2
32.1696 32.1696 1
43.8152 43.8152 3
36.0029 36.0029 3
108.779 108.779 3
43.8844 43.8844 3
33.7384 33.7384 2
33.6263 33.6263 2
41.6639 41.6639 2
37.5165 37.5165 1
56.7911 56.7911 3
32.7851 32.7851 3
59.0688 59.0688 2
79.8668 79.8668 3
56.262 56.262 1
62.0861 62.0861 2
65.0491 65.0491 3
30.9916 30.9916 1
32.6601 32.6601 1
31.9411 31.9411 3
33.9211 33.9211 3
38.7925 38.7925 3
35.0451 35.0451 3
35.6028 35.6028 3
43.233 43.233 1
52.0598 52.0598 1
32.9204 32.9204 2
97.2106 97.2106 3
35.6195 35.6195 3
53.9459 53.9459 2
36.614 36.614 1
68.3177 68.3177 3
39.2622 39.2622 2
65.656 65.656 3
32.4958 32.4958 1
87.0976 87.0976 3
187.132 187.132 2
138.752 138.752 3
80.2603 80.2603 3
65.6805 65.6805 2
40.8744 40.8744 1
30.339 30.339 3
55.4053 55.4053 2
45.1319 45.1319 3
51.8914 51.8914 3
34.7954 34.7954 2
30.5213 30.5213 2
34.7848 34.7848 2
62.6078 62.6078 2
42.9706 42.9706 2
38.205 38.205 2
34.1954 34.1954 1
455.033 455.033 3
37.6842 37.6842 2
48.0405 48.0405 2
163.771 163.771 1
33.5726 33.5726 2
67.5582 67.5582 3
38.7031 38.7031 3
30.8293 30.8293 3
30.2116 30.2116 1
36.997 36.997 3
32.5236 32.5236 3
84.763 84.763 2
34.2194 34.2194 3
38.0686 38.0686 1
88.708 88.708 3
33.1011 33.1011 3
60.2089 60.2089 1
30.6993 30.6993 3
104.61 104.61 1
38.9497 38.9497 3
35.9891 35.9891 3
36.5329 36.5329 3
63.1366 63.1366 2
33.3171 33.3171 3
55.1524 55.1524 3
66.6082 66.6082 1
30.6042 30.6042 3
34.549 34.549 3
51.3582 51.3582 3
37.5273 37.5273 1
59.4606 59.4606 3
34.8919 34.8919 2
30.0425 30.0425 3
58.0202 58.0202 2
88.0025 88.0025 3
33.7997 33.7997 3
43.5688 43.5688 2
37.7897 37.7897 2
53.1038 53.1038 1
37.6703 37.6703 2
31.797 31.797 1
32.273 32.273 3
32.9829 32.9829 3
50.5912 50.5912 2
36.5287 36.5287 3
70.7218 70.7218 3
54.7554 54.7554 1
36.6081 36.6081 1
38.2138 38.2138 3
96.9712 96.9712 2
36.1991 36.1991 3
47.7315 47.7315 3
62.1395 62.1395 3
44.4295 44.4295 1
34.5672 34.5672 1
33.4586 33.4586 2
134.029 134.029 2
44.0777 44.0777 3
33.2308 33.2308 3
40.6643 40.6643 3
43.984 43.984 3
31.285 31.285 3
36.8815 36.8815 2
31.1391 31.1391 2
113.083 113.083 1
63.7299 63.7299 2
30.1193 30.1193 1
37.9088 37.9088 2
71.7866 71.7866 2
54.8045 54.8045 2
32.6831 32.6831 3
36.9921 36.9921 3
33.5067 33.5067 2
30.8917 30.8917 2
32.0846 32.0846 2
66.0186 66.0186 1
31.4745 31.4745 3
40.1576 40.1576 3
32.8233 32.8233 2
90.0919 90.0919 3
81.7792 81.7792 3
30.5445 30.5445 3
34.823 34.823 1
39.9478 39.9478 3
66.3072 66.3072 3
59.1964 59.1964 2
34.6205 34.6205 2
43.729 43.729 1
33.0232 33.0232 3
50.4745 50.4745 2
30.5764 30.5764 3
45.8819 45.8819 3
54.5865 54.5865 3
234.781 234.781 2
33.9081 33.9081 1
34.6584 34.6584 2
34.0092 34.0092 3
52.6728 52.6728 3
65.6623 65.6623 3
31.6985 31.6985 3
49.8991 49.8991 3
50.7005 50.7005 3
35.5754 35.5754 3
38.0095 38.0095 3
53.1432 53.1432 3
40.6284 40.6284 2
141.348 141.348 3
34.7613 34.7613 3
35.7277 35.7277 1
45.2382 45.2382 2
49.2686 49.2686 3
37.6713 37.6713 3
31.8625 31.8625 1
35.9763 35.9763 3
39.4694 39.4694 3
36.053 36.053 1
68.2259 68.2259 3
41.4676 41.4676 3
58.3085 58.3085 1
36.9029 36.9029 1
33.531 33.531 3
44.3445 44.3445 3
34.6186 34.6186 3
52.1632 52.1632 1
61.2953 61.2953 3
33.5069 33.5069 3
57.9513 57.9513 2
79.6867 79.6867 1
98.6116 98.6116 1
121.146 121.146 3
91.6083 91.6083 3
123.739 123.739 2
33.0603 33.0603 2
34.2074 34.2074 2
435.635 435.635 2
55.8575 55.8575 1
30.4091 30.4091 3
39.4267 39.4267 3
38.3371 38.3371 1
48.0647 48.0647 3
36.4838 36.4838 3
40.8902 40.8902 2
50.1323 50.1323 2
41.8843 41.8843 3
102.466 102.466 3
32.2263 32.2263 1
128.493 128.493 2
61.8116 61.8116 3
32.2841 32.2841 2
32.4589 32.4589 3
65.0247 65.0247 2
89.8716 89.8716 3
71.7196 71.7196 1
32.4974 32.4974 3
95.5614 95.5614 1
39.5944 39.5944 3
126.62 126.62 3
35.4006 35.4006 2
34.0516 34.0516 2
51.8042 51.8042 2
67.3528 67.3528 3
31.4369 31.4369 3
55.8069 55.8069 3
37.4251 37.4251 3
30.4078 30.4078 3
33.1845 33.1845 1
106.848 106.848 3
42.4233 42.4233 2
62.072 62.072 1
36.872 36.872 3
37.474 37.474 3
178.165 178.165 1
35.5413 35.5413 1
53.5565 53.5565 1
31.0737 31.0737 1
65.3658 65.3658 1
86.089 86.089 2
30.7211 30.7211 1
68.7976 68.7976 2
55.8611 55.8611 2
45.5343 45.5343 3
31.1042 31.1042 2
36.4166 36.4166 2
47.2129 47.2129 1
36.0307 36.0307 3
56.1113 56.1113 2
35.1631 35.1631 3
41.7055 41.7055 3
49.9132 49.9132 2
30.9787 30.9787 3
74.6645 74.6645 2
35.1495 35.1495 3
41.468 41.468 3
31.8302 31.8302 1
48.3319 48.3319 3
57.6357 57.6357 3
50.1747 50.1747 2
62.2267 62.2267 3
156.466 156.466 2
32.8835 32.8835 1
156.859 156.859 3
47.2115 47.2115 3
44.2716 44.2716 3
97.5106 97.5106 3
40.3429 40.3429 3
31.6887 31.6887 3
45.2463 45.2463 3
37.374 37.374 3
39.299 39.299 3
88.5169 88.5169 3
86.4403 86.4403 2
85.0714 85.0714 3
69.8966 69.8966 2
45.5274 45.5274 1
47.8956 47.8956 3
61.4601 61.4601 1
38.8475 38.8475 3
33.8645 33.8645 3
83.9799 83.9799 1
31.8209 31.8209 3
44.7298 44.7298 3
37.7301 37.7301 3
51.1299 51.1299 2
45.4332 45.4332 2
30.8951 30.8951 1
60.7794 60.7794 3
32.8263 32.8263 1
84.1717 84.1717 1
55.0081 55.0081 2
34.6808 34.6808 3
50.9586 50.9586 2
54.776 54.776 2
34.7556 34.7556 3
56.6703 56.6703 1
46.0224 46.0224 3
92.5386 92.5386 3
37.9037 37.9037 3
33.7717 33.7717 1
35.2396 35.2396 3
30.9373 30.9373 1
31.6375 31.6375 3
56.7931 56.7931 3
39.7896 39.7896 3
37.6203 37.6203 3
42.3853 42.3853 1
45.407 45.407 2
36.8898 36.8898 1
41.9589 41.9589 2
75.7279 75.7279 2
95.4529 95.4529 1
92.2852 92.2852 3
40.6876 40.6876 3
61.9375 61.9375 3
43.1949 43.1949 3
211.729 211.729 1
38.2451 38.2451 3
31.8704 31.8704 3
34.0586 34.0586 3
30.1095 30.1095 3
32.2214 32.2214 3
127.756 127.756 3
36.76 36.76 1
44.0042 44.0042 1
40.001 40.001 3
31.6855 31.6855 3
39.1409 39.1409 1
35.9737 35.9737 1
57.1006 57.1006 3
81.5301 81.5301 3
31.2098 31.2098 1
37.8448 37.8448 3
31.7984 31.7984 3
31.7957 31.7957 3
43.0414 43.0414 2
50.5368 50.5368 2
33.7487 33.7487 2
62.1338 62.1338 2
62.175 62.175 1
40.975 40.975 2
62.4507 62.4507 1
46.463 46.463 3
42.0321 42.0321 1
55.5387 55.5387 3
34.3613 34.3613 3
34.9936 34.9936 2
31.2567 31.2567 3
32.8068 32.8068 2
42.5956 42.5956 2
55.6695 55.6695 3
34.3377 34.3377 3
48.3171 48.3171 3
40.6197 40.6197 2
102.59 102.59 2
31.2874 31.2874 3
42.4737 42.4737 3
42.9414 42.9414 2
31.6279 31.6279 3
61.5283 61.5283 3
60.1279 60.1279 2
36.643 36.643 1
73.823 73.823 2
42.4703 42.4703 3
42.2503 42.2503 1
53.0476 53.0476 1
34.9345 34.9345 2
35.1505 35.1505 3
33.1147 33.1147 3
33.1009 33.1009 3
31.6384 31.6384 3
33.1814 33.1814 2
33.1817 33.1817 3
33.5269 33.5269 3
42.9613 42.9613 3
85.8343 85.8343 3
32.34 32.34 2
42.189 42.189 1
38.6219 38.6219 2
30.4916 30.4916 2
36.8572 36.8572 2
114.275 114.275 3
47.5709 47.5709 3
39.0013 39.0013 3
52.4975 52.4975 2
38.2424 38.2424 1
79.5956 79.5956 3
43.8498 43.8498 3
80.6271 80.6271 3
45.6296 45.6296 2
77.6938 77.6938 2
91.733 91.733 3
39.6231 39.6231 3
64.3452 64.3452 3
33.5619 33.5619 2
36.5126 36.5126 2
101.382 101.382 2
33.0521 33.0521 3
31.8486 31.8486 3
45.4634 45.4634 3
30.3184 30.3184 2
30.1014 30.1014 1
32.8046 32.8046 2
34.9454 34.9454 1
67.5952 67.5952 3
44.4094 44.4094 1
38.0948 38.0948 3
37.4141 37.4141 3
31.3797 31.3797 3
47.1894 47.1894 3
30.1353 30.1353 3
43.5693 43.5693 2
36.2441 36.2441 1
33.7593 33.7593 3
42.8907 42.8907 1
34.6424 34.6424 1
35.9967 35.9967 3
51.642 51.642 3
40.1384 40.1384 2
92.7565 92.7565 3
34.4951 34.4951 2
32.048 32.048 2
30.1782 30.1782 3
38.896 38.896 2
34.6346 34.6346 3
38.8579 38.8579 2
68.7499 68.7499 3
42.025 42.025 3
63.0539 63.0539 1
36.8447 36.8447 1
30.0705 30.0705 2
30.3715 30.3715 3
32.6435 32.6435 3
57.4555 57.4555 3
60.3166 60.3166 3
86.6592 86.6592 2
146.008 146.008 3
40.2121 40.2121 1
30.9659 30.9659 1
33.3183 33.3183 1
35.7096 35.7096 3
48.0924 48.0924 2
124.452 124.452 3
71.5638 71.5638 2
30.9991 30.9991 2
70.583 70.583 3
35.9458 35.9458 3
31.1219 31.1219 1
30.9637 30.9637 3
69.6432 69.6432 2
34.1639 34.1639 1
41.214 41.214 3
30.7157 30.7157 2
32.9817 32.9817 2
53.2017 53.2017 3
62.0775 62.0775 1
34.0806 34.0806 1
32.3131 32.3131 1
33.123 33.123 3
50.4686 50.4686 3
36.8342 36.8342 3
31.6972 31.6972 3
50.9548 50.9548 1
44.5353 44.5353 3
34.1378 34.1378 2
159.881 159.881 3
32.1432 32.1432 2
38.6805 38.6805 3
32.3937 32.3937 2
100.467 100.467 2
31.3593 31.3593 3
44.1505 44.1505 3
31.1941 31.1941 1
110.424 110.424 2
63.0346 63.0346 2
30.5678 30.5678 3
85.4821 85.4821 3
35.8775 35.8775 3
41.169 41.169 3
51.1738 51.1738 1
43.8221 43.8221 2
103.954 103.954 3
53.8234 53.8234 2
39.1574 39.1574 2
37.5129 37.5129 1
37.6725 37.6725 3
36.0603 36.0603 2
37.9739 37.9739 3
30.3941 30.3941 3
30.8052 30.8052 3
48.0188 48.0188 3
30.8467 30.8467 3
30.8784 30.8784 2
40.5691 40.5691 1
41.0438 41.0438 3
35.9314 35.9314 3
198.677 198.677 3
35.2899 35.2899 1
33.5697 33.5697 3
54.2342 54.2342 3
35.0521 35.0521 3
53.3615 53.3615 3
136.302 136.302 2
33.9562 33.9562 1
57.5847 57.5847 2
53.8326 53.8326 2
37.6019 37.6019 1
32.5822 32.5822 1
54.0806 54.0806 3
30.2381 30.2381 3
37.1516 37.1516 2
188.438 188.438 3
32.9963 32.9963 3
32.267 32.267 2
43.3784 43.3784 2
35.6509 35.6509 2
93.9792 93.9792 2
36.0451 36.0451 3
55.0187 55.0187 1
73.025 73.025 2
63.2037 63.2037 2
35.7339 35.7339 3
66.2568 66.2568 1
38.7262 38.7262 3
82.0943 82.0943 3
34.6563 34.6563 2
58.6096 58.6096 2
36.5875 36.5875 3
32.2481 32.2481 2
33.4054 33.4054 2
47.5451 47.5451 1
37.561 37.561 2
30.9881 30.9881 1
75.0182 75.0182 3
36.6065 36.6065 1
64.6463 64.6463 2
31.4655 31.4655 1
33.5489 33.5489 3
42.5627 42.5627 3
62.5034 62.5034 3
33.1871 33.1871 3
38.3788 38.3788 1
31.995 31.995 3
34.9122 34.9122 3
59.2821 59.2821 2
45.1712 45.1712 1
30.0855 30.0855 1
82.6001 82.6001 1
30.7315 30.7315 2
31.4975 31.4975 2
48.2632 48.2632 1
44.205 44.205 3
38.2799 38.2799 3
60.416 60.416 3
47.6112 47.6112 3
31.3785 31.3785 3
51.8892 51.8892 3
55.4551 55.4551 3
77.0975 77.0975 2
56.4532 56.4532 3
53.9213 53.9213 3
35.4718 35.4718 3
57.1471 57.1471 3
35.8955 35.8955 2
37.7945 37.7945 1
36.2364 36.2364 3
32.0747 32.0747 2
31.2126 31.2126 2
280.274 280.274 3
39.0939 39.0939 3
39.7457 39.7457 1
55.1324 55.1324 2
32.4386 32.4386 1
35.3973 35.3973 3
38.0669 38.0669 1
41.3484 41.3484 3
30.4486 30.4486 1
247.618 247.618 2
32.896 32.896 3
73.6676 73.6676 1
30.847 30.847 2
38.2128 38.2128 1
40.1701 40.1701 1
59.5383 59.5383 3
41.0043 41.0043 2
64.1072 64.1072 3
47.1622 47.1622 1
115.662 115.662 3
30.1281 30.1281 3
45.1327 45.1327 3
46.825 46.825 3
51.9356 51.9356 2
162.122 162.122 3
39.2158 39.2158 3
33.5048 33.5048 3
33.026 33.026 3
36.328 36.328 3
44.3937 44.3937 3
30.2478 30.2478 3
34.2934 34.2934 2
37.1717 37.1717 3
42.29 42.29 1
34.0096 34.0096 2
46.9794 46.9794 3
49.7037 49.7037 3
46.6912 46.6912 1
76.7545 76.7545 3
34.1487 34.1487 3
31.6013 31.6013 2
31.9573 31.9573 2
32.7349 32.7349 3
127.621 127.621 3
34.5224 34.5224 2
33.0621 33.0621 3
39.506 39.506 2
50.615 50.615 2
34.8397 34.8397 3
34.4683 34.4683 3
53.4735 53.4735 2
206.876 206.876 3
54.5351 54.5351 3
56.2179 56.2179 3
43.7444 43.7444 1
88.4265 88.4265 3
30.504 30.504 2
47.934 47.934 3
33.5512 33.5512 3
39.5131 39.5131 2
74.0994 74.0994 3
49.1568 49.1568 3
45.7061 45.7061 2
115.584 115.584 3
88.216 88.216 2
52.5305 52.5305 1
42.5611 42.5611 1
50.9667 50.9667 3
70.6438 70.6438 3
30.7214 30.7214 3
32.7732 32.7732 2
42.3404 42.3404 1
41.1851 41.1851 1
70.6079 70.6079 3
43.8234 43.8234 2
32.4553 32.4553 3
50.7891 50.7891 3
33.3974 33.3974 3
93.0297 93.0297 3
40.7841 40.7841 2
40.3955 40.3955 3
71.5592 71.5592 3
48.0469 48.0469 3
68.3652 68.3652 3
31.1831 31.1831 2
47.2734 47.2734 3
32.3991 32.3991 3
61.7099 61.7099 3
30.9158 30.9158 3
46.8016 46.8016 3
39.3162 39.3162 3
36.7348 36.7348 3
68.9678 68.9678 2
94.9225 94.9225 1
52.6214 52.6214 3
407.383 407.383 3
32.7864 32.7864 3
33.5534 33.5534 3
43.6656 43.6656 3
81.2001 81.2001 3
43.2844 43.2844 3
41.57 41.57 3
74.0057 74.0057 1
34.6052 34.6052 1
67.7134 67.7134 3
35.6783 35.6783 3
44.2295 44.2295 1
41.8423 41.8423 1
41.3688 41.3688 3
44.3481 44.3481 1
41.0864 41.0864 1
34.4048 34.4048 1
39.786 39.786 3
47.543 47.543 3
35.3357 35.3357 3
38.0599 38.0599 3
30.4717 30.4717 3
30.4254 30.4254 1
39.8447 39.8447 1
30.8255 30.8255 1
106.186 106.186 3
32.5109 32.5109 1
59.181 59.181 3
40.0477 40.0477 3
50.7602 50.7602 3
58.3433 58.3433 3
30.7368 30.7368 1
70.8237 70.8237 3
36.1116 36.1116 1
55.1782 55.1782 3
79.4441 79.4441 3
55.5526 55.5526 3
35.2085 35.2085 3
37.6891 37.6891 1
36.8972 36.8972 1
41.8378 41.8378 3
87.306 87.306 3
39.3764 39.3764 3
62.1177 62.1177 1
123.351 123.351 3
89.889 89.889 1
30.6979 30.6979 3
44.6258 44.6258 3
64.7602 64.7602 3
40.0297 40.0297 3
30.5981 30.5981 1
67.9221 67.9221 3
53.2649 53.2649 3
49.9679 49.9679 3
50.7348 50.7348 3
68.4226 68.4226 3
30.4064 30.4064 3
39.4618 39.4618 3
32.83 32.83 3
57.0846 57.0846 3
74.7739 74.7739 1
37.3625 37.3625 3
31.5572 31.5572 3
50.8668 50.8668 1
34.9251 34.9251 3
46.878 46.878 1
71.1038 71.1038 3
35.9871 35.9871 1
34.1122 34.1122 1
41.5015 41.5015 1
43.2869 43.2869 1
34.6916 34.6916 3
36.0471 36.0471 3
53.0556 53.0556 1
33.2384 33.2384 3
36.176 36.176 1
30.5913 30.5913 1
60.341 60.341 3
49.0947 49.0947 1
34.4532 34.4532 3
51.5473 51.5473 3
31.6209 31.6209 3
33.3887 33.3887 3
37.0328 37.0328 3
38.9506 38.9506 3
31.3557 31.3557 3
35.5555 35.5555 1
52.3126 52.3126 3
34.3894 34.3894 1
53.3866 53.3866 1
113.046 113.046 3
169.184 169.184 3
35.6231 35.6231 1
53.201 53.201 3
38.541 38.541 3
41.2088 41.2088 3
32.7279 32.7279 3
42.536 42.536 3
38.7403 38.7403 3
107.38 107.38 1
51.4371 51.4371 3
43.1583 43.1583 3
164.756 164.756 3
39.5381 39.5381 1
49.8972 49.8972 1
34.5581 34.5581 3
33.9281 33.9281 3
31.5303 31.5303 3
36.8967 36.8967 3
61.4911 61.4911 3
34.269 34.269 3
33.3858 33.3858 3
67.3973 67.3973 3
38.8598 38.8598 1
71.0706 71.0706 1
35.6476 35.6476 3
78.2009 78.2009 3
52.7339 52.7339 1
73.9669 73.9669 1
94.0508 94.0508 1
49.1368 49.1368 3
40.505 40.505 3
40.2345 40.2345 3
42.2263 42.2263 3
59.8269 59.8269 3
41.9589 41.9589 1
32.0425 32.0425 3
34.2035 34.2035 3
33.1281 33.1281 1
53.9623 53.9623 1
43.9716 43.9716 3
38.262 38.262 1
37.6431 37.6431 3
30.7321 30.7321 3
65.2805 65.2805 1
36.4389 36.4389 3
35.5569 35.5569 1
67.2954 67.2954 1
65.4514 65.4514 1
33.537 33.537 1
31.1598 31.1598 1
51.3289 51.3289 1
37.2965 37.2965 1
175.403 175.403 1
40.4984 40.4984 1
57.9431 57.9431 1
45.8525 45.8525 1
32.0881 32.0881 1
91.0902 91.0902 1
36.1924 36.1924 1
36.1211 36.1211 1
30.5166 30.5166 1
277.965 277.965 1
