9.698282781418036511e-11
9.944857836375966297e-11
1.039093634210966023e-10
1.058267751602238934e-10
9.379455564248194086e-11
1.302033533826590411e-10
1.033385159645686344e-10
1.020508930740266719e-10
1.113550337490470311e-10
9.851927147713160542e-11
1.710373224824905513e-10
1.233129632732308068e-10
9.567483234055340062e-11
9.324293008472589114e-11
1.035424126126093623e-10
1.008019482393370236e-10
9.421080302241739120e-11
1.130351773572302705e-10
1.029811421078056506e-10
9.713503837026260369e-11
9.788589121775833075e-11
1.090866241489630123e-10
9.192240886873605813e-11
1.384110074819068007e-10
9.342680072178938380e-11
9.586230808597365689e-11
1.035522459972986847e-10
9.307292130220784638e-11
1.327415154225674397e-10
9.838904399130171730e-11
1.305590554288056119e-10
1.417323779020617387e-10
9.383647703677073522e-11
9.735831683761214607e-11
9.530601497057666720e-11
1.109949318003280867e-10
1.031699033382787231e-10
1.052085995150052893e-10
1.382016041711321595e-10
1.116594487202675281e-10
9.264638210036604043e-11
1.081486365022923831e-10
1.326800918438847836e-10
9.577607455418955515e-11
1.288448270175634152e-10
1.086030324390212608e-10
1.467778748875713727e-10
1.198653403802091421e-10
1.141444923174418316e-10
9.406036699164070144e-11
1.039892269606940000e-10
1.034742903162128991e-10
9.790269428489059008e-11
9.183099061612811334e-11
9.705461024291568992e-11
1.035994935559431599e-10
1.110660400576556769e-10
1.356761270543341183e-10
9.422977206254840405e-11
1.090047059756686511e-10
9.254296011218799960e-11
1.617354571135526757e-10
1.005109805335782380e-10
9.467022150112409618e-11
1.623318897207963145e-10
2.545215288217404721e-10
1.074765367415755267e-10
9.395559155485177700e-11
1.206404938077749327e-10
1.310013890258628169e-10
9.673714172807773600e-11
1.095848290225250202e-10
1.387918480351921150e-10
9.818196483829618818e-11
1.225148701931023984e-10
1.610554432259362906e-10
1.068581502503217312e-10
1.340851952741643330e-10
1.305896074088772097e-10
1.081572547910812059e-10
9.585115966612289992e-11
9.365619471210470914e-11
9.999629828406595782e-11
1.042118593621755528e-10
1.350328109307571748e-10
1.031233673794698558e-10
1.139745681368781080e-10
9.269231501564988614e-11
9.756939873909490552e-11
1.108221729215784496e-10
1.143428615749984145e-10
9.874715211654108118e-11
2.277902599077561179e-10
1.101936931916861844e-10
1.175209735276129253e-10
1.377861917842676730e-10
9.379663609820475498e-11
1.002280329106631056e-10
1.089016707143443248e-10
9.714543698054745646e-11
1.142809456203591589e-10
1.107017935316473690e-10
9.678074841216484752e-11
1.352690391797652523e-10
2.359142227423455735e-10
1.070413426729786742e-10
1.700086091308235329e-10
1.134413750151161152e-10
1.280112771434056529e-10
1.052353729017211862e-10
1.084917735159950343e-10
1.071026308697371972e-10
1.362176390839558948e-10
1.154639848708182354e-10
1.045760260017868482e-10
1.097442270606938389e-10
1.135563662824999273e-10
1.141846483781444488e-10
1.521182666009703748e-10
1.560611563494966530e-10
1.146554928494287371e-10
1.152011445950111011e-10
9.344783563587075398e-11
1.250156507394134743e-10
9.290328587944077212e-11
9.806381396074738464e-11
1.317063937003736262e-10
1.128411966282342018e-10
1.295926601654682009e-10
1.240811324654449991e-10
9.790454400964610719e-11
1.059823359546901704e-10
9.359480385985888380e-11
1.229960625515933489e-10
1.097364154184697080e-10
9.679553963158083967e-11
1.210693282392165246e-10
1.003468171526553022e-10
1.021909843251919286e-10
9.993136467724131482e-11
9.497315078534540244e-11
1.223655610220193698e-10
1.201237385460370641e-10
1.515871440362066221e-10
1.106081782281437685e-10
1.444702954246533449e-10
9.320946496548435272e-11
1.094812931366083705e-10
1.517564524642447225e-10
1.103126135997245760e-10
1.280836726431451389e-10
1.264786626363504093e-10
1.077556539177218145e-10
2.904510454133983147e-10
9.353193389545484359e-11
1.081879084241694399e-10
1.083364073852043736e-10
1.736029646374719400e-10
9.454299546513279062e-11
1.274987308618407754e-10
9.787664074591026081e-11
1.010959298599437123e-10
1.135107341278179916e-10
9.755440098313774487e-11
1.061914021610511141e-10
1.115166169239966147e-10
9.599192333653020050e-11
9.323778228892960466e-11
1.064777623446070403e-10
9.455618564331924460e-11
1.799919675798472456e-10
1.038105567180258840e-10
1.191197964832247838e-10
1.202611891349113887e-10
1.101440635178963404e-10
1.076329884912278891e-10
1.688069235062908841e-10
9.276731752149127590e-11
1.402484292402512209e-10
2.334553191491351649e-10
1.437161603929077688e-10
9.455825142901416101e-11
1.403972615691880880e-10
1.443379862731458206e-10
1.099860079152777664e-10
9.486418741656355790e-11
9.389964818049905290e-11
9.694598631373234691e-11
1.379716015968089795e-10
1.168780452446455586e-10
1.022648990042263065e-10
2.289802826284787643e-10
1.203038005185096209e-10
1.005751349100168432e-10
1.180393121278705718e-10
1.195746247253945784e-10
9.277313446343096863e-11
1.063136574043353995e-10
1.541644759275381119e-10
1.595373638327275908e-10
1.091474668481510791e-10
1.003803020283951974e-10
9.651853762787849630e-11
1.098566050668143321e-10
1.089268057045974633e-10
1.124045573170624337e-10
1.001005084525443137e-10
1.176248536327481455e-10
9.774520138635559194e-11
1.137467108404036719e-10
1.102767825802137784e-10
1.154603823729345556e-10
1.057929311139000523e-10
1.169760930552063761e-10
1.040215374252563529e-10
1.835352360420086872e-10
1.225747772255919613e-10
1.017551538263078784e-10
1.297409306474914344e-10
9.477256079677221632e-11
1.134096633756961851e-10
1.259793340483317020e-10
9.949433510572386559e-11
1.162633096349026714e-10
9.557995061824749932e-11
9.290651341451420464e-11
1.169285956973574592e-10
9.628213899119189949e-11
1.197764720171772887e-10
9.838750919999091941e-11
1.243604826171730562e-10
1.674115576381479811e-10
1.099584391493533383e-10
9.212923211029055537e-11
9.186098327217382727e-11
9.551743786718944901e-11
1.553779895677605712e-10
9.933798685717176808e-11
1.034507907685537271e-10
1.220419333436910602e-10
1.047708411214630376e-10
1.089225934904136858e-10
1.080427661849434484e-10
1.147940965936093882e-10
9.487226840066582414e-11
1.157450767888052243e-10
9.822654675581480654e-11
9.529039030108054064e-11
1.453480255800067006e-10
1.019772889205299395e-10
1.025754827184316158e-10
1.145277617914649934e-10
3.016964551153611720e-10
1.407174073721766193e-10
1.711674574879514273e-10
1.074886113454082008e-10
9.216352773579498637e-11
1.033504245025730810e-10
9.385103368717434804e-11
1.261431700645077039e-10
2.345620333055893077e-10
1.402447151027092716e-10
9.281029072921761255e-11
9.651447953753660544e-11
1.285228843995005480e-10
1.832967285452471654e-10
1.346242550491627592e-10
1.234461689097839628e-10
1.044846152219263859e-10
1.077865491687396250e-10
1.226970448404826073e-10
3.546102028213072983e-10
1.289235974749271780e-10
1.752552948800512395e-10
1.792832324479837572e-10
1.001775840542535853e-10
1.417348312475910951e-10
1.063661377448061443e-10
1.217164063415204381e-10
1.328476487174659333e-10
1.110530640470497409e-10
9.280738331702883021e-11
1.228063119616297837e-10
9.268827242470765528e-11
1.317181653405291706e-10
1.100453020434835790e-10
1.527768944167671629e-10
1.179146630480910853e-10
1.056802413686729715e-10
1.210782881539890325e-10
1.694486678179694199e-10
1.061461709648771580e-10
1.359018900933633679e-10
1.037122539100377029e-10
1.090306619097247437e-10
1.501188560710578710e-10
2.112770173993658724e-10
1.024358516470693493e-10
1.915904423750946041e-10
1.134321604664972912e-10
1.796714365629657997e-10
9.792889586768409934e-11
1.203059886620228687e-10
9.906751948688764243e-11
9.812213574598375352e-11
1.188795211526088087e-10
1.138190146698430281e-10
1.142861961552212449e-10
1.177787532550238445e-10
1.045961037155149638e-10
9.325949786431451779e-11
1.010675997763178032e-10
1.145305836968767100e-10
2.582393537053471055e-10
1.217844252059695302e-10
9.461448919220860831e-11
9.224637629846184155e-11
2.154697638688870128e-10
9.384495532615897631e-11
1.055670134611625924e-10
1.094811533541803266e-10
1.031205687456811240e-10
9.916938238723870728e-11
1.902396385527181997e-10
1.263581230655361751e-10
1.052674931005768995e-10
1.442444501319937865e-10
1.148048245595621062e-10
1.048534690450444540e-10
1.532980566923982450e-10
1.647580424054367891e-10
1.183516072743476470e-10
9.177783039684245121e-11
1.079591648784105608e-10
1.165039315826550239e-10
1.061147145733337361e-10
1.112336426791122284e-10
2.831882543941996096e-10
1.082282974603035121e-10
1.820069325252351189e-10
9.795355057864556622e-11
1.027458352958178044e-10
9.992697389376257885e-11
1.671147144668687244e-10
1.060119576276813892e-10
1.237212470152897515e-10
1.022272053924803865e-10
1.111846952260617278e-10
1.299985444212771178e-10
1.112951105264082817e-10
1.001186485590814440e-10
1.617578096308916751e-10
1.317097231465088908e-10
1.242216271904466529e-10
1.180682320523809534e-10
1.662398325289336044e-10
9.513718134587071146e-11
9.489555727986547479e-11
1.268754371848572909e-10
1.890173927125306693e-10
9.995013715804935717e-11
9.661884986795483886e-11
9.399361640683403400e-11
1.387718564910947399e-10
1.212502061584792467e-10
9.911587003809437798e-11
1.872216482157643716e-10
9.591442367761669869e-11
1.347506538047122243e-10
9.405509871571826757e-11
1.116561512334013141e-10
1.596764681518534175e-10
1.377971647969950306e-10
1.361053743174714158e-10
1.430975007138936330e-10
9.326319711383929732e-11
9.512137433175376925e-11
1.163562444822361796e-10
9.299361980852092564e-11
2.879193916942807509e-10
9.768158600310689372e-11
1.791660826786625956e-10
1.210776481793169592e-10
1.859354705753030453e-10
1.677136195022103111e-10
1.145233272457512729e-10
1.330410714169065425e-10
1.805205668660933254e-10
1.294342204659257059e-10
1.438534830848587534e-10
1.386066025666996442e-10
1.230939958595093358e-10
9.709327891609940356e-11
1.158711007756767914e-10
1.741748511539055286e-10
1.272433124061157121e-10
1.231544129451613801e-10
1.627022922609659151e-10
1.220296031399383588e-10
9.453186996669060234e-11
1.460602450476460331e-10
9.608378519799612279e-11
1.029637390367676668e-10
1.161417731787501841e-10
1.507606123587878290e-10
2.420829028123395326e-10
1.292661831726006021e-10
1.554006257903883103e-10
1.147479563401062308e-10
9.317936955904948632e-11
1.324239708747718522e-10
1.261899638011115928e-10
1.635229760905221550e-10
2.029110953953046443e-10
1.404506635424370946e-10
1.154155430576840665e-10
1.322972875142420203e-10
1.010346142053479619e-10
1.034594567703276813e-10
1.099603886547303654e-10
1.149344295376387328e-10
9.918751901638177369e-11
9.709995527438348577e-11
1.228981873004282799e-10
1.289675694252453657e-10
1.205292536923579515e-10
1.425918979264636879e-10
1.344122691257461765e-10
1.006681403355613886e-10
3.528885498259293645e-10
9.309177088412442312e-11
9.745199124346005255e-11
1.058885341345338205e-10
9.763678643771233176e-11
9.499784238513245279e-11
9.451200015502923031e-11
1.019813048910711217e-10
9.875311860611231419e-11
1.487950661145708230e-10
1.002494744968187215e-10
1.080614308259915771e-10
9.203620384273324796e-11
1.185949037558112051e-10
1.138283369108402559e-10
9.870935702141075393e-11
1.136573228694029129e-10
1.014352012513172864e-10
1.120317915732540973e-10
1.018702941543523236e-10
1.056277514424689282e-10
1.109547345527230753e-10
1.402737506118089961e-10
1.322442147218926083e-10
1.552716636057738124e-10
1.151824266149584709e-10
1.133570645774987376e-10
1.338738694099157143e-10
1.376408415214986441e-10
9.749748392444087127e-11
1.086674888003823731e-10
1.495892937494022634e-10
9.429048241071879913e-11
1.164906927909638425e-10
1.022905652539726364e-10
1.045539075142914972e-10
1.624128794454580072e-10
1.405085424576780891e-10
1.199325991578036244e-10
1.022221588679881613e-10
1.249327361038283870e-10
1.165089619783684276e-10
1.492553777342168309e-10
1.078110614462599974e-10
9.351348288455282813e-11
1.002491725305084761e-10
1.073793284515557589e-10
9.300974278855447379e-11
1.172309711428123872e-10
1.240479293407050063e-10
1.545538147850351045e-10
4.342596069758618301e-10
2.210145181886033109e-10
1.153550659127091143e-10
1.224608939217041452e-10
1.342077103844097046e-10
9.955404959715155797e-11
1.024450371710087254e-10
1.099996508252964758e-10
1.252890773817506428e-10
1.551641406529944403e-10
1.370314477203549208e-10
9.549695991503566137e-11
9.237198694246378840e-11
1.036442292974059605e-10
1.716754414971399364e-10
1.205143463458257260e-10
1.533898656399332553e-10
9.970979793839811207e-11
1.110536162447392854e-10
1.176802410417526955e-10
1.129262521221754418e-10
1.063579660666586699e-10
1.009588616623283257e-10
1.210227273262182069e-10
1.117820822030732158e-10
9.887681396493132383e-11
9.714466099848429084e-11
1.295871122111328902e-10
1.097725401862054179e-10
9.331931345850245714e-11
1.229589411266804463e-10
9.198005433708480513e-11
9.783068539584286288e-11
9.710601022874181720e-11
1.117156302993236030e-10
1.332534348868038011e-10
1.030575082169297700e-10
1.342823182387943841e-10
1.563210202896143407e-10
9.718779737208326588e-11
1.307109149266356181e-10
1.033374867752850052e-10
1.031395686901924089e-10
1.121698070152387192e-10
1.302812845816902148e-10
1.033689465089483721e-10
9.868088757764449783e-11
9.582744587317860001e-11
1.041706949959644390e-10
1.578438206857580370e-10
1.256478797228477506e-10
1.515897726810074724e-10
1.868279390710235065e-10
9.679725217133719799e-11
1.036253103410600878e-10
2.682422276094166006e-10
9.631732624213449724e-11
1.274254326790673252e-10
1.677651997987293027e-10
1.037853661481849847e-10
9.780276369533846575e-11
1.172650674389839255e-10
9.499499364099150411e-11
1.154529102119152968e-10
1.032557110717482115e-10
1.864308705897470200e-10
1.178575373553231229e-10
1.152527389621822335e-10
9.984169865428690007e-11
1.094952705908899757e-10
9.985927389751577214e-11
1.314413475220533521e-10
1.235045483582569657e-10
1.251143137116548847e-10
1.041584305183101089e-10
1.457200267617650153e-10
9.528107756319354648e-11
9.242468589638983131e-11
1.200903534903385397e-10
1.182626590434521117e-10
1.630149371184170968e-10
9.402683719166633026e-11
1.633756137882952943e-10
1.058513961527932933e-10
9.896770257542260965e-11
1.135895309243764337e-10
1.178646138702265111e-10
1.677602925693782569e-10
9.345634476753246579e-11
1.325384865849572689e-10
1.058495245574281208e-10
1.054268098429629902e-10
9.555806735327104843e-11
9.969568917358252181e-11
1.136981703885482493e-10
1.124621880156266711e-10
9.489349792070380194e-11
9.840239579187867373e-11
1.107246329051495505e-10
1.159197748615337829e-10
1.003404810763020211e-10
1.119742412121734696e-10
9.934377009917450419e-11
9.876474470527785717e-11
1.005463752880349383e-10
9.704404777971775010e-11
1.089844986941990829e-10
1.106512554145638279e-10
9.231650300579555210e-11
1.053755103110361001e-10
9.703798944247872727e-11
1.240113342485634325e-10
1.940650021064156019e-10
1.233009963041665734e-10
1.245121927670653039e-10
1.319878286601414022e-10
1.105006289626253054e-10
1.416667928926214783e-10
1.272875468249970101e-10
1.247231183930577321e-10
1.981958613042239816e-10
1.183077282356806459e-10
1.160239783434785028e-10
2.141265453262229768e-10
1.428941187767205752e-10
1.212884238011652164e-10
9.735754234040344970e-11
9.454792210560688715e-11
1.497788540841399035e-10
9.677763421918456597e-11
1.011002761892982245e-10
1.125820099116456181e-10
1.519654690043870377e-10
1.006947639641159878e-10
9.673760903370200351e-11
1.224769876168522598e-10
1.633902863229063546e-10
1.360794911123428179e-10
9.819072888952531149e-11
1.278096240682797645e-10
9.656753508935802204e-11
1.526256145788787854e-10
9.963802229418749562e-11
9.668073900907456159e-11
1.705479735349738473e-10
9.625930035424760214e-11
1.285598107049105226e-10
1.285454785700952807e-10
1.228152873060973542e-10
9.910977016003828158e-11
1.057528820906818650e-10
1.004155863202893855e-10
1.287174933420230173e-10
1.272877918535633106e-10
1.394290082740763434e-10
9.204612860819052522e-11
9.789930304341506316e-11
9.490838779078136126e-11
9.288343438122060770e-11
1.163292059504689106e-10
9.510588122767338772e-11
1.153720236720967292e-10
9.476130027791304525e-11
1.066280573052489626e-10
1.076989452158170493e-10
1.321900565258319602e-10
1.475828884200330697e-10
1.716991090111449744e-10
1.489993875620711560e-10
9.341844983587196916e-11
1.130184569801813298e-10
9.621908657294157898e-11
9.293829939410733170e-11
1.664279020415281677e-10
1.036112291560370081e-10
9.236712109735962227e-11
1.101383624987511660e-10
1.134721306054436682e-10
9.257566468878093647e-11
9.417253596436129795e-11
9.431947108592437038e-11
9.785705805674145569e-11
9.892830102398669590e-11
9.891287264525636464e-11
1.805999654991336298e-10
9.444425636418606552e-11
1.116807429378092317e-10
1.042309769769226433e-10
9.810551943620297097e-11
1.451577807174166960e-10
1.386712926091986370e-10
1.330047644623791409e-10
9.652493662086963087e-11
9.739920263613620528e-11
1.060779332850073672e-10
1.555536532874559425e-10
1.959485219993051093e-10
9.654537969664120461e-11
1.024271099146666143e-10
1.065802693071189674e-10
9.284598079634615039e-11
1.051625642975246998e-10
9.850041392985897663e-11
1.118539870524719190e-10
1.209084630458462501e-10
1.649307920115479949e-10
1.059104085414091647e-10
9.395942660414017113e-11
1.740146315078105399e-10
9.299378105042853469e-11
9.486149362134210514e-11
1.221993336807927775e-10
1.441336091814297437e-10
9.416727317980187705e-11
9.659545703066060207e-11
1.340396513250764963e-10
1.040117428727234407e-10
1.093284176297489592e-10
1.007691871973295644e-10
9.757017176462964824e-11
1.424718294334459136e-10
1.026345130484263192e-10
1.066166127851218243e-10
1.059341493118532951e-10
1.136989817985725893e-10
1.182902248847421075e-10
1.154705224861596698e-10
1.289977244187139648e-10
9.945998126826116754e-11
9.816274303072727855e-11
9.446159391625059181e-11
9.491678224198521023e-11
1.033332228955599298e-10
1.275915549322836039e-10
1.012283445864638515e-10
1.401412474036867276e-10
1.055141855133969091e-10
1.454401772131897854e-10
2.359442102275479793e-10
1.082827876346971441e-10
1.453386439675924900e-10
1.151531410067850216e-10
1.201853313559074610e-10
9.894296367023526075e-11
1.093551458631541478e-10
9.437567416155633380e-11
1.273817299003995774e-10
1.472111253104062955e-10
1.923250628172766005e-10
9.905577191409092842e-11
9.206109533611162835e-11
1.216794533185254639e-10
9.271608233065017694e-11
1.651025052643525214e-10
1.142459366589121456e-10
1.204185667122917609e-10
1.350400240300629688e-10
1.048660978187658572e-10
1.363948802748566399e-10
1.516356098348389845e-10
9.596980857310400770e-11
1.603380735360317565e-10
1.001116951915143161e-10
1.065663872432737682e-10
9.980062869641669062e-11
1.968195306385366959e-10
1.487944248874674536e-10
1.266402103769267600e-10
1.811971830537814361e-10
2.800480174552202038e-10
1.068707142640772427e-10
1.197316284340452349e-10
1.053127651237197330e-10
1.166402146150695619e-10
9.871180567022344267e-11
1.078099280380770083e-10
1.326937961827072434e-10
1.189754742797321369e-10
1.082977470591076271e-10
1.486963955707667791e-10
2.586118565715474603e-10
1.305896074088772097e-10
1.052317552247927226e-10
1.805783143559657068e-10
1.979745462924681521e-10
9.369784990707584492e-11
9.325386832519619427e-11
1.239932838744575952e-10
9.494655354843210661e-11
9.259832529696001574e-11
1.440259924625118670e-10
1.293175448145801475e-10
1.081654486723505051e-10
2.145575171055702842e-10
9.806950898100494556e-11
1.521659555667939275e-10
9.701577270715062486e-11
1.382119783312624139e-10
1.055260232945729696e-10
9.685017215123736316e-11
9.839349476764215186e-11
1.112129629564034919e-10
1.157543962927440838e-10
1.582588456539052253e-10
1.106518093663966452e-10
1.143657361352578037e-10
1.130957875743884208e-10
1.729450259215772994e-10
9.237441978091391766e-11
1.794792403738372574e-10
1.019289376715760397e-10
1.215061528087535140e-10
1.330187931772557235e-10
1.525544217058889661e-10
1.032505614246887950e-10
1.038626783551645221e-10
9.605087425649454990e-11
1.239382411084280494e-10
1.087321929752872182e-10
1.192525520549643955e-10
1.257144051539286714e-10
9.779196337710218823e-11
9.203083431696372752e-11
9.387342467715050314e-11
1.569662279608229900e-10
1.051318643539592887e-10
1.421345649204584123e-10
1.089314389755881965e-10
1.135692270474826372e-10
1.458049016822279201e-10
1.084211638811915174e-10
2.414860974050634961e-10
9.807120203933234718e-11
1.034519658568664759e-10
1.035381561180789666e-10
9.381567839369744459e-11
9.801747344347573080e-11
1.272674530778703307e-10
1.090503006448186488e-10
9.947031891302309921e-11
1.000350289722031682e-10
1.161247810558933009e-10
1.852016693544396722e-10
1.270367887637170562e-10
1.556703921195392927e-10
9.812782780441450244e-11
1.178315869525664525e-10
1.121032824167217411e-10
1.146224639498600867e-10
1.235095799388545879e-10
9.878432279754501325e-11
9.926993553948153906e-11
9.724177182289457593e-11
1.682772668796271960e-10
1.121854065525864665e-10
9.312607821831964367e-11
2.605099315358207750e-10
1.009680146101403157e-10
1.006931095678328995e-10
1.787914802082280741e-10
9.611339661417091660e-11
1.077528191028540493e-10
1.036744347001948075e-10
1.018284516642790261e-10
1.141353274572550285e-10
1.033074893185990637e-10
1.057203144695011998e-10
1.097599883575513243e-10
1.114460355235639097e-10
9.416599731448416122e-11
1.003338429065180114e-10
1.241235960757898954e-10
3.507630592124717066e-10
2.136301822596793736e-10
1.016973172414813603e-10
2.240167996435196456e-10
1.112712711442490649e-10
1.132667291872000512e-10
9.615537160941525183e-11
1.227139969392463586e-10
1.070775491788778661e-10
9.637094561884797156e-11
9.784580031323503109e-11
9.202074537564347928e-11
2.071950193169674872e-10
1.037871238034023214e-10
9.495272848800201723e-11
1.025343362407578344e-10
1.303286957814011354e-10
9.704249439146237217e-11
1.542038421349121007e-10
1.373409110232695245e-10
1.016865815131915863e-10
1.525045380149746954e-10
9.458462645260560419e-11
1.180682320523809534e-10
1.203777919348860940e-10
1.644189220783665200e-10
1.083191951544653047e-10
1.052258219990381828e-10
1.094028506485489387e-10
9.461734795807039506e-11
1.427400306122794715e-10
9.292442445125122753e-11
1.101904963511921807e-10
1.270457474825878943e-10
1.266707265798738037e-10
9.280302204930864188e-11
9.880512080117421541e-11
1.348372306989480369e-10
1.042236805394706338e-10
1.073793284515557589e-10
9.968188213174486157e-11
1.651854261289083273e-10
1.118546729726352980e-10
9.487131772791430754e-11
1.863317072401683505e-10
1.106180138627181900e-10
1.063170994325782114e-10
9.569527698314580449e-11
1.489080980494078147e-10
1.645371846282342250e-10
9.876030857189321105e-11
1.129038029188382247e-10
1.662306181578799428e-10
1.552000918811851913e-10
1.296154528405626360e-10
9.389341268426630805e-11
1.169774121853673997e-10
9.306341469044714623e-11
1.150780919627032941e-10
2.323251804122960758e-10
9.599396206189450886e-11
1.104043667945699101e-10
1.585963262929380902e-10
1.201873925621923930e-10
1.351285315596664876e-10
1.041702570006615251e-10
1.059693921729856140e-10
9.918645223617137647e-11
9.711874008102905480e-11
9.196426197219422324e-11
1.061702963677531490e-10
1.017131208148426271e-10
9.525629232942572036e-11
1.073951087141220499e-10
1.370726759169174801e-10
1.520688868768452486e-10
9.375229764816694125e-11
9.580812554436392924e-11
1.224575989212469254e-10
9.412532117915991080e-11
9.738077491204564528e-11
1.032682164219814462e-10
1.049015093508991855e-10
1.008977734000275903e-10
9.925622899472719137e-11
9.650433365843383205e-11
1.143152722197994504e-10
1.118211957748993273e-10
1.094650773332190010e-10
1.096187634539536912e-10
1.014106909065426853e-10
9.808628452116424773e-11
1.316804690648001503e-10
1.139413665940065240e-10
1.091726924425126628e-10
1.043120832658637265e-10
9.191621905707184267e-11
2.287735199466746822e-10
9.253162448336340107e-11
1.248360660818306477e-10
9.784626298255942473e-11
9.738139438089995480e-11
1.366020983301961103e-10
1.157546625546381884e-10
1.700627175087961227e-10
1.474614282830985298e-10
1.236596901294039845e-10
9.578927315716330821e-11
1.209082067417474965e-10
1.005463752880349383e-10
1.958342604145380105e-10
9.222542663845012480e-11
9.899869492523005569e-11
1.667495157371263418e-10
1.009828678492005649e-10
2.695107712267351634e-10
1.066386425295324880e-10
9.182984942192575801e-11
9.668899866463993979e-11
9.526671228706995514e-11
9.439827450578407414e-11
9.503581850033939163e-11
1.157736988912768932e-10
1.404530240616873346e-10
1.102542788257797255e-10
9.375437892437772713e-11
9.381759843746224931e-11
1.068145945135860830e-10
1.061114104605803387e-10
1.989563349486747237e-10
1.001679146694114197e-10
2.296376115541025386e-10
9.922591642018958940e-11
9.737519953718659130e-11
1.005469776575745410e-10
9.352423299121911403e-11
9.589119448745460971e-11
9.977288674172421541e-11
1.154031294822087253e-10
9.556987541496423857e-11
1.944264079339390446e-10
1.095395688058153257e-10
1.179030040368089979e-10
1.135406608831650585e-10
1.215427692322389090e-10
1.498373914160184911e-10
1.045635120972671312e-10
1.247984267906428371e-10
9.630716219178348393e-11
9.182854518478517079e-11
9.253615888069697820e-11
1.597444740715226306e-10
1.001248457696886626e-10
1.492911857060185969e-10
1.244032377692581747e-10
1.360154578899870862e-10
1.037913713626536817e-10
9.973634195437609504e-11
1.194794812149995585e-10
1.096990243923865639e-10
1.586247244778496550e-10
1.052407268638791482e-10
1.118040421736017117e-10
1.646001036605337241e-10
1.002926474881231115e-10
1.244493539127204215e-10
1.213391513504151614e-10
9.551995796504158804e-11
1.403193190047887951e-10
1.548929839991771214e-10
1.333425087006209727e-10
1.534003758413131983e-10
1.196907782608676387e-10
1.010298155191080523e-10
1.041452886041662870e-10
1.135157449707146967e-10
9.842372469009001686e-11
1.075079282433128814e-10
1.070038419637213319e-10
1.145260148671497896e-10
1.070182447367311559e-10
1.014909280531419431e-10
1.174590800626754100e-10
1.051207119606539185e-10
9.435020330949673164e-11
1.334985271284062843e-10
1.117397986288327892e-10
1.024441482808332470e-10
1.266528852262193975e-10
9.218708934743461117e-11
9.520638900960311740e-11
1.095813373042273107e-10
1.271476906783275414e-10
1.940887188882681288e-10
2.919375821224950464e-10
9.818580880468544478e-11
9.323327776359558362e-11
1.679298559454003956e-10
1.491620925116363322e-10
1.189489574244060538e-10
1.668945579057396278e-10
1.855948726633549819e-10
2.127344888576321337e-10
1.365620130825782000e-10
1.565307252083662790e-10
1.269744305827395264e-10
1.008669918693151229e-10
9.895976228199894247e-11
9.978365081500937728e-11
1.086210498135858735e-10
1.012401706523081675e-10
1.306379985307957198e-10
1.126499231026730641e-10
1.199479568976868702e-10
1.264303602823779779e-10
1.937327004491880698e-10
9.194146468336006340e-11
1.280691720359466752e-10
1.142923888224962846e-10
1.462591181731647704e-10
9.421287543309535666e-11
1.211921565331182677e-10
9.890370627466339274e-11
1.180454630380748330e-10
9.776681001891760355e-11
1.080304629470147550e-10
1.039503257890542948e-10
1.369448216668085207e-10
1.175326656919736640e-10
1.151971338233195205e-10
1.034388923415385456e-10
1.205509692672118793e-10
9.757882928452535727e-11
1.182839544763830848e-10
1.208498851971533870e-10
1.032445286951497398e-10
1.165960371357206897e-10
9.606215911928435705e-11
1.012129239759493359e-10
1.076415010233853748e-10
1.110073613600021161e-10
9.753104994527604108e-11
9.225839205407531916e-11
9.846713721874419583e-11
1.036124026520770188e-10
9.319256752216722789e-11
1.519305279594436772e-10
1.738162274533842598e-10
9.489809182207604844e-11
9.497663327423356592e-11
9.316971147647700417e-11
1.173083664461408523e-10
9.514476789643726515e-11
9.662804969273493917e-11
1.128090650798696705e-10
1.013206755355261126e-10
9.877071026495179994e-11
9.201032996930477239e-11
2.496847247581623399e-10
1.545819314847660775e-10
1.009112846474893457e-10
1.015412533844669428e-10
9.717662696940099171e-11
9.462179477697235883e-11
1.022577767336771758e-10
1.191196666490496708e-10
1.031822705666605612e-10
1.972834158575878266e-10
1.212429193246545589e-10
1.050416016353531569e-10
1.056356840762676806e-10
1.524048324293187410e-10
1.170771007670464214e-10
1.738216377093896623e-10
9.718764223529465141e-11
9.548325329298107865e-11
1.254597817438548532e-10
1.460137492713978630e-10
1.430652066680666462e-10
1.003193582929226590e-10
9.577104609631756206e-11
1.158631197104043575e-10
1.315262560038109446e-10
9.479143143583795761e-11
1.026318506659137844e-10
9.317840379020969489e-11
1.318922543640615151e-10
1.198032160940516096e-10
1.071576215898175279e-10
9.347657130294489682e-11
1.345172480316047155e-10
1.233872617092889596e-10
1.299084304481329086e-10
1.182570406705121759e-10
1.082006196831726301e-10
1.147047522021546492e-10
9.328249546417008635e-11
1.247239914003781059e-10
1.088346660796270481e-10
1.265087202386643241e-10
1.525377953949322630e-10
1.381264566668728434e-10
9.771077328729818445e-11
1.474753231036297161e-10
1.093286975361599030e-10
1.059089695571785777e-10
1.131323302239363021e-10
1.068355888903033617e-10
1.587340311317604217e-10
1.006711489639077809e-10
1.046225778637914110e-10
1.068849899838162583e-10
2.419767740603353162e-10
1.557749398701851478e-10
1.185546237048652410e-10
9.844750394487986365e-11
1.926611931209197635e-10
9.969644775376393843e-11
1.011471761709658048e-10
1.123131418859798497e-10
1.150368703500245785e-10
9.724936956845289352e-11
2.039085518463730321e-10
9.915185263464948890e-11
1.828501320099862600e-10
1.302422640429371320e-10
1.115280328533016996e-10
9.398546935748697996e-11
1.142954850460387598e-10
1.429299890365925877e-10
1.091164884456943965e-10
2.330572489501849889e-10
1.004947103497983685e-10
9.435195462317252124e-11
1.430376632127182635e-10
1.123325509021799284e-10
1.110243464557409064e-10
1.625338032005422474e-10
1.607190879736202849e-10
1.047711316533856141e-10
1.177352121432125202e-10
9.518285070486773382e-11
1.202923443752045907e-10
1.376370658864092078e-10
1.290439743103617405e-10
2.735822659713149303e-10
1.572676519459447343e-10
9.376654557637121021e-11
9.237312227405075875e-11
1.826769418801556318e-10
9.736962388298974307e-11
1.077677011529764212e-10
1.077842818908734012e-10
9.463783356881444970e-11
9.282111206315349941e-11
9.517131665613941378e-11
1.135741002675913547e-10
1.146071550503401293e-10
9.986609115120016201e-11
1.026466409152488535e-10
9.266271968043126811e-11
1.424158708049160042e-10
1.045876656669749602e-10
9.838152331369852222e-11
9.348251011376875222e-11
1.767821887962929183e-10
9.501018607942044839e-11
9.997178223771807198e-11
1.191436838643682764e-10
1.506707857484359804e-10
9.472560779811013448e-11
1.351735218505007666e-10
9.443773417883214088e-11
1.858035207193008386e-10
2.689147239629380871e-10
1.049057174031352269e-10
1.328839932315376589e-10
1.280558887064661128e-10
9.715350687251673060e-11
9.782806321239904288e-11
9.493784470306414557e-11
9.747891772704318489e-11
1.037543099434906754e-10
1.149787634032091670e-10
9.526229182077723958e-11
1.215175087602494421e-10
9.618809471697763149e-11
3.043469159433757562e-10
1.018390253862762661e-10
1.885809344656591215e-10
1.253994687444723008e-10
9.354348421168429690e-11
1.546299882756768670e-10
9.538457782351448038e-11
2.379380378803330468e-10
1.022229010176146798e-10
9.249032012719239548e-11
9.712929543663194415e-11
1.069329441867602369e-10
1.009926189363581305e-10
1.090849414405012983e-10
1.112195808337231925e-10
1.232052239399587748e-10
1.759754400542477199e-10
1.309116402601778810e-10
1.091980530374529437e-10
1.080967727968048388e-10
1.011504719395791176e-10
1.197170220198690345e-10
9.593592198740238033e-11
9.838566742276460062e-11
1.294450861819855216e-10
1.145849942629933846e-10
1.479850851476662124e-10
1.958140905496308234e-10
1.245259311649751944e-10
9.852295063030788785e-11
1.393019161144994979e-10
1.120139811309544656e-10
1.249483018300175710e-10
1.139046460875264192e-10
9.530885557877487198e-11
1.079118930541999945e-10
1.252035866929615175e-10
1.535381988904851074e-10
1.471466028106712187e-10
1.184462382878889435e-10
9.956726459916520937e-11
9.613704867702886749e-11
1.797303286152503396e-10
1.508326511563438531e-10
9.392602511807437640e-11
9.418226346443425420e-11
1.691147336817151988e-10
1.134103410559497686e-10
1.218314075907489728e-10
9.841006852322792638e-11
9.776356899045435415e-11
1.296894746949005388e-10
9.709421052509078714e-11
1.111277269863600063e-10
1.059436443165998201e-10
1.093193203300178308e-10
1.167438551793002492e-10
1.031261659468028454e-10
1.246117037166176655e-10
1.490181732479546699e-10
9.329632379992130901e-11
1.261476155049641131e-10
9.848799381977967129e-11
1.165777798887970802e-10
1.051011565641853604e-10
1.038865354002593852e-10
1.361953542716720905e-10
1.087425987620922303e-10
9.641922761423702713e-11
9.536833352511052820e-11
1.930129827889913285e-10
1.365783709498645362e-10
1.008297427349603225e-10
9.495336179527031156e-11
9.791857009398318649e-11
9.493436096918542108e-11
1.254682185766071319e-10
1.121847224021494995e-10
9.468942741039197067e-11
1.028886403416843710e-10
1.542390570787245048e-10
9.186130923222994189e-11
1.681643816029893921e-10
1.085406552311193337e-10
1.352059485850684447e-10
1.457462555528243234e-10
9.544070453359551246e-11
1.018080461327190790e-10
1.783833645290828520e-10
9.639766739616105686e-11
1.455217078851322031e-10
1.009007760362730240e-10
9.938424454788228153e-11
1.419221793926947519e-10
2.086646998690961918e-10
1.160161393494899136e-10
2.223031903508232376e-10
9.711920577964786415e-11
1.051886241329472029e-10
1.395744230811597207e-10
9.404887223853591748e-11
9.187402088511551137e-11
9.619748711106847937e-11
1.928290659879003495e-10
1.446957226994367074e-10
1.091757752209534756e-10
1.189389472666593495e-10
1.145970824300306302e-10
1.295639532876925289e-10
1.219655193707632091e-10
1.502804999395547603e-10
1.016822571202219218e-10
1.259904600366780962e-10
1.021731665640548344e-10
1.039797222110145823e-10
1.061173003379140043e-10
1.201025999170558656e-10
9.998858083674950537e-11
9.622159058391624736e-11
1.012759408862808646e-10
1.091044314215915036e-10
9.673464939805475600e-11
9.397204934073102286e-11
1.421405717907556753e-10
1.044715092176584782e-10
1.227392947683743270e-10
1.431315573871388942e-10
1.363027077131339152e-10
1.955584480569556538e-10
9.366981453991378219e-11
1.065734000299831887e-10
9.402300454835430451e-11
9.280237592031996022e-11
1.272306890380479688e-10
9.199356550823120035e-11
1.093219796092225299e-10
9.239209672336968983e-11
1.242107381875777082e-10
1.092339133695086211e-10
1.149825130138397493e-10
1.103378836207721822e-10
9.465641018645871881e-11
1.563809903227815883e-10
3.042766287878191716e-10
1.035314041230270503e-10
9.414031730882835301e-11
1.157127196994328739e-10
1.529986668315026641e-10
1.186079368073418638e-10
9.471164487099602790e-11
9.440161640836160140e-11
1.621365967186009253e-10
1.044286862409762197e-10
1.052716883491295499e-10
1.315647050745688373e-10
1.070205262085171904e-10
1.108494153588512306e-10
1.207760186257498911e-10
9.816258924298768019e-11
1.269050440288583280e-10
2.062580667489926596e-10
1.047414937651762338e-10
1.168669559031462557e-10
1.981584359946659186e-10
9.586576229571243911e-11
1.594646536796660063e-10
1.350506103879088733e-10
9.319964868185132724e-11
9.691333170671293132e-11
1.390883584958690863e-10
1.187000447591210067e-10
1.129593065678012811e-10
1.754931638759064135e-10
1.108330982574659999e-10
9.657439923807378153e-11
9.346597692872499926e-11
9.670208817499305998e-11
9.436389464021721476e-11
9.328104820907533860e-11
9.847327191440119063e-11
1.056821155869842843e-10
1.194075942043771733e-10
1.987233163229004611e-10
1.053902521318505612e-10
1.726961153798384375e-10
1.586904982057461718e-10
1.130675244635817767e-10
9.567373136672242672e-11
1.182459338972403839e-10
1.023097000044902350e-10
1.261971235083707687e-10
1.010885856905230348e-10
9.764914673476080020e-11
1.423067850030448483e-10
1.033033714257671243e-10
9.861826012273272455e-11
1.405316881833287341e-10
1.164614303906607200e-10
2.405491536949654929e-10
1.393758297716471221e-10
1.769291924372228067e-10
1.174046533143426632e-10
1.193386507302334754e-10
9.538741638447285159e-11
9.541138350811846481e-11
9.205735385373845482e-11
1.119443596288433093e-10
1.104856535045321350e-10
1.665527588691300548e-10
1.430877689331078605e-10
1.014298213756871190e-10
2.380159848652784619e-10
1.166441819355734299e-10
9.197630997031129015e-11
1.048331440859103003e-10
1.315007765890512054e-10
1.064600009691275973e-10
1.338399879699320554e-10
1.699558175454514094e-10
2.979176711356059186e-10
1.111150332442725308e-10
1.036025742635600309e-10
1.096613430485877804e-10
9.207329489790464544e-11
1.212340979078109322e-10
1.044930605514145856e-10
2.130352410565756718e-10
9.538347391873583789e-11
9.557995061824749932e-11
1.264710240529612472e-10
1.008603840302916932e-10
1.497649339144316294e-10
3.558374837151309435e-10
9.617682278467300133e-11
1.256615094157983559e-10
1.079996287575108153e-10
1.400832357261309452e-10
9.733322038507315039e-11
1.135956214682256628e-10
1.719656664588436458e-10
1.027870553968306068e-10
1.221541262496767938e-10
1.208589875431980570e-10
1.687731387315705969e-10
1.155596152472505441e-10
1.010197676238089452e-10
9.455332525946919958e-11
1.018132595650491922e-10
9.294426828865345001e-11
1.152035509993797324e-10
1.416017393388054336e-10
1.243107104224695646e-10
9.222185341257983669e-11
1.360214693502093244e-10
9.571901942508630979e-11
1.620273172627977660e-10
1.106372673265056081e-10
1.113106795026711174e-10
9.653742139224252052e-11
9.179365082328587216e-11
1.109139717550055300e-10
1.057544670164195837e-10
1.387559523267634420e-10
1.622407587680444995e-10
9.412228979257762182e-11
9.282773352906435227e-11
1.394212023288740909e-10
1.676151357244607309e-10
9.979638446300194057e-11
1.126376522869047649e-10
1.017819754662483195e-10
9.697847586980419808e-11
1.585073636756893465e-10
9.457461741229105014e-11
9.881246035851453133e-11
9.601701270524716143e-11
1.088755474126293272e-10
1.327071449082711497e-10
1.068181652406182644e-10
9.700038928222845391e-11
9.940614951139463203e-11
1.689647626156125237e-10
1.070263722857289055e-10
9.407010464019108415e-11
1.513001715853530023e-10
9.810305755124219750e-11
2.054664951369500014e-10
9.602798750040166891e-11
1.312167577573065424e-10
1.101237611502430214e-10
2.407912283648109624e-10
1.227311999594739858e-10
1.200245908264514169e-10
1.112507353769636484e-10
2.460867681968610973e-10
1.280913488536871725e-10
1.027060789120195368e-10
1.210523028024820421e-10
9.326367961518162147e-11
1.203753476369067227e-10
9.405238465462389379e-11
9.535902744794913490e-11
1.027368210878771147e-10
1.115116651186289148e-10
9.289989686201799786e-11
9.593231307656290300e-11
1.077271610600009886e-10
1.031909562969273930e-10
1.007956372035602940e-10
9.547364187596611845e-11
1.008943202716843955e-10
1.069509221622689954e-10
1.024789581034636709e-10
1.193630181945077334e-10
2.167372626439952641e-10
9.405046880553188680e-11
1.601918578881947186e-10
1.755736237295152411e-10
1.017427839859833666e-10
1.451423813189603534e-10
9.185723465878402300e-11
1.140578047181035142e-10
1.078192783438058398e-10
1.427214105438929136e-10
9.579461499646698998e-11
9.191051759205769353e-11
1.066487977589493773e-10
9.604711237775429014e-11
1.075075021680284852e-10
1.147755887902330550e-10
9.475923836595315947e-11
1.041350661121000823e-10
1.069537755660056021e-10
1.130426532484205534e-10
1.150641744215514612e-10
1.031886009078701305e-10
1.022729110398299158e-10
1.581649554576928338e-10
1.918472833356244014e-10
1.487375598024287978e-10
1.055094212003392810e-10
1.769916366317297651e-10
1.594427243170057411e-10
9.745322938547499925e-11
1.402178131735910692e-10
1.707251560991330308e-10
9.554295117104363593e-11
9.810213433044492225e-11
9.524555557224731558e-11
1.030678241639815093e-10
1.316710732549164774e-10
9.684161328183675121e-11
1.378686992448529219e-10
1.086064108959700597e-10
9.241803916999784396e-11
9.950679720654598430e-11
1.232793272056841904e-10
9.303118256356985926e-11
1.698806480088575259e-10
1.031322047341164244e-10
9.393801249275806013e-11
1.026052235162420343e-10
9.379583592770517907e-11
1.054933944020199464e-10
1.022240884472108601e-10
9.962466369400635412e-11
1.189494774124604701e-10
1.207712723732761317e-10
1.471519986168742913e-10
9.541879332881460709e-11
9.575124429738067110e-11
1.235295786985502671e-10
1.294456898094776442e-10
1.051566276559732896e-10
1.071628914241632285e-10
9.457827161379234043e-11
1.109486555093260395e-10
9.332317137709900964e-11
1.291015847765205648e-10
1.073460553024917948e-10
1.517957344486802269e-10
1.013105032875717018e-10
1.345864551857556587e-10
9.246002000524478559e-11
1.102207935794751684e-10
1.456589553541966852e-10
1.339241501734239918e-10
1.182234562218909518e-10
9.668806364028337064e-11
9.719772567589550460e-11
9.519185589271822397e-11
1.281520133099474547e-10
1.278558836923744388e-10
1.377233108200979318e-10
9.428490677142026213e-11
9.808874677447803470e-11
9.262373177992015328e-11
3.308919414106871446e-10
9.680721551322162723e-11
9.771401584797340196e-11
9.625757944295323137e-11
1.514227218874692767e-10
1.553828257304199258e-10
1.263000358901613110e-10
1.549834500485730072e-10
9.399106053630215712e-11
1.231745882400978697e-10
1.775472756513146802e-10
1.313467365388646842e-10
1.156257290941225447e-10
2.987566908271831972e-10
9.704715449095939321e-11
9.832732886509221943e-11
9.215930233780390794e-11
1.174262163088475678e-10
9.273386390969242124e-11
1.238679960406564322e-10
1.543977477579977105e-10
9.206711396337276535e-11
1.023995469588127839e-10
1.164620925070456858e-10
1.102520560146736719e-10
1.023190437446657779e-10
9.221681820686373572e-11
1.001896696370165862e-10
1.120095966420258958e-10
1.086342796578467880e-10
1.272044583417252027e-10
9.590908767760007332e-11
1.511365305237567095e-10
1.475744923960001513e-10
1.039291148978040677e-10
9.747628726552193078e-11
1.138329302331868362e-10
1.140606367944745215e-10
9.385151354311017423e-11
1.133521831939683751e-10
9.697365744633730114e-11
1.401907941387648361e-10
1.695925457944425826e-10
1.316432391851090489e-10
1.205325947728456329e-10
9.251478073361392784e-11
1.584947233964289253e-10
1.017153569960351427e-10
2.156629302013772815e-10
9.801439366013086955e-11
1.520625954586182398e-10
9.239306968014207058e-11
1.280523544065712280e-10
9.583043001030841167e-11
1.095369141493789243e-10
1.173842704691544407e-10
1.196750037270171423e-10
1.004731638742484044e-10
9.793613875236745760e-11
1.514358771980204348e-10
9.397556426910215127e-11
9.354123841459803019e-11
1.034281680417174591e-10
1.001688212089349137e-10
1.266896729204482725e-10
1.632345410622685464e-10
1.186076761585917400e-10
9.959444926008345118e-11
1.232269044401298988e-10
1.156513126721204795e-10
1.126709171195165638e-10
2.134845051967406745e-10
1.280965879408775731e-10
1.158587299194531504e-10
1.190781133513991264e-10
2.815757920595362980e-10
9.931150193260598164e-11
1.152245383285070898e-10
1.150113011028100007e-10
1.355604554326940224e-10
2.458554603051460049e-10
1.084458324969009347e-10
1.995448664310289225e-10
1.080839094898944134e-10
1.129292450542514693e-10
2.658198598807208297e-10
2.073621422043375001e-10
1.345596163106855838e-10
9.671626672861722765e-11
9.226586061745189852e-11
1.576327998802465716e-10
1.573221151612058615e-10
1.653182187366011524e-10
1.270041399866369615e-10
1.111845573192817883e-10
1.041108206915150931e-10
9.192876119097652747e-11
9.426929344630193928e-11
9.689482315517414550e-11
1.186650068151867667e-10
1.159111318627524587e-10
1.089675164295369917e-10
2.069204899384620338e-10
1.024008807996804056e-10
1.050172495065952095e-10
1.341998732845538630e-10
9.915901729596469768e-11
1.345976561136396202e-10
1.432372206329768663e-10
1.006744583642212217e-10
9.908521482806890791e-11
1.017147606852565414e-10
1.134341931438190366e-10
9.280059904530417368e-11
1.049895574519920502e-10
1.090504409103666088e-10
9.641454096917234599e-11
1.146278350695657150e-10
1.097432506320233116e-10
9.658687841489865414e-11
1.290545056349599609e-10
1.281299674890859578e-10
1.015109413334441052e-10
9.561473441203785542e-11
1.892746890597054525e-10
9.542762139406128633e-11
1.469561278372690326e-10
1.002096080602525487e-10
1.274678987247797258e-10
1.178681519882714274e-10
1.040953360909925205e-10
1.185581437984058906e-10
1.145875463022832486e-10
1.110973702746452924e-10
1.040865703294148271e-10
1.053733422440075247e-10
9.513322980779234714e-11
1.720832362634801561e-10
1.465185349341223951e-10
9.888155114290029337e-11
1.906624491172228430e-10
2.899423278293682872e-10
1.038287140439542056e-10
1.130397988682946987e-10
1.144887863983902234e-10
9.296443099277121703e-11
9.700769279050233382e-11
1.001772818983387448e-10
9.212159127896652752e-11
1.012765394572278547e-10
1.175234696930953632e-10
2.353660062852038801e-10
1.059207687229068175e-10
1.150759508983901938e-10
1.118098060405087963e-10
1.001719940407360754e-10
1.055950057822914800e-10
9.366388612197285787e-11
1.269684143017851408e-10
1.104366935477747756e-10
1.369527509776356933e-10
9.805473211352008754e-11
9.285954310359244634e-11
1.025668993938505725e-10
1.573428780990288385e-10
1.000512133018400427e-10
1.619231343378619030e-10
9.681515440895654609e-11
9.908948570305508903e-11
9.450118944227988136e-11
9.442755241868882725e-11
1.357838396258917889e-10
9.406419830287595798e-11
1.146279693447368711e-10
1.033621848432099378e-10
1.170767053242231368e-10
2.558128453640932409e-10
1.750709141458546833e-10
1.122219348849470611e-10
1.031729952669807316e-10
1.547373195893444829e-10
9.268778730342709093e-11
1.660351682094575423e-10
1.251579624784726316e-10
1.235825177132442641e-10
1.044012947849261654e-10
9.492818498419970765e-11
9.978698595547963088e-11
1.478745522940174646e-10
1.114666774054453480e-10
1.811054156032183387e-10
1.071771330852230140e-10
1.055561899466306102e-10
2.034115779742057603e-10
1.062567063664368383e-10
1.023943596553579551e-10
1.234851750981361310e-10
1.148152834818851116e-10
1.085712141246496520e-10
9.606027838937498922e-11
1.061336755668263885e-10
1.339863629374790477e-10
1.479720913494998669e-10
1.320663798097537519e-10
1.102555291397952165e-10
1.119991828789065238e-10
1.130896734829969821e-10
1.497910731474604792e-10
1.185586652859676603e-10
1.159874367045103720e-10
1.050637751696700966e-10
9.656223068202001346e-11
9.663989918513137211e-11
1.306896064270070032e-10
9.430959669855252284e-11
1.433057105618734810e-10
9.244024732713638710e-11
1.282932227391852836e-10
1.191983234742433577e-10
1.187620228224156932e-10
1.275356718946148271e-10
1.023320940685825437e-10
1.360043591987645587e-10
1.233970812847612137e-10
1.381475563148235651e-10
1.421352323614607123e-10
9.604930682268690916e-11
9.693028220421859174e-11
1.027835101503092151e-10
1.098846141879005002e-10
9.238901563444322308e-11
1.267854739134338368e-10
1.293848317644042735e-10
1.546114905421238761e-10
1.291657044280794926e-10
9.759444204105570197e-11
9.668447930695233028e-11
1.246908133624869673e-10
1.626282510357639971e-10
1.078548313617198761e-10
1.841835308988041781e-10
1.168834575650950658e-10
9.910946515751239353e-11
9.290102654651193127e-11
1.139687652255453339e-10
1.176843088857231377e-10
1.283485737996389603e-10
2.190641335069532179e-10
1.044610233783366792e-10
1.016904584183630279e-10
1.276171048095021374e-10
9.667933636472746836e-11
1.099839195840942009e-10
9.553114019746551630e-11
1.016537717522373688e-10
9.930099757863242843e-11
1.026726672260649726e-10
1.578643206131559501e-10
9.908963823132562223e-11
1.198220759249649369e-10
1.134660342619405009e-10
9.609992362632832282e-11
1.085799438548320334e-10
9.877744026150177936e-11
1.704660112439630518e-10
9.678121553354935481e-11
1.295440481935963329e-10
1.841702298679290211e-10
1.460427563338210746e-10
1.101368329130976531e-10
9.214597497209297738e-11
9.331079339385257264e-11
1.131287986715389729e-10
9.270169323256190868e-11
1.430594550044952067e-10
1.023664924896952996e-10
9.498977074924650782e-11
1.576601307428020757e-10
1.879746752837288071e-10
1.206358712954351918e-10
1.001497823711404972e-10
1.059617690765078043e-10
1.878535666576210268e-10
1.461093340071393346e-10
9.476161749165329287e-11
1.352566090002878142e-10
2.036301498241212084e-10
1.189839221914628577e-10
1.096480821033061297e-10
1.987556712716452173e-10
1.083008516187370665e-10
9.375806108325742807e-11
1.211747624818317529e-10
1.118792264905848187e-10
9.596588705035507521e-11
1.830624065174505533e-10
1.020850771821336046e-10
1.057936512986290144e-10
1.976513371529073866e-10
1.184896811274547411e-10
1.567399803586998751e-10
1.535223937439444085e-10
1.397062672948012493e-10
1.506050241035611587e-10
1.147963763597738150e-10
9.894220003767767605e-11
1.077200722602175986e-10
9.232705044396175069e-11
1.215175087602494421e-10
1.730021701350282097e-10
1.156916766854292444e-10
1.329074709390477267e-10
9.226862060483248631e-11
9.818627007180333979e-11
9.962678903069086657e-11
1.226231401100891467e-10
1.263541773306008096e-10
1.607147922209055946e-10
1.029371870205285357e-10
1.914053301793093052e-10
9.478271012047444418e-11
9.977091574500609931e-11
1.008959717807503081e-10
1.391147713402841834e-10
1.042789763945657638e-10
1.504761768644183414e-10
1.398169007574944286e-10
1.118973299753237994e-10
1.080327257034639810e-10
1.002364892267210845e-10
2.190412766780350500e-10
1.396915856679062247e-10
1.584270576225022824e-10
1.475812738324858911e-10
1.615334664683518674e-10
2.878042082759923560e-10
