Fracture Radii List After Isolated Fracture and Cluster Removal
Format: xRadius yRadius Family# (-2 = userPolygon, -1 = userRectangle, 0 = userEllipse, > 0 is family in order of famProb)
33.2795 33.2795 3
34.8836 34.8836 3
37.8749 37.8749 2
39.1959 39.1959 2
31.2577 31.2577 2
57.815 57.815 3
37.4857 37.4857 3
36.6147 36.6147 3
43.1226 43.1226 3
34.2749 34.2749 1
96.4205 96.4205 3
52.2114 52.2114 3
32.4429 32.4429 1
30.9139 30.9139 3
37.6245 37.6245 3
35.779 35.779 1
31.5183 31.5183 2
44.3506 44.3506 3
37.243 37.243 1
33.3775 33.3775 1
33.8629 33.8629 3
41.4902 41.4902 3
30.0981 30.0981 3
64.8364 64.8364 1
31.0283 31.0283 3
32.5622 32.5622 2
37.6312 37.6312 1
30.8083 30.8083 3
59.9462 59.9462 3
34.19 34.19 1
58.1115 58.1115 3
67.7842 67.7842 2
31.2839 31.2839 3
33.5215 33.5215 1
32.2088 32.2088 3
42.8615 42.8615 2
37.3711 37.3711 3
38.7677 38.7677 2
64.6526 64.6526 3
43.3439 43.3439 2
30.5441 30.5441 3
40.8238 40.8238 1
59.8942 59.8942 3
32.5073 32.5073 3
56.6891 56.6891 2
41.146 41.146 3
72.379 72.379 3
49.5079 49.5079 3
45.1702 45.1702 3
31.424 31.424 3
37.9295 37.9295 2
37.5781 37.5781 3
33.8738 33.8738 3
30.042 30.042 2
33.3257 33.3257 3
37.6634 37.6634 2
42.913 42.913 3
62.4551 62.4551 2
31.5302 31.5302 3
41.4318 41.4318 3
30.4802 30.4802 1
86.8228 86.8228 3
35.5856 35.5856 2
31.8071 31.8071 2
87.4241 87.4241 3
203.169 203.169 3
40.3494 40.3494 3
31.3584 31.3584 3
50.1099 50.1099 3
58.4812 58.4812 3
33.1216 33.1216 3
41.8462 41.8462 2
65.1713 65.1713 3
34.0552 34.0552 1
51.5796 51.5796 2
86.1396 86.1396 1
39.9152 39.9152 2
61.089 61.089 3
58.137 58.137 1
40.8299 40.8299 3
32.5551 32.5551 1
31.1713 31.1713 3
35.2447 35.2447 2
38.0819 38.0819 2
61.901 61.901 1
37.3395 37.3395 3
45.0442 45.0442 1
30.5725 30.5725 1
33.6579 33.6579 2
42.7365 42.7365 3
45.3175 45.3175 3
34.4237 34.4237 3
165.007 165.007 3
42.2832 42.2832 1
47.7079 47.7079 3
64.2887 64.2887 1
31.259 31.259 3
35.398 35.398 3
41.3584 41.3584 1
33.3842 33.3842 3
45.2715 45.2715 2
42.6495 42.6495 2
33.1496 33.1496 3
62.1042 62.1042 3
176.213 176.213 1
40.0436 40.0436 3
95.336 95.336 2
44.6499 44.6499 3
56.0034 56.0034 3
38.7862 38.7862 3
41.067 41.067 2
40.0866 40.0866 3
62.9233 62.9233 2
46.1542 46.1542 1
38.3318 38.3318 1
41.9604 41.9604 3
44.7348 44.7348 3
45.2 45.2 2
77.3952 77.3952 2
81.1992 81.1992 3
45.5501 45.5501 3
45.9574 45.9574 3
31.0414 31.0414 1
53.5713 53.5713 3
30.7031 30.7031 2
33.9784 33.9784 3
59.0727 59.0727 3
44.208 44.208 1
57.3076 57.3076 3
52.8229 52.8229 3
33.875 33.875 2
39.304 39.304 3
31.133 31.133 3
51.9601 51.9601 2
41.9548 41.9548 2
33.1591 33.1591 3
50.4444 50.4444 2
35.4767 35.4767 3
36.709 36.709 2
35.2018 35.2018 2
31.9982 31.9982 2
51.4618 51.4618 3
49.7082 49.7082 1
76.8893 76.8893 2
42.5819 42.5819 1
70.2601 70.2601 3
30.8931 30.8931 1
41.7721 41.7721 2
77.0504 77.0504 1
42.3688 42.3688 1
56.0628 56.0628 3
54.7528 54.7528 3
40.5461 40.5461 3
260.247 260.247 3
31.0938 31.0938 1
40.8516 40.8516 3
40.9568 40.9568 3
99.1502 99.1502 3
31.727 31.727 3
55.5837 55.5837 3
33.8569 33.8569 2
35.9749 35.9749 1
44.7011 44.7011 3
33.6482 33.6482 3
39.4495 39.4495 1
43.24 43.24 3
32.6448 32.6448 2
30.9107 30.9107 3
39.6492 39.6492 2
31.7353 31.7353 1
106.102 106.102 3
37.8074 37.8074 2
48.9321 48.9321 3
49.8149 49.8149 1
42.2475 42.2475 3
40.4596 40.4596 3
94.0764 94.0764 2
30.6189 30.6189 3
66.4596 66.4596 3
172.785 172.785 1
69.574 69.574 1
31.7366 31.7366 1
66.5919 66.5919 3
70.1395 70.1395 1
42.1339 42.1339 2
31.9294 31.9294 2
31.3234 31.3234 3
33.2558 33.2558 3
64.451 64.451 3
47.2197 47.2197 2
36.7588 36.7588 2
166.627 166.627 2
49.848 49.848 3
35.6282 35.6282 1
48.1032 48.1032 1
49.283 49.283 2
30.6225 30.6225 1
39.5347 39.5347 2
79.3587 79.3587 3
84.6235 84.6235 1
41.5336 41.5336 3
35.4989 35.4989 3
32.9814 32.9814 1
42.041 42.041 3
41.3763 41.3763 2
43.8878 43.8878 1
35.3136 35.3136 3
47.787 47.787 3
33.7717 33.7717 3
44.8755 44.8755 3
42.343 42.343 3
46.1515 46.1515 3
39.1724 39.1724 2
47.294 47.294 3
37.9516 37.9516 3
110.052 110.052 3
51.6269 51.6269 2
36.416 36.416 2
57.4306 57.4306 3
31.8716 31.8716 3
44.6265 44.6265 1
54.3482 54.3482 1
34.9137 34.9137 3
46.7551 46.7551 3
32.3826 32.3826 3
30.7051 30.7051 1
47.258 47.258 2
32.8301 32.8301 1
49.4391 49.4391 2
34.189 34.189 1
53.0461 53.0461 1
92.6236 92.6236 3
42.1141 42.1141 1
30.2252 30.2252 3
30.0604 30.0604 1
32.3429 32.3429 1
80.534 80.534 1
34.8109 34.8109 3
37.5621 37.5621 1
51.2069 51.2069 2
38.4658 38.4658 3
41.3733 41.3733 3
40.7489 40.7489 1
45.6534 45.6534 3
31.9345 31.9345 3
46.3651 46.3651 3
34.0842 34.0842 1
32.1989 32.1989 2
71.0626 71.0626 3
36.5652 36.5652 3
36.9684 36.9684 2
45.455 45.455 2
279.459 279.459 1
66.8769 66.8769 3
96.5581 96.5581 3
40.3579 40.3579 2
30.2463 30.2463 3
37.4938 37.4938 3
31.293 31.293 3
54.4808 54.4808 3
174.324 174.324 3
66.4563 66.4563 3
30.6455 30.6455 3
32.9788 32.9788 3
56.4238 56.4238 2
109.784 109.784 1
61.5503 61.5503 3
52.3172 52.3172 1
38.269 38.269 3
40.5679 40.5679 3
51.7235 51.7235 3
378.362 378.362 3
56.7541 56.7541 2
100.927 100.927 2
105.32 105.32 1
35.3646 35.3646 3
67.7864 67.7864 2
39.5713 39.5713 3
50.9511 50.9511 3
60.0361 60.0361 1
42.9036 42.9036 3
30.6437 30.6437 2
51.8099 51.8099 3
30.57 30.57 2
59.0826 59.0826 1
42.1765 42.1765 2
78.0247 78.0247 3
48.008 48.008 3
39.0942 39.0942 3
50.4514 50.4514 3
94.7481 94.7481 1
39.418 39.418 3
62.6501 62.6501 1
37.7403 37.7403 3
41.4503 41.4503 3
75.4988 75.4988 3
143.292 143.292 1
36.8741 36.8741 3
119.282 119.282 2
44.6431 44.6431 2
105.748 105.748 1
33.8908 33.8908 3
49.8497 49.8497 2
34.6334 34.6334 3
34.0163 34.0163 3
48.7472 48.7472 1
44.929 44.929 1
45.2754 45.2754 2
47.9043 47.9043 3
38.3456 38.3456 2
30.9242 30.9242 1
35.956 35.956 1
45.4571 45.4571 3
208.769 208.769 2
51.0045 51.0045 3
31.772 31.772 2
30.2973 30.2973 3
148.67 148.67 3
31.2892 31.2892 3
39.0157 39.0157 2
41.772 41.772 3
37.3376 37.3376 1
34.7002 34.7002 3
117.71 117.71 1
54.655 54.655 2
38.8084 38.8084 3
70.0543 70.0543 2
45.6614 45.6614 1
38.5227 38.5227 3
78.5245 78.5245 3
89.89 89.89 2
48.3421 48.3421 1
30.0094 30.0094 3
40.6898 40.6898 3
46.9367 46.9367 3
39.3961 39.3961 2
43.0345 43.0345 1
248.179 248.179 1
40.8802 40.8802 3
108.34 108.34 1
33.9068 33.9068 2
37.0836 37.0836 2
35.1989 35.1989 1
92.3159 92.3159 3
39.3246 39.3246 3
52.536 52.536 3
36.7334 36.7334 2
42.999 42.999 1
57.6446 57.6446 3
43.0791 43.0791 2
35.3256 35.3256 3
86.8453 86.8453 3
59.0755 59.0755 3
52.9351 52.9351 3
48.1253 48.1253 3
91.4118 91.4118 1
32.1019 32.1019 1
31.9492 31.9492 3
55.0753 55.0753 3
116.296 116.296 1
35.2142 35.2142 3
33.0457 33.0457 3
31.3822 31.3822 2
65.1537 65.1537 3
50.5858 50.5858 2
34.6651 34.6651 3
114.233 114.233 3
32.5954 32.5954 2
61.6587 61.6587 1
31.4207 31.4207 3
43.3415 43.3415 3
84.7619 84.7619 1
64.2983 64.2983 3
62.8261 62.8261 1
69.0135 69.0135 3
30.9265 30.9265 2
32.0919 32.0919 1
46.8252 46.8252 1
30.7591 30.7591 2
256.01 256.01 1
33.7305 33.7305 2
105.191 105.191 2
50.4509 50.4509 2
112.766 112.766 3
92.9372 92.9372 3
45.4517 45.4517 3
60.2001 60.2001 3
106.687 106.687 1
57.1763 57.1763 2
69.6987 69.6987 3
65.0083 65.0083 1
52.0377 52.0377 3
33.3506 33.3506 3
46.4598 46.4598 3
99.7635 99.7635 3
55.3751 55.3751 3
52.0856 52.0856 3
87.7985 87.7985 3
51.1972 51.1972 3
31.72 31.72 3
71.7169 71.7169 3
32.7034 32.7034 3
37.2312 37.2312 3
46.6635 46.6635 3
76.1051 76.1051 2
184.951 184.951 3
57.0372 57.0372 3
80.556 80.556 2
45.619 45.619 3
30.8744 30.8744 2
59.6776 59.6776 3
54.5187 54.5187 2
88.6307 88.6307 1
132.838 132.838 3
66.6394 66.6394 1
46.1179 46.1179 3
59.5706 59.5706 2
35.934 35.934 3
37.568 37.568 2
42.1155 42.1155 1
45.7581 45.7581 1
34.7121 34.7121 2
33.3549 33.3549 3
51.8826 51.8826 2
56.7904 56.7904 2
50.0233 50.0233 3
68.557 68.557 3
61.3687 61.3687 1
35.69 35.69 3
374.925 374.925 3
30.82 30.82 1
33.582 33.582 3
39.2388 39.2388 2
33.7015 33.7015 1
32.0138 32.0138 1
31.7075 31.7075 3
36.5679 36.5679 3
34.4276 34.4276 3
74.2553 74.2553 1
35.4122 35.4122 2
40.7621 40.7621 3
30.168 30.168 1
48.5286 48.5286 2
44.9359 44.9359 2
34.399 34.399 1
44.8094 44.8094 1
36.2016 36.2016 1
43.6153 43.6153 3
36.4933 36.4933 1
39.0578 39.0578 1
42.8324 42.8324 3
66.4821 66.4821 2
59.5258 59.5258 2
80.4307 80.4307 3
45.9434 45.9434 2
44.5877 44.5877 3
60.9086 60.9086 3
64.1616 64.1616 2
33.6114 33.6114 3
41.1918 41.1918 3
75.0002 75.0002 3
31.5683 31.5683 2
46.9267 46.9267 3
36.7761 36.7761 3
38.3166 38.3166 3
87.5059 87.5059 3
66.6909 66.6909 3
49.56 49.56 3
36.73 36.73 2
53.5047 53.5047 3
46.9405 46.9405 2
74.6866 74.6866 1
40.5852 40.5852 3
31.0823 31.0823 1
35.412 35.412 3
40.281 40.281 3
30.7691 30.7691 3
47.4874 47.4874 1
52.7964 52.7964 3
79.7349 79.7349 3
553.228 553.228 3
155.924 155.924 2
46.0726 46.0726 3
51.537 51.537 3
61.1937 61.1937 3
34.953 34.953 3
36.8803 36.8803 2
42.1437 42.1437 3
53.7912 53.7912 3
80.3263 80.3263 2
63.63 63.63 2
32.3299 32.3299 2
30.3747 30.3747 2
37.6939 37.6939 3
97.0961 97.0961 1
50.0117 50.0117 1
78.6127 78.6127 3
35.0556 35.0556 1
42.904 42.904 1
47.8292 47.8292 3
44.2705 44.2705 3
39.5656 39.5656 3
35.8835 35.8835 2
50.408 50.408 1
43.4332 43.4332 2
34.5085 34.5085 1
33.3837 33.3837 3
57.303 57.303 1
41.9807 41.9807 3
30.9614 30.9614 2
51.9307 51.9307 1
30.1335 30.1335 3
33.8271 33.8271 1
33.3588 33.3588 3
43.3848 43.3848 2
60.3804 60.3804 2
37.2948 37.2948 3
61.2575 61.2575 1
81.4529 81.4529 3
33.4115 33.4115 1
58.2383 58.2383 1
37.485 37.485 3
37.3505 37.3505 1
43.7161 43.7161 3
57.8799 57.8799 1
37.5064 37.5064 2
34.3804 34.3804 3
32.54 32.54 3
38.0537 38.0537 3
82.947 82.947 3
54.0804 54.0804 3
76.8918 76.8918 2
113.783 113.783 3
33.1602 33.1602 2
37.681 37.681 3
224.188 224.188 3
32.8526 32.8526 2
55.5238 55.5238 2
92.9908 92.9908 1
37.7902 37.7902 1
33.809 33.809 3
47.5133 47.5133 3
32.012 32.012 1
46.1459 46.1459 1
37.4294 37.4294 2
113.33 113.33 3
47.9644 47.9644 1
45.996 45.996 3
35.1426 35.1426 1
41.7821 41.7821 3
35.1542 35.1542 1
58.85 58.85 3
52.3636 52.3636 1
53.6506 53.6506 1
38.0453 38.0453 3
71.404 71.404 2
32.193 32.193 3
30.4072 30.4072 2
49.6823 49.6823 1
48.274 48.274 1
88.1151 88.1151 3
31.403 31.403 3
88.481 88.481 3
39.213 39.213 3
34.568 34.568 2
44.7593 44.7593 3
47.9698 47.9698 2
92.9857 92.9857 1
31.0467 31.0467 3
59.7744 59.7744 1
39.2117 39.2117 3
38.9186 38.9186 3
32.3687 32.3687 3
35.0463 35.0463 3
44.8396 44.8396 3
43.93 43.93 1
31.9479 31.9479 3
34.1987 34.1987 3
42.666 42.666 3
46.4964 46.4964 2
35.4725 35.4725 2
43.5733 43.5733 3
34.8147 34.8147 3
34.4352 34.4352 3
35.6091 35.6091 3
33.3189 33.3189 1
41.4174 41.4174 3
42.613 42.613 3
30.3405 30.3405 1
38.8831 38.8831 2
33.315 33.315 1
52.7672 52.7672 1
122.187 122.187 2
52.2019 52.2019 1
53.1675 53.1675 1
59.3096 59.3096 3
42.5043 42.5043 2
67.7254 67.7254 1
55.4112 55.4112 2
53.3365 53.3365 3
127.109 127.109 3
48.3085 48.3085 1
46.5748 46.5748 2
146.937 146.937 2
68.8297 68.8297 3
50.6157 50.6157 1
33.521 33.521 3
31.7301 31.7301 3
75.1785 75.1785 3
33.1476 33.1476 2
35.9778 35.9778 2
44.0178 44.0178 1
77.2495 77.2495 3
35.7077 35.7077 3
33.1219 33.1219 1
51.5497 51.5497 2
88.4959 88.4959 3
62.8037 62.8037 3
34.0609 34.0609 3
55.8381 55.8381 1
33.0128 33.0128 2
77.8799 77.8799 3
35.0083 35.0083 3
33.0854 33.0854 2
95.9039 95.9039 2
32.8155 32.8155 3
56.4542 56.4542 2
56.4424 56.4424 2
51.817 51.817 2
34.6611 34.6611 3
39.1446 39.1446 1
35.5223 35.5223 2
56.5841 56.5841 3
55.4114 55.4114 3
65.7334 65.7334 3
30.1741 30.1741 3
33.8716 33.8716 3
31.9573 31.9573 3
30.6908 30.6908 2
46.8048 46.8048 2
32.0821 32.0821 1
46.0853 46.0853 1
31.8645 31.8645 1
39.7542 39.7542 1
40.5061 40.5061 3
59.4801 59.4801 3
73.1251 73.1251 3
97.1212 97.1212 3
74.4466 74.4466 2
31.0231 31.0231 2
44.3383 44.3383 2
32.7898 32.7898 3
30.7248 30.7248 3
91.6058 91.6058 2
37.6714 37.6714 1
30.3717 30.3717 3
42.2434 42.2434 3
44.6726 44.6726 3
30.5004 30.5004 1
31.4943 31.4943 3
31.5865 31.5865 2
33.8442 33.8442 1
34.5422 34.5422 2
34.5321 34.5321 1
106.775 106.775 2
31.6649 31.6649 2
43.3594 43.3594 3
38.095 38.095 2
34.0055 34.0055 3
70.8883 70.8883 2
65.0652 65.0652 3
60.1693 60.1693 3
32.9855 32.9855 3
33.5479 33.5479 3
39.3705 39.3705 2
80.7048 80.7048 3
124.42 124.42 3
32.9986 32.9986 2
36.8682 36.8682 3
39.7208 39.7208 3
30.6676 30.6676 2
38.7359 38.7359 1
34.2626 34.2626 3
43.4856 43.4856 1
50.3188 50.3188 3
90.0668 90.0668 3
39.254 39.254 3
31.3608 31.3608 2
99.5915 99.5915 1
30.7592 30.7592 3
31.9277 31.9277 2
51.3308 51.3308 3
69.9534 69.9534 3
31.491 31.491 3
33.0307 33.0307 3
61.0501 61.0501 2
37.9449 37.9449 3
41.6628 41.6628 1
35.7572 35.7572 3
33.6584 33.6584 3
68.4488 68.4488 3
37.0083 37.0083 1
39.7462 39.7462 1
39.2705 39.2705 1
44.8402 44.8402 3
48.2951 48.2951 3
46.1591 46.1591 3
56.8153 56.8153 2
34.8911 34.8911 1
34.0427 34.0427 3
31.6758 31.6758 1
31.9626 31.9626 3
37.4821 37.4821 2
55.6596 55.6596 3
36.0633 36.0633 2
66.3644 66.3644 3
38.9791 38.9791 1
71.1471 71.1471 2
176.255 176.255 2
40.9188 40.9188 1
71.054 71.054 3
45.9215 45.9215 3
49.756 49.756 2
34.5518 34.5518 3
41.6819 41.6819 2
31.6218 31.6218 1
55.4881 55.4881 3
72.7801 72.7801 3
120.141 120.141 3
34.6257 34.6257 1
30.1833 30.1833 2
50.9221 50.9221 3
30.5872 30.5872 3
90.2427 90.2427 3
45.2455 45.2455 2
49.9372 49.9372 3
61.9072 61.9072 2
38.5314 38.5314 1
63.0769 63.0769 1
76.9354 76.9354 1
32.6307 32.6307 2
85.4216 85.4216 1
35.321 35.321 3
39.7111 39.7111 2
35.1155 35.1155 1
125.459 125.459 3
74.2547 74.2547 1
54.884 54.884 3
107.438 107.438 1
243.044 243.044 1
39.924 39.924 1
49.4044 49.4044 3
38.8397 38.8397 3
47.0397 47.0397 3
34.4006 34.4006 3
40.5844 40.5844 1
59.9058 59.9058 1
48.821 48.821 1
40.9294 40.9294 3
74.163 74.163 2
209.334 209.334 3
58.137 58.137 3
38.7837 38.7837 3
106.751 106.751 2
126.843 126.843 2
31.1973 31.1973 1
30.9207 30.9207 3
52.7528 52.7528 2
31.9814 31.9814 3
30.5144 30.5144 3
69.8555 69.8555 1
57.0797 57.0797 3
40.8357 40.8357 2
147.492 147.492 3
33.9821 33.9821 2
77.4407 77.4407 1
33.3007 33.3007 3
64.6617 64.6617 3
38.9873 38.9873 3
33.1942 33.1942 3
34.1929 34.1929 2
43.0195 43.0195 1
46.3721 46.3721 1
83.3564 83.3564 3
42.6134 42.6134 2
45.3345 45.3345 3
44.3952 44.3952 2
98.4468 98.4468 2
30.3762 30.3762 3
105.536 105.536 1
36.5327 36.5327 3
50.7862 50.7862 3
60.1812 60.1812 3
77.8118 77.8118 2
37.4259 37.4259 3
37.843 37.843 3
32.6824 32.6824 1
52.7089 52.7089 2
41.2378 41.2378 3
49.0344 49.0344 2
54.1341 54.1341 3
33.802 33.802 1
30.1647 30.1647 3
31.307 31.307 1
82.0844 82.0844 3
38.7147 38.7147 3
68.1453 68.1453 1
41.3796 41.3796 2
44.7443 44.7443 2
71.482 71.482 3
41.0169 41.0169 3
184.097 184.097 3
33.9832 33.9832 1
37.5629 37.5629 1
37.6216 37.6216 2
31.2709 31.2709 3
33.9483 33.9483 1
55.3948 55.3948 3
41.4643 41.4643 3
34.8979 34.8979 2
35.2703 35.2703 2
46.6507 46.6507 3
111.933 111.933 1
55.2067 55.2067 3
80.8184 80.8184 2
34.02 34.02 3
47.9446 47.9446 2
43.6675 43.6675 3
45.5255 45.5255 3
52.3676 52.3676 1
34.448 34.448 3
34.7662 34.7662 3
33.4463 33.4463 3
93.5237 93.5237 2
43.7275 43.7275 2
30.8413 30.8413 2
212.224 212.224 3
35.8896 35.8896 1
35.7066 35.7066 1
104.779 104.779 3
32.7223 32.7223 2
40.5441 40.5441 3
37.7145 37.7145 3
36.4652 36.4652 2
45.1634 45.1634 3
37.4646 37.4646 2
39.122 39.122 3
41.9717 41.9717 2
43.1887 43.1887 2
31.4902 31.4902 2
35.4681 35.4681 3
52.8568 52.8568 3
370.702 370.702 3
146.299 146.299 2
36.3772 36.3772 3
159.919 159.919 3
43.0618 43.0618 3
44.5211 44.5211 1
32.7491 32.7491 2
51.7369 51.7369 1
40.069 40.069 2
32.8869 32.8869 1
33.8369 33.8369 2
30.1585 30.1585 3
138.145 138.145 3
37.7914 37.7914 2
31.9853 31.9853 2
36.9406 36.9406 3
57.9194 57.9194 1
33.3179 33.3179 3
79.3967 79.3967 3
63.8997 63.8997 3
36.37 36.37 3
77.7641 77.7641 2
31.7532 31.7532 2
48.1253 48.1253 3
49.9055 49.9055 3
89.5434 89.5434 2
40.9446 40.9446 3
38.7796 38.7796 2
41.716 41.716 3
31.7738 31.7738 3
68.6906 68.6906 3
30.7162 30.7162 3
42.2809 42.2809 1
55.214 55.214 3
54.9088 54.9088 1
30.641 30.641 2
34.4616 34.4616 3
61.733 61.733 2
38.09 38.09 2
40.281 40.281 3
35.0372 35.0372 3
90.3277 90.3277 3
43.4861 43.4861 1
31.9339 31.9339 1
113.217 113.217 2
42.589 42.589 3
39.5371 39.5371 3
32.4559 32.4559 3
74.3611 74.3611 3
89.6642 89.6642 3
34.4323 34.4323 3
44.254 44.254 3
91.4023 91.4023 3
80.3612 80.3612 3
57.3265 57.3265 3
31.3195 31.3195 3
47.295 47.295 2
30.8024 30.8024 1
45.8654 45.8654 3
171.22 171.22 3
32.6461 32.6461 3
42.4349 42.4349 3
83.69 83.69 3
49.7576 49.7576 2
61.9833 61.9833 1
38.0534 38.0534 1
39.295 39.295 1
34.7114 34.7114 3
33.367 33.367 1
30.1238 30.1238 3
39.4348 39.4348 3
36.3878 36.3878 2
32.1773 32.1773 3
40.2921 40.2921 2
63.6659 63.6659 3
77.3481 77.3481 3
31.2313 31.2313 3
32.5277 32.5277 2
51.5344 51.5344 3
31.4647 31.4647 3
33.536 33.536 3
37.4379 37.4379 3
38.5558 38.5558 1
35.8428 35.8428 3
34.7572 34.7572 1
32.9723 32.9723 2
45.297 45.297 3
43.4617 43.4617 3
41.7605 41.7605 3
41.8705 41.8705 1
36.1852 36.1852 3
33.993 33.993 3
59.0509 59.0509 3
45.0196 45.0196 1
41.5516 41.5516 1
38.1506 38.1506 3
30.0943 30.0943 3
166.345 166.345 3
30.4732 30.4732 3
53.4271 53.4271 2
33.8372 33.8372 2
33.5364 33.5364 3
63.2567 63.2567 3
46.3723 46.3723 3
95.3929 95.3929 3
73.0123 73.0123 2
52.487 52.487 2
32.5157 32.5157 2
50.3186 50.3186 3
35.6091 35.6091 3
124.284 124.284 3
30.2844 30.2844 2
34.5883 34.5883 3
91.938 91.938 1
35.8995 35.8995 2
226.18 226.18 3
39.7616 39.7616 3
30.0413 30.0413 1
33.0907 33.0907 3
32.1839 32.1839 3
31.636 31.636 3
32.0378 32.0378 2
46.3866 46.3866 2
66.6415 66.6415 1
42.3268 42.3268 3
31.2326 31.2326 3
31.2721 31.2721 1
39.8847 39.8847 1
39.3938 39.3938 3
128.025 128.025 2
35.3582 35.3582 3
167.525 167.525 3
34.7373 34.7373 1
33.5324 33.5324 3
35.6095 35.6095 3
31.089 31.089 2
32.5806 32.5806 3
35.0972 35.0972 3
46.1086 46.1086 1
32.3762 32.3762 3
122.614 122.614 2
41.8138 41.8138 1
47.9991 47.9991 3
44.7232 44.7232 3
50.8149 50.8149 1
75.2336 75.2336 3
38.3232 38.3232 3
53.3969 53.3969 3
32.8461 32.8461 1
30.0405 30.0405 2
30.476 30.476 3
84.8296 84.8296 3
35.3297 35.3297 2
74.7202 74.7202 1
53.0803 53.0803 3
62.7483 62.7483 2
37.7943 37.7943 3
35.0731 35.0731 3
49.2095 49.2095 3
41.928 41.928 2
83.7181 83.7181 2
38.7899 38.7899 3
43.4492 43.4492 1
89.7285 89.7285 2
35.4408 35.4408 3
53.1172 53.1172 1
50.6554 50.6554 3
32.3445 32.3445 3
66.5226 66.5226 3
80.0633 80.0633 3
60.4561 60.4561 2
78.6228 78.6228 3
49.3728 49.3728 3
35.9308 35.9308 2
38.0363 38.0363 2
44.7048 44.7048 2
34.2126 34.2126 3
40.3715 40.3715 2
40.0173 40.0173 1
45.4537 45.4537 2
40.0274 40.0274 2
36.2389 36.2389 2
47.6608 47.6608 2
38.707 38.707 3
31.6058 31.6058 2
60.5888 60.5888 2
43.4024 43.4024 3
36.8797 36.8797 1
54.8943 54.8943 3
30.2608 30.2608 1
32.1457 32.1457 3
41.8437 41.8437 2
55.2971 55.2971 1
122.215 122.215 3
262.75 262.75 3
34.0577 34.0577 2
30.9079 30.9079 3
93.162 93.162 1
74.5991 74.5991 3
48.8006 48.8006 2
92.088 92.088 3
112.379 112.379 3
145.151 145.151 3
63.2219 63.2219 3
81.6579 81.6579 3
55.1559 55.1559 3
35.8223 35.8223 3
34.5628 34.5628 2
35.1043 35.1043 3
41.1588 41.1588 1
36.0712 36.0712 2
58.1774 58.1774 1
44.0676 44.0676 2
49.5719 49.5719 3
54.7136 54.7136 2
121.795 121.795 3
30.1098 30.1098 1
56.0509 56.0509 1
45.28 45.28 2
71.9001 71.9001 3
31.5196 31.5196 1
50.5404 50.5404 3
34.5261 34.5261 3
48.1079 48.1079 1
33.7857 33.7857 3
40.7402 40.7402 3
37.9029 37.9029 3
63.5546 63.5546 1
47.7168 47.7168 3
45.9544 45.9544 3
37.554 37.554 2
50.0402 50.0402 2
33.664 33.664 2
48.2903 48.2903 3
50.2731 50.2731 3
37.4218 37.4218 1
47.0063 47.0063 3
32.6896 32.6896 3
36.053 36.053 1
40.4656 40.4656 3
42.8705 42.8705 3
33.6331 33.6331 2
30.3047 30.3047 2
34.2409 34.2409 3
37.6722 37.6722 3
30.8826 30.8826 3
77.2162 77.2162 3
99.3787 99.3787 1
31.9508 31.9508 3
32.0004 32.0004 3
30.8684 30.8684 1
47.5462 47.5462 2
32.1067 32.1067 3
33.0516 33.0516 1
44.1844 44.1844 3
36.125 36.125 3
34.4391 34.4391 1
30.1521 30.1521 3
195.99 195.99 3
79.7621 79.7621 3
35.8518 35.8518 3
36.2726 36.2726 3
33.4043 33.4043 2
31.7766 31.7766 2
36.754 36.754 3
48.932 48.932 3
37.3795 37.3795 2
126.014 126.014 3
50.5801 50.5801 3
38.6524 38.6524 3
39.0633 39.0633 1
77.6688 77.6688 3
47.3706 47.3706 2
99.3845 99.3845 3
33.4114 33.4114 1
32.3212 32.3212 3
53.9287 53.9287 2
71.6741 71.6741 1
68.9843 68.9843 3
35.4585 35.4585 3
32.5041 32.5041 1
46.4538 46.4538 3
58.9213 58.9213 2
31.8835 31.8835 1
37.0065 37.0065 1
30.8738 30.8738 1
59.2291 59.2291 1
49.4598 49.4598 1
40.1252 40.1252 2
31.0593 31.0593 1
61.4586 61.4586 3
52.2704 52.2704 1
57.5697 57.5697 1
48.2697 48.2697 3
40.8606 40.8606 1
45.5868 45.5868 2
30.9385 30.9385 3
53.3372 53.3372 3
41.3107 41.3107 3
54.7772 54.7772 3
77.7959 77.7959 3
64.5867 64.5867 3
33.7494 33.7494 3
73.0252 73.0252 1
41.663 41.663 3
39.253 39.253 2
44.4221 44.4221 2
39.8994 39.8994 3
83.8263 83.8263 3
35.692 35.692 3
38.3638 38.3638 3
39.934 39.934 3
184.799 184.799 1
80.9202 80.9202 3
48.4977 48.4977 1
34.2281 34.2281 3
120.535 120.535 2
35.0468 35.0468 1
36.0091 36.0091 1
43.8209 43.8209 3
45.8346 45.8346 2
33.4512 33.4512 1
134.065 134.065 3
34.6887 34.6887 2
109.283 109.283 1
57.8474 57.8474 3
43.2483 43.2483 3
31.3771 31.3771 3
45.2823 45.2823 3
68.8621 68.8621 1
41.5115 41.5115 3
172.233 172.233 1
35.5748 35.5748 2
31.6069 31.6069 3
68.9594 68.9594 2
43.8351 43.8351 3
42.8828 42.8828 1
87.6281 87.6281 3
85.8026 85.8026 3
38.466 38.466 3
47.8711 47.8711 2
32.1308 32.1308 2
49.8391 49.8391 1
64.1583 64.1583 2
56.8535 56.8535 1
232.629 232.629 3
82.3802 82.3802 1
31.2402 31.2402 3
30.3754 30.3754 3
109.089 109.089 3
33.5288 33.5288 2
40.5546 40.5546 3
40.5663 40.5663 3
31.7867 31.7867 1
30.6522 30.6522 1
32.1235 32.1235 2
44.7479 44.7479 3
45.5141 45.5141 2
35.1587 35.1587 3
37.0165 37.0165 2
30.5542 30.5542 3
68.3984 68.3984 3
38.3398 38.3398 1
34.1851 34.1851 3
31.063 31.063 3
102.582 102.582 2
32.0216 32.0216 3
35.2285 35.2285 3
48.9505 48.9505 3
76.0201 76.0201 1
31.842 31.842 3
62.022 62.022 2
31.6608 31.6608 3
112.616 112.616 1
225.243 225.243 3
38.5587 38.5587 3
60.0669 60.0669 1
56.04 56.04 1
33.3894 33.3894 1
33.8254 33.8254 2
31.9759 31.9759 3
33.5994 33.5994 3
37.769 37.769 3
45.7912 45.7912 3
32.1811 32.1811 2
50.7951 50.7951 2
32.77 32.77 2
284.08 284.08 2
36.4723 36.4723 3
115.793 115.793 3
53.8801 53.8801 1
31.101 31.101 2
79.8086 79.8086 3
32.2586 32.2586 2
179.058 179.058 3
36.7305 36.7305 2
30.4477 30.4477 1
33.3738 33.3738 3
39.9676 39.9676 3
35.906 35.906 3
41.489 41.489 3
43.0243 43.0243 3
52.1259 52.1259 3
101.706 101.706 3
58.4061 58.4061 3
41.5697 41.5697 3
40.7871 40.7871 3
36.0113 36.0113 1
49.3931 49.3931 3
32.6091 32.6091 1
34.1878 34.1878 2
57.1853 57.1853 3
45.4976 45.4976 2
73.4992 73.4992 3
124.26 124.26 2
53.1785 53.1785 3
34.2773 34.2773 2
65.6211 65.6211 1
43.6023 43.6023 3
53.5172 53.5172 3
44.9924 44.9924 3
32.2106 32.2106 3
40.6564 40.6564 3
53.7224 53.7224 3
78.7553 78.7553 2
72.7203 72.7203 3
48.4146 48.4146 3
34.9617 34.9617 1
32.7374 32.7374 2
105.813 105.813 1
76.1733 76.1733 2
31.3399 31.3399 1
31.5004 31.5004 2
94.3983 94.3983 3
44.627 44.627 1
51.0414 51.0414 3
34.2037 34.2037 1
33.7836 33.7836 3
57.3879 57.3879 3
33.3512 33.3512 3
42.9577 42.9577 3
39.2771 39.2771 1
41.6563 41.6563 3
47.1181 47.1181 3
37.3414 37.3414 3
53.2472 53.2472 3
74.4642 74.4642 3
30.9471 30.9471 3
54.4844 54.4844 3
34.2545 34.2545 2
46.9925 46.9925 1
38.6935 38.6935 2
37.8593 37.8593 1
62.904 62.904 1
41.2452 41.2452 2
32.9178 32.9178 2
32.2483 32.2483 3
120.948 120.948 3
63.2361 63.2361 3
35.7975 35.7975 3
31.9857 31.9857 2
33.8841 33.8841 3
31.9737 31.9737 2
53.9355 53.9355 3
43.727 43.727 3
31.8192 31.8192 3
37.1803 37.1803 3
79.4307 79.4307 1
30.0606 30.0606 3
93.4061 93.4061 2
41.1017 41.1017 2
62.0499 62.0499 3
71.4281 71.4281 3
32.2942 32.2942 3
36.4515 36.4515 1
104.331 104.331 2
32.904 32.904 1
71.2219 71.2219 1
35.8448 35.8448 2
34.8413 34.8413 1
67.9545 67.9545 3
139.988 139.988 2
46.5689 46.5689 1
157.633 157.633 2
33.3673 33.3673 2
38.7539 38.7539 3
65.862 65.862 3
31.4168 31.4168 3
30.0684 30.0684 1
32.776 32.776 3
120.732 120.732 3
70.4658 70.4658 3
41.5538 41.5538 3
48.7929 48.7929 3
45.5066 45.5066 3
57.2838 57.2838 2
51.1468 51.1468 1
75.6513 75.6513 3
36.3671 36.3671 3
54.3572 54.3572 2
36.697 36.697 3
37.923 37.923 2
39.3979 39.3979 2
49.6918 49.6918 3
35.2396 35.2396 3
32.7914 32.7914 2
36.0951 36.0951 3
41.5029 41.5029 3
33.12 33.12 3
31.3687 31.3687 3
68.1507 68.1507 2
38.26 38.26 3
51.7569 51.7569 3
69.0443 69.0443 3
62.997 62.997 3
123.956 123.956 3
31.1798 31.1798 3
39.716 39.716 3
31.4006 31.4006 3
30.6406 30.6406 1
55.3648 55.3648 1
30.1418 30.1418 1
41.6582 41.6582 3
30.3871 30.3871 2
52.9264 52.9264 3
41.5953 41.5953 3
45.794 45.794 3
42.387 42.387 3
31.7984 31.7984 1
81.5115 81.5115 3
283.957 283.957 2
37.617 37.617 3
31.4741 31.4741 1
46.3408 46.3408 2
78.2372 78.2372 2
48.5386 48.5386 3
31.8332 31.8332 3
31.6381 31.6381 3
87.227 87.227 3
38.2306 38.2306 3
38.8113 38.8113 3
58.9536 58.9536 2
40.029 40.029 2
42.7562 42.7562 3
50.2155 50.2155 3
34.0426 34.0426 3
55.0994 55.0994 3
136.976 136.976 1
38.4456 38.4456 3
47.2113 47.2113 2
127.064 127.064 1
32.5644 32.5644 3
84.5512 84.5512 2
61.9163 61.9163 3
30.887 30.887 2
33.2348 33.2348 3
65.4326 65.4326 3
48.6093 48.6093 3
44.2948 44.2948 2
101.184 101.184 1
42.7444 42.7444 2
33.0172 33.0172 3
31.0527 31.0527 3
33.0991 33.0991 3
31.6144 31.6144 2
30.9376 30.9376 1
34.2449 34.2449 3
39.0955 39.0955 1
49.154 49.154 3
127.744 127.744 1
38.8933 38.8933 3
98.1813 98.1813 2
83.7832 83.7832 3
44.3744 44.3744 3
32.4422 32.4422 1
48.2612 48.2612 1
36.789 36.789 2
54.5245 54.5245 3
35.97 35.97 3
33.7095 33.7095 2
68.3002 68.3002 2
37.4618 37.4618 2
34.3395 34.3395 2
66.7115 66.7115 3
46.9046 46.9046 3
182.76 182.76 3
65.6864 65.6864 1
102.742 102.742 2
47.6194 47.6194 2
49.1008 49.1008 1
32.2604 32.2604 3
32.2756 32.2756 1
30.181 30.181 2
43.5515 43.5515 1
42.4935 42.4935 3
91.7347 91.7347 3
69.0047 69.0047 3
36.198 36.198 2
179.168 179.168 3
47.0427 47.0427 3
30.1312 30.1312 3
38.5087 38.5087 3
58.8999 58.8999 3
39.6368 39.6368 1
60.8797 60.8797 2
95.2805 95.2805 3
272.932 272.932 3
42.9485 42.9485 3
37.6655 37.6655 3
41.901 41.901 1
30.1908 30.1908 2
50.5732 50.5732 3
38.2748 38.2748 2
145.536 145.536 2
32.2579 32.2579 2
32.3826 32.3826 3
54.7466 54.7466 3
35.8179 35.8179 1
75.1654 75.1654 3
380.821 380.821 3
32.7628 32.7628 3
54.0914 54.0914 3
40.7184 40.7184 3
66.3129 66.3129 3
33.5053 33.5053 1
44.7638 44.7638 2
97.4041 97.4041 2
37.1115 37.1115 3
51.2952 51.2952 1
50.2802 50.2802 3
94.0411 94.0411 2
46.2259 46.2259 1
35.9241 35.9241 3
31.7335 31.7335 2
36.455 36.455 3
30.7285 30.7285 3
45.9592 45.9592 2
67.6671 67.6671 1
53.0063 53.0063 3
30.2822 30.2822 2
62.7535 62.7535 1
32.471 32.471 3
87.1168 87.1168 2
42.6029 42.6029 3
43.0904 43.0904 2
32.9935 32.9935 2
30.0191 30.0191 2
42.8029 42.8029 2
39.1457 39.1457 3
65.1397 65.1397 1
87.3321 87.3321 3
31.4628 31.4628 3
30.6563 30.6563 1
65.7265 65.7265 3
92.8349 92.8349 3
35.1127 35.1127 3
44.0586 44.0586 1
36.434 36.434 1
33.2767 33.2767 1
83.602 83.602 3
31.7469 31.7469 1
34.4664 34.4664 3
32.6608 32.6608 3
41.3398 41.3398 3
59.9171 59.9171 3
39.8872 39.8872 3
33.2908 33.2908 3
34.8557 34.8557 2
94.2414 94.2414 3
40.0331 40.0331 1
31.4301 31.4301 1
76.6166 76.6166 3
34.0039 34.0039 1
135.992 135.992 3
32.6678 32.6678 2
58.6616 58.6616 3
42.2329 42.2329 3
183.105 183.105 3
51.7505 51.7505 3
49.6313 49.6313 3
43.0469 43.0469 3
190.728 190.728 3
56.0691 56.0691 1
37.0567 37.0567 3
50.4311 50.4311 1
30.9268 30.9268 2
49.9036 49.9036 3
31.419 31.419 2
32.2424 32.2424 3
37.0775 37.0775 2
43.2364 43.2364 3
30.701 30.701 1
32.6068 32.6068 3
40.526 40.526 3
37.3854 37.3854 3
35.7748 35.7748 2
32.3151 32.3151 3
35.8405 35.8405 1
39.9802 39.9802 2
36.9032 36.9032 3
49.1196 49.1196 1
150.314 150.314 3
31.4178 31.4178 3
85.2756 85.2756 3
101.271 101.271 1
36.4077 36.4077 2
70.8742 70.8742 1
30.0581 30.0581 3
45.1059 45.1059 2
40.591 40.591 3
68.6738 68.6738 3
32.5191 32.5191 3
30.0908 30.0908 3
39.7687 39.7687 1
32.68 32.68 3
40.3712 40.3712 1
45.6396 45.6396 3
31.8632 31.8632 2
38.0293 38.0293 3
39.9822 39.9822 3
44.3561 44.3561 3
45.855 45.855 2
37.3838 37.3838 3
36.7642 36.7642 3
83.2637 83.2637 3
119.582 119.582 3
74.2015 74.2015 3
38.9758 38.9758 3
102.81 102.81 3
84.5294 84.5294 3
33.5828 33.5828 3
66.4324 66.4324 1
96.0908 96.0908 2
32.3591 32.3591 3
34.0033 34.0033 2
32.1705 32.1705 3
37.3018 37.3018 3
59.043 59.043 3
33.1887 33.1887 3
64.3609 64.3609 3
41.1484 41.1484 3
30.4031 30.4031 1
34.9219 34.9219 2
52.1847 52.1847 3
30.7824 30.7824 2
95.2015 95.2015 1
37.3455 37.3455 2
31.3474 31.3474 3
36.9885 36.9885 2
31.2585 31.2585 3
38.9647 38.9647 3
36.7313 36.7313 3
34.9995 34.9995 1
48.801 48.801 2
50.2118 50.2118 3
72.7253 72.7253 3
32.2803 32.2803 3
32.4915 32.4915 3
52.3835 52.3835 3
57.1858 57.1858 1
38.7318 38.7318 3
40.1289 40.1289 1
31.7492 31.7492 3
42.828 42.828 2
30.9638 30.9638 2
56.9011 56.9011 2
40.2576 40.2576 3
77.0878 77.0878 3
36.1182 36.1182 3
61.5179 61.5179 1
30.429 30.429 3
42.3027 42.3027 1
71.3479 71.3479 3
60.9515 60.9515 2
48.244 48.244 3
33.0901 33.0901 3
33.4179 33.4179 1
32.1365 32.1365 3
56.1189 56.1189 3
55.876 55.876 3
64.2337 64.2337 1
31.5648 31.5648 1
33.9946 33.9946 1
30.5301 30.5301 3
332.304 332.304 3
33.1666 33.1666 3
33.7515 33.7515 3
32.8144 32.8144 3
76.733 76.733 1
80.5387 80.5387 3
54.6079 54.6079 3
80.151 80.151 2
31.3806 31.3806 3
52.1016 52.1016 2
103.416 103.416 2
58.7706 58.7706 3
46.2755 46.2755 3
274.375 274.375 3
33.3209 33.3209 1
34.1498 34.1498 1
30.2437 30.2437 2
47.6358 47.6358 3
30.5982 30.5982 3
52.6529 52.6529 2
79.584 79.584 3
30.187 30.187 1
36.8496 36.8496 3
46.9051 46.9051 1
42.3252 42.3252 3
36.7953 36.7953 1
30.2791 30.2791 3
35.3726 35.3726 3
43.5991 43.5991 3
41.1682 41.1682 3
55.3434 55.3434 3
32.592 32.592 1
76.4613 76.4613 3
73.1173 73.1173 3
37.8884 37.8884 3
33.5977 33.5977 3
44.9393 44.9393 1
45.108 45.108 3
31.2933 31.2933 1
44.5841 44.5841 3
33.2736 33.2736 3
66.4084 66.4084 3
94.899 94.899 2
59.0196 59.0196 1
50.0259 50.0259 3
30.4628 30.4628 2
83.5895 83.5895 3
36.3893 36.3893 1
148.92 148.92 2
33.9463 33.9463 1
77.3421 77.3421 2
30.3877 30.3877 1
56.0371 56.0371 2
32.5419 32.5419 2
41.8119 41.8119 3
47.6039 47.6039 1
49.3606 49.3606 3
35.5605 35.5605 2
33.8955 33.8955 2
76.7455 76.7455 2
31.3709 31.3709 3
31.0996 31.0996 3
37.5467 37.5467 2
35.3588 35.3588 1
54.9242 54.9242 1
88.3378 88.3378 3
48.5384 48.5384 1
34.9796 34.9796 1
52.1431 52.1431 3
46.2947 46.2947 1
44.083 44.083 3
146.112 146.112 2
56.0734 56.0734 3
46.4505 46.4505 3
48.9 48.9 3
245.536 245.536 3
34.7935 34.7935 3
45.9749 45.9749 2
45.8155 45.8155 1
62.3553 62.3553 2
190.392 190.392 3
41.0344 41.0344 2
128.736 128.736 3
40.778 40.778 3
44.2727 44.2727 2
220.407 220.407 3
138.354 138.354 3
61.4949 61.4949 3
33.1082 33.1082 3
30.3093 30.3093 1
82.7392 82.7392 3
82.4337 82.4337 3
90.4639 90.4639 2
55.1801 55.1801 1
42.9989 42.9989 2
38.0127 38.0127 2
30.102 30.102 3
31.555 31.555 3
33.2229 33.2229 1
48.5824 48.5824 1
46.4899 46.4899 2
41.4053 41.4053 1
137.802 137.802 3
36.8505 36.8505 3
38.6356 38.6356 3
61.187 61.187 3
34.6934 34.6934 3
61.5275 61.5275 2
69.1399 69.1399 2
35.6942 35.6942 2
34.645 34.645 3
36.3889 36.3889 2
44.6446 44.6446 3
30.6395 30.6395 3
38.6165 38.6165 3
41.4644 41.4644 3
32.9148 32.9148 3
45.5295 45.5295 2
41.9597 41.9597 2
33.0252 33.0252 3
56.8622 56.8622 2
56.1008 56.1008 3
36.2523 36.2523 3
32.4047 32.4047 1
116.593 116.593 3
32.2859 32.2859 3
72.5439 72.5439 3
35.3858 35.3858 3
55.5585 55.5585 2
47.9725 47.9725 2
38.0021 38.0021 1
48.5004 48.5004 2
45.4995 45.4995 3
42.9357 42.9357 1
37.9961 37.9961 2
38.8816 38.8816 2
32.0994 32.0994 3
97.529 97.529 3
72.1394 72.1394 2
34.5116 34.5116 2
118.201 118.201 2
259.393 259.393 1
37.8198 37.8198 2
44.354 44.354 1
45.426 45.426 2
30.741 30.741 2
33.2955 33.2955 1
35.3644 35.3644 1
30.2205 30.2205 2
36.0955 36.0955 1
47.7098 47.7098 1
175.446 175.446 2
39.2612 39.2612 2
45.8638 45.8638 1
43.4534 43.4534 2
35.3609 35.3609 1
39.0351 39.0351 2
31.1761 31.1761 2
55.151 55.151 2
42.4582 42.4582 2
63.5615 63.5615 2
33.9725 33.9725 2
30.676 30.676 1
36.9626 36.9626 1
82.4541 82.4541 2
35.281 35.281 1
87.0118 87.0118 1
33.1717 33.1717 2
34.6478 34.6478 1
31.7007 31.7007 2
31.6544 31.6544 2
62.5481 62.5481 1
31.4264 31.4264 2
45.5296 45.5296 1
37.5018 37.5018 1
47.3703 47.3703 2
205.106 205.106 2
100.728 100.728 1
43.7542 43.7542 1
37.3732 37.3732 2
79.9125 79.9125 2
30.5697 30.5697 2
91.2009 91.2009 2
53.6857 53.6857 1
52.4256 52.4256 2
38.2118 38.2118 1
31.9698 31.9698 2
35.1065 35.1065 1
73.3963 73.3963 1
43.2037 43.2037 1
107.336 107.336 1
40.1389 40.1389 1
39.0082 39.0082 2
133.453 133.453 1
39.495 39.495 2
36.8461 36.8461 2
52.3482 52.3482 1
45.6692 45.6692 2
41.1234 41.1234 2
32.6884 32.6884 2
39.4093 39.4093 2
61.0046 61.0046 1
73.4871 73.4871 1
59.3758 59.3758 1
42.3277 42.3277 2
43.5915 43.5915 2
44.3907 44.3907 1
75.19 75.19 1
48.5008 48.5008 2
46.5473 46.5473 2
38.6677 38.6677 1
33.0094 33.0094 2
33.0592 33.0592 2
58.2205 58.2205 2
31.5803 31.5803 1
69.2019 69.2019 2
30.4168 30.4168 1
56.2349 56.2349 1
48.9926 48.9926 2
48.6569 48.6569 1
55.6139 55.6139 1
36.8041 36.8041 1
62.7387 62.7387 1
52.2782 52.2782 2
64.6052 64.6052 1
68.1459 68.1459 2
32.6814 32.6814 2
33.2457 33.2457 1
37.1091 37.1091 2
42.0611 42.0611 2
30.3852 30.3852 2
55.0021 55.0021 1
57.1354 57.1354 2
79.7907 79.7907 1
56.9541 56.9541 2
33.6741 33.6741 2
33.0878 33.0878 2
53.3106 53.3106 1
87.7236 87.7236 2
40.6161 40.6161 2
110.782 110.782 2
47.2238 47.2238 1
34.6609 34.6609 1
30.7017 30.7017 2
45.0399 45.0399 1
47.8323 47.8323 1
56.2804 56.2804 2
153.354 153.354 1
38.2528 38.2528 1
36.3726 36.3726 1
55.6805 55.6805 2
33.0845 33.0845 1
42.1324 42.1324 1
32.3516 32.3516 2
36.348 36.348 2
34.7866 34.7866 2
37.0341 37.0341 1
82.9672 82.9672 2
34.6479 34.6479 1
49.4744 49.4744 1
44.6681 44.6681 1
32.7137 32.7137 2
41.1296 41.1296 2
34.4435 34.4435 2
95.8175 95.8175 1
33.1499 33.1499 1
57.2673 57.2673 2
110.767 110.767 1
71.7008 71.7008 2
42.2423 42.2423 2
30.2355 30.2355 1
30.9561 30.9561 2
44.4195 44.4195 2
30.5783 30.5783 1
68.9791 68.9791 2
36.8273 36.8273 1
32.0087 32.0087 2
82.7661 82.7661 2
115.096 115.096 2
50.1063 50.1063 1
35.3462 35.3462 2
39.2897 39.2897 2
114.957 114.957 2
71.7621 71.7621 1
31.8647 31.8647 1
62.0935 62.0935 1
133.722 133.722 2
48.8275 48.8275 1
41.8915 41.8915 2
127.783 127.783 2
40.9316 40.9316 1
31.2349 31.2349 2
50.5268 50.5268 2
43.504 43.504 2
32.6282 32.6282 2
109.521 109.521 1
36.6377 36.6377 2
39.1729 39.1729 2
126.455 126.455 2
48.4479 48.4479 2
81.8627 81.8627 2
78.7401 78.7401 2
65.9787 65.9787 2
75.9579 75.9579 2
45.6551 45.6551 2
34.5513 34.5513 2
40.521 40.521 2
30.347 30.347 2
50.7951 50.7951 2
98.5078 98.5078 2
46.325 46.325 2
60.0868 60.0868 2
30.311 30.311 2
34.058 34.058 2
35.0009 35.0009 2
51.6651 51.6651 2
54.6518 54.6518 2
85.7983 85.7983 2
37.2132 37.2132 2
119.066 119.066 2
31.878 31.878 2
35.0959 35.0959 2
35.8416 35.8416 2
65.4559 65.4559 2
38.1279 38.1279 2
75.8361 75.8361 2
66.0767 66.0767 2
43.5172 43.5172 2
40.7418 40.7418 2
35.4036 35.4036 2
153.324 153.324 2
65.9657 65.9657 2
83.5226 83.5226 2
73.1236 73.1236 2
86.6196 86.6196 2
255.818 255.818 2
