Format: x y z  (R = removed from domain due to fracture isolation)
225.534544 150.3346396 449.2301582
-327.4604611 -150.3788839 505.4709116 R
482.0993012 371.4497711 320.4893024
-526.3515323 20.64379492 -463.4137072 R
415.4925296 -201.1469946 -136.5797395
-39.13213738 -208.5826707 244.7694038
13.3639829 -99.49570745 -456.0384112
458.5330957 285.098501 -432.5271711
301.9191137 523.1537326 -323.9043626
-331.3675059 27.06960961 343.2385449
-429.3685206 462.3075102 392.4953211 R
-449.6478099 89.02560275 405.7252427
-312.0395192 30.09131506 -171.1170136
-423.4018633 -152.5593737 163.6806104
223.0903434 -199.66174 -439.2533855
226.6672668 455.9528086 -489.1457871 R
-296.1556133 57.68747253 317.0486465
-498.9720512 -67.43943072 253.5816872
28.56307103 311.2935798 197.6163351 R
-223.7893191 -213.7461753 291.911577
-517.0330399 -475.0992628 -89.61119459 R
-282.0984459 -301.3919529 -331.3925867 R
-41.03203611 132.068062 -395.0793411
-170.598539 -69.43034166 -11.19746958
462.8943944 462.910785 510.192431 R
-351.9062147 -400.3778389 189.1744722 R
490.1590541 -280.0198665 -247.5561492
-448.4659363 19.88676554 -512.5010353 R
-37.22154127 -473.8111876 286.2825389 R
-263.1928015 429.4578966 -141.1576135
99.73919018 218.3133078 412.7730064 R
15.61726788 -278.4576563 -26.23380489
-123.4569871 -116.6434392 -463.8130705
180.0847126 -285.7927007 -161.0599507
463.2298907 146.7494516 -488.5548656
-197.5446105 301.6242656 -521.2767106
-288.0610981 295.6884594 -54.80507013
-415.1322629 358.9378264 425.3818758
-149.879103 5.026624665 -300.0064988
363.2685347 -504.6476252 106.1990939 R
179.8787797 -14.34356388 451.2031136
198.8599329 -97.04386772 -357.205292
-282.1128806 -397.6101088 48.69634559
-120.3579401 201.1874303 -295.0822925
-3.109013294 -470.1108649 -285.4236475 R
156.3140013 -441.2882581 106.1543338
-487.1424293 -450.2215793 246.5969871
128.7599613 -310.7435521 -265.038096 R
76.59024587 -62.09574042 -463.8819241 R
233.2484958 -361.2035257 -8.418234555
23.44475768 -338.531885 -159.2193651
456.0046753 13.94319191 -129.6971415
-249.1321984 -3.037486406 424.4586441
-389.9835757 302.1223105 341.2851151
-90.79978433 280.1215789 138.4981044
-337.4708873 93.66603588 -441.3227132
-236.8561774 126.368114 -339.4091154
30.82312151 94.60801135 -477.96317
-251.745056 360.357664 -380.8328423
-387.6541618 20.00855701 -236.0202653
-162.021899 22.63235646 417.0157491
2.167267579 -515.7228926 243.2382953 R
61.57392463 -397.6447473 121.3481545
-354.2862757 26.59992322 126.0347233
-107.0092003 -273.3165684 357.2179593
474.2177851 405.4740101 464.3902577
-389.9785226 -44.62758845 -71.84368425
-152.1711226 -369.3845263 324.6778029
171.5676664 49.10874343 -321.1016653
-70.14488531 232.0640726 382.5014731
-350.649133 -287.279282 351.2176994
-222.0164489 453.5490537 176.0457002
188.7302745 -132.6827639 -384.5346593
-217.6396548 -281.4487563 -281.6754387 R
361.3957903 30.99642766 275.7030686
392.2322693 407.0523983 -467.5703326
392.8652728 -138.2921358 -462.0792719
-123.9976186 -78.55391561 420.0003398
-385.7909248 -349.1610857 125.5452586
404.2265338 182.1010459 139.4806665 R
-126.9229477 -117.4544079 326.8921813
-186.7985267 460.7785804 -129.3232423 R
323.7677554 -209.7467704 -274.1944967 R
439.5325977 -302.7434149 -47.54372796
-495.8937203 -406.8817715 -15.54598643
491.3963979 -140.7473545 -174.4276663
-509.9283513 298.4402639 -418.6742465 R
36.57414806 -150.7093424 -539.4127423
-367.5504695 293.3880715 -324.2539969 R
-227.7620996 -202.6329063 326.6877269
451.8957369 266.7071978 345.5421677
-61.51741731 -305.2391167 -256.615186
140.086639 538.8061047 29.94843328 R
-8.697448911 418.4295599 -155.76897
-36.84017743 -246.4024309 350.3978707
468.0552157 74.54307415 65.0749772
-315.7161508 319.4903905 -163.6629295
-128.2954997 323.3887588 -178.6715606
-263.5451186 -419.3309943 424.5914378 R
-185.3118896 -175.9123327 -22.74722313
-86.23013923 -509.2698445 -471.0758427 R
407.4904744 -46.73492788 125.4689598
40.94962421 27.42495411 -328.7182312
299.4926921 490.4747298 18.96526086
29.36755423 -375.5891752 -300.9159313
-77.18719003 -224.0897832 358.3110349
-417.2161461 -77.36522583 406.8246425 R
-444.9441853 -380.1220308 -346.2284501
63.01239452 438.3905609 228.4629484
-78.13837628 135.5728668 -394.5748806
326.4636172 -489.8861827 -261.9290709 R
-298.8279454 -102.9237081 368.8319942
465.5362321 -275.3832446 -390.4804693 R
481.6290735 -105.6073919 -115.8664732
-269.7731308 546.0885993 42.94995054 R
-66.73343896 -242.1785782 153.8747233
-233.3996129 1.64264758 347.7599476 R
-432.2592982 -48.00703648 44.87300646
-389.2617545 79.67227156 214.1231177 R
-386.1477079 -173.5019747 -286.6419228
-361.1013717 332.6676489 -269.1342655
5.514768521 -145.6545258 469.2281066
-475.6279122 346.445319 -151.6687909
-509.8229367 -236.4266168 410.7940033
-371.1661974 -262.8989637 515.3890768 R
283.9556241 43.8063946 3.499713813
144.5759699 -434.9166749 -92.68317886
-106.3518834 514.8788215 -16.28306717 R
-0.7051172537 326.9511849 -287.1590877
317.0135971 70.82933034 -280.585742
508.7528174 -396.8001657 277.9491578
156.5358222 260.9090922 233.7649775 R
180.429655 17.84755344 91.91191828
70.8533552 288.9731988 -64.54213421
444.7535753 -27.58485414 25.53608763
191.6377493 144.4359784 479.0973532
-241.9099628 -295.2286208 250.8239792
-67.02427212 -202.6636685 150.3244931
-63.90473606 -315.6543553 -244.6772502
216.9670407 -347.6690507 -63.0456336
-507.3045913 -281.5402479 198.5699826
115.2780261 -56.34773816 -332.1671557
-42.23043427 499.9573109 -17.41359063 R
-58.29093616 -109.5642984 530.6472395 R
82.29144547 135.3486687 -227.8374306
242.445615 298.02817 46.21059121
-145.4009267 -381.2569086 -450.984368
254.6160173 -48.74668322 -483.7936714 R
-362.3613227 96.20559085 144.0963545
115.9653901 -291.7377188 -82.46316032
184.6514904 7.916824228 -274.7312389
499.32591 247.3692727 227.1172857
95.34229682 308.7400867 372.7552581
-285.2854191 -512.5467526 280.8785062
231.1136999 -407.8718686 -439.5490521
-51.41849769 -396.9751649 86.74220392
-238.216821 -485.8648631 -479.9536142
223.8894482 51.48305211 231.9954326
-105.6592157 274.5988207 -232.5057793
322.7746689 73.56285079 -168.887124
-152.4363247 -64.46728094 -111.2945711
356.8044095 -276.3460454 -41.4560596 R
-333.1622065 -374.1841631 -483.578751
-46.96497548 -213.6392921 -62.692123
354.9224156 169.7979715 311.2017481
38.30054042 -233.9770261 368.8842974
6.961112858 -140.4324459 95.61903047
2.284375254 -508.8830461 124.6902716
86.60596469 -407.9252798 -521.868674 R
-475.8422363 64.035808 -25.68683996
307.4981546 253.4723899 -495.1427886 R
296.8968018 -369.6120749 -110.9882364
450.9624 5.642911162 144.2956877
-9.316105501 -9.296798057 -494.1473115 R
-281.8655714 144.069115 57.30115328
-328.9253772 292.4019675 85.07626803 R
-450.013258 387.8051935 -504.8749075 R
-110.6122312 -482.0549333 -225.4325589 R
469.7973851 206.4137952 201.312072
124.6366195 -373.2994776 124.1942998
-393.4813891 240.0207986 -387.8181378
-481.089515 -2.560353165 269.1118239
-512.1072327 178.6883024 -385.7284906
509.0107781 509.2084385 -434.4089797 R
-365.4965426 -398.474855 -215.7306404
472.2593446 -11.37217486 57.11941327
-284.460821 134.4158495 460.8308394
413.8558901 442.1554251 -461.9544483
-165.7198565 -67.44650767 -373.9551745
-52.436331 90.09512409 -300.9651791
-478.8481533 -81.86440297 11.87594127
-49.08629268 -7.028851701 214.9830417
-356.8797613 -289.6030361 -373.053716
156.9354674 205.2559069 121.0503333
-528.1632792 209.1670308 -367.1075317
-79.91094445 466.2271747 409.244138
-181.1786226 454.8858742 -380.8584292
1.00449888 39.64670572 -237.9092926
-267.7294926 142.4761703 -263.3889086 R
-496.4415002 -222.4711489 -344.4341604
-28.61292353 -519.0178988 46.82708703
-412.7092669 291.7562521 -366.8617415
-455.1790227 -209.6814995 -292.9098892
-67.59298939 -18.19009762 512.4983714 R
100.401711 -548.0496261 -41.63668064 R
6.507615577 -302.9905068 -510.4451289 R
274.1347098 -102.5819981 -304.9890947
489.5766948 -151.0629557 -273.3372852 R
401.6411047 -219.0407802 -372.413176
320.5296347 324.2871597 -97.85549499
342.3339768 -416.8482036 -400.9976171
17.27497353 -73.53001775 414.9839994
-155.179367 -425.9027886 182.4258654
-32.60365162 356.9804321 -101.3629059
-334.4176579 -141.5960536 436.5040662 R
-511.1715415 -538.3163892 -347.7297618 R
44.85644344 -513.5401639 154.8953845
98.10628448 155.7406157 -300.4473459
-117.1124182 -527.9304144 268.1820152 R
196.0293988 -363.4361426 487.0502664
90.54294043 -166.552075 521.6696274 R
-365.9601384 -441.4765955 418.2039386
37.7956292 354.7795988 -285.1088233
-322.6779454 224.378503 146.4005732
-425.1608556 174.8384103 -383.2314027
495.9405342 -55.523306 -330.9744239 R
469.5375711 -308.8229794 -103.2685609
-2.292590686 -171.1930507 507.7870732
-39.46413727 -399.3895308 -127.7247759
-319.2238084 -482.0974851 142.8481425 R
-120.3242511 410.3287879 -427.015044
-42.76958152 19.71231918 -64.38156566
478.223491 85.1569088 -219.2952426
243.88452 304.1084258 -64.30592832
62.21287526 261.3373294 -286.2388934
309.1300591 -291.2062485 -242.1916076
29.18207855 -247.6140544 414.4991869
-350.5804008 215.8030679 351.6880257
102.5641346 -483.0277624 -402.077178
-129.1999133 497.3978074 -31.13186315 R
470.2002416 -452.6930438 -12.64968513 R
-240.879941 491.9313073 208.5868729
-459.738321 491.8295498 299.400455
-13.41061831 518.123185 112.0247504 R
-181.6285049 -355.967988 -53.74053464 R
424.3510224 -262.6870092 -122.9600642
446.5499699 -531.0635987 461.653221 R
176.1789765 -317.8327706 306.4916468
125.6893735 -469.0864619 380.5275779
331.0861717 160.1180047 334.0629216
41.92867686 -256.9559896 303.3708625
-45.27464035 330.9056798 -144.2980782
-366.862133 130.5780033 -344.1845212
-4.226313504 381.6177769 288.0615555 R
-312.2423508 219.833541 -299.0322599
469.6426825 -537.2497287 -69.55312432
-304.5931388 -275.8935916 -262.3777868
493.3089322 -232.9997752 58.34259327 R
-132.676621 518.2452531 -368.7277954
202.9993264 354.4657567 66.20823496 R
395.5453459 475.0022938 -399.7523823
-93.36834658 -87.86044065 -212.4074896 R
449.7412823 57.83135222 266.8236649
-65.36712989 -306.8631239 -456.3274834
-473.6036032 -526.542434 -473.4579733
-514.8174283 135.1679743 344.4560855
-149.6390912 -105.4177237 465.100977
426.6244673 -205.9088508 -346.9637813
520.7914796 403.1145969 -464.2994611 R
430.739139 -368.5341226 -71.08776005 R
456.7627438 -332.3356875 -515.0247245 R
-518.0704632 -458.9943266 -222.9153415 R
531.7333332 -388.8399941 -207.2821467 R
-224.6183719 -92.13295208 455.6108493
488.6195808 58.841026 50.9811171
486.351196 216.9496834 -428.3432733
-505.3956146 -137.6579439 56.62567316
530.9217127 299.9502808 -102.6805027 R
260.0310339 457.7083082 -90.72262248
-499.4783469 70.15830246 472.9477597
-272.4810674 -445.1156194 -184.6866691 R
-435.4249517 -459.9314969 136.6790435 R
377.1094688 -160.2527024 419.8434073
63.84816056 -132.3413273 -416.985687 R
398.4832765 268.0042403 392.8838435
473.502623 239.9568498 472.5377735
228.3997674 429.1157691 163.7328349 R
96.87928811 -22.6648411 101.8996985 R
2.692639345 112.8027999 170.9207079
-332.3909916 -410.0330349 300.3175514
-418.8885807 277.4138119 207.077233
415.8497237 -486.3619884 -158.337512
-77.77807461 -237.8719883 34.68557334
-437.7490392 -175.2229755 -306.0981252
-42.21039902 65.49084939 392.2154057
-314.1862895 235.0612985 -22.9730629
233.7003417 31.75436804 -524.6970089 R
-372.2899816 -413.4407186 -24.67553645
204.2338452 14.02630204 -5.734233733
334.6555957 419.4291255 348.2349804
84.81912544 -239.8659933 440.3739751
-257.2241485 -188.4915588 -51.02512453
19.42520227 -350.4515219 -437.5425409 R
-144.1941798 341.4158076 -412.36104 R
10.27191434 104.0520634 266.7123767 R
-22.59341024 90.82530907 452.209867
359.5828646 15.32441181 -317.6448692
420.1887636 -429.477102 193.0872597
-186.8048031 173.26393 -366.7380241
-128.7693473 -402.1625335 71.47590834
131.6685156 524.1177826 423.9624204 R
470.7977754 -359.0892078 217.4489805
106.7875968 420.0644319 -445.999634 R
-53.32982523 210.0947929 -78.78307416 R
-91.08548629 -174.4423601 514.9090661
-80.22884444 -6.747346893 -178.9280401
276.0192797 -466.78631 108.905307
-343.4245525 48.37611588 434.6645384
-256.3676548 133.7380013 141.6101029
-421.8572173 -390.6810117 -127.3242763
-502.5712534 -104.516452 -347.1346742
384.6963232 480.5039253 356.8631522
6.154356104 245.8805057 -408.4723501
174.5033449 -388.9323226 93.64086243
76.02285241 -276.0969007 -33.01136651
-438.8531884 153.2526783 55.45522353
403.8006908 -176.5619125 438.3922629
-220.9089347 -230.0972191 133.1707354
-497.8627606 -252.6347046 441.1704312
-230.0281971 -95.97202914 303.2893505
-471.8292111 -28.17627797 -485.7007741
184.9119997 -422.8456927 -382.0106949
-384.1155011 -53.932318 509.8692801
-48.84575965 171.3415123 -492.6668724
-455.4166442 -167.4139491 -171.6754089
-324.1079952 -492.5483383 291.8807462
-119.1776052 -243.8770716 -528.4726207 R
69.44782076 -225.1940824 61.95565767
0.8745661084 -345.1632909 250.9883103
-241.7738674 -214.1677179 -272.3292086
394.3353869 158.2479268 529.2361274 R
354.7504791 -416.6096089 -85.84786716
133.6137546 -512.8201243 110.4268263
-403.2929097 -248.6537572 311.9069917
-458.1564574 -206.333508 281.9546639 R
495.9052403 -49.15564139 272.5253696 R
118.3243423 23.38496431 182.3737883
-457.6376217 -209.602286 -39.7017674
375.6811653 241.9997161 -447.7029534
-424.4686445 -364.0873226 352.3977356
-59.47404464 84.4190869 108.4072457
27.2654603 221.4584778 231.4964144 R
-259.7590702 64.2786195 -66.21569991 R
251.0277279 33.21346177 194.9606739
269.0987336 157.7195873 160.4068535
356.0299863 63.34468936 -173.290127
211.5097738 -150.61585 99.91967562
-308.0931922 371.8025342 145.083671
-357.4913764 -67.71748595 271.8935198
-232.2169308 -521.7583013 -42.02749437
-476.7964753 232.29458 -311.8315645
211.088272 143.3135135 208.9816603
-488.7784731 223.437015 -404.006097
538.1755066 216.5088291 339.7097633 R
-241.5263072 230.0869053 -308.6665057 R
319.5998161 363.1958939 -428.8855254
-314.153645 124.3964205 246.7468069
54.71728553 -489.7303886 -48.12736666
33.92481935 334.8662379 415.7530305
-47.87736801 -350.7661776 -366.7293387 R
-217.7097073 -499.3362123 -211.2233424 R
-320.2605108 -211.147957 -391.4968668
-510.1917778 -290.3310497 253.4678558
-381.3122788 -357.7845507 488.3649794
291.8826826 -291.6781579 -73.69021417
-370.5552687 324.3300448 229.5553872
-400.6062017 418.7030845 304.91512
-499.6544079 404.6708682 -414.9967284 R
-403.8278259 22.57232182 -126.1734426
217.3441427 -162.5619074 -398.221084
-63.58881596 -52.21591092 -80.10262095
-402.4054464 496.9329784 13.4470105 R
-464.5790253 -343.6639865 -496.9791761
-225.5955299 450.4218342 479.5789034
368.1643928 349.1235563 232.1061825
236.2152458 249.1250554 215.7123976
-441.4683388 365.6322397 -220.1901164
180.4704055 345.9437496 190.6536068
245.6824086 267.8037289 -410.2732779
245.3773466 526.7880039 -192.2422551 R
52.70144788 -206.7615881 -84.87250693
-281.3463701 -273.3191038 -108.8821091
-447.1733923 -83.37571119 -457.8544763
-190.7416705 -199.71948 546.9996367
489.8732045 -275.3506646 -121.5672564
142.004277 -53.2352631 -425.92971
-243.8169135 442.9271882 -190.4801936
-261.1532396 -203.5779601 53.71011922
-414.955585 227.4875031 -107.757667
23.21572483 -302.761404 530.2576204
260.5889197 -206.7471966 75.06142638
-168.9453763 371.5104316 320.5586328
-309.9218889 511.7374965 308.3406323 R
521.0776981 -140.6428337 -381.4063947 R
-499.1834191 -202.8185124 -376.6334166
-107.3868934 -406.2110141 449.5662853
367.5124609 -478.7742593 424.9932818
-490.2204189 24.88190476 510.6463817
99.36166119 -210.294554 -223.0146509
71.38509516 -54.3189657 -347.5348025
506.1841856 -220.4981191 92.2666266 R
-157.7252492 -350.0088168 224.5709153
374.5642768 -235.424182 154.0896404
-420.8579819 534.4382768 150.9822562
508.353554 -382.0957045 256.6431249
391.2698099 -217.9280067 -231.085744
75.66919524 347.0594541 232.5209242 R
398.945764 -418.1392211 457.8701403 R
439.2654671 134.9386314 104.6232884
-346.2548785 346.5245135 -33.41430006
-200.5948952 -488.1021169 -231.5878066 R
-165.4244365 321.730636 7.681676002
-38.82140868 -236.769006 503.2685774
7.433545718 -68.37804651 222.0163465
-316.8291996 -13.55887493 -533.4960249
142.2996783 187.4846792 -514.7143871
-362.5985484 194.5248001 -459.5357889 R
-56.54814265 -428.5360999 -309.8529499 R
-455.6149748 -137.5458755 -224.029486
-46.09942747 21.8608633 277.4919059
-353.3092622 -523.2165088 403.6186293
-472.9017644 300.1906502 -142.2941748
58.93592806 -289.1339991 -369.1143268
129.2343087 -236.468044 112.4574053
-82.18185986 -441.508303 -508.763431 R
-163.046457 -471.1839209 299.3239361
530.5711671 325.0292959 -393.3491516 R
-8.484559509 -142.4796919 211.8625711
102.1139962 -193.3978728 368.1942379
-399.7040278 -188.8329029 -456.543171
-193.7478443 353.0902494 412.9089755
403.3552467 183.1363946 -413.5373595
402.5097465 -335.2325491 353.4231289 R
12.2331977 -290.8258751 -203.5678925
-50.71088333 137.4746007 -93.5289961
-10.75562328 508.3308553 -456.3054238 R
-428.728796 428.2542431 -416.0217815 R
318.5756954 433.1489152 19.27900024
-204.8559973 361.2792555 -147.5737406
321.746334 56.44360906 -352.0070017
-182.5019148 161.053165 20.48935578
-390.4060369 500.3266781 -425.2051869 R
-54.72828811 -257.8141298 224.7219591 R
359.1986329 236.8392883 437.9386139
125.9246513 343.8077237 521.0841953 R
47.02627994 67.43870676 51.17142542 R
284.685882 8.162957752 -404.588154
173.8177176 10.26634893 127.3865133 R
246.6333565 503.4430692 -487.8078576 R
-402.4310939 -166.8688636 239.7308451 R
222.5387835 -363.9039099 52.93652147
-139.0213026 -68.97767761 -509.1155617 R
-282.5124735 88.47929911 -295.1942942 R
100.5602319 -22.13056529 203.0248435
-138.6678189 196.6274371 252.6775537
430.5986947 -126.2712782 110.3730922
349.3251986 277.9705111 -18.44560298
419.9034675 -200.5951639 -288.6415697
138.6163967 469.1505215 -288.5250529
436.8557516 -433.4005527 238.0845924
-372.3175884 -460.9870984 -445.4321982
381.4271474 -481.6868908 -105.2310527
440.2339343 -393.9219197 347.9719525 R
505.6640906 125.3738645 -183.8842282
136.9871864 -12.52738014 159.0444828
-513.4587181 -147.0705433 412.4323212
467.8999701 313.9708359 277.5249156
523.1507149 191.8660342 483.8096544 R
-45.95523211 -376.6608094 194.1614308 R
-29.91133123 -284.7733235 494.4795479
380.8721963 -53.62431783 269.8776284
378.6167466 188.0479806 470.7272293 R
175.8253724 222.3875798 -253.9008979
-104.6081527 -149.5307612 -169.2237082 R
98.55065489 13.35475724 511.0208281
374.0072363 315.7456093 -250.2114179 R
-497.8159484 -425.8346994 -294.6604363
204.3870285 -495.7608133 470.1323657
-45.16909723 -61.01875247 446.7507248 R
174.5042108 -311.4486099 -101.995677
424.0295855 421.465844 188.3871092
502.4819507 -91.91225206 -19.92076779
400.3190708 -78.00108509 194.4683825
-82.05983337 -453.7631104 -533.7772374 R
-354.4560385 376.5945739 189.2701222
-530.9434459 -316.2881656 170.4512863 R
123.1789787 270.1339961 -275.7556615 R
-214.0740831 509.3458739 -200.5150372 R
505.3996614 255.1800634 344.2389497
351.7386735 -343.8796442 -373.4523917
357.1991557 -329.2238138 -300.6526042
-383.205709 -63.18420448 -97.51241215
-22.04366442 137.7029422 -311.893128
226.7763369 -520.314579 -251.6612957 R
-89.37852579 37.52198227 312.1359831
-15.94212574 -304.0952561 -9.341679297
151.0219794 -141.3589772 -481.9275048
-138.5396303 -287.8952631 27.37032417
16.83356924 -307.5599118 182.6750413
445.700321 -509.366582 285.4199228
292.3268981 -274.3931153 -141.9749502 R
-80.0100032 439.1500125 19.17136862 R
-501.3649173 260.9319048 -507.0702595
243.6605633 364.343885 115.4136853
-123.9904356 21.91121827 -91.41744926
324.2715391 -89.91781677 -240.1406491 R
-48.74149318 -281.4312095 36.5847771 R
20.90053071 -91.23841605 -213.4370435 R
18.92570111 223.2856544 -39.33650008 R
270.6295473 -220.1316926 27.56794264
31.29782166 169.4183215 -166.0469173 R
-84.79784416 346.3484428 -218.6470985
-392.8027574 -296.9748905 -316.6042767
-17.20891643 90.20794155 475.9626163
159.1021315 279.5195829 61.52413877
258.5756492 281.0398022 -392.4025432
238.9687019 248.8179073 -376.4483156
78.11690555 -347.1166284 -263.5164022
84.49172217 277.8786362 98.31317917
479.4356072 -340.7632556 125.006219
-504.9899968 -40.33975889 39.39581837
164.9913976 314.711957 459.9768387
320.9222197 453.671619 40.06918204
-353.5784207 -319.5770925 230.0633512 R
266.6446318 453.8167902 -29.72305752
-449.7051194 75.48312174 281.8415475
-124.7849517 -206.9238416 -485.1325378
-25.93314068 408.8256106 419.3753781 R
-523.5460238 -468.5705359 284.5689941 R
-202.0009596 411.0879101 -229.3807455
-370.8292066 430.8861273 -224.2444525
-315.2061286 -527.5697483 -387.4988773
-296.6084183 -432.9309766 -290.8180245
-58.25110786 281.5572103 240.7263394
381.5624646 -140.9659012 268.6863477
-384.3083891 42.81726549 137.3638266
-384.2526888 -318.3025913 -394.8553957
-363.2149908 98.11253394 408.737016
-371.5971084 -188.4904998 317.3121074
-385.7739532 163.5743385 -202.8090557
-198.0301715 438.2048919 428.0985499
-434.8428048 -45.43622025 -274.9847357
198.9933414 10.49441957 -348.2184954
181.3993845 122.0990456 396.6257567
-271.4970344 489.784259 -333.5228003 R
-68.0020133 -222.4721766 -2.905422887
424.2842929 459.0647423 302.9062014
29.81888712 -136.2630928 67.83081391
252.217264 496.0583941 486.7724479 R
-476.8370102 432.5890889 -327.1618203
-147.0393422 164.2922519 -139.1006316
-98.83256699 -241.0597391 -410.9756781
-218.271922 60.36235243 -9.188662899 R
-419.0083085 63.46053844 -299.5388607
-284.4474671 -226.840457 120.8097134
264.567011 43.49719595 -490.9478471 R
357.8216708 191.8309966 123.4884128 R
-477.8355403 -244.300127 -79.0473999
-454.9297595 15.70207924 -266.0001238
422.6165273 404.7948299 -513.0618608
-433.1667838 -191.5332069 -486.4742511
244.0384845 -217.4848216 -461.8413971
121.1386026 -373.8189126 161.7951881
-38.25722972 -419.7047576 -23.57106271
53.34276726 369.6591368 -515.5083063
333.0162056 -518.9376778 28.99347166
362.3549398 137.4781647 419.8300582
-445.7103141 -482.1983013 501.567588
-132.5636875 300.4667548 188.4498158
-424.1815999 -3.770004924 108.1543095
-495.3405826 260.1616327 190.7797513 R
42.48812708 -502.1130526 144.5573241
-461.6521281 -412.6709126 -383.4024676
-67.98264909 261.6977803 -411.5661308
32.96366986 467.0432427 -265.9450707 R
218.7746052 -157.647577 79.74012337
172.1953225 -210.6997289 -327.170133 R
469.7937548 520.9623916 234.0132229 R
195.9075786 -269.2334873 -86.00387406
117.6154388 79.98312939 37.42994205
446.0873375 453.6676906 -280.0119798
213.7397255 246.3985261 262.3376507
-244.6954574 132.0998538 71.34282923
-22.1750661 110.0659123 -151.8291181 R
375.3750727 -305.2567008 258.9065086
-70.49960709 -491.9006231 122.9908345
520.0966903 373.3608608 -13.7416057
-119.5332551 -334.5511278 113.5161345
-30.12202908 -158.8692344 -158.8194905
-196.5785329 -25.79948224 466.149581
100.2411002 163.7045722 74.25296548
231.8575971 -425.3968068 251.09149
-289.4261616 523.492742 135.5520869 R
299.6322837 32.2614055 -271.5465658
188.9037459 341.2628378 420.6870083
146.6383221 -213.4793027 260.6449418
261.1303593 515.9986767 -507.9687121 R
123.2547918 20.4933167 -399.651392
330.4799774 -248.8882447 358.9195032
-25.97478806 -423.286751 -110.2170157
191.7748393 -507.8756069 102.9605245
142.9066248 520.3250324 -314.4012482
122.5361839 257.8398181 303.4761169
-160.4338296 329.2685901 416.9800087
-467.7301298 -145.4527227 -458.7193562
297.547311 -440.4298966 388.3097994 R
-176.0460488 -209.2234698 -109.4946595
-447.9028108 424.041487 391.5869415 R
-430.8164113 395.7017016 -247.8189968
508.203414 -329.589662 238.4112881
-516.3504177 193.7985138 358.5865963
-266.7122735 -278.2842077 184.0794437
-318.7036431 45.93677159 -109.3251369 R
355.1765985 -295.4355566 -349.4533434 R
-28.94219486 -161.9559953 -283.7378492 R
-463.7717058 -320.6176883 510.4908346
275.6486093 121.6947678 168.1910466
453.4276847 524.893655 -392.0291656
-379.2562526 -134.9530145 -518.5895424 R
187.4330041 -409.0964418 -184.7744896
332.6770452 -49.64406503 421.5766845
-437.3535742 -333.7633352 -366.4093701
-298.4846009 44.65953275 -509.1112444
50.77807676 266.2757055 -90.43202826
-16.59763763 -254.3160213 -395.2319164
-40.75028748 297.7734727 181.6871266
380.6364037 67.61526231 -460.7885699
370.9145067 122.26493 -128.4702681 R
-126.6281433 49.63594336 468.9406734
-542.3779127 -41.85594402 -147.0524448
-48.10836798 467.147159 -147.261048 R
222.8693861 516.5106651 -519.0769645 R
-544.7633973 -57.99593665 34.49994309
323.1147011 -228.8460234 388.6538202
345.6980153 206.932518 -171.276482
31.99582101 20.50816679 -114.0366132
309.9906543 -363.3126402 142.6404269
-134.5112432 -96.84534817 -284.2256756 R
215.7530052 109.0900835 -385.656075
305.2256049 343.870984 342.0027423
-520.0655035 317.0452075 395.02598 R
-484.9655784 -60.8465292 -413.7924333
508.3519274 -512.6791032 -42.84094893
-181.5271159 488.4279421 -10.35302176 R
-398.7575642 459.5283416 88.2441988
-311.1679496 -38.19344803 -485.7078482
501.7197717 -76.51190331 -343.5534284 R
-336.9544158 -228.7806352 37.90596519
-231.4470546 487.9704998 -432.4691196 R
443.8805371 -507.6071655 472.0028241 R
-52.76428956 268.3392088 -313.6808229
-495.5000353 -185.3407545 38.12314156
465.0676761 225.8613809 -282.4492351 R
-304.7883682 369.7461083 335.9179499
157.0721184 40.45595268 -428.173599
185.3581011 -52.80301591 177.7554837
-253.7293905 426.5896988 -248.6319972
-15.78838585 -383.7244312 -66.33992966 R
-98.69319874 310.3395693 209.4757533
519.885358 -358.8654715 -62.26959233
-375.5850115 448.0582269 132.0739502
209.2244718 -307.0778016 -412.8184689
-89.7120361 -157.6282961 203.6811505 R
-290.5452229 62.25613559 174.7585351 R
422.8534585 -441.5234952 -292.8156813 R
294.1635387 11.38531758 -41.06628009
-388.4002815 -459.6334402 -196.8223326
-349.2827113 160.081328 219.3948534
484.111379 166.3657556 360.4208522
-48.34083056 89.43831661 368.4867372
-255.9630098 198.9035194 25.00296418
527.984285 -343.3788304 216.8680816
-445.5851963 158.8439999 -325.764435
179.8742629 507.6875624 244.8199549
-353.60701 316.0277089 448.8215751
226.6370611 -484.9193165 102.4641073
-157.9934653 290.3311976 -244.0609681 R
320.7316503 70.68704873 -172.6264331
140.40912 -51.40347681 401.6340228
-105.8238124 -98.36595537 359.0526399
-536.8324458 31.00266754 395.3613442 R
410.6247782 123.4079656 -464.4742928
171.1604815 151.8500724 -147.1565909
-365.5016075 -364.5325555 -179.8491921
-442.8575984 -338.5367218 403.7410943
-330.7690493 -426.5794293 -38.4918482
494.9571828 -66.48938825 -146.5448765 R
522.5235076 -51.86783025 122.8459489
-294.7823626 -391.7933707 -498.887561
547.9340665 364.6603415 -101.323419 R
-446.4880084 158.0327428 216.6495981
529.3019442 216.2960342 -87.95377381 R
310.7849791 -105.730676 -218.2044197 R
446.1212901 50.02219439 225.8527296
-224.115438 -31.39000332 229.0778473
508.8137649 293.1230499 -48.55707333
-359.5847541 -38.83951858 466.3932964
-371.9112952 160.9217554 299.1487008
-233.8584654 84.47647747 -376.9939053
62.43998762 -509.3890263 66.76377671
-418.1433339 -36.52826877 -410.2497254 R
486.0990065 196.8699298 -528.7762902
-526.1933022 340.7671913 -377.3416295 R
-390.0193671 501.2907745 424.0439737
62.8090472 412.7758359 -217.7826021 R
-365.0564884 35.0331761 343.2582006
-442.3890234 -424.5301439 -138.6171002
278.9870216 -46.23942914 -232.5827595 R
388.0698808 -449.0188387 239.9921544
408.4194397 376.3254963 -125.0534644 R
395.2065225 494.6922994 214.1957074
-144.1858134 166.318265 104.8988277
-525.9618059 268.4076418 -319.7135005 R
-319.8843715 -487.9845941 523.7467131
-233.3510084 -179.4251947 52.49126866
516.0063119 473.9351582 199.3276428
-196.2438237 -396.6592405 133.028586
437.5709586 -16.28337071 -374.3076904
134.0632415 -71.56098441 -67.04567942 R
58.10861742 -185.485944 489.3595043
-364.029665 332.0007703 -51.9496421
-406.9173359 -99.92544814 -452.5669063
-433.4757985 249.1492194 -157.3385966
-176.722755 -454.7722134 -248.7017733 R
-523.1516055 260.9187125 308.6004519 R
-291.2286748 294.9331685 -516.3777283
431.4619559 248.780076 35.11584795
-245.7606053 481.4578838 73.94471653 R
396.8324833 -223.5505111 -87.23487675
83.13987186 483.7897998 483.9765371 R
505.2606615 317.9979601 -238.7819801 R
-113.5887173 -182.901374 384.2947724
-19.59806967 268.0667075 510.5944408
-26.57717977 -48.60203085 -478.0116613 R
-327.0598581 387.9663752 -136.6415154 R
-132.6809018 -327.1998735 -213.0901211 R
-185.6456197 406.7431565 -92.81032257
186.6617757 -25.60889867 462.6138907
49.89525198 130.8589345 -132.7783242 R
-104.1793451 325.122099 388.2434272 R
-32.99143609 -107.232245 392.8559104
340.242444 -382.8295531 223.1736936
207.5646446 507.4187866 390.7852834
14.68763845 -441.8996101 -420.3558306 R
221.4823623 -396.0710874 -102.0950973
305.3989739 -22.36311592 212.9506824
-9.964898921 -194.5180694 -287.6333543 R
-255.786517 393.0335505 -419.9917134
-466.9872441 -291.8776081 107.6625994
-219.2133727 -109.7842346 39.89383535
64.64264834 -351.7695818 -354.0400993 R
17.0053328 -380.7956636 -210.0409678
378.9891401 10.1973305 -79.17563826
163.5564372 -193.0978656 -177.3019661 R
289.7157619 133.2399018 -16.34372336
-51.04259143 -357.6803368 355.0407327 R
-497.9090992 -524.9717336 -51.36968746
138.0890865 90.56326517 261.3032855
117.3259186 92.67361682 5.673554366
-215.6462336 -374.5902305 -294.2160111
370.4159152 258.1300677 -12.23685724
523.6329343 -122.2716467 -26.68234297
412.2592616 268.0949717 35.30267135
124.273447 204.0509681 -50.71185076
-298.6482632 -407.0648857 324.7497172
-204.2031654 403.7453346 184.1138543
384.4274412 78.8895474 123.2245836 R
417.9112152 315.2837286 445.0918965
-78.62638229 415.6864145 397.7978037
-477.7678149 -231.477847 400.5346479
-458.4896574 180.519988 -331.8711204
-257.4906585 68.91820902 -145.9021832 R
-510.0884611 66.12152901 293.7445412
297.6159675 302.1484659 -57.13432503 R
250.446456 -510.3894414 -230.1864136 R
283.903661 -274.1481346 236.668351
288.1740352 447.8008294 21.90794082
519.9270184 418.0343998 28.85628262 R
-395.1004936 -409.3008682 -354.976319
-273.8268786 355.1341384 195.8480098
-268.2287868 90.91968159 506.6877715
-202.1917764 -419.298824 -285.9961066
167.7655262 28.02319281 -325.74901
434.8000379 -179.1864129 424.6450612
457.4850845 307.0406368 153.0852132
-138.0736082 412.3719998 -256.0356698
-365.1614395 436.5696704 -246.7040741
414.3456354 134.8110645 499.3349649 R
256.8575977 -270.4899785 161.2221368 R
-98.78936983 455.3660528 -4.788013445 R
-338.9380482 -475.5124701 355.2519223
-444.8546472 -481.7568589 -395.6327874
133.5717412 21.95117588 224.2305558
-243.3790017 -13.45777998 -472.6116472
-390.0333603 -117.9020875 400.3316468 R
454.7494113 369.8391639 -293.9111764
4.354554893 54.54745862 144.4967051
-142.7816719 179.656578 -130.7691994
-107.837358 -129.2700474 335.8172877
218.3687937 -323.9695961 -448.0474068 R
218.7670296 506.635978 -219.8118019
-235.2458771 374.1458804 534.87389 R
503.9893165 -78.57532149 -367.6090501 R
-504.9130951 -456.1774888 395.7979789 R
-515.5310802 76.96087811 -156.5250835 R
279.8850344 -238.3450529 361.3103452
-278.5495683 -374.570697 221.507415
390.5790089 -87.10674618 -280.4609416
-275.8961742 546.4947584 544.8177831
517.2090679 489.4568893 374.8859131 R
-544.2845617 -458.4471679 230.6466112
102.5113037 -129.1743425 347.1141559
-271.1083443 361.0679941 -462.4248951
-118.6963859 494.1264597 -210.2078896
419.1408929 221.1055683 -446.003628
357.3665013 -378.0859298 -533.4237867 R
176.4020522 56.47920817 -125.2189287
-285.7068 93.10651712 19.86831319
520.0638709 420.4730872 312.9282103
302.5231052 -24.58766735 317.8944529
-162.0281057 230.7982871 183.5940721
-230.9238187 211.06269 -22.9560443
253.8191935 355.3095035 -190.5752762
-304.0199825 -33.26688859 -352.6935955 R
-530.9143232 -375.3848651 248.8336664
450.0667249 45.27477638 426.490664
-4.978268593 -223.6122108 244.9273853
307.0746362 -431.7180089 -259.7639915 R
-422.6053428 -479.6902637 67.3916503
155.3235461 -78.25554798 -29.62499715 R
240.9773713 173.5077625 177.7758548
-298.690261 -445.4219743 394.9212527
180.8078296 453.0753937 -96.34248423
-17.38063505 346.3768482 -241.3333025
-361.8041997 375.2826265 -501.6978096
29.92359304 -353.5738783 78.59335252
153.692407 123.863292 -164.7890354
-264.5394513 -498.1997326 -99.44260501 R
-64.61721227 185.0353442 380.2127987
-386.6268627 231.7468775 356.5432548
-425.0862982 82.13548223 172.7411808 R
107.2913149 160.1998451 -493.6062967
-100.240603 158.6287301 31.12256967
-283.9881896 248.6883682 -257.6036379
-46.61742561 -431.2982495 381.4435933
102.8607399 -494.1841493 242.3847176
398.3536176 102.3608281 410.5878065
-48.50482196 190.3108435 323.9850947
73.7617041 470.8054713 69.03444902 R
-410.8340724 299.0793394 366.7525465
-224.6166153 524.9261145 -5.962948957 R
-113.6136466 -335.887188 79.55187718
-203.5364589 -20.44929497 -187.3761738
-267.8576094 242.6204356 439.2535314
236.8745731 -73.15523441 298.4325777
485.3255375 284.3208692 -488.1900939 R
32.0608418 368.7132093 404.6094247
490.9849775 -212.0522348 -134.1982875
-544.3665509 -278.0064945 308.926652 R
-55.74904387 411.5077407 104.0577866
82.19971958 -474.3895645 46.01993099
217.2053376 367.4556291 402.6531943
370.809696 516.9190171 420.4043439 R
-269.6862736 469.3922254 -411.8187117 R
-418.8904083 101.3636895 -464.2041093
67.55129869 -386.034178 59.00717477
-66.5620604 381.0154495 -233.3249263
-208.126212 -347.0177708 39.0975253
-161.423387 -261.695839 -202.4608946
275.3318702 -89.49266878 6.504811064
-280.0114591 251.9934862 -455.4534484
-43.81331201 130.6951948 -309.0011136
190.3631585 223.9084145 135.2282225
384.7258345 281.7311666 -345.1482049
-121.1206629 172.3639277 343.6536411
-506.0906173 -46.17945413 -172.1150313
227.1317706 -26.88094507 -469.8819677 R
64.49404401 -382.1702193 284.2100949
-123.0068001 95.00413667 242.4871623
8.338817972 170.8971992 198.3940158 R
128.5880309 -375.4690502 -510.2080608
106.3576023 -79.47512072 -360.7138817
487.9389621 426.7523152 -464.1914899 R
125.7352477 4.92552801 237.572897
177.6749275 -243.5484855 337.2065606
-447.2737626 171.069889 -4.80577598
-97.01564053 -469.1063304 418.1099482
-244.4787468 -192.5456933 -209.6301583 R
103.6586433 -464.0978315 -126.275981
-240.4717025 -100.7626306 498.5097561
130.9039938 -426.7563254 26.99283185
365.8129534 -124.8226417 -214.1065209
-399.9776477 -159.2408928 172.2647221
-434.514838 -37.82189395 -131.402931 R
23.11214967 33.00127089 -103.8544202
178.0934228 -360.0057033 297.5811338
-346.8369441 -160.295068 -34.32376395
-301.851686 200.3603281 -354.1236411
254.0846895 -251.9244175 52.51721312
-261.7565297 -310.8087862 -549.9708408
-218.9821327 -178.2811732 255.9885244
80.85550904 -93.70856556 -166.6104441
-468.0724846 -384.2956093 39.62771972
206.0376924 236.0867556 337.5751305
-258.7646701 -497.6717103 -54.38199279
-163.0418884 -142.0394604 -493.6715384 R
-527.1049938 406.8251525 441.699709 R
-198.2210924 465.2756438 -266.2566082
-20.88015263 -317.1908581 -16.58592218
-455.32351 -68.80137138 -269.8016509
-300.2711989 400.2676319 484.277437
448.3466668 499.968731 167.3677135 R
114.2352951 232.7818656 143.394167
60.53509467 493.9549725 -409.9621474 R
155.3864489 17.95158315 -306.1451198
-361.6866239 -74.18735318 116.8187929
399.6037996 -201.6399649 254.6350283
213.3997947 501.1499243 203.7685582
-78.45412012 -166.5816081 433.6435161
100.1968993 -522.2111988 421.3811037 R
-454.4276013 480.0745961 256.9702379
-345.147836 38.38522379 120.2620599
298.7792449 324.6150238 -494.1137361
-440.7394949 -224.7379485 -521.3903255
40.98740708 -396.9599166 -160.6029918
-189.8819613 33.1911201 292.9453301
-63.01964385 227.113574 -337.2775324
-444.7790401 340.1662337 -68.3260519 R
84.43586879 -206.297836 -102.5267292
448.8986101 255.9616865 -311.3937587 R
379.4961701 174.1344562 -453.2429816
528.8074115 -185.3575636 493.1510117 R
314.992748 458.9711972 -16.66408374
-388.0693308 312.2739415 314.3006209
15.45773802 537.4200829 -400.7149033 R
28.81754421 -494.1179183 257.0017449 R
321.961654 -239.0662847 353.6207165
-320.4423303 -403.5983016 -255.0375592
111.7762393 71.17040153 219.0406827
-498.1154162 -114.967255 236.4002894
-130.5088807 359.0814019 126.4568117
226.7989577 -300.3495465 296.138275
-476.2447679 339.0645445 -146.206513
-266.3582327 107.8994716 -181.9544269 R
-110.9732207 270.302748 -72.84491871 R
-196.9312472 -2.870751205 438.7723322
459.3000705 203.8951598 -181.2501052
-133.1656035 345.5226946 137.509228
158.988553 115.7594623 -31.87546218
-495.4243211 109.4096737 56.97569976
-188.8852284 -449.7068827 430.6867422 R
132.0504758 -11.13934106 -12.9396585 R
-228.9365474 312.2345851 -415.2255593
380.9246006 232.7047147 146.5397839 R
-331.9694522 23.65255232 -35.89259391 R
264.1036621 -367.3697248 496.1163362
-460.3114516 -464.0147126 259.1915738
-292.4624871 -272.6628734 -429.3226149
-493.9520123 -254.1268127 431.6771106
-249.6477721 181.3094849 -336.3852053 R
-130.7156331 13.74683407 -277.5740081
-121.0138472 3.635616812 -142.6157316
-172.0347434 113.2019 292.5101032
-541.5851948 -466.161104 89.5701346 R
54.63251174 497.2689692 296.8620601
379.8818458 481.6390619 102.7213573
315.9810196 -417.045901 -100.5809193
-503.9178364 440.2618708 -276.9305972
26.74263754 478.1509046 -496.1824537 R
-58.26768412 327.431885 -177.5514357
-317.3129265 193.9684528 333.4489893
-222.3344536 18.42574137 -59.51776462 R
140.525337 36.98164404 -199.7279137
338.8812738 347.7713751 341.3658197
372.8946192 122.0372869 123.6318801 R
482.2753601 -513.4615724 416.0270609 R
420.5301992 500.1822593 -62.30040895
-203.8197872 424.7983669 398.8235148
213.6857285 -377.2231711 -414.3362014
-504.4609013 316.3278224 98.2709016 R
14.52236168 -171.2342068 -115.1907638
433.0246071 424.4480712 330.070165
176.7730232 54.11687402 274.6743782
-37.00043199 -248.2709448 290.7956683
-523.4249902 369.2190953 427.373321 R
13.44039328 -473.6844796 -432.4902757 R
-472.882362 412.6896522 161.3335207
-256.4619234 38.22896564 346.2018529 R
-223.5036437 406.8502596 147.1455325 R
-88.26443824 328.9482771 26.54767151
-252.2154593 -421.3113614 -493.2310187
498.5578218 -67.77651791 121.9682554
399.1752749 389.3677131 254.873991
295.0711519 257.6975631 -161.0569138 R
425.3626255 379.5838241 -256.1994863
-498.6175377 -512.9325524 -9.693971038
-167.1202208 -297.7704943 -505.7399139 R
450.8791305 520.5246439 -49.35237797
-285.3999578 63.24498783 277.9613233 R
262.9499799 -77.78332596 164.7052085
-279.6555298 -339.1947885 -291.0378719
373.6066369 -516.0653843 205.1522158 R
343.9303555 406.7032628 -273.8071536
-361.0073557 -337.2202787 381.2351067
-0.2172096606 35.44012278 471.7150318
21.23666978 -75.45076009 515.0071898
378.387113 523.1432038 231.58548
-150.8719951 46.01549764 412.6166767
-222.2596355 -507.3536468 413.7405923 R
-98.96172231 179.6969501 -204.0403519
-503.9842809 349.5252329 458.4720881 R
-105.9905388 -355.4352407 -3.551522518
-482.5726628 468.4636472 -228.3809547
-465.2425237 -196.8094295 303.4394476 R
-215.1375853 -187.3774545 139.3390214
-296.6906469 126.079269 42.05331573
-38.03059639 -523.5837707 -164.16001 R
-382.2478354 -170.157204 -421.3022208
137.5890024 468.4462773 468.6053721 R
138.3828005 -171.1703384 -36.20379384 R
-380.3453294 -220.8444221 414.8736238
95.97341699 452.4362154 453.7896698 R
390.3411885 147.659605 -62.82909017 R
337.2441373 -228.26988 177.0953787
-21.88954533 498.4528641 315.2013426
-518.4316062 -259.2784424 -26.76215344 R
50.80701911 416.7493394 -352.2788535 R
190.6759055 207.9854463 -411.1448816
-204.5421721 -12.88210256 255.1498492
289.9963118 337.6096469 341.2932576
-501.6390641 -116.3585904 95.68613407
212.3764772 477.3816124 246.9631962
80.16080256 294.5221507 -454.095394
-483.6998851 -446.5885039 87.50936138 R
-159.7381678 507.7332752 288.9905541
233.4332361 454.0898447 -169.5272697
-191.6475691 133.6182344 199.4893202
-267.9461959 -333.2484097 -254.796923
-485.0191618 172.4190261 -332.924401
-76.42444826 -416.664765 96.12490041
-178.9974054 295.0160018 -548.3619033
290.3206565 196.5328109 444.4423182 R
-99.43039566 -520.4164473 398.214664
274.2912991 331.5159652 455.077803
-359.152389 -446.5441315 35.54221055
239.9525094 -476.1858775 441.7691787
-189.3013962 -179.6142838 -96.58606217
-286.070124 -280.098049 -188.0411631
46.09566771 -64.74533754 434.9499609
-315.7593817 -40.42790631 406.4197191
118.9349778 4.889067365 481.7402725
-74.86055463 -463.2224224 -272.4557243 R
-176.2583426 -83.4602163 440.4059967 R
437.9480994 -480.9290559 533.2056624 R
-410.2942953 411.9002599 -234.2390819
199.6188427 362.4749832 -488.9281373
-456.1002383 -233.0138102 -116.3133205
470.8172599 -150.2787573 -278.6422159 R
-350.2556969 -135.969582 -139.7714647
-407.3300602 122.8745304 -385.6411614
-218.7328005 -386.6758906 86.69965926
-293.8918385 315.8662259 -395.9785848
320.8145946 523.9993993 454.9160426
526.4332547 380.3534507 72.66913562
-209.9184289 450.6598649 393.0615591
254.9598847 -39.4091108 123.4530224
-467.287574 -286.9453304 -204.8687193
148.07641 299.7944755 -222.7715259
61.35920288 207.1621053 -461.4318757
-356.3380561 368.4928527 266.0103891
-124.4906752 267.1314819 16.93934508
-256.2268809 -89.05566255 324.3364903
222.7478941 -445.7782606 63.75961334
-319.887175 32.76231377 329.4004072
156.4763482 -90.40538713 387.8668786
-105.5535865 29.5392016 469.0516835
-411.0221615 -452.8067304 -480.5748298
-201.1175012 -70.01321244 -7.916743338
511.4136677 -253.1359336 -6.1475888
258.0540285 105.0831647 222.7913963
-393.3763679 280.6744038 319.117394
437.0028563 -39.1306642 -477.1783974 R
-355.7388419 44.24744697 -306.3269655 R
73.35485872 -412.7621026 -43.36550012
124.2151538 -441.3090195 -433.5702398
190.9989322 -124.7766881 96.77311787
-99.11018945 267.5752823 394.3333919
321.8492942 61.67042427 -181.9419282
403.3313391 -262.3208047 -122.4309972
52.73076126 81.0102863 514.6456598
520.5708863 -35.68352412 162.5097641
513.6778438 76.98277242 102.3542484 R
510.7942818 -234.5493229 -271.5345683 R
-354.8091918 -41.48229368 494.6381264
6.337753122 -263.5378242 -535.2791062 R
-501.1903161 -87.60372532 -425.6426263
369.1299846 -417.6416139 -452.4561059
502.8396098 -245.8663122 394.7792153 R
-450.8584331 207.8673708 314.5580242
64.44286383 -443.697476 -160.6361978
424.1408059 -513.7964102 -415.200205
-361.9088847 46.41944794 507.2878904 R
282.141381 -14.26624751 -77.38398651
164.8883067 -536.3325704 248.6817791
85.36416946 106.2390255 218.59924
80.61943671 -413.6616364 445.0851942
-154.5534789 144.431671 -423.366134 R
-529.9460525 -53.74212021 455.8157649 R
306.6078017 75.87341997 53.8180839 R
236.5733145 -205.8233583 -511.5385921
-335.7633424 106.7073445 285.5321334
-272.2310046 352.2645931 96.16672955
235.165799 -267.1999117 -364.2027639 R
3.373707901 -462.0027 -119.0800201
180.4706111 -349.9698648 301.6228065
-233.5681391 203.383556 -92.56247493 R
-71.81965951 211.5881018 -418.3945313
0.770773638 -355.743472 425.9991966 R
-480.6336582 521.3868229 524.0091343 R
150.7913164 189.0961089 -94.04138021
466.8988491 240.576065 -68.49590249
235.4866087 -355.6578894 166.7940728
-186.0785603 314.7691468 446.609037
-212.7572642 -328.462619 -308.3452445 R
-411.4542173 498.3470547 368.7980732
414.0067496 57.32475834 -55.38583322
524.5825517 344.3351589 282.8067884
394.8492266 -471.2537442 428.1314833
-236.8378879 410.3661676 409.2150797
-343.6608259 -293.1984254 -279.4854058
-371.8301183 -99.86677429 -42.43087073
-161.4044618 -397.0499129 448.6003638
195.890624 77.08834944 -22.87503667
110.4285625 376.402432 87.27093152
64.01953564 -23.75190983 -43.67007334 R
-386.1576309 234.1226359 384.8101921
-416.1827317 9.406804521 -240.0198262
194.9879584 413.9378561 513.5579493 R
-364.1275112 -304.1282463 30.39234947
-93.31043568 -459.5660547 -438.5234424 R
3.728597109 141.6951217 -448.0181275
117.9532201 539.9748639 254.2817199 R
-188.0440718 246.3194361 -186.3525104
-168.9914037 446.3673449 327.4227197
-401.1511186 351.1364089 -245.8185698
530.9835829 -128.5395863 -236.8474716 R
-230.9968847 -73.1252662 -425.2218185
-388.9677277 481.8640949 440.005579
-265.7361843 -343.4123007 455.9478774
-508.4143255 496.3808992 -127.0355116 R
145.0061279 -55.61378837 -236.6340239 R
-100.8794433 87.15467678 162.0892891
229.133975 159.2109695 361.2263162
465.6067133 -218.7197107 -112.1405068
-430.5028762 -208.6889543 448.646681
381.8099324 -429.7458313 -111.794831
196.7350544 220.6272477 -517.5978146
460.7732155 249.6386926 269.0873513
475.008531 -32.99176088 460.9550855 R
461.8017124 122.0399427 240.1740293
342.7388328 68.7142574 -449.8457347
-351.981114 -98.89526569 -520.50821 R
3.991402972 -474.3760482 83.6201115
-70.76352214 -287.1637528 347.2417139
-259.2039835 197.7676061 -396.1504419
-508.5187258 -497.1068691 -436.3587302 R
387.1650971 -209.1755371 213.6509221
-444.5061548 -276.3154882 244.0807358
32.3940827 -284.3539488 532.0936599
-410.343829 -266.1408602 300.1742797
-174.0095104 -424.06297 -479.8144423 R
-520.7478657 380.962611 -81.67602607
401.3129112 228.9027863 -431.3880463
-409.1159936 -469.3564099 -368.695895
296.1395445 519.4423764 194.6138931 R
387.4988602 407.9533885 186.316288
-46.55038866 -51.12716641 -240.711152 R
-101.6975081 -282.572124 201.9940048
239.0061032 421.4875135 -336.227509
239.7405077 -27.27101869 251.5116433
341.9952235 126.1835601 329.2664471
-486.3872042 -61.29208277 -355.0509407
-155.535439 -142.6072879 -329.148465
-499.7193947 -314.0324359 104.0921817
127.8096027 -510.1987958 318.4934094 R
-343.8592695 -257.4277469 21.02947818
184.8140485 -362.6692357 324.3824632
-320.2601045 -2.607816693 431.4872161
368.5640273 147.0169296 484.2909347 R
438.7907307 242.9246537 -546.6344665
-42.94444114 294.2640849 -470.8475555
-330.635289 -147.0854708 100.0246744
-97.70642905 182.4526802 364.0035636
55.62748815 -121.0725851 -2.448676247 R
-488.3491594 -215.8681728 -293.6295296
299.5879585 -52.87892064 -87.56952098 R
496.3551105 33.81831247 -323.2942183 R
-89.67946541 -404.4167685 278.9567447 R
-343.8579835 98.42964058 37.08813544 R
215.6494847 -532.7865033 399.7673164 R
-259.6015893 -391.7367325 352.9931636
128.5163328 128.5646443 277.5678631
-70.26675187 363.9223845 -401.5105189
87.54553206 67.74998203 -341.7484136
-378.4784565 425.8951283 -463.5928173
452.2729723 183.9762111 298.5338262
25.79451686 216.6218331 99.5668558
421.8505477 -465.8812241 -385.113345
-308.6821704 -156.2189265 -142.3908944
125.3289752 411.6688399 -297.3098517
415.4107239 -291.5842891 518.7602483
-191.0835727 -496.1558082 148.168829
137.892889 -32.39163788 266.264614
-191.2086803 -1.067448744 117.4195486
306.3423761 382.3570672 450.4197188
-432.1236544 -216.396277 97.54610555
152.7351564 171.3427078 -242.8410462 R
398.2451614 -233.7790468 310.4716349
237.5828078 -536.6453517 -486.6454042
-134.0649956 415.3561508 -68.77592899
-169.5060233 358.6191296 -113.3050649
-532.8159942 -203.922657 -327.7677958
134.05675 -338.7254344 -471.3646295
297.1927271 445.9519521 221.6920461
30.08699379 382.9695833 -361.8632856
-411.3705464 -3.927781852 6.770434458
510.856232 -285.0422845 -73.49655031
-80.37981442 431.6497974 -515.1867525 R
86.70507941 367.774358 -491.9718628
-483.5404531 -12.0476807 -16.20481271
-273.3025653 448.2136591 66.84397101 R
401.9453413 -238.7865347 43.15839389
202.4659779 254.6734724 504.8027505
-355.5985946 -410.4097276 -395.9340485
471.5488036 -398.8202484 -327.4249558 R
-373.3109155 309.9434699 -55.69522848
-436.9093421 56.37109234 -198.7675184 R
-138.1903316 -394.7830838 387.7048467
-495.0377476 -211.7845188 216.3083004
397.1389067 0.7366681074 324.0880897
78.32522308 411.5039561 -371.467111 R
-221.7014285 106.1338979 158.673242
-142.4703424 -430.9001713 -10.51105512
-321.3893431 305.51355 -164.2751183
209.3795432 -429.7344712 -25.31959784
376.1945849 -411.3899805 -137.9666288
-454.8410286 -340.9262938 -262.7488801
-359.4031 -37.20681402 -72.34712205
180.8931565 -174.9842211 22.83986967
-376.1481447 -199.3948123 263.5575707
-263.7263771 368.2415243 52.5512019
7.871923631 96.72231266 123.4803602
-323.6489202 -267.2881228 -146.3320632
-105.0790588 -33.46450544 506.2173109
-229.0401839 98.65800561 71.47003325
263.9447737 226.2276129 -44.80878526
175.4540487 -387.7161651 -56.75780746
486.9746146 -394.3106856 -343.2532095 R
350.7270187 -35.94006692 518.437458 R
-141.198245 410.0273883 -304.1535553
-222.0668377 468.7184545 413.9859437
163.1316565 -253.4146473 -425.5430068 R
449.1038554 -262.8391981 -467.0814939 R
-507.3354839 137.8681228 -260.4570986 R
-178.6929359 142.5515369 -210.3924626
390.460283 -368.2369148 257.143283
-41.81258687 5.237504778 -517.8102568
-13.58623467 -357.801992 -266.2511288
-266.7253478 350.1790989 -479.9762585
-417.1197935 -229.3064973 405.6672769
-114.0151552 75.22138139 -418.3571481
465.3657778 129.0737485 -248.1918966
-335.9775398 -289.7131605 -462.6698957
400.4483486 68.8023538 -465.4922732
-294.1139371 -245.7379931 -27.98086081
146.8381914 -273.8046752 378.4813426
-145.8394956 371.0666954 441.3375972
270.566332 -355.3688012 68.46134212
-448.8087183 249.7190382 48.76289774 R
-17.33762113 -178.8837575 -418.7488434
-230.7657604 -30.56035311 -345.6307991 R
463.6325637 -296.3234964 75.60684504 R
-247.2220226 -446.7602822 -408.0036827
-265.7565864 65.58323237 129.5453832
548.7853427 -181.4043196 406.119145 R
-474.7100306 -359.0998348 332.5697243
88.09634564 509.9488794 -350.0965818 R
-78.88809103 112.6643334 400.392207
-479.9990053 -22.66517004 276.4022307
499.4203999 -180.8872183 326.4363515
-101.7498468 -43.86538582 -375.145085
177.353393 -408.3478884 -445.9713319
-381.5378979 474.7661436 352.8300465
415.1657374 -492.0462992 -164.0802483
178.1174386 372.2986197 -471.0877017
-192.4654993 344.7289721 -410.5940549
176.0526053 -103.749466 -140.6633337
231.9499997 -385.2103413 456.7621129
-6.135551488 185.7256628 81.28550885
375.6375618 84.82937194 233.9838501
-181.9823426 381.9315165 -305.473495 R
-388.807056 -179.6172213 -11.34807552
309.2325344 -141.1633578 529.7561507 R
-494.2849265 -403.1516595 -3.689312342
430.9657541 -24.9140375 -66.11719162
-302.4214581 122.5251483 96.00621504
-215.5255308 397.614298 101.9177511 R
304.943367 -170.1921829 186.548765
-444.3705639 -471.5222138 507.7279776
-459.5893467 -91.7737956 -81.70743596
97.34367068 -219.010877 8.978905935
427.1648536 77.19685584 -483.9066476
-55.97594241 -381.6300048 286.8672224 R
-129.815526 -368.5457297 447.9388312
-136.6318366 -325.828392 475.7236423
-90.42524346 133.5517678 -277.606044
-248.8419473 -87.18029018 -63.23612777
450.2066601 -172.2483203 163.0527004
-410.9220941 -375.6157578 109.7683738
338.480415 -469.6732076 400.738355
326.516096 37.22536241 522.5214865 R
-384.6262468 -277.9555717 334.3077459
-405.4916812 -335.0660243 -357.9536958
249.625682 348.3738344 371.613469
-351.1709151 -382.1400347 -13.02139653
180.6252797 -196.0833718 -107.7455661
49.89741879 213.4630769 -389.7370544
-213.9780723 241.8058708 104.4160149
-261.6644487 -362.1677854 109.5640842
-388.951516 114.0334696 232.994811
-214.8400765 -30.72054215 -283.7863768 R
309.2201467 320.7932576 -90.27040985
-272.6211909 477.4674136 406.7563228
-100.8291268 293.0771919 45.67410592
-305.6861632 55.02735751 478.6349226
234.865226 -374.3947078 36.00603605
-511.0787263 -61.61469066 302.0572791
-115.2236467 276.1092116 262.4175571
-225.6962118 -64.06950172 -438.725113
415.2950249 114.871209 282.4088689
216.709993 -505.4546377 -222.242357 R
269.3366142 -383.5057347 53.55878949
-266.9346157 -58.98927174 7.619276469
-154.9301529 217.235517 -53.86782185
49.55497389 413.5899519 275.039961 R
326.247582 190.4116536 376.9503578
-101.1711033 -76.63647272 -363.516903
445.1248726 -460.0513927 -472.9455528
320.9944041 420.8645657 -520.4787209
467.4844108 -33.75438982 -187.6985547 R
494.7415757 -427.0532521 -180.1342811 R
-151.2517472 -510.7193985 -482.7957068 R
529.2296704 -322.9150848 -458.7339892 R
-59.83540713 -475.8610736 -49.58790996 R
514.3626476 331.4820904 36.62864853
-509.7517579 238.7690938 -126.1508126 R
-350.208077 -5.175761042 291.0616007
-315.6820584 482.7178092 -108.3933244 R
-447.3791073 -339.739935 494.6429904
312.6654794 496.9954172 -57.01747074
497.778916 95.71307293 539.9309704 R
68.71263437 -529.9731232 -335.2234654 R
40.41719383 -57.59434611 274.2053023
27.90629953 416.3327253 -189.3418669
85.76566252 425.5413242 478.0402874 R
-252.7735211 -295.3788271 -82.04305987
-336.7299837 52.44468801 -269.6717113 R
80.83927581 -301.9020158 -514.9237362 R
-85.49368727 -286.0333557 103.5834096
-102.1318009 -218.0718888 380.8328227 R
-438.4320318 -459.8695352 88.08217296
53.33969937 80.51704712 -503.0171834
-274.5498319 250.7210417 379.641701
12.5718322 -348.2174635 493.0680734
391.8068288 -416.8158927 -395.6867608
44.16444122 -398.9763104 -238.6419908
-61.98513186 -348.9729173 -247.2378133
-379.5879223 244.008633 259.2693752
-287.5579814 -321.0571485 -214.824706
290.3016133 33.25129409 275.8449116
358.6284269 -414.8724088 -288.5281259
142.4201354 412.7196593 -374.1810083 R
-311.1163644 -252.1165856 369.4496343
241.1348062 -5.092990726 359.4366896 R
232.8227022 -169.2638214 213.3915024 R
-329.3781668 239.2466072 -333.1332743
-253.9181974 -276.7927403 109.2158523
223.1231096 280.3353363 -374.7251317
408.5242692 -16.46560882 292.1500494
404.2634865 257.0970681 462.1802969
447.1548495 511.4269369 56.74052811 R
431.3531679 374.7844598 -439.615133
-544.0052161 -195.7824661 -441.6799787
-364.5857158 -207.2618871 -524.5346532
298.8369716 94.34942862 78.46974214 R
-479.8126263 405.1041056 340.4220413 R
496.0488399 -264.4063952 -26.54484502
-33.54970309 465.8997306 -409.6788081
-371.485054 386.9195213 465.3806357
-115.8301632 -285.3272122 341.9978923
60.48595496 276.5317151 61.76434112
-187.037552 -235.0548856 63.29004406
-447.8975958 -304.5128882 -222.9234174
-90.44093227 518.5316492 14.96907989 R
408.8954934 -106.1811218 195.8183868 R
-244.4092595 -421.7520061 426.506143 R
-359.8577664 235.6349083 457.1479016
189.4848143 28.24255524 -501.8309621
-405.5137766 5.501636921 403.8066024 R
254.026965 230.4531205 -2.145454559
71.00250238 246.6807703 -145.3189414
121.7038547 -396.7318711 203.1843946
196.2359417 -163.3557498 -219.6183356 R
-445.5960878 -473.6399146 -288.5938066
162.9947476 -294.6103952 352.2459394
41.41372319 -260.9301758 -353.7879154
-352.5074884 87.56113066 411.6866492
33.00954988 465.6385409 323.1164704
275.7874914 120.4418153 -486.1199222
-4.970956406 -117.8171707 -484.7798747
-105.2504534 -538.9328948 426.3797463 R
-484.5263599 -389.6133707 -444.5951577
-31.91260342 339.9440191 -29.15785751
-175.3544567 -165.8503748 166.2074772
536.7757897 354.3174439 465.6321838 R
-454.0213506 -43.2279979 -495.6568087
-486.0399434 -182.8769429 -31.15668013
95.75724758 157.1538884 -473.3932908
461.4700047 -104.9158272 -482.3251826 R
-397.2349218 183.0359643 281.5605355
-67.81576522 -533.6633446 21.48345482
-265.3465259 147.9019842 358.4063908
310.2372862 -482.8489413 -296.108025 R
-20.46360495 -138.7632239 122.6479889
-482.6854012 -51.63702612 -398.665981
89.14957582 0.5246760935 310.5524589
-67.82494899 496.8286809 138.3095679 R
470.5842064 331.3332102 136.8763334
354.0836362 -504.7770311 -444.2714433
66.13954772 16.0131823 46.9912251 R
227.0447747 -54.88775811 41.99782822
-5.587840191 512.4908453 -547.9175631 R
301.1433011 -231.5108834 -33.79209437
-87.28258097 424.8333338 434.7610449
-417.5477854 201.2383917 349.675583
107.7128747 -273.0110338 58.84993363
261.9575426 -344.2669797 253.2521236
-268.1638057 124.5226198 452.6545594
472.1741304 -474.7294767 112.5082542 R
15.55679741 306.6718019 -532.7498877
30.64370583 281.4010629 -310.4857366
-319.0671374 -483.4744252 323.7761456
-341.2459093 523.6673544 -406.3858814 R
252.8093795 -445.4579974 -363.7670327
179.3453875 303.6979393 426.7641028
307.7445042 466.9231962 447.8966149
-290.9530373 161.6628118 452.9796478
66.6077281 -432.5468198 -327.2782893
246.5908565 502.7525665 501.1616189 R
-12.64906139 -33.85455317 -68.44315819
12.14500091 -473.7856003 394.2660655 R
-316.2243581 204.9615571 -397.3889153
227.7608846 -211.8733411 -263.8993542 R
271.6489877 476.4505922 -146.1740727
211.7608089 -415.5032199 -440.3786072
-176.0493636 -184.8248382 -304.1621846
-291.4238529 290.5722687 -259.981864
148.2808717 -112.4969521 83.09016144
-67.4208976 -32.42262282 -338.6716062
-387.9675331 -266.955787 -375.3680914
485.5432856 124.4219346 101.9363034
359.7848496 -434.7578627 -113.6284055
-10.20159658 -17.67424992 -22.3877272
486.0635225 -519.6213427 -65.72557807 R
-429.6656658 309.8895692 -191.7380477
-124.0552533 542.1149545 519.4944794 R
213.216096 -227.9974567 50.39924058
-367.5420156 508.4104186 224.9930272 R
-96.55584266 -5.353091251 229.0829147
504.9244602 198.3697641 118.4772918
39.01016441 -368.3082816 -51.35026975
500.8576987 -466.3181473 -311.3059958 R
226.5851604 -219.0559164 388.0282204
316.622007 462.2457723 211.6618728
-0.2930144688 -417.2668897 274.8235151 R
215.1894773 -150.3860832 -50.71782364 R
-216.2974954 -342.7469181 285.747144 R
350.7534164 250.0918115 -63.65488238
-349.872771 523.3773404 158.537944 R
-342.848765 481.7818164 -110.3730876 R
502.4850725 395.633355 -223.2649759 R
304.587418 -490.9908423 410.7182935
-167.7457443 -485.644338 123.8137627
-509.7313654 228.5209441 -362.7632527
-509.1736237 425.8227596 39.49456583 R
343.7676441 395.8610582 -402.4391814
224.0151374 340.4329144 -341.7990765 R
-183.5722627 467.1068738 61.68040473 R
-152.7805167 -252.8323146 110.9193521
-412.960248 -352.7685158 276.5442247
463.1527765 253.562693 66.7892341
-405.1496008 -515.8430798 508.2060073
-91.55708999 -194.7164974 408.8647797
281.7022583 440.8835079 413.0446695
-185.678958 -114.9441055 -289.9186429 R
454.0083818 533.9415708 -140.5875849
-319.6130746 -215.7691986 -485.5026633
267.6656632 -415.2341596 261.1966382
-178.8632234 -500.8421038 -378.4471005
341.7205874 483.6472268 369.4070446
-49.82594716 -518.0462468 119.1145625
206.2812081 -125.065809 129.9016393
-212.2824194 332.6479284 -81.6958615
49.02039435 507.0128719 163.8313068 R
461.4040856 -395.488963 175.0016944
-513.0702336 -327.7186121 -482.7102942
324.1406286 -66.15506022 308.6114421
-261.4086186 -450.1044497 226.5336403 R
-80.77215319 -46.79081689 88.81720352
275.6234912 -260.6210825 -289.3317475
154.3194467 244.0842397 -129.9224344
401.3130869 -341.8476151 60.22894051
69.8494878 -430.7700476 186.2911803
-87.75369298 288.0028728 -377.1999151
-267.0977193 386.1871843 -169.2074555 R
132.1702129 -415.5234387 139.2362948
42.91753665 -527.5405902 428.056491 R
-349.2004718 513.8958977 282.1510685 R
-58.30075184 -78.60648288 -484.5585532 R
-102.7873846 -308.7126127 -491.0595499
514.4067099 -216.1695223 467.0542083 R
-113.2709815 86.16462066 -480.1710664
148.2312335 273.0939599 334.109556
-54.03084621 134.2916918 -277.109718
400.0777911 104.5144601 -475.5954883
-455.8904795 -461.9619429 -60.30566295 R
-258.3656894 -15.68823936 414.6918263
-41.22604791 248.3651432 493.9694465 R
132.2411916 36.26992277 401.9763745
-180.5171717 -447.8505988 404.2837648 R
-250.7657417 508.9551802 -359.2765515 R
-246.090943 -418.3915602 -298.525936
-56.36328344 72.59930272 -445.1892538
-541.3040422 -268.7255117 -74.72126161 R
395.905902 -327.1905215 504.1560875
183.9275961 280.560155 -178.5707704
209.7702083 -337.5342321 374.2962298
-543.1905029 -185.6661014 -413.0866318
-324.9918433 162.0987107 360.3305174
58.30837985 275.3246825 -218.1905316 R
346.2093242 -505.3918799 -239.4886572
-543.5914432 51.02986945 -384.1097176 R
342.0758972 -88.14216103 -345.6940462
-233.0758874 480.8581414 173.2356185
-146.0071041 350.5047758 -175.5458948
-117.303495 369.720388 405.7681034
298.0312164 500.194452 413.7619779
-55.75179111 338.3989926 173.5698695
-236.8697401 368.4627481 313.5864732
467.4908013 -68.29564447 186.1113112
355.1355343 -206.4080366 288.1077081
-36.86601637 -496.5661822 -64.37217758 R
-143.8201143 21.36749597 -262.0111411
482.1681348 362.1000551 421.8341765
-419.7685045 -291.0486414 437.9606897
379.573029 399.0192871 -492.7488787
127.907341 -129.6907565 324.2985832
-464.0090813 23.64142082 -6.859011304
473.3515827 182.8142346 -445.4400842
-181.387136 -208.8228948 -422.6341185
447.7045176 198.2883198 -506.3435271
526.4224311 205.3976782 -462.4422524
-16.45732141 -447.5802705 -17.87235596
-388.2396646 -339.4319881 382.805181
7.202571814 -146.5907078 339.8291063
378.4576412 432.2568164 378.2747562
-23.74258125 378.7881897 433.1782456 R
147.1459831 -129.697561 32.02796929
-224.3339383 -137.9253064 -178.6674502 R
127.8132672 -116.208363 90.82355044
156.1799205 400.83109 470.9629315 R
-66.81235875 298.3560552 -421.8223545
-68.26214888 -179.2384777 19.34053506
144.0508461 505.7239236 -265.7454612
266.4695891 5.164856364 422.2609635
460.5393866 -109.3227894 -128.5278537
82.83493768 504.927205 381.9291874 R
18.52264918 -428.8132356 -328.2271448
-360.9907598 156.4299856 464.4725135
-68.05135056 68.02138965 181.7446798
-209.1886576 -364.8227696 -306.6936128
-520.4136217 397.5562127 -206.2322146
398.4573359 -118.461696 255.040867
-146.3174279 206.8036489 293.944566
523.761809 -171.3421712 -133.535348 R
307.5994551 46.23221768 -467.9156714
491.9990095 302.5939822 208.6768633
418.1438137 -258.76004 20.05647961
268.0090301 -249.3598665 380.4251253
-441.6500356 377.5601942 392.5120312
396.0024548 -139.3036949 -195.9096408 R
-463.3841697 139.9077711 -474.1981754
-249.3788675 438.0805772 268.0753348
312.7277644 243.7941141 -537.595634 R
99.88437175 386.9886169 -335.8603457 R
-57.93551709 -232.172928 -108.6173079
387.4826493 -514.1959751 -245.0690999
448.0038107 520.1517112 361.3170683 R
236.7347204 -288.0017625 292.0616799
-39.01781526 135.3177676 -182.5952603 R
-226.991006 170.0068699 209.6424618
-256.2534401 -245.7354998 -340.6703205
311.3555404 -227.7948579 146.3506391
-65.4594117 -26.64358917 190.2532938
15.31337949 -301.1694807 26.94152171
305.4686585 -221.1987232 127.0987552
-34.08012013 -90.55760435 204.1083667
-191.1316515 488.3531489 -420.684866 R
-466.696226 63.64204963 16.18121827
-431.7512013 360.4373943 263.4374626
-40.16087194 223.3539842 218.2290412
98.18848209 -36.04937564 -126.2361831
-392.5544461 140.6120079 -24.49437402 R
-432.2258465 -498.4322196 -456.2384411
87.10345633 -432.568443 -231.5033979
-214.5597184 215.6446334 138.9001626
-72.94491397 -294.7082095 270.3139336
336.8436933 388.2728186 -114.4809748
387.3219831 -129.2010134 -427.3489868
-99.72596495 274.0764025 412.881282
-269.3578965 142.566902 -313.2577627 R
299.9599537 -442.6318224 29.26408638
300.2569741 362.6860184 40.28309886
7.194686527 488.7726926 507.7342601 R
422.3046077 -231.7678239 -73.09641802
-46.92541107 125.1909063 79.01476291
-305.7830858 -507.5974494 167.9063299 R
153.4473804 -29.41730358 -493.8270632
88.61409164 69.74323016 -515.459952
-441.9658994 -118.7687558 -96.37836611
-395.6588769 69.51010668 -292.9511764
429.4541907 251.9850212 -94.17848938
354.9816254 86.00354725 -451.7465742
-243.7943502 -54.28006145 -285.9682659 R
131.4729363 -412.8567211 137.2566463
256.2669642 179.9533808 -202.773557 R
-118.4760917 -313.6906571 -293.904193 R
-403.1561195 -46.91565752 -505.1476121
467.115782 -51.00541895 -37.1146425
-238.6745316 -109.4929093 404.6810744
423.746156 -536.2827293 421.8899274 R
-380.1519242 19.33046695 377.568543
-436.0237963 -110.932592 -261.9040444
387.6291593 -462.4749849 -260.3757416
-194.7679384 -83.63092144 -18.27993688
403.5893745 46.9248695 249.5975032
301.3796817 116.5699713 104.6699728 R
319.8412262 -449.3610117 -389.6483415
333.1171237 35.03835143 343.2949769
201.5677279 439.335873 266.1297109
-401.3765688 445.3828754 -25.30670215
-415.7335012 -29.39911166 -7.85053523
-230.4694813 -15.34626362 -273.2780764 R
-395.9301859 274.6694452 233.3062319
-248.8644907 -31.9440719 347.6752023 R
-499.375319 -353.2228312 459.1016536
-118.3309844 -146.6676554 -401.4526245
-164.2344007 -420.3785721 201.3359658
150.284823 -10.68980478 205.9489798
-267.0657509 -517.8652316 -434.8323878
156.7340717 465.133513 369.2861311
428.2323073 -191.8595367 207.0551581
3.091154988 56.32721355 453.0936433
87.7764782 -221.7417586 -383.6213458 R
-450.7644845 360.3851473 -169.8585934
-208.6212201 21.27455358 -139.1547004 R
151.2210209 -134.4699842 445.0160952
275.4486391 -431.4271466 319.7237584
231.9808434 -48.44455958 500.2630093
-407.224209 -490.3335982 425.9329867
-47.67155323 -507.226914 -340.6271012 R
-419.3399582 337.8341671 -144.4981789
-118.0128693 -307.1419881 40.42814891
353.3577535 -366.2019571 -173.7882081 R
-179.0178381 -105.1610992 82.23055661
-79.99397466 -221.8162769 -145.8770291
-162.7351162 -78.22546372 396.4573025
-370.0127736 35.77401484 -543.3093591
-59.6142346 359.1734169 21.90804358
-332.6304887 427.5442667 -41.36901826
-179.5972863 -353.1381074 502.364865
-192.8071019 38.35071881 323.2975729
426.9047061 -519.6614267 -285.2594412 R
529.2152681 320.5341285 109.8410989
150.0297298 101.3387077 355.9674457
521.5286482 374.2714164 77.80841154 R
402.2645956 139.485617 -364.0442534
11.88563199 -127.7698678 -301.3457961 R
-193.8085437 184.710694 376.1582568
90.72268467 -65.01453096 443.7533612
474.9579488 -258.7597658 85.5468291
-535.9845726 -244.4908201 499.7891846
-309.9081779 -308.3870047 -95.20639223
-379.8520516 -334.106041 -493.2350529
190.1979033 -484.8226097 119.215312
453.2006093 280.2641168 4.378082175
-179.4208844 452.5928577 -377.9056674 R
214.6706175 -262.1590381 358.0417688
-442.827285 89.40690192 488.0698695
-358.2480649 24.13295862 -190.6250774
52.34464583 344.6579542 439.2477387
161.517185 67.08503889 -479.4190944
283.4689391 333.8687481 277.6887463
-71.67350878 -54.21461844 281.2077726 R
202.3440112 -414.0525119 184.2546518
-255.0121374 -246.5252247 280.1114463
-449.8110543 436.89997 250.4842438
323.2701195 2.95702068 -267.347493
298.5948725 -154.0881289 -488.7921073 R
365.4696581 441.0374791 25.78698835
180.3441249 281.2330732 -38.29307539
-373.1289973 378.5940123 48.42435621
-295.4359967 90.92863525 136.5254323
297.9616362 -468.0548068 194.2052331
-259.5587306 213.3315729 255.5341671
124.6944705 319.5728339 236.8860836
218.7109415 28.75144196 -135.7212357
17.83410359 -310.6581687 177.5496847
-349.3637505 374.0485611 450.5323908
444.0950455 443.8307438 478.4609033
-170.4959925 -284.1610537 30.39239753
-133.7260814 -215.6653502 -346.2454293 R
-349.0503987 -56.44692641 345.173335
366.3404758 353.4715412 530.3561952
-503.5501401 346.2524087 -453.8573499 R
-90.51414542 -202.2151677 -36.51266377
-35.34656861 -416.8781036 -49.95891704
-413.6924533 -316.0015216 63.92557984
-332.8948655 -545.9973549 -373.9308688
-406.8704447 -495.7302314 205.8309513 R
242.4808737 -420.8659827 -457.0721559
334.7646143 -514.6985605 -435.7488556
-329.7381716 440.7996383 233.5391129
-339.2258455 -40.35299273 -178.9261517
296.0941197 -529.9604277 -114.3352812 R
-524.3033876 -114.2661482 438.4423291 R
56.5983273 -284.2438774 -304.846102
-334.1869418 -402.7023902 -353.4307936
444.9478603 130.0489495 -364.0925514
-82.24719195 -150.4432801 -46.59765659
-191.704565 102.9720699 110.1721482
177.28569 284.0315068 -476.3302505
404.2547299 520.7173831 -391.7307674
254.8682778 420.0555799 350.5001001
274.3095827 248.8677595 244.886965
-515.6019896 157.516653 -39.24453384
68.02148237 -346.962424 371.7118909
233.5789719 -116.5841199 449.6457867
-80.17242389 279.1542118 -463.1408249
-480.6775335 217.6243292 474.1808399
-171.8609053 -128.3141528 42.45734491
-25.42028008 -206.0698162 -447.9421831
-529.2388627 -35.46576104 -296.1724469 R
-344.8577268 -125.2069636 -99.98215909 R
-73.26703774 203.5576932 455.2736864
-5.254942967 -225.4618337 -312.9632586 R
-399.021312 -27.13107051 494.9974225
537.6615192 422.1046266 432.6527747
432.7101229 95.24771082 -273.3888171
86.68300395 312.7596917 -278.5770662
120.1721463 306.1792739 169.4054849
356.2983475 324.5756439 -83.84981194
178.718912 40.62764512 -198.499292
486.427053 342.954341 -201.7558559 R
-196.6520259 -198.2343093 170.8624814
-94.18700935 182.3436108 288.8114339
-461.2369131 250.3800291 -170.8929877
-43.71888319 -189.8726326 -451.6308443
73.1528665 167.5612224 212.0318216 R
476.7413549 -338.0822324 223.8168662
97.99304855 -415.2601916 -325.8425249
248.0911245 -128.3303842 430.3687761
-98.64619975 -274.4777093 60.39374091
31.5740877 132.7398295 -156.9479736 R
200.7417324 -376.5579843 -290.1028909 R
-337.5153688 -217.2201117 234.1828895
-20.16443309 15.43632733 -290.3151094
461.2057377 121.7949134 -58.30596629
-356.6203956 182.9856546 208.2497003
285.7398687 -400.0146391 -90.73712357
-218.7337462 -293.0641969 283.6515444 R
319.0361213 -384.4601441 -453.5424222
266.2138513 322.8423338 -107.7625793
97.29101254 -76.72977217 373.1698533
-152.0859801 410.206752 523.3706724 R
263.4154322 -81.14619228 454.7704719
-70.41496708 -409.2723586 -222.4683322
424.9942113 -452.8964166 57.86915122
-363.2096528 149.7964322 186.4053466
402.7269449 -18.1271046 308.2092994
-449.0499442 509.9714422 -362.7470551 R
-140.3364296 -398.692035 179.5635211
244.937354 32.62519585 -173.7822551
403.0852864 -308.4627896 -49.34040254
-458.913278 -33.31567067 409.7262913 R
-216.3566894 -190.3932128 -375.9079579
429.5561341 -176.4184604 -60.24024023 R
468.2443991 277.4838476 468.6282875
-332.5285483 -103.9695402 -140.0605469
-149.4474888 362.5451829 -516.7169927 R
246.3037586 -263.7570798 30.78363851
-188.1367584 69.87304131 452.0333671
324.2844143 -517.7577947 128.0801481
-370.4731167 500.6836003 392.0700463
-134.2235878 310.0621495 -482.2546959
520.9460189 -102.335887 -103.8484702
-348.994119 524.0091575 212.3987394 R
-354.6349421 442.7648241 -244.1765215
-125.1756054 180.7820149 -259.8344587
265.9032922 65.26894357 145.3081849 R
20.12663826 -470.9461124 513.2197419
-290.6693619 478.6441587 -362.6756356 R
305.7969925 495.8193052 542.2170926 R
152.7512033 221.6530997 -45.68084562
121.5878535 376.5142971 467.8200873 R
-476.7347066 -234.8000534 484.1061391
252.9173235 436.2705777 -290.6185078
127.8678806 -217.1508433 89.27761742
250.6564687 17.91164466 185.3508992
362.5344031 170.5984626 -410.6509151
-378.8413235 136.4709132 88.42049843
126.2017657 363.6586385 -112.9655601
120.6071723 -490.4857166 -83.64214887
216.500989 -5.140525942 283.5190954
290.5448598 406.6597605 -516.5677355
-379.5733706 268.702018 91.34615343 R
-263.7283312 -267.1084527 49.82497588
18.0085756 202.1177027 325.2916943 R
355.3785396 -206.0927162 421.6779616
182.8232599 348.4605991 -244.2875843
-188.4772744 303.6033917 -354.553034 R
-156.0824713 -32.84750778 -394.1942264 R
-375.5095597 128.2887322 -499.79117
-237.111108 492.4502175 -43.41632654 R
-480.3079186 345.7517395 33.90703482
539.8465485 230.0597789 -409.7101927
294.1706373 81.40295583 252.4235801
7.536342329 -303.1602624 -315.344287
56.76981095 -273.8526338 -223.5517825
82.67593194 208.679217 73.18575472
180.00912 -275.7520084 -510.8650771
337.8672925 317.7869442 -359.8510573
436.6918888 352.3993936 358.7890636
273.6658891 135.0797438 152.6001139
367.0114694 -4.984628215 -45.19746739
450.7727027 -404.8897014 311.5857588 R
85.5046084 319.7494715 -4.072533725
-66.05885781 508.7687383 -48.59604834 R
190.3188907 -56.29183809 -476.6715483
256.8336912 171.6896854 -195.5867073 R
297.6480467 282.2638725 285.1992945
-162.582617 50.84023944 387.2964389
228.4076995 -467.7389577 416.8135947
379.0181308 -252.7919182 -202.1438941
-456.483312 72.35081564 388.1893441
1.840513958 -328.6889435 242.3215352
519.1624393 224.1569161 405.3081168
395.6725449 -198.1758112 43.22096045
-55.47470072 459.6002192 305.0023215
319.1933897 375.0181742 459.4238555
-406.0904557 417.387895 17.31594989
-4.948238206 -82.70952154 -109.2211233
-452.3285816 220.7129856 228.1026139
515.0522807 -222.736532 104.6625768 R
-462.1900923 -422.1306411 364.385169 R
-503.7691102 374.7021576 545.6191605 R
241.2692196 110.4730036 -467.2852202
-317.1136302 36.80207068 43.65792596
-2.93212728 -148.5137763 -396.6745235 R
-143.7084267 169.201491 -216.8207289
-230.3873521 224.4501978 98.88716
392.2875079 -88.22909278 -320.1629858
-206.5086996 -92.72939506 31.9214282
142.9458684 -396.1554303 472.6208706
203.521502 224.1537192 -348.8262233
382.0043431 -539.2607055 -389.9527884
-184.9602673 503.9037283 216.1600101 R
-494.1941759 -168.9258363 -99.18352787
-467.5688315 210.3628771 -174.3679171
258.5816717 -391.0272988 -216.9464567
460.6678678 318.6960195 -204.8110058 R
39.38535443 -309.5687309 60.77778371
70.94209393 -55.38854507 387.1685715
401.781261 -305.9564674 -270.2797077
105.4443683 134.4027863 -257.443401
246.4152969 -176.6098525 -528.8723646 R
-461.5264581 -416.6920643 -104.1879795
-349.6665977 -234.6791267 -237.8619553
-442.4486514 298.6536383 50.66097193 R
34.14596981 -98.63150169 117.4849573
403.3401318 -220.9308336 470.5884404
-24.3742881 -181.6745702 10.71084434
114.4194701 -172.5477331 191.074333
-493.8038695 -99.07324773 -216.9289144
-181.9825252 448.9921652 -228.2533673
120.6787568 279.2639447 -528.0174931
-433.9058013 -301.6183861 -511.493741
185.9563157 399.5069359 -424.7555253 R
-309.9666284 -464.6105949 -488.3314813
187.5270352 426.3120204 255.5665464
-323.5848399 178.3723384 -395.6109289
259.2020153 -203.9006175 64.43472303
-262.146452 -373.297193 120.70014
-484.7071019 491.1172268 -168.8064814 R
263.864635 -346.1088763 -377.5428372 R
445.0391866 -517.6705559 -78.24561792
-379.3083814 89.94741724 317.2903487 R
-258.853488 -373.5817839 163.9685795
411.0044574 -141.522644 437.8021055
-132.1678291 -253.3420549 -500.0151708
357.3482052 -103.3571742 -104.1127166 R
-390.3897746 -350.3594384 343.2505138
240.8582774 -354.0890212 -129.8055622
90.44803022 299.8332591 -90.52198
-365.9183444 331.8877734 67.59335125 R
-438.2552912 351.2816355 -260.6570302
324.4635898 290.2344397 307.6349266
410.0650064 -497.4405473 -30.6069351
-152.3706623 -265.7667511 -482.3918836
-386.1995779 536.3438395 415.6862077
324.1776116 496.7558467 273.125932
-101.748782 233.4220395 -347.2590931
18.8100809 -399.5684525 162.0636129
405.0336753 -415.5428429 -175.4325092
4.802191293 382.7233157 493.4399725 R
-111.7710288 253.6645139 -235.6211116
-210.8123403 -452.9442537 -311.3333166
138.0224714 296.0836669 195.0777629
286.2803559 -473.2365204 485.2894512
-256.9747343 408.9413827 -258.5736443
318.9507489 -141.8134128 271.5664202
41.19746948 464.7400049 -318.7447135
-102.2765403 46.87403355 -336.0838849
264.8048221 -167.5469348 473.3927473 R
351.04566 458.8997378 71.20010245
-133.1909497 -9.936999461 -27.49685316
-334.1416913 20.46907154 155.6977081
425.8720194 453.2322286 -160.7636873
529.1002187 -68.68944775 333.7753123
-11.76921797 431.8687476 -363.6970614
-159.3677008 5.001245545 -410.9369255
79.31274546 36.37651363 -79.86505686
406.6264318 83.14707881 490.8725323 R
-60.1947408 -13.17423942 -445.1035066 R
200.9089977 -268.2483524 513.2193982
137.5461454 347.4578894 -193.677076
481.4073572 -153.0180709 293.8216716 R
283.4878151 -485.8447009 373.7668963
248.1615042 -521.8807637 -15.66455902 R
-19.90704538 -458.9738336 503.7909423
-11.82281065 -25.34508398 116.1400503
-414.2643905 -239.8091971 -302.0919081
454.9681609 80.83982697 466.9930062 R
-445.7474157 -350.5476403 -354.9446177
11.210298 -114.7966253 -181.642001
-429.7784281 222.0826506 -256.235527
-367.84754 -295.9210817 79.96374742
-307.9671725 -273.7950323 17.42392136
-442.4216161 -278.726694 -537.7524233
197.3109492 446.5562209 469.98849 R
-332.2732568 472.0332667 -279.040154
-361.9717915 -38.9381711 1.471999799
-494.6654639 384.0430319 484.678967 R
-323.8108663 291.69036 501.5637195
-51.69427122 -27.31239556 -474.6641974 R
128.0084052 -134.542398 361.8351384
-371.5248672 -232.7628124 130.7394
93.95475218 -516.0421227 -78.95349765
344.3270667 372.4028153 290.7317046
-88.26047458 -331.7383497 40.02423582
24.12311586 -100.0519608 248.3243626
-57.61646001 -342.4723881 50.89784799
-59.36014542 306.0313974 152.999914
-346.1963524 497.0561827 227.8665735
439.0353074 -383.7984741 444.0122985 R
-200.7164829 -28.36137737 170.0801968
-76.30919418 68.83714886 188.0968388
173.3832833 273.7905789 -64.75277843
341.490713 319.3557024 274.1782531
297.1224369 -457.4726769 288.9897074
200.100493 -139.9527248 502.4407692 R
-332.7959342 -217.2367335 21.32686924
94.81184859 -436.6032446 389.0052
507.0594243 239.6910498 -90.88632344
-319.2346359 228.2327982 -363.7696225
-280.9289526 -218.6411962 -161.3230824
-376.9665854 223.8749011 -355.0659251
-226.0232164 -180.8244118 126.7493134
446.7606538 -496.907267 7.801283374
-24.48030809 -334.4906409 -265.6273506
-460.4331873 -370.1894609 317.9433621
215.2283171 448.6879103 -153.2481827
-445.3553075 -247.2503134 234.3208518
-391.8410848 -464.1291866 -21.9554731
-480.7238547 -339.0337616 -241.8778753
527.0452461 -361.5644033 92.41516949
-306.9429434 207.6386754 280.4369652
-480.0590644 402.0393572 -457.2874833 R
-347.9414088 405.231394 -47.31426702
3.144762216 -257.199502 56.75585218
349.0470683 -56.87813852 1.513245674 R
435.6112621 235.0836866 267.7752945
-390.8798726 -418.0238784 -253.603036
444.4048143 -374.0534788 -286.7590005 R
130.1889788 320.4784347 74.53589491
292.3169215 -280.5535729 102.4629492 R
-329.9365876 -125.2902838 68.61099705
242.0215216 408.0706338 -134.5612508
-126.6663614 -32.06113685 -361.7894312
220.8807188 -371.9943388 -182.4064589
439.8442685 32.86796755 -173.4084882
-506.6889479 -88.80593458 -72.31382917
74.41163951 198.2355143 331.1749339 R
-417.0028945 -359.4890896 518.3171979
391.5923238 -445.3975293 185.8930995
-442.1704695 -506.935501 275.9053423
204.3548401 -67.04921548 280.9174484
-346.261626 -501.8059977 -298.2100215
370.8700043 -302.0225499 -278.2512075
81.89248765 -428.7192942 -269.7403459
185.5939133 -487.3064637 62.10321845
-479.8452196 -239.2367085 -291.4805304
438.4622094 322.1166735 -6.66321295 R
-338.4593528 -290.2171242 457.8616734
-137.2958851 -467.709272 196.643119 R
-138.0886483 423.6698944 118.6271659
105.3131731 206.4329507 123.5023652
-314.0558028 -150.1389551 -33.87320653
-333.4948986 492.3779078 128.9530137 R
481.0826226 -310.9341186 225.4885185
78.27109253 -96.05139075 431.2996378
71.65938113 -309.1614591 -325.4416212
30.72157776 -140.4970377 -56.21792764
36.42103642 -101.7646612 -108.6702879 R
-107.0717477 466.849882 -183.8611306
225.2554598 488.8653904 286.5969283
10.90283628 -457.6475681 -443.6124476 R
199.2114231 -206.9348052 399.4825063
-473.8559594 -129.7724818 -440.7307733
-155.9968157 34.9873881 -198.7445984
84.8512288 -66.50488464 408.924333
-444.6200884 373.9146487 205.7539551
391.25729 433.8890242 -207.2258057
107.7736059 -275.3425425 487.7770796
-223.6619088 -344.7158869 97.25810037
469.0980689 544.3977722 138.4911162 R
-80.88704321 313.0978566 127.3634029
-297.7164951 426.3949891 193.7847235
449.1619675 390.0580268 126.677311
-398.7834551 -8.099091922 -322.6871968 R
140.9449538 298.1538305 -150.9788088
486.0288381 -276.3573376 -4.467488635
-454.8635025 -109.0946433 372.0019989
56.12401706 25.8387993 -394.309815
-199.9703558 413.3300755 -218.5665437
274.6830262 -62.93046015 512.5439906
441.0297113 149.2583139 -334.7795927
99.23951304 140.9082526 -264.5858426
-73.43531477 -163.0956486 -109.4128402
49.05729895 335.8574484 387.76739
121.7780748 -62.29207144 248.5589814
-400.9441025 341.5190259 511.6081442 R
317.7588318 431.070351 -89.73501363
-168.4562378 153.5970297 172.5707492
342.1924382 165.5493193 -117.2508904
-184.5247395 486.6949047 260.1613595
-526.8167105 151.8342856 -481.7544869 R
-197.5886773 -16.28149991 136.0522374
-222.7229814 185.5931764 206.3857364
382.7411562 445.7485212 -544.5931212
470.2807207 150.1715636 292.1402955
72.64892659 -422.8653786 115.5693712
462.095584 447.5184057 -319.251213
206.3309332 -405.9317605 61.3156796
-317.7980985 -362.3569683 -398.0431962
-394.8687053 -549.9765408 204.2230919 R
-332.9233847 289.3390119 171.2678454
-236.6147537 -143.1144653 503.722605
3.466713946 215.0420284 487.7015527 R
273.9087343 153.396511 263.2976301
110.338343 -127.41411 -172.4724362
310.9558807 200.5816817 27.57635421
-351.9548871 -412.1855383 -61.37158903
206.2161791 423.5077897 86.30735642 R
-250.5385108 -76.70419932 -478.1369449 R
-394.0451848 254.1632014 163.1941319
223.5520481 -196.0582099 -436.7602051
-139.6147373 -220.4187883 -61.88754477
-494.2629116 -160.3714086 -285.7414828
5.088224742 396.7505215 -114.4890348
190.3223265 -348.2211878 -360.1128382 R
-189.7037648 137.0150715 -201.0598943
-110.6799828 -432.8069712 -300.2405384 R
174.6213791 -493.3600664 -174.4248173 R
-409.6988175 471.6272664 419.1414901
-279.5917378 190.0324715 491.4753898
-104.9422917 -194.107716 399.7357127
101.2981291 -219.894683 88.00645612
-110.531991 -18.75904172 -492.962218
103.9839821 92.70005847 145.2593529
503.0244362 -212.0029946 -408.0236803 R
513.5507924 55.41181883 513.9291158 R
13.65677406 -27.36559837 -112.4895937
-380.5835446 -354.9996542 -269.892682
-380.3941856 87.55084455 -525.6957814 R
-199.6506462 453.3172797 519.121609
-435.8266044 65.7042538 -469.2525769
-313.3179883 -365.7731062 -91.66205084 R
-87.23375962 -438.636707 414.8591375
-434.2448185 -300.4423938 -470.3374661
-533.2449972 -344.3482759 -524.9008611 R
-99.4877067 -379.5088569 -425.0698621
-365.817014 486.8051373 -455.1586573 R
428.3418307 364.7972148 262.828733
125.5690248 32.058363 496.0442961
-471.2122899 -503.8966359 442.1185909
120.3860028 -489.9338053 -434.0533881
-483.6931061 -246.2806095 -223.1526532
-12.15856159 104.4434243 -114.8879447 R
-492.0778719 -264.5462085 -408.4450984 R
293.9937693 433.6873624 -326.7693321
420.0699715 -308.546984 -389.898146
-517.8256033 369.0672791 -6.991522207
-287.0437769 -385.1497846 436.4182225
-115.6748971 -478.7920474 -186.2429976 R
-27.9188391 -258.8902963 -377.8432687 R
-152.6927001 -35.94919403 71.91413424 R
448.1783232 201.4795399 -301.3896104
162.678088 -51.47170476 199.1050483
112.3822445 -474.1141098 -179.1447343
-294.4681807 286.6588268 -475.1762317
520.7740532 204.2487938 461.6840759 R
171.2083378 73.12874652 91.838674
230.2957493 419.5594804 399.9366445
294.7291213 -100.4262801 296.1719303
-326.5606803 453.8842762 490.5366739
9.192275418 144.922239 298.0448294
-267.8885564 249.1003607 482.8464247
-30.07798492 -441.1009728 -436.8437785 R
-120.8900359 381.6194177 290.3573622
171.1011343 -137.3261578 140.0353899
-49.8713786 -331.9664225 294.4143266
-262.2560568 500.5520014 -358.8280976 R
159.6376802 -461.2001115 468.2434984
-511.8600535 -316.7546915 433.1578308
-138.655904 -28.30269867 486.1680208
-490.5562876 -135.0193472 525.1825189 R
-393.2343688 -444.7710402 374.4802597
-413.6054584 516.425151 159.6591222
-87.60782415 202.8657828 99.33797868
-252.0057958 46.72558221 -393.0183893
-309.4260037 -118.5576657 -274.9949844
-142.5758722 231.9817708 -255.2232139
-455.4215466 -461.037011 258.5755905
-460.2907664 84.29809725 -190.1240883 R
259.5965733 -110.092025 141.5046251
478.2789493 -476.1607175 338.4965646 R
-10.76970246 -166.6403533 493.058436
-504.1294349 156.3190525 252.7566019 R
20.47625361 -253.6872231 -67.63562989
463.8057128 365.2857285 382.7944193
158.3848817 474.3513918 193.2958443
-12.58500323 -417.7726505 494.1728901
-525.7981238 -358.0834925 -228.7905054
37.77828643 291.4599248 -92.25735095
426.468372 -263.6584341 -158.613766
307.1332022 -155.615154 2.151109966
-160.5314536 -428.6659665 222.4862568
285.460038 235.0101219 203.4415434
-524.2182021 -54.50566609 -206.6353187
-276.1363798 -275.4100382 445.3214843 R
-309.6379077 -368.5180716 -466.941534
260.2949532 -501.0543712 -197.2474822 R
-159.1824217 -260.981477 253.3027316 R
-461.5692785 49.26980698 253.1709199
460.7357459 -426.8206833 -406.5495618
202.7661348 -350.5161789 -521.5225198 R
-293.4676199 239.9118812 249.2399634
88.26613959 449.297516 -311.5849462
-192.6084637 93.99923683 342.8464617
9.089010987 189.6943756 397.6498416 R
441.1898168 194.7768819 95.54910226
-64.93699353 -91.29049619 464.4349307 R
170.9588053 0.6052201222 -412.6022459
-227.4136772 -202.8306245 84.79886531
227.4602285 441.6198942 -195.5341908
-519.3613071 372.536153 -479.9152228 R
460.4929546 -105.8672107 -161.5516846
514.6107902 393.2732877 229.4061802
103.9924819 -401.7797454 183.7716281
45.57830057 304.5406156 -271.2240785
106.9383964 54.4014877 303.8486603
-16.21330447 131.6449428 -527.5200185
-285.1091518 435.2410634 358.1186917
-388.5640159 -194.6026505 243.7075831
-117.7427143 -403.3602545 202.9525041
-410.3462741 264.100615 -319.186948 R
-512.7737717 -4.098515495 204.6895404
-316.3692223 -349.2358873 -388.7635011
153.7727777 -510.2685136 -158.6141922 R
110.5332235 -267.6378827 478.2692361
-311.4617104 264.2290689 547.1327561
273.153744 -244.9625594 -199.9134874
32.60245947 -384.6623403 297.5110026
279.4547927 396.6390289 414.6002732
127.9608227 169.8024073 403.2497185 R
278.2874385 363.0984578 -369.5866334
399.9915055 8.054752721 -274.575506
-407.4724642 -229.6163971 193.8375641
148.7879505 404.5706929 -86.75961862
-331.9919546 -14.49525648 449.3576101
-246.3434711 -515.3156295 -464.8731025
-148.2125932 405.6711899 238.6378981
134.1075352 -285.5570361 56.81494135
308.0426916 -445.2692034 29.40830174
114.7440448 -220.8122357 71.68896907
-510.0422909 -403.8148247 181.3273502 R
-93.24885859 -363.8880733 205.1620311
-124.7909816 489.3647826 -34.21189461 R
309.7771778 220.1672794 -221.6439383 R
-384.1141571 -87.15017419 192.1872443
-273.942057 -506.8392998 -204.1390504 R
-332.4227694 173.8393399 10.69509177 R
-54.94722757 186.8132706 -131.3893376 R
-310.2755098 318.334826 -295.3400394
-221.2226135 319.6889187 -477.1326124
-145.5544036 191.7287541 165.371961
-162.5697584 -118.3860999 -100.1502834
32.73721354 -62.19670357 198.3964657
39.26030107 -500.954791 412.9223055 R
-162.3545195 -280.5116622 392.3603272
35.67193094 -221.5255885 -523.338485
-415.2336938 -92.97032738 480.3275282
21.58337102 103.1479095 -471.4517382
113.5445031 216.6485311 -73.03687235
-221.274899 -486.2943071 -435.3801641
376.000739 -169.7433555 342.9157844
-51.81978795 433.260507 -542.4224953 R
136.1209259 119.7895572 375.8927438
-155.2965352 -133.8152102 -456.9903091
498.469351 332.7810953 457.653955
356.0972893 -191.6962429 -324.5791521 R
-140.0037007 -457.078869 467.1865585 R
284.0317068 290.8027178 319.261501
-195.6265624 480.5316879 398.1512411
393.6324441 -281.3387345 -228.616251 R
-355.0842666 -289.0451215 83.55372757
214.4378223 -507.4887802 224.3157378
125.2551796 108.1836618 290.7349776
-446.6575871 -127.2916337 -175.2593811
-277.639417 226.170983 245.4332081
-404.8544664 -236.6663014 -335.4795352
-269.5321696 64.96532865 356.5892614 R
411.9261149 511.5468412 -386.2770495
-11.30014627 -90.05762121 -465.5270312
-57.74147215 302.3831061 257.8531209
338.6006503 182.9886578 333.9864417
120.057527 -98.42170533 -192.7941544 R
-274.4338127 60.11505796 -400.5799298
333.0261184 279.4948085 246.9718288
-431.6601618 170.7275601 -344.4093088
-35.3843306 -479.9129867 -374.2306454 R
464.6483814 -347.0494956 494.34021
-521.2918576 -323.8435716 -137.3911528
378.8714548 19.36299208 -111.0600672
-489.39932 -451.9814711 -284.3541787
-104.3659406 226.7583375 -334.8170781
277.5254728 419.7456389 -145.8654315
344.6066163 -423.3997806 450.4666029
-420.5374516 512.8320614 -280.6785785
-491.8848098 29.85848165 384.3445134 R
406.1725971 215.6743718 259.6936937
549.308226 -232.9671248 81.78273133 R
-109.0973901 -426.07442 -200.4968777 R
-201.9582961 -322.5725203 -493.6488498
315.1689156 -194.4019439 -507.1601811
-157.4236922 -269.7581141 453.7541664
131.4568105 -97.46932273 -88.43022835 R
-463.9401583 207.4392886 215.5628046 R
140.0394638 5.284294374 -129.0830473
-70.70128283 419.2514885 214.5536811
-315.9508571 -152.7563254 80.44141956
276.1143271 11.4053978 -62.01829775
447.531405 531.2480196 336.2718282
-25.81816907 487.9958704 304.1540599
336.4932738 -122.0873998 73.74647333
238.4035119 -107.3285832 -188.9829048
-196.1995301 7.099618518 -237.9670153
-417.7170674 -54.51708682 359.0365874
-279.3988874 357.2759616 85.15391242
40.67370708 -402.8070627 305.7320393
120.5527495 443.0908631 -293.3291493
375.5717176 490.87108 324.7886431
-162.7441343 231.8506166 91.69842466
-426.699367 436.6952863 -175.460039 R
266.8417265 315.5004703 54.56030857
-210.3212058 198.3891243 60.16318415
-373.4516436 282.1972561 363.8158533
-41.56340609 -174.6181609 202.8358736 R
-328.5945324 -204.8223431 510.4583559 R
-199.0778653 370.9453009 61.25217522 R
-476.8892542 61.07706387 -53.36827279
123.1469211 -470.9910129 165.5907642
-304.5153207 -80.17859276 -208.7487164
282.4242768 75.76712782 136.9447468 R
360.1446339 52.63681717 354.2770552
-73.57365027 -386.3989628 -113.8683413
397.131122 547.686818 -213.5337248
337.4381538 139.1852136 354.3564621
110.1967258 67.91941612 156.4681681
-28.01217838 -31.85413893 -30.98021064
-10.54234965 274.8551908 -326.759387
448.5082843 -10.5190519 366.8965193 R
-92.84349955 245.3019011 -274.5669626
182.5039246 149.004156 -381.5507313
451.9439638 -418.4533862 -262.3039048 R
-484.6262292 -416.8905271 -334.3580633
-384.1538201 -375.849944 360.3183827
413.3417522 -197.997013 192.7862952
-453.8966973 -161.2545051 401.6829175 R
208.9958368 -413.5545156 218.0951971
-436.7205283 192.0988701 -286.638128
-392.5625731 -375.4742014 493.9620187
-282.4179831 228.076313 -516.4300853
161.3261097 -19.07962049 341.9747034
-30.96309185 458.7147187 19.61872822 R
-402.1553447 263.6796951 -499.1237334
332.5314328 321.9861957 28.79279695
106.5297718 46.87688219 -306.1706475
-405.7534778 -348.586499 378.936749
-100.0743094 246.8727809 -265.6443542
-474.4790294 -38.42701256 451.2929365
-153.8754903 -297.4652136 358.5979497
-188.9180641 388.5077613 -415.6562254
89.53758719 -384.2579561 -494.7969076
-72.12778595 -231.7497539 -302.3272897 R
-352.4425604 -53.22882272 298.8958398
276.7733419 -397.3641694 -405.4356198
217.400185 421.4748419 -525.9953601 R
-357.7261249 391.2847329 44.08044209
317.6990536 265.304402 -253.2655503
-395.5948847 -434.057513 -429.5771138
-159.2418763 35.93807862 -229.6101115
-416.8615304 -79.88155523 175.8977994
200.4259599 -21.03122775 -274.4959012 R
-465.2283403 -211.4820441 -208.9292808
278.5641185 76.30892191 -317.8746149
-513.1690486 434.8136539 -493.6883065 R
401.9460918 -418.4654306 -371.7383982
-346.7412976 -228.659238 -57.68371331
460.7570711 87.18289688 -4.642705625
504.933051 -396.9355455 86.99051224
385.2296419 -270.1683698 -385.8209361
62.7429387 461.8425246 -305.6483667
235.0193903 -243.801443 90.38724089
118.8285861 380.2667264 475.100859 R
-385.0955883 431.610394 532.1436158
-455.9517865 -451.7835155 71.62836352
220.9670635 -323.4344217 504.1198643
138.1251195 -172.9952155 -521.2429729
-188.3443638 -60.08638097 -161.192608 R
484.9203937 -377.2045358 262.3563295
-101.4914173 308.370179 -317.3795483 R
430.7056973 -348.9181323 446.6930636 R
109.6474066 -346.5179888 368.1282168
-470.3481924 290.2112383 230.8046652 R
217.3453439 -465.1268979 493.4251368
85.971518 11.14027938 -481.0684633 R
142.7097716 449.2226695 -338.0070159 R
-397.0803865 -14.96068915 541.9305406 R
463.4299004 -120.2344743 -60.02980196
-388.8608777 490.4216643 93.2890644
-392.4108216 -92.97655659 -534.8571414
62.36232456 373.5789488 -252.6516447
154.6664369 144.6353424 9.294598377
66.92264926 159.937239 384.8576704 R
-441.7319595 -148.7737525 -196.2502345
522.7140909 -364.2693467 175.4966882
-285.5071681 400.3094536 391.3651765
233.0933475 -191.6454574 471.9266475 R
-421.8158078 463.4898886 545.6018277 R
47.5373594 -225.6883074 -333.6728181 R
11.20600623 266.7848918 -452.030697
359.5861591 -326.2434528 475.7073536
-427.2084232 112.544168 41.67415327 R
427.8624862 -179.7685047 -29.50641753
-279.3826059 444.6752854 -2.764673184 R
-107.6105685 -385.1742815 383.6386676
-472.849016 -499.4876818 519.1341592
361.0431593 -511.8202459 288.3118056
-293.993001 425.2801557 -253.1848542
-404.122463 -176.7161153 505.9939492 R
460.7545206 -62.64317677 398.6288896
-445.3219503 440.7733853 191.2978532
4.065867164 484.6145875 358.6059062
-37.51089375 -343.4700095 -487.1784739
258.6077993 253.7652792 510.4286997
-503.9492567 -285.249631 202.2562173
492.6365899 393.5687688 -188.0293659 R
225.7527856 -29.99200888 512.2577187
-154.3629211 89.96489123 -447.0099765
448.6749651 247.8983354 62.81358657
-141.3061615 -433.0185217 -100.6023745 R
290.6463915 357.5710452 -280.7122635
-499.5501811 96.84302951 -213.7398921 R
6.722358501 -146.5262694 -473.9096749
-431.2924099 -317.4736477 75.29148011
108.8005327 -310.4427527 -152.6101177 R
187.1369317 308.7261751 -375.9562524
124.6047038 -163.8308538 491.9125755
139.344788 145.9427814 53.73472874
240.8363677 -247.9485392 -369.7149099 R
206.6230142 461.8750596 -369.586403 R
227.6754963 -224.725233 258.2996731
-46.75714958 257.5229107 -505.5814847
419.1661979 -329.5077655 -34.16238457
284.8907643 288.1689571 55.86604621
5.746376419 -387.3418139 199.2954361
-262.8588949 4.489944695 232.7057946
483.0795315 -93.8029624 403.7745419
403.6378734 395.5053702 -245.8545857
-488.9049653 10.68942506 321.0209239
284.7453714 211.0542062 -357.5254669 R
-16.81897287 208.2351507 -451.4575567
-328.344546 -73.04377683 319.4314431
293.5834866 -347.1867023 -150.6453376
-385.7994814 -424.2507667 469.1127723
-152.2302998 -85.73785615 -142.5627225
-508.1530608 -165.8438377 -22.44450148
-166.9306085 -3.401413399 -521.9885845 R
-531.5316029 -370.2383234 196.4605436 R
-488.8190001 413.4281947 137.8629193
35.66590682 127.3092552 -259.9671275
-63.95136475 -15.00964923 -325.1612166
-327.5127391 414.8455148 296.4003257
-205.1772681 160.8960383 367.394471
-469.285975 466.7860016 -353.1894254
454.9834279 395.6701046 360.3823715
59.56985135 112.2741244 204.9444593
-108.1980192 -231.4756524 124.8528381
264.9671127 539.5663773 244.0154433
-430.8679967 165.6835169 486.0624325 R
-66.16726086 453.1021136 252.6477842
315.5240274 -312.9864716 282.8113202
-6.025203592 -6.619876201 20.81468965
-145.1860655 363.9155318 -171.8137797
367.7141487 -108.9236533 282.4683854
-35.36566289 389.9147552 -305.8769499
-62.01255981 489.7311535 381.6289951
-375.0722575 -273.809679 408.9876339
309.8162862 35.74387731 380.0195724
386.605909 35.90474402 217.3263711
-44.22699832 -249.6764521 -102.0338168
77.49683921 432.9931158 -114.9472052
47.33582573 462.0709934 -458.8898063 R
237.9223769 252.4877982 143.7904377 R
487.4545859 -46.58095315 -284.4639089 R
-409.6289162 -456.0665816 311.4106114 R
337.2169656 -396.4327295 -426.4947494
-115.8771423 228.9881891 -193.5217163
328.6739675 57.75374155 -505.0430069
90.81587156 -474.1863239 -375.5441843
-219.7810474 -187.2591067 470.7434093
-223.4063441 454.1683846 -363.3165287
283.1677028 124.2172184 277.2640353
-346.0758961 -432.90356 -285.3865119
-135.6617003 98.76275273 24.23417945
512.914708 395.2570516 2.506015836
396.2131111 -35.81271636 478.0640616 R
-357.7122342 337.1847367 -243.4425954
-241.0947515 -245.7276026 -452.6267906
365.9950463 436.6482518 406.494281
-13.6030524 231.7611821 464.3988879 R
73.42066147 -354.2493238 -181.1080772
-85.58041629 242.1800957 418.8327433
-440.4843773 -6.033686816 224.9196865
268.842234 497.5016856 26.05478479
-375.5293483 -82.39172715 -334.6130127 R
358.093509 292.8046059 235.8531048
149.0746366 344.9863727 431.8765662
-127.2180279 -409.8456503 271.5035794
-182.350001 81.57005733 197.7272594
457.5194266 468.1087387 178.9717653
-212.8516177 360.7393339 -73.03514229
-82.20431102 202.9644762 125.0648526
-308.2209146 464.8371614 -112.1513649 R
-450.7608939 -517.5708682 369.7278369 R
227.4812546 27.53429456 149.1928257
-276.0187723 -72.27998622 -96.39531881
73.66530245 -372.1784118 -293.6856487
28.76925529 236.7620438 78.14632588
224.4762929 525.999378 -109.1589212
-207.7463259 -308.5890807 -15.8644833
470.7963908 137.6460461 180.6770071
-233.3054665 -62.82126877 506.3350975 R
115.5448626 -434.3439839 -301.6823172
-37.37917966 -165.006911 102.1123856
27.07061119 197.0622787 71.0286616
395.0669322 -173.6455056 -512.6672861 R
-339.4862166 344.4617637 417.887982
-30.07587877 -250.5408488 -120.2393707
149.5992077 325.9536005 -183.2473084
251.1345321 -319.0550545 -124.9068138
483.4485556 -301.8073108 -493.3212681 R
-227.6682399 -130.0142016 -399.172756
296.0051593 -155.2612924 -355.5153184 R
-418.7892165 -48.66943836 246.2142562
331.5613428 -76.52560755 -179.1091732 R
-242.1033643 -450.2181848 11.01319787
-403.0607131 91.04854649 391.6601349
-444.6193034 309.5836236 -395.3698585
95.45471415 -181.020204 237.6993853
102.0172093 229.1142352 -452.7195603
60.04857162 -388.2823795 118.0269603
231.0231474 426.621229 -340.2939776
247.0209605 -170.499912 -448.3190565
-36.87676592 289.3251302 179.7405494
-89.50449579 289.9824859 142.3948187
-345.5758159 334.4166429 381.8726925
139.0981334 523.4531333 305.8716763
71.20926742 -325.7674704 63.12715042
-325.1038319 200.5556936 298.1703125
526.2869208 396.0508503 -203.1738567 R
185.7968499 367.0345138 242.6251772
188.2366748 -228.342402 235.3349529
421.7823355 -228.4839111 377.9566829
30.5001558 300.0773635 -347.419411
-88.99683524 -304.3201158 -375.8620232 R
395.446093 -461.6980302 -4.287716094
303.8622814 -59.12821012 258.3387596
67.82798513 542.6016859 -43.4860578
421.4831517 327.1273733 378.1789677
-259.6331625 -257.7850607 -54.89236048
412.2973564 -515.0100919 -120.8964989
191.0422547 522.3290925 318.8934945
277.1688914 538.0329685 -35.88338143 R
-445.6198619 200.7719364 -73.76698219
257.2141714 95.22991759 -99.36389672
165.6291306 290.461909 99.70661215
-114.2375833 123.0745705 281.8269076
204.3239395 272.8899208 294.5276769
508.6905225 -260.6174674 303.2990132
383.3829914 528.8221586 -40.68858375
365.7489106 451.1958925 -70.79108573
445.1709191 411.643288 -482.8742844
-163.8608594 -343.7905672 282.9851807
494.3131062 -375.4296082 -194.812342 R
349.7055896 245.1887019 -515.5109296 R
-369.2344235 339.4746218 346.2108493
-435.8711096 118.9011807 450.9382411
-498.1923246 -459.099792 -213.7161445 R
194.8775913 265.5927811 -113.8766036
-150.7558623 278.1546734 67.40168823
235.778798 -34.76907044 -354.5369209
165.3954239 -232.0354928 -514.1870855
256.8481206 176.8906377 11.42027265
-54.08551788 310.5265873 -322.4218157
394.0749207 63.23399949 396.2939733
-229.3022048 40.05943791 407.2484294
511.0755014 -140.4277778 119.7557635 R
-207.8976716 -159.8062037 278.4070816
-136.0438021 507.2533112 -460.6306084 R
413.9047154 255.2822193 -398.2248947
-86.89515905 -106.655906 4.139722165
151.0935578 -5.328143914 -361.4434695
236.6546654 -461.6753275 416.8455665
36.30222068 -306.7372916 -485.8464051 R
255.0817607 355.5448136 424.3024241
252.0802629 -221.4382861 -46.72683215
-147.0959435 -512.3099207 196.8750496 R
-370.7677298 16.58045869 -338.5954215 R
86.74978009 -416.0698581 216.5403854
-166.0083589 264.5448622 -366.2428127
-245.1496277 48.30668834 267.5773085
150.5162691 115.9877655 -373.8034397
166.8780818 204.7196637 507.7488725
-409.9786059 -322.735333 -331.8768709
