4.604329638084111314e-05
3.441199422604028171e-05
4.336615780663539201e-05
4.619136195136644017e-05
3.754869912733896148e-05
3.417637595260390683e-05
3.668995272334540643e-05
3.456039233073826485e-05
3.760922746359721841e-05
3.531935114520253351e-05
5.132405609816383248e-05
3.455387562912961473e-05
4.033746189420935995e-05
4.017337646087343025e-05
4.202759334492091472e-05
3.728122400286005460e-05
3.341189680950053801e-05
4.126590608329525203e-05
3.384364753737013372e-05
4.110495418739391123e-05
3.921480301750539027e-05
5.164962160684299762e-05
4.362560616066593546e-05
3.435442385765897610e-05
3.432717822259232225e-05
4.198012635527603595e-05
3.687727324791042252e-05
4.165587082924465906e-05
3.465022588085702344e-05
4.078947566958562106e-05
3.664083402280873000e-05
3.523431679112895521e-05
4.033801365756509524e-05
3.643187497771940570e-05
3.358534132036775300e-05
3.587928438749735647e-05
3.408305780085725924e-05
3.403239224766352409e-05
3.714206540719402230e-05
3.692012304055966652e-05
3.937101712425517919e-05
3.329877310617574245e-05
3.647247046837762699e-05
4.494801699359436800e-05
3.337621249257700126e-05
3.878362285057414737e-05
3.576422795810995389e-05
3.379159458185983743e-05
3.806366601972052601e-05
3.445784459950454400e-05
3.516383863298533043e-05
4.466456516855591444e-05
3.840019647407739604e-05
4.189290727549803444e-05
3.813445707865691054e-05
4.652666175565034668e-05
4.703111249140134358e-05
4.164744015858451686e-05
3.780503908398325717e-05
3.455002206177515612e-05
3.397999863161955774e-05
4.018444495119910894e-05
3.388420737839752464e-05
3.434165399593236927e-05
3.458129156535819435e-05
3.666056153298656378e-05
3.495684106979247497e-05
3.558584158440043392e-05
3.710395385694918290e-05
5.005251684929126521e-05
3.809165043239534719e-05
5.477230984191495261e-05
4.183095169363021095e-05
4.263991450947490492e-05
3.368854831558370594e-05
3.463995563165086356e-05
3.634920677519729997e-05
4.237206508355383512e-05
3.970919420413786033e-05
4.234088835311446993e-05
3.507381071258044991e-05
3.518650419520333387e-05
3.384708384381961263e-05
3.879337813842860923e-05
3.767181996438466549e-05
3.706843216983259271e-05
3.616354788660614580e-05
3.695862609635378564e-05
3.391641494807700951e-05
3.642425231276470493e-05
3.814407239612562666e-05
3.490117289855420121e-05
3.693113832053617314e-05
3.530809050112472997e-05
4.278756855622959163e-05
4.369491384091870050e-05
3.419018569291684987e-05
3.337162477278438684e-05
3.645886136950961650e-05
4.200977773670298507e-05
3.396747403668607963e-05
3.777456646189434670e-05
3.977425649422196882e-05
3.593787922226225460e-05
4.283888800204235358e-05
3.417411817778187968e-05
3.479264636092002264e-05
3.510366318308234920e-05
3.760203425541282056e-05
3.487783914215183398e-05
3.636400689093945154e-05
3.476680247343709158e-05
3.813139809057381586e-05
3.684110251104123594e-05
3.592337371757653984e-05
4.728938493726670084e-05
3.385816847123028641e-05
3.554522964139445482e-05
5.800981178220748790e-05
3.807003567668521828e-05
3.636996814733879082e-05
4.859281850576729889e-05
3.490101885148800783e-05
3.847992396413166103e-05
4.889302298195261174e-05
5.889286136725813077e-05
4.423554013811107645e-05
3.544980501243504776e-05
4.671196034914523249e-05
4.453775479181264668e-05
3.325762448267283167e-05
3.475363990651302937e-05
3.705698447153573093e-05
3.500628413547757358e-05
4.176459057895661722e-05
4.951864154147858751e-05
4.158012661472671741e-05
3.814869663904690584e-05
3.776340859526431656e-05
4.557238105679843696e-05
3.480858775151544248e-05
4.634861061821814968e-05
3.535361916378144883e-05
3.718315463134597599e-05
3.503629497761893817e-05
3.569533967771614018e-05
3.398483365362958632e-05
3.513158030625325223e-05
3.412021794311706361e-05
3.611257284752921425e-05
3.336398440335005975e-05
3.452489211364900942e-05
3.873310628732044679e-05
4.036562703169271937e-05
3.407447708992390186e-05
3.821369496759645921e-05
3.455472008874550983e-05
3.871439328566088302e-05
3.802891496912276113e-05
3.421051896622217511e-05
3.641479776678581919e-05
3.528925097409654700e-05
3.481518099432790114e-05
3.410255476563414006e-05
3.340208031010055961e-05
3.502180704474920782e-05
4.101358169078882747e-05
4.176570315427120215e-05
3.780802700258379106e-05
3.437987097417162757e-05
3.806791278334548323e-05
4.093806213795758052e-05
3.740690128991268478e-05
3.545474794074532485e-05
4.786765781310466122e-05
3.423636939305142079e-05
3.628612643143469606e-05
4.111976347227882313e-05
3.491428571843313675e-05
3.958490357217552902e-05
3.385992657550232141e-05
4.097893282521573920e-05
3.572499052092720088e-05
3.452081796483247864e-05
3.379440024895981158e-05
3.799474717211259462e-05
3.357697731914994360e-05
4.867169156590725785e-05
3.553389600292208524e-05
3.548183889255370431e-05
3.929518980367812086e-05
3.825409272000942839e-05
3.518750839058929771e-05
3.620571805144409260e-05
3.464079433326190015e-05
3.604897966939248180e-05
4.334456640315714093e-05
3.539664104866189852e-05
3.876659254161958588e-05
3.366019067643450725e-05
4.070148857662384223e-05
3.442991743670977781e-05
3.432252844896403900e-05
3.480928602215594986e-05
3.605820737257658872e-05
3.614511704731671775e-05
3.545627224273620841e-05
3.367300365698525842e-05
5.074975176479087869e-05
3.376479625340117653e-05
3.610368739704229187e-05
4.279458995610474470e-05
4.957995145471025993e-05
3.380704585541830897e-05
3.491674767301983944e-05
3.454315661644650077e-05
3.464220951561776401e-05
3.340323901198791396e-05
3.342942515240820744e-05
3.359275850724215655e-05
4.028761416136283452e-05
4.169286921346406334e-05
4.031240376498110826e-05
3.531701531116437877e-05
3.436712710649451039e-05
3.895701902974472595e-05
3.763810855614328305e-05
3.508760718640748779e-05
3.550965654711940697e-05
3.540777508608908297e-05
4.656202475934301916e-05
4.009853588963103863e-05
3.409609568512781037e-05
3.616806427647600435e-05
3.931152395796364907e-05
4.171294639895893955e-05
3.581569158330817393e-05
3.466825715454727050e-05
3.574563379222176613e-05
4.549902968479915333e-05
3.319074525726794519e-05
3.821513548083198985e-05
3.625154731831490570e-05
3.788312960630077199e-05
4.337265630260523627e-05
3.434460617458312580e-05
3.629940731169518117e-05
3.562227396341325378e-05
3.581095623355959041e-05
4.108906494395739008e-05
3.552235674827520438e-05
5.113551592900802300e-05
4.286410511887954488e-05
3.484265463627884274e-05
4.916974597821365228e-05
4.117316768662811286e-05
3.340610632393550762e-05
4.483559334581226871e-05
4.115369584250124478e-05
4.399728595992949512e-05
3.471706589366653348e-05
3.572236565790825713e-05
4.252556400674224648e-05
3.371271800171133439e-05
4.275358948997248993e-05
3.867472443231390338e-05
3.363674109347508136e-05
3.507279753930711672e-05
3.557429989934526821e-05
3.331433563268273160e-05
3.615476675220130875e-05
4.001301683689368677e-05
3.944787502775074124e-05
3.730392596715336151e-05
4.058132893229885531e-05
3.991979005096636836e-05
3.722887117150672220e-05
3.764655461700158788e-05
3.878961508655754450e-05
3.687204259442246411e-05
3.595674545704713741e-05
3.338039219560447949e-05
3.980360204863774823e-05
3.436640385047341723e-05
3.729554286254322217e-05
3.909727509898953620e-05
3.413067821265656083e-05
3.876832342167073705e-05
3.756624200934221891e-05
3.919832043448017177e-05
3.353590206529880399e-05
3.706510332872879100e-05
3.816025050733191969e-05
3.331465660003322807e-05
3.887201865681404585e-05
3.395621041394122620e-05
3.325090919227985533e-05
3.428534863412965048e-05
5.357628975826727631e-05
3.342104015577969969e-05
3.755264614184714879e-05
3.503532962789244473e-05
4.045275977719119917e-05
3.425335698347054041e-05
3.550664484116166405e-05
3.536323054545662003e-05
3.600566596841275245e-05
4.542051270076337047e-05
3.710683927858487600e-05
4.135525746317053380e-05
3.904739646412566304e-05
3.442450583834622712e-05
3.350773314204740628e-05
4.306693795276675597e-05
3.449456886583305274e-05
3.433623090414280243e-05
4.770242561267385302e-05
4.303851202123579786e-05
3.612173259557211217e-05
3.576300357909703017e-05
4.268571761301795424e-05
3.388749317780688410e-05
3.666515817873243000e-05
6.482746258935947179e-05
3.488999963656799113e-05
4.052176587167887498e-05
3.536184377929106897e-05
3.459232015217688781e-05
3.967236592691338623e-05
3.621794396661954759e-05
3.398132499738261512e-05
3.491364450606920350e-05
3.434707473366560094e-05
3.337040496048739214e-05
4.078884019941526011e-05
4.199201851915647789e-05
3.939931921327853153e-05
4.313622949222652739e-05
3.526903680805893094e-05
3.536305720786435451e-05
3.935609781629472397e-05
3.777578501303697957e-05
3.417509750398161792e-05
3.420088584463002872e-05
3.419358140842517770e-05
3.465150907355559894e-05
3.447687073685303579e-05
3.401396948803319628e-05
3.681206440325932933e-05
3.917275712923198731e-05
3.507738150662498690e-05
3.484206138086409196e-05
3.318667646856627288e-05
3.401683521632498282e-05
4.152834187450253639e-05
3.514083047824281440e-05
3.522390744953165994e-05
3.693408299224088291e-05
3.520907955486762505e-05
3.329380523894210920e-05
3.577644142947526641e-05
4.319403475085642166e-05
3.503116254241303188e-05
3.869159542864523813e-05
3.636989937893268045e-05
3.352443581815508974e-05
4.084377462940607897e-05
3.815402266064994843e-05
3.735168771839910996e-05
3.543119670861638929e-05
3.566141133177232311e-05
3.345841000571811484e-05
3.619519978684490624e-05
3.376189943215316379e-05
3.626421605993734691e-05
3.383878478160198469e-05
3.924347159851831058e-05
5.021760586146488311e-05
3.755554269254656336e-05
3.624428273153904810e-05
3.494126422437265656e-05
3.544075035829481925e-05
3.657675966948127513e-05
3.527245376827491878e-05
3.999472287251377723e-05
3.617853447161223661e-05
3.683258144843781437e-05
3.373089159149932396e-05
3.605616515825645074e-05
4.487762118078354588e-05
3.599515121661054620e-05
3.634397113988733911e-05
3.768594240874728802e-05
3.333220931499582918e-05
3.379639188381695480e-05
3.449223531001699005e-05
3.471831625648085786e-05
3.386104270190294017e-05
3.451237444769660186e-05
3.554349604323282438e-05
4.585080803241602549e-05
4.014022543553400163e-05
3.692214648401380552e-05
4.032897591866234051e-05
4.142510181446335839e-05
3.368172695120931010e-05
3.365253050131227446e-05
3.548480733197188552e-05
3.913757700150046116e-05
3.479764314557364169e-05
4.469088846592082320e-05
3.378132037338279846e-05
3.567212622795721134e-05
4.946735721711981556e-05
4.220183132114084393e-05
4.169491591134822728e-05
3.626567172305661900e-05
3.676067826799927471e-05
3.648158848642478426e-05
3.511040826023430883e-05
3.542695931836555213e-05
3.470382528997539341e-05
3.577217161758549475e-05
5.626489274932016370e-05
3.832056710676436616e-05
3.326855451187357314e-05
3.331103793013060084e-05
3.561554934573584922e-05
3.741485549218449624e-05
3.412237626634061113e-05
3.593221640716766547e-05
3.796102446822095854e-05
3.423710022822147196e-05
3.577687313019214791e-05
3.560624565326463430e-05
3.640195252322196544e-05
3.433451220538110955e-05
3.677509430119276949e-05
3.563920356490074402e-05
3.825056110169021114e-05
3.734938671628932602e-05
5.125707933474737006e-05
3.489685887372174215e-05
3.772600498529842656e-05
3.547032666471028713e-05
3.535527937444471691e-05
3.959907913881432855e-05
3.607488528377168519e-05
3.967473022938704924e-05
3.728835321770585659e-05
3.791600045834201050e-05
3.337647376618899298e-05
3.318443510046990098e-05
5.680480314782772398e-05
3.531932629813981238e-05
3.467170867984537133e-05
3.342725717327088249e-05
4.390357028953552831e-05
3.381606647324521215e-05
5.217060755771083690e-05
4.126572791576490129e-05
3.344891958818212770e-05
4.391286970558040291e-05
3.530714545054868572e-05
3.532320185890144105e-05
3.528790601395363568e-05
4.523476687648964587e-05
3.588444692292708308e-05
3.543870726063466962e-05
3.396360073082244047e-05
5.255003517161529808e-05
4.065169544709474237e-05
3.735773664214253652e-05
3.379611139139324712e-05
3.452883272686699327e-05
3.621325909395578345e-05
3.463725568162067867e-05
3.547599815038421324e-05
3.467855663698739407e-05
3.391358138859701323e-05
3.442933107107583969e-05
3.522798711767828730e-05
3.335866526054848032e-05
3.535584924808074964e-05
4.178654495523445806e-05
4.338828410872913577e-05
3.454553354138039685e-05
5.289009745686209618e-05
3.548223145265192217e-05
3.447402928017845639e-05
3.347506523561144184e-05
3.574616267593980283e-05
3.445526481308718383e-05
5.581050076249934071e-05
3.510156567243799005e-05
3.350500458551050446e-05
3.406303604019196487e-05
4.566724160868989793e-05
3.430926842725907119e-05
3.383252185150823144e-05
4.122919129193188762e-05
3.695803390175949303e-05
5.272965401653234688e-05
3.424884184414121263e-05
3.935530438922220690e-05
3.320503411512828898e-05
4.366269018629466176e-05
4.221303518501128054e-05
4.392197269739682577e-05
3.352979763090708045e-05
3.364815921605918754e-05
3.374723609575657954e-05
4.755568167131892773e-05
3.650677257088159639e-05
3.763032522504997226e-05
3.427175209430408938e-05
3.679611206658589469e-05
3.814654555257911540e-05
3.436008027443194119e-05
3.857722372314471929e-05
3.472053013686806554e-05
3.319286755914677899e-05
4.277022869285330222e-05
4.412962804535773515e-05
3.666249007491063439e-05
3.400478917707859376e-05
3.456882999949061693e-05
3.318523142365624099e-05
3.618467310989913557e-05
3.679571245940718092e-05
3.336903978704079373e-05
3.902369454462895852e-05
4.625147910019764675e-05
3.707486994805448918e-05
3.326389653820888939e-05
3.584177687327310703e-05
3.742077040310985464e-05
3.402149060929427746e-05
3.966205592777876634e-05
3.695309793170908485e-05
3.651033399785252897e-05
3.346100487946598916e-05
3.849242255409364753e-05
3.668287966660251873e-05
3.386692859490532604e-05
4.019553988564680591e-05
3.991959486997120258e-05
3.785644372814192884e-05
3.517286443944694566e-05
3.517160774508469833e-05
3.625522435661812697e-05
3.362542607407716756e-05
3.449515218695964309e-05
3.799724714696318901e-05
3.464983304063922300e-05
3.623967666803248216e-05
3.482283002347687689e-05
3.509921504012232984e-05
3.336781971484793443e-05
3.366308327315670050e-05
3.335209304395081464e-05
3.498518336193530664e-05
4.170800824001833542e-05
4.614425644038226600e-05
3.434715522194352913e-05
3.375621630204126035e-05
3.357532096703952314e-05
3.357811950004650509e-05
3.407439481793362213e-05
3.508768308902461932e-05
3.339631412469158705e-05
4.996706311356368947e-05
4.366522778031702446e-05
5.191708101894931224e-05
3.962916275786948809e-05
3.961994499941076968e-05
3.568652780504402494e-05
4.086184133916534927e-05
3.322944805474053624e-05
4.205879763361728687e-05
3.713652544241203142e-05
3.404883664440017262e-05
3.545612473751622203e-05
3.617097350010376556e-05
3.638634776250252465e-05
3.577790435725658886e-05
3.471839440004512942e-05
4.269815376714719172e-05
3.585634946583544409e-05
3.609863403805847775e-05
3.508449479025740913e-05
3.352644318999040726e-05
4.139955016839429603e-05
3.991135938953540229e-05
3.766638757900809409e-05
3.348928194283618800e-05
3.670218741823125247e-05
3.981247098822993449e-05
4.368760483221452857e-05
3.343373105757245967e-05
3.662800332971195610e-05
3.334048118083329267e-05
4.982322618632383513e-05
4.703212986334312826e-05
3.989460778091001309e-05
3.546686362274788224e-05
3.626227492578855513e-05
4.084878888706775093e-05
3.331623213460705953e-05
3.863513750693399267e-05
3.451856867987931394e-05
4.287387727574141160e-05
3.761961329959453396e-05
3.385738701096371991e-05
3.635464688296413742e-05
3.726986946644911334e-05
3.603045770810896860e-05
3.580597986943280633e-05
3.782485025351006377e-05
4.603718342241919372e-05
3.712758312734627423e-05
3.437237615508585502e-05
3.336354849577455512e-05
4.371249428999712068e-05
3.819283080094129033e-05
3.963557006222846306e-05
4.150564305556597337e-05
3.337574799226746089e-05
3.508107787145459003e-05
4.106762865816315636e-05
3.321080378692374758e-05
3.926044081450385696e-05
3.326732427803800736e-05
3.525441091234567895e-05
3.460822744370789489e-05
3.863488512684536309e-05
3.438177073221208282e-05
3.457399527605746091e-05
4.602351108526320467e-05
3.454920368642391918e-05
4.848876683860546002e-05
3.588580264196639948e-05
3.904809408976948009e-05
3.439380474467821795e-05
3.434302282008045359e-05
4.447787062522467241e-05
3.539177459838263536e-05
5.322706651022634638e-05
3.386533884425863629e-05
5.948968690674103394e-05
3.515171039111544908e-05
3.424684060023594734e-05
4.246294314868361729e-05
3.642810983816481286e-05
3.576802040076334089e-05
4.409531545470192840e-05
3.585713606548495514e-05
4.007982263603637149e-05
3.677160295418505206e-05
3.598533611575430386e-05
3.384884353174192533e-05
3.661597035100683586e-05
3.384297692666568124e-05
3.940947002714777252e-05
4.172764127648467510e-05
3.546290823174267558e-05
3.545551011426764513e-05
3.387384301702027169e-05
3.573035900166347155e-05
4.541620744239216896e-05
4.091287547745138211e-05
4.162558382417061681e-05
6.705842912472953260e-05
4.182820542712985598e-05
3.566852333425463937e-05
4.818630568126799311e-05
3.345102600397359405e-05
3.385406525134124103e-05
3.667956567913106564e-05
3.408445537314705524e-05
3.953764774824222841e-05
3.808371547441081112e-05
3.422748767083974174e-05
3.575515040854897051e-05
3.413026870737700767e-05
4.000035287812367049e-05
3.644546621244904532e-05
3.323303245436382046e-05
4.284668966338284912e-05
4.708833036568470606e-05
3.704406693318377413e-05
3.807575575914638326e-05
3.628116573068664811e-05
3.619327168788911595e-05
3.826866861455934828e-05
4.425520928841686732e-05
3.417545113058821226e-05
3.674711568043965266e-05
3.582714018785810851e-05
3.475083427420631589e-05
3.676428373383291276e-05
3.426864762983302629e-05
3.378005655765681074e-05
3.817219613019026767e-05
4.248208056396996890e-05
3.730200173293860439e-05
3.429378505896613002e-05
3.455846669377677386e-05
3.342477074786728001e-05
3.591530813891517202e-05
3.367929185140278002e-05
3.754590613526237849e-05
4.131822813461119104e-05
3.419015852345305467e-05
3.571827077583551610e-05
3.349057616250195822e-05
3.725775461694334718e-05
3.333841374347003847e-05
5.498948188212437094e-05
5.182909924590645015e-05
3.653795364594300868e-05
3.678120752223314102e-05
4.181357632516702067e-05
4.015049825464809136e-05
5.481768448876848840e-05
3.375357077979702989e-05
4.493579713001999388e-05
3.950625821702411525e-05
3.594900815008159994e-05
3.349149641281528824e-05
3.954784689448218819e-05
3.406026335626520377e-05
3.734425066666692116e-05
3.632015498415352658e-05
3.527861197415752367e-05
4.048652663923745973e-05
4.132121385090855897e-05
3.424478493385025739e-05
3.780728523511396957e-05
3.553585078779286860e-05
3.560038794301497692e-05
3.387899842641849650e-05
3.455358533302857368e-05
3.449918166469491382e-05
3.355700043763807554e-05
4.200899127531281885e-05
3.743979092551983284e-05
3.911194184556436105e-05
3.364438275799954222e-05
3.393007357056932328e-05
3.602982260826791740e-05
4.700044990359466889e-05
3.478363162406099875e-05
3.367082186211782513e-05
3.663025127912756461e-05
4.124961930995352385e-05
3.911755289812216809e-05
3.438209178956191703e-05
3.804607864066066904e-05
4.593702094124047224e-05
3.641938886037114745e-05
3.340355763563010737e-05
3.649640042749240402e-05
3.500439974051586776e-05
3.370876365426896045e-05
3.587554800721338370e-05
3.648677000256043387e-05
3.343069685356991454e-05
4.155164233892055418e-05
4.260697512231329784e-05
4.304866594626933270e-05
3.986295255845104783e-05
3.374613775127627903e-05
3.649031408486902542e-05
3.794944574165698268e-05
3.390671703132549928e-05
3.931331920575216384e-05
3.880203318727650023e-05
5.122394742794843242e-05
3.326014541927617928e-05
3.420509277308005270e-05
3.500147073513774497e-05
3.766805290696189853e-05
3.802646127633095926e-05
3.513039519540764604e-05
4.198851361020646726e-05
3.830644298304020556e-05
3.346065892827214297e-05
4.704376881276641664e-05
4.380307558902107949e-05
3.478269869830034097e-05
3.565429542667023627e-05
3.332775065207410414e-05
3.858079065913643592e-05
4.110074600163865320e-05
3.384384312527568541e-05
4.065836109645898399e-05
4.178305504651686077e-05
3.632742392315101089e-05
3.897238105357349336e-05
3.507097362455975344e-05
3.368840683208136285e-05
3.381685056213193277e-05
3.459731799715017205e-05
4.072470174524058255e-05
3.574414318595429269e-05
3.908163393780792215e-05
4.053235355567158727e-05
3.460439049990151472e-05
4.263362246532822699e-05
4.824321105309229205e-05
4.229085571336320182e-05
3.358148831134493458e-05
3.369720399756954819e-05
3.474966507687660318e-05
3.858634391807546856e-05
4.060164934675316586e-05
5.011878892130120178e-05
3.650715824922992424e-05
3.393531646286331287e-05
4.335480727109782060e-05
4.738444173871661556e-05
3.453528314195453082e-05
4.301854554612996590e-05
3.461051328560319152e-05
4.566154096419881956e-05
4.730852733166102580e-05
3.534546367314337945e-05
3.677978505843704232e-05
3.369711916761580420e-05
3.579274018136988946e-05
3.884482733985044023e-05
4.762200143134352070e-05
3.344222280265648790e-05
3.355084932171257107e-05
3.500312634273399425e-05
4.230412794643400605e-05
3.805644352979117812e-05
3.746280029093824299e-05
3.345982283894270644e-05
3.564797497139426063e-05
3.634268487703937715e-05
3.706838866087237768e-05
4.526164590158887255e-05
3.744376958808001064e-05
3.425514095863668647e-05
3.815842262280654532e-05
3.593648151693680661e-05
3.656533529933637776e-05
3.399700952638392697e-05
3.751112440087889439e-05
3.411849647951767519e-05
3.490078777738272981e-05
3.321965899090954512e-05
3.326998962658131469e-05
3.336192096909388260e-05
4.296084183820438643e-05
3.920915559044724761e-05
3.458447742499239574e-05
3.513649608159032719e-05
3.408897585121822854e-05
3.572424405422156690e-05
3.992372859750919952e-05
3.570954678173477083e-05
3.998405695063852951e-05
3.506669146631699721e-05
4.939618185411341882e-05
3.335811286614978410e-05
4.140619488010961806e-05
3.515961266804890284e-05
3.572641109713552333e-05
3.996692919976856453e-05
3.360265058805323270e-05
3.357337875077335090e-05
3.819577610954929061e-05
3.790837305630349695e-05
3.730285698184461512e-05
4.065245497658219638e-05
4.051594110473412803e-05
3.664682942669896838e-05
3.353933983800277567e-05
4.037108154485756029e-05
3.815295761989009285e-05
3.839995956725964475e-05
3.497349662830970306e-05
3.529545091187350674e-05
3.366691065929764413e-05
3.775627520904183056e-05
4.322397709465415166e-05
3.691794529874211435e-05
3.920387890979553297e-05
3.785566350105473992e-05
3.914533158203375410e-05
3.484399580700382369e-05
3.354237573139510554e-05
4.509472196905417365e-05
3.509876002902166697e-05
3.819283080094129033e-05
3.585539594808955671e-05
3.409825820961242816e-05
4.679480390981797985e-05
3.848165127859333814e-05
4.913720588566189982e-05
3.976482606963891570e-05
3.483628213577663157e-05
4.325666580099953192e-05
3.418034646507415417e-05
3.361634943540115162e-05
3.671085898132461995e-05
4.924660549338655187e-05
3.456360986009136301e-05
3.497701908894383237e-05
3.641141624224521466e-05
3.635510586137078300e-05
4.818619993356783906e-05
3.497347109967191239e-05
3.498217339609978376e-05
3.759881281353253947e-05
4.012544995327310611e-05
3.349313543646257463e-05
4.578996152338802813e-05
4.363529163192915477e-05
3.789296223792217716e-05
3.364937992688160406e-05
4.374690726350353922e-05
3.559508698322449066e-05
3.371715100319545784e-05
3.596185382872329686e-05
3.486739186301496106e-05
3.822765365460492864e-05
3.375638514580602201e-05
3.620065733078354668e-05
3.502945974326778774e-05
4.062080862523668323e-05
3.431768869466708075e-05
3.516982302689766629e-05
4.324796969138956424e-05
3.728497105460380306e-05
3.765026506504591509e-05
3.740261469800685646e-05
3.723598500767152274e-05
3.612680042495520425e-05
3.635990123266902052e-05
4.916374303327895808e-05
6.798240449642303795e-05
3.334769988714433799e-05
3.401137873914587031e-05
3.708043527822269024e-05
3.385350688442588090e-05
5.351298585156436319e-05
3.448947691146538497e-05
4.069788820029267274e-05
3.759883373443480455e-05
4.190151345346207067e-05
3.491913223638136600e-05
4.369015229273631376e-05
3.323755550690936632e-05
3.739165865233487040e-05
3.410397750065268890e-05
3.404124963730698235e-05
3.859985740630816436e-05
3.361472688097248647e-05
3.597433256561318230e-05
3.510040304819482803e-05
4.007624210703166851e-05
3.532774669986973073e-05
3.330111022096334981e-05
3.622357752199197554e-05
4.112411346870622049e-05
3.556267476078086946e-05
3.490545979180739619e-05
3.704286821993891133e-05
3.899266753225165156e-05
3.909842118995493352e-05
4.218773876777587100e-05
3.614476728731157976e-05
3.447519780761850182e-05
3.523046431887305000e-05
3.390869057802709636e-05
3.331535686291809729e-05
3.500394133198992622e-05
3.368778428525777505e-05
3.486059393693241348e-05
5.706446808970911175e-05
5.173948748366599015e-05
3.585715990109720428e-05
3.481662846242032888e-05
3.471057764822979113e-05
4.516194294148819356e-05
4.170670266178049619e-05
3.661507025202376985e-05
3.784687262455263047e-05
3.692777533106984155e-05
3.442989078432218516e-05
3.605921662542793790e-05
5.166508018355606445e-05
6.511595069075465142e-05
3.849144190664768948e-05
3.548571490026740578e-05
3.337583508742965213e-05
3.631419422986699718e-05
3.461854984699971785e-05
3.659502729177450351e-05
4.362201950773599945e-05
4.594232667602384602e-05
3.457378448998032377e-05
4.290551452535032808e-05
3.966220042701643528e-05
3.318602769429679047e-05
3.390571623905387362e-05
3.540303627383666979e-05
4.912527637056458477e-05
3.415497862560124920e-05
3.581801079816033438e-05
3.682341248647850275e-05
3.651727263348989708e-05
3.384797768499713916e-05
4.779102617401039118e-05
3.717355241046506608e-05
3.559017314615326805e-05
5.089552722851136405e-05
4.392861583421387529e-05
3.617483595469107242e-05
3.724942876057045260e-05
3.353360967831820572e-05
3.329588030196805828e-05
3.508426702414031218e-05
3.326416024499068310e-05
3.673405230044323681e-05
4.105257042781334154e-05
3.454104341662347309e-05
3.461799848222658449e-05
3.562404557397269263e-05
3.841738123755498150e-05
3.729060039122255481e-05
4.262172722767991451e-05
4.154566557896568324e-05
3.625483126311967406e-05
3.413908373559324726e-05
3.911790937851666069e-05
3.408823624942739980e-05
3.324275199043966953e-05
4.021664403074140488e-05
3.451960075477954708e-05
3.501135024677930679e-05
3.841671081655132993e-05
4.615437861908048363e-05
3.609823623740260437e-05
4.678012602749118007e-05
3.953580748903925713e-05
4.321720296019183509e-05
3.484110695516565165e-05
3.870624439490703378e-05
3.758296649764264718e-05
3.439610326073411120e-05
3.523404165295265458e-05
3.566702384867800597e-05
5.016731775487225564e-05
3.807987760424419189e-05
3.854173889896312229e-05
4.165304534075050478e-05
3.345414167628569532e-05
3.391005241901341727e-05
3.521173581175885927e-05
3.456382081684787518e-05
5.580209692376446388e-05
3.468359874687723958e-05
3.335974090377252788e-05
5.444419738594052818e-05
3.581858456079123327e-05
3.333975325014513331e-05
3.440385095862547325e-05
3.408892106741368087e-05
3.350514820898423449e-05
3.569217774865669150e-05
3.475010678636031026e-05
4.035359240452448127e-05
3.699736907633139157e-05
3.417104368022324520e-05
3.630449938203575406e-05
3.999731753455629669e-05
3.353521439445163107e-05
3.367136026321597772e-05
3.675230627639837055e-05
3.580547734233685466e-05
3.448860152357984671e-05
3.432110360514197477e-05
3.462421962639728839e-05
3.369528104105977688e-05
3.477282101350260402e-05
3.460856903267510350e-05
3.445414762735376103e-05
3.590412670402058051e-05
3.471623224965182674e-05
4.066605238934655012e-05
3.537241409620152843e-05
3.904324771179111433e-05
3.560522499816651682e-05
3.754609515275033965e-05
3.324410212333628572e-05
3.567734743861961994e-05
3.407848033342193722e-05
3.442869136815266540e-05
3.499423447619807824e-05
3.498268360992857747e-05
4.289458275170806776e-05
3.559211944336406792e-05
3.758815991666403087e-05
3.497045836055649953e-05
3.353868100663191489e-05
4.935088521969106058e-05
4.503354333600167260e-05
3.337708338274490472e-05
3.811712059816998771e-05
3.671416520734258548e-05
3.823502730043980426e-05
3.736563452601464970e-05
3.792785238664954947e-05
4.373955312211141579e-05
3.731074411103164228e-05
4.201247607094261332e-05
3.663566727891365364e-05
3.778057555605544621e-05
3.709624914446134689e-05
4.579884122559227519e-05
3.385576811403385132e-05
4.486693134956454824e-05
3.770694315452621353e-05
3.959684754893925301e-05
5.257434827562242757e-05
3.456052421288455468e-05
3.770488812200369088e-05
3.757412476984017401e-05
3.342265977827027273e-05
3.657707561929602084e-05
3.445678083440926673e-05
3.390029386864762092e-05
3.933122232997905959e-05
3.385077052038417366e-05
3.453766155721733075e-05
3.678122974702962065e-05
3.476820359635868137e-05
3.502376514953761487e-05
3.389205842753981787e-05
3.430232348429290511e-05
3.520471808897994491e-05
4.178540260699611594e-05
3.365485743185762479e-05
4.061541201475642892e-05
3.488051390838711616e-05
3.469422498750275970e-05
3.633445902252212869e-05
4.403533160508283072e-05
4.160377507398948800e-05
3.561166349859643259e-05
3.374157434465752787e-05
4.350173138176987415e-05
3.865814328696768747e-05
3.362528385898161913e-05
4.369333604408268021e-05
4.349426265880869825e-05
3.839300851172857022e-05
6.161288173739927292e-05
3.813825974791300430e-05
3.335188942284822379e-05
3.409278273262476681e-05
3.599375961892345297e-05
3.689553143276479695e-05
3.839452935085829142e-05
3.419974565764609772e-05
4.169074350394674609e-05
3.410931130381418980e-05
5.478553931276298474e-05
3.756565481325344882e-05
4.347913224287794544e-05
4.160838316895209844e-05
3.333095639242567140e-05
3.437441090749132801e-05
3.712205888437197559e-05
3.607502593544143963e-05
4.170095992920154048e-05
3.512386250510593326e-05
3.679520183286618475e-05
4.002822370913974458e-05
3.970514282771279177e-05
3.480892396070634187e-05
3.560852968508178832e-05
3.431739287104109586e-05
3.639353464473151764e-05
3.421916884927512316e-05
3.505644899589011417e-05
5.090871446939867047e-05
3.629661851319140111e-05
4.346776439187916181e-05
3.438013856319348428e-05
3.445622232157897634e-05
4.269046901631629655e-05
3.598672860936507251e-05
3.369146251226039023e-05
3.651613911729653395e-05
3.444879971597623376e-05
3.565141406870968690e-05
3.468874327846625192e-05
3.442295923760677545e-05
3.557576144143973054e-05
3.321857082736011103e-05
3.653797628001174768e-05
3.514209020149838711e-05
3.592685935275654506e-05
3.434313017249221049e-05
3.663218421224840557e-05
3.418475061821641721e-05
4.135794607280742006e-05
4.581124055692478166e-05
3.752270011511445321e-05
3.472519103939108380e-05
3.369595976605255049e-05
3.604188424458886880e-05
3.655396892556105515e-05
3.775118653006081821e-05
3.386452994497955477e-05
4.550732379275311773e-05
4.395074877387359741e-05
3.572725373843437609e-05
5.057941506672614524e-05
3.767494105039438738e-05
3.395643191094416198e-05
3.515757465005565815e-05
3.860960474070677982e-05
3.796733974902880753e-05
5.178690558775502113e-05
3.449798886207381418e-05
4.137784615372273899e-05
3.797021122768922692e-05
3.352713135568095680e-05
3.438581010315992515e-05
3.516999899609606680e-05
4.701301576875300799e-05
4.651070094938563210e-05
4.547175361538997369e-05
3.410031089024891733e-05
3.494579345336910046e-05
3.843263447917891337e-05
3.623314672409251472e-05
3.842418222005399069e-05
3.542794488233772139e-05
3.328871836882794845e-05
3.352503806441247715e-05
4.287854241398164845e-05
3.643582152067974343e-05
3.665149813508473400e-05
4.598014149906029551e-05
3.558192246192232216e-05
3.864742099462114709e-05
3.701214477447801381e-05
4.587019334891437295e-05
3.475748365056476036e-05
3.404185456931724854e-05
3.331874089637812495e-05
4.011291841559223918e-05
3.335293658067308516e-05
3.791099097820503465e-05
3.613448018128832345e-05
3.340966779928592639e-05
3.323737931576975990e-05
4.144763403828248657e-05
3.955552790321208037e-05
4.265423604251061931e-05
3.452616170798690688e-05
4.049698616232411710e-05
4.014637601878389079e-05
3.383358453742802275e-05
3.575010458570621302e-05
3.364813082598632930e-05
3.374374358288629639e-05
3.912464330329181453e-05
4.200004435465004354e-05
3.492536075691434047e-05
3.819709828987049216e-05
6.581860135865735470e-05
3.620149318023952058e-05
4.456495306816992563e-05
3.579719481637376336e-05
3.478091039822915034e-05
3.718013444314514725e-05
3.858990853649404984e-05
4.332869689240762109e-05
4.090366839640311011e-05
3.325879707669009800e-05
3.594645170293293563e-05
3.432508200728992315e-05
3.966873750315343702e-05
5.019512567622818250e-05
3.519267874919220456e-05
3.362696189172179745e-05
3.673911420401773832e-05
3.507393735358062671e-05
3.356114711457619672e-05
3.717005507636252266e-05
3.735362622317409158e-05
3.782081619662347845e-05
3.655220547602029110e-05
3.328368786667318044e-05
4.281103899212196400e-05
3.369892874593785750e-05
3.816209823377031201e-05
4.092670027784686004e-05
3.327502582499030135e-05
3.338445441641121512e-05
5.302159295092245182e-05
3.334336335721654388e-05
3.321277544065129946e-05
3.350210302875300826e-05
4.164804024906675279e-05
3.430245811295728900e-05
3.345567037178459043e-05
3.515707138572030826e-05
3.467144723373443549e-05
4.033916884487504011e-05
4.069174534971867235e-05
3.806439412888241015e-05
3.520211052615031098e-05
4.146763976819396914e-05
4.202964173285548134e-05
3.513931864639253293e-05
3.369474369044220898e-05
3.518411891524581497e-05
3.448767301510880244e-05
5.677168515807250551e-05
3.911879116005949716e-05
3.652937255592186502e-05
3.399734067509158460e-05
3.463707216886659327e-05
3.886701617247503355e-05
4.144155189656997416e-05
3.453459596034370844e-05
3.999549955459201424e-05
3.658321258399727230e-05
3.500961934000868425e-05
3.959058636524268894e-05
3.343595565933014116e-05
3.745555061429308520e-05
3.585370328233208702e-05
3.575796080349756399e-05
3.361976463566408241e-05
5.487967539127136659e-05
4.157968245615661224e-05
3.624375045470983416e-05
4.093263072710209822e-05
3.551653431429662767e-05
4.068418530229774254e-05
3.494313240708909812e-05
3.467994145863387544e-05
3.669720095359486732e-05
3.429866102721294336e-05
3.811941726628371221e-05
3.534313258221150950e-05
3.371401700893923600e-05
3.801591152150707911e-05
3.797566742800786180e-05
3.379153846198323545e-05
3.958174347708998461e-05
3.485536426340079874e-05
3.451751005336110053e-05
3.753357233938201844e-05
3.324527602938439898e-05
3.810147701704731541e-05
3.576655636091788978e-05
3.557091335895989562e-05
3.828486164981981449e-05
3.635395838547422802e-05
3.769938576112401892e-05
3.463088360218577585e-05
3.567318997835765282e-05
3.512333268105233215e-05
3.476143006320924855e-05
4.067930036672221179e-05
4.003993080653552754e-05
3.385892197522987217e-05
3.413709203208554734e-05
4.059336524931157222e-05
3.531776083627052610e-05
4.163427956569238161e-05
3.372042531256629598e-05
3.351318842280263163e-05
3.874170207233244042e-05
4.757715945005425672e-05
3.798779364400076586e-05
3.418776737809639987e-05
3.343563788399862727e-05
3.578548017077080390e-05
3.343003211728497030e-05
3.467021836438522023e-05
3.675729447728747851e-05
3.475366588167974906e-05
3.793187563920930055e-05
3.957634791830916829e-05
3.325489776203346628e-05
3.444054721475108737e-05
3.571855986868511688e-05
3.602848174082759621e-05
3.574777323471681716e-05
4.256935673700183498e-05
3.721844081826065296e-05
3.550786919661647376e-05
4.735140905742730235e-05
3.876301471589510274e-05
3.524594223213243089e-05
3.680785075203591892e-05
3.583936641327673445e-05
3.323353183549952744e-05
3.776652957850196564e-05
4.576743693668142030e-05
3.560993878034674463e-05
3.405380965862068717e-05
3.497472194266430177e-05
3.895690517480462201e-05
3.329590952566820536e-05
3.383948357162956314e-05
3.411144418299266631e-05
4.321082547514397686e-05
3.342005670823696475e-05
3.418336429385263303e-05
3.708095691017137185e-05
3.424067258273847010e-05
3.492131128440265954e-05
3.449443628906649829e-05
4.961531050299990391e-05
4.142393184513939466e-05
3.328005992813289055e-05
3.515611512889940183e-05
3.464493460414870665e-05
3.909300932570177758e-05
3.352168231345018542e-05
3.427922663129248312e-05
5.076652512410836953e-05
3.574075262221425227e-05
3.981093361787970189e-05
5.027359146630774596e-05
5.030922351963330587e-05
3.506861734853999516e-05
3.553037664474422932e-05
3.857591756891421667e-05
3.475002883874983334e-05
4.149931316019873126e-05
3.984635891126317474e-05
3.453226983582973364e-05
3.369290520746128366e-05
3.597130851033763621e-05
3.497630446567191780e-05
3.325431129016247396e-05
3.466142976486593941e-05
3.354145931490262311e-05
3.552074238671080005e-05
3.612495568112771498e-05
3.536758798008480240e-05
3.450858757802795619e-05
3.663384720929378096e-05
3.701020038039559175e-05
3.654652919745310309e-05
4.261898543650186684e-05
3.352790549565515433e-05
3.469970431576171945e-05
3.548841269937227200e-05
4.006777873310712695e-05
3.346855569662444990e-05
3.838182426856592919e-05
3.756380917548800041e-05
3.541364681888451273e-05
3.353570149864074817e-05
4.507437986865537330e-05
3.769570936877942604e-05
3.378876020768415203e-05
3.889948167288251644e-05
3.879095914889774962e-05
3.622311394586847619e-05
3.550458766259166187e-05
3.701625111074943514e-05
3.821687590178633764e-05
3.409497321360528785e-05
3.420430577854041384e-05
3.363267685167077966e-05
3.698756794961103711e-05
3.405696827128722632e-05
3.695505059882747684e-05
3.614618958663372099e-05
3.710180566121938189e-05
4.602399100550252307e-05
3.588684906560872322e-05
4.052016514179924088e-05
3.565857995977913148e-05
3.444193188487933258e-05
4.010354773410394150e-05
3.357920447294378995e-05
4.257974694025525969e-05
3.845398862195305257e-05
3.343306648717885038e-05
4.744943519265538311e-05
3.535651819794562509e-05
4.199495152502902832e-05
3.766674147814009886e-05
3.638932369679826108e-05
3.811133694986583090e-05
3.970499875784313723e-05
3.466443845742440559e-05
3.360404680739637723e-05
4.622814550610401070e-05
3.764941050041788315e-05
3.908877987275397015e-05
3.962747901038499209e-05
4.475342711869520598e-05
3.543646686558289997e-05
5.280807054343372459e-05
4.075146682857215357e-05
3.366863967839851118e-05
3.358947838394064878e-05
3.646471180748623268e-05
4.291566795241909537e-05
3.428130359476467003e-05
3.516552359854989304e-05
3.389063892739616816e-05
4.205375510118909428e-05
4.631114624441621245e-05
3.552394645264369340e-05
3.459134665659751922e-05
4.539566113230502481e-05
3.679180456022473845e-05
3.674085309386885254e-05
3.363770721801387733e-05
3.840207184453706319e-05
3.470392960097212331e-05
3.687091674392226802e-05
3.886183998350480984e-05
3.616804100009217969e-05
3.473757703153909697e-05
3.369284863437918825e-05
3.815729765109696726e-05
3.604825150795425170e-05
3.328962480678683360e-05
3.535500681725439189e-05
4.258802141244665793e-05
3.531214348176770992e-05
3.814531908294965275e-05
3.550936275306950068e-05
3.928020968344272474e-05
3.637056412521388063e-05
3.655620681312266474e-05
3.615933274227494006e-05
3.654621252088068696e-05
3.640986227921125956e-05
3.832090463916431141e-05
4.708269607159984216e-05
3.553360275968392841e-05
3.559914800472268372e-05
3.483078424627128700e-05
3.339712561278160232e-05
4.002191734070018227e-05
3.621446526008312110e-05
3.340761211571228453e-05
3.965202775711175307e-05
3.801390209793297783e-05
3.414093873363272614e-05
3.393345812628362852e-05
3.342809550438720074e-05
3.718274478822529894e-05
4.789864624121481209e-05
3.692091485909955413e-05
3.427733818232940713e-05
3.608032271715832834e-05
4.059538164379440737e-05
3.682582714574953814e-05
3.327628454712668326e-05
3.608465698717848192e-05
4.446832552787298340e-05
3.771717221835055404e-05
4.165746486672954686e-05
4.658815055194041627e-05
3.539599888142258566e-05
3.564673957991736558e-05
4.121447366687892188e-05
3.450426968205821325e-05
3.720111081792801358e-05
3.419442340237561752e-05
3.392566115726923016e-05
3.867230433900763393e-05
3.562195844570424815e-05
3.565381120959418705e-05
3.477040875310344125e-05
4.397104214853533633e-05
3.616210417715297158e-05
3.454355280183745905e-05
4.781426719501769820e-05
3.647920158111292069e-05
3.426092360638930009e-05
4.460537087143930324e-05
4.013552338417253703e-05
3.543971654213006422e-05
3.578653468113333848e-05
4.057539192220954710e-05
4.393965887905002074e-05
4.122232161631926925e-05
3.341979637056552741e-05
3.550600813043912037e-05
3.481091517053445456e-05
3.660874534080114196e-05
4.844609848820140307e-05
3.320815479012288973e-05
3.815245521379338045e-05
4.732287016161004941e-05
3.400669196350475094e-05
3.795615361728803255e-05
3.532014622583024591e-05
3.456432182495432318e-05
3.416511019831289990e-05
3.528922606870826199e-05
3.806860023206840303e-05
3.869010648741097474e-05
3.513904145781634336e-05
3.390324170943053041e-05
3.611724698656956989e-05
3.413823798272950150e-05
3.504980220011414592e-05
4.796624187652481211e-05
3.468372934470129182e-05
4.037696395289743770e-05
5.344462413540600139e-05
3.661925519603576756e-05
3.340292037998753824e-05
3.694980627744624455e-05
4.975876912272567934e-05
4.159373058131628914e-05
3.810817205095453974e-05
3.768504848817580481e-05
6.395299093875764544e-05
3.904128606133071153e-05
3.439837463487870024e-05
3.671197604116224831e-05
5.052704918620903966e-05
3.319295598029385825e-05
3.877111161483141671e-05
3.461090735431700916e-05
3.828514033175651338e-05
3.409001669750567659e-05
3.412630945955490337e-05
3.396069495405219086e-05
3.422794815975627126e-05
3.968396714746787835e-05
3.677220344182603431e-05
4.481777868613314651e-05
3.974822721475323068e-05
3.689515681641899293e-05
4.163249339372008303e-05
4.055855174567543392e-05
3.542498796419177125e-05
3.546258879940463235e-05
3.507677378248584045e-05
3.413122419867880306e-05
5.650808389390246043e-05
3.476467454535649637e-05
3.542979261159224754e-05
5.435115909628566744e-05
4.927656109616215476e-05
3.809241743926938356e-05
3.434994516163684871e-05
3.643347198641998100e-05
4.918994109267420028e-05
4.431700184120166628e-05
3.561853579826033646e-05
3.583611994084782211e-05
3.404237698680986907e-05
4.391266493095146128e-05
3.384571502370278172e-05
3.609219754710534157e-05
3.839024292515151495e-05
3.339732847633191488e-05
3.447485257221123006e-05
3.577485840427393869e-05
4.098629481846388238e-05
4.442144116771387890e-05
3.343910407517069854e-05
4.023749207324555494e-05
3.360316350349329997e-05
3.644145414376090598e-05
5.102002193267407028e-05
3.401835047735567939e-05
3.575719220881679148e-05
3.466540631887423838e-05
3.651967536787102393e-05
3.464991160966262131e-05
3.625945515052931260e-05
3.531756203380714983e-05
3.468203146749681876e-05
4.153219330412259496e-05
3.664060942342876247e-05
3.485250377545551936e-05
3.844629701686531025e-05
3.547098969434670987e-05
3.610275173656880761e-05
3.709857187321087134e-05
3.935541510261728976e-05
3.742636494160143771e-05
3.734883271311143920e-05
3.547297857879095246e-05
3.425597879818749654e-05
4.230184357749910105e-05
3.623995446622202437e-05
3.480424209064849310e-05
3.400666438898069984e-05
3.445116797827154378e-05
3.436367117212033902e-05
3.514277040042515233e-05
4.805148871072328199e-05
3.377306109252255087e-05
3.424957194766308942e-05
3.322548047124442976e-05
4.075156742103880163e-05
3.902414781868004387e-05
4.069169484996869464e-05
3.510997890460427313e-05
3.434613566542861794e-05
3.395479827713561097e-05
3.343947951990149770e-05
3.905233567010314792e-05
3.678014068856938636e-05
3.592505737177672815e-05
4.192082082445757602e-05
4.165547623961017316e-05
3.338874728660663820e-05
3.323173984264861223e-05
3.455886239669098912e-05
3.625413754011691861e-05
3.540834263934128785e-05
3.633285001649834065e-05
3.620595014793516670e-05
3.844155404664595756e-05
3.567592148318791105e-05
4.343102263652680632e-05
3.467889632429752109e-05
3.409001669750567659e-05
4.387379212114161340e-05
4.594063867046425633e-05
4.323633415023085219e-05
3.476604995444190836e-05
4.437589263593579042e-05
3.373585360479396702e-05
3.454904528503707013e-05
3.699900919239582997e-05
4.889312457860979885e-05
4.078306955312303243e-05
3.510194476614396099e-05
3.664566199399592881e-05
3.436230460881430809e-05
3.452222025618308977e-05
4.994139637755435680e-05
4.182204012543954503e-05
3.375013637914054537e-05
4.052593716973126625e-05
4.175521663839289627e-05
3.449273918268191589e-05
3.573572526512903654e-05
3.467139494386165926e-05
4.701244993742002761e-05
3.367042513036925709e-05
3.650575160351683435e-05
3.407019822187899884e-05
3.383789027245632239e-05
3.968299322014909449e-05
3.755100868920094309e-05
4.033063210437166126e-05
3.334979483591409553e-05
3.567297240014496323e-05
3.564048814733580350e-05
3.633416022193327000e-05
4.323265797919885158e-05
3.406144388173250895e-05
3.491202850726307216e-05
3.527913540998439196e-05
3.372604041103780610e-05
4.277300260918590329e-05
3.906859274986236303e-05
4.486895150535273748e-05
3.644831495557925005e-05
4.069352956360059028e-05
3.446130121250719447e-05
3.778631374890625041e-05
3.690837224430872088e-05
4.025728757432813122e-05
3.594223720789093248e-05
3.491690152933199048e-05
3.324671390896314141e-05
3.395501979947154715e-05
4.337949096100455028e-05
3.412494390874809319e-05
6.128183189391476886e-05
3.566518553305263742e-05
3.403197948178067641e-05
3.473804517113553435e-05
3.531897843421424730e-05
3.668117799209761313e-05
3.614821784565192485e-05
3.744091268744130339e-05
4.272449788695095962e-05
4.782441863251158558e-05
3.433330360363831476e-05
4.018920095453100113e-05
3.693089656507562654e-05
3.539701151518843394e-05
3.450111641442909539e-05
4.378018603514162134e-05
4.064761019689690241e-05
4.960545210327830715e-05
3.374960142696319533e-05
3.345267048602517784e-05
3.615040894623503426e-05
3.355579906798190762e-05
3.581042997728264474e-05
3.685114376625193131e-05
3.447365745314974239e-05
3.769111768639868046e-05
3.634794398278905464e-05
3.718354289231710626e-05
3.912783095820702149e-05
3.867197517414376352e-05
4.084269159400606908e-05
3.384948589480912308e-05
3.784750953556085791e-05
3.348732597211937336e-05
3.320933219377293708e-05
3.665407869021785334e-05
3.339460402582650688e-05
3.792100811903897483e-05
3.440003114179527449e-05
3.435300264902003590e-05
3.378819886790820031e-05
6.770065614082542110e-05
4.225259425961756977e-05
3.573601396984401739e-05
3.743498535204604482e-05
3.403753690706774141e-05
3.417243137950120929e-05
3.858203789814639706e-05
4.053866509830134101e-05
5.670603274599219935e-05
4.583273516632465147e-05
3.843869961678764619e-05
3.572405141068928281e-05
3.853863116529280327e-05
3.736565580790847233e-05
3.524579229358354264e-05
4.938195242988364524e-05
3.470479013379817762e-05
3.793216151097709348e-05
4.498099318341612407e-05
3.430687312791726358e-05
3.418477779950164139e-05
3.325129050949926642e-05
3.966810559476338877e-05
3.384518421575614629e-05
3.858840878007529086e-05
4.630654581548766932e-05
3.566695128852701664e-05
3.569010155951872818e-05
3.382121814240430727e-05
4.276757172711665751e-05
3.992394146147971567e-05
3.828603605734334873e-05
3.697017963582716201e-05
3.338480254352292056e-05
3.401865350728998860e-05
3.626213626241454565e-05
4.095424526296835609e-05
4.029289021842098550e-05
4.991981976530086249e-05
3.422835445935834748e-05
3.676194696871351646e-05
3.537493780503086729e-05
4.661747951295412825e-05
4.114073318971130506e-05
3.350644074406669825e-05
3.913036182258408722e-05
3.685812839515097529e-05
3.435150081891057047e-05
3.318526091609842759e-05
3.769604173856965168e-05
3.865544894137299059e-05
3.458584630684321723e-05
4.208728437322787914e-05
3.482771161602668162e-05
3.613111938137002069e-05
3.349457299492379484e-05
3.790329941733412656e-05
3.781163224667296523e-05
3.549142866153370791e-05
3.983861702842040996e-05
4.119564133038550050e-05
4.999422268208663343e-05
3.560138467004376350e-05
3.704258487213009940e-05
3.596242130241051216e-05
3.471693564041794397e-05
4.165662841253028707e-05
3.675232854928993658e-05
3.606006152156559629e-05
3.861077163248912439e-05
3.986300599815434647e-05
3.446276333871845714e-05
3.599635400387830701e-05
3.723428748300872175e-05
3.939845459065357701e-05
3.750543818076864776e-05
3.716821969335668761e-05
4.158195070059995051e-05
3.846584232424470870e-05
4.389307633915030745e-05
3.331223454544998583e-05
3.454241703694813586e-05
3.571976435297047873e-05
3.644095254975733669e-05
3.607411167263020936e-05
3.396213409085920254e-05
3.405652886037698052e-05
3.475244499112637369e-05
3.829115054162724938e-05
3.724796906270317416e-05
3.844287279323474151e-05
3.419412463685497994e-05
3.461090735431700916e-05
3.360487306615092204e-05
3.821181407276551451e-05
3.488686421856172863e-05
3.901029753713571133e-05
4.066748563107069160e-05
3.600205984144699530e-05
3.543828875488001437e-05
3.426051836807884920e-05
3.589112901606967052e-05
3.378929345671815876e-05
4.811520505936793285e-05
3.549027630391122937e-05
3.537362652792727809e-05
3.769363187497991086e-05
3.449507264476695927e-05
4.320622979873709959e-05
5.472243456485419649e-05
3.515125724627378494e-05
3.375278264166196624e-05
3.388916358731386132e-05
3.649674099852239970e-05
3.402124273311805475e-05
4.786862703682890946e-05
3.755634018559657491e-05
3.684258484371556117e-05
3.437861322904263396e-05
3.367410857361764932e-05
3.660987098963581728e-05
3.369296178028216088e-05
3.941013178704454466e-05
3.331258475196360885e-05
3.796348980868305612e-05
3.460328650482480227e-05
4.014807046847946323e-05
4.433049449065253078e-05
3.897257060415306465e-05
4.963774024537492488e-05
4.021763498526326831e-05
3.403118142869992400e-05
4.229937728850157060e-05
3.688592031744401491e-05
3.638593565730339037e-05
4.316268975944998024e-05
3.748933542553430543e-05
3.364779013997384720e-05
3.681111090357524048e-05
4.006428308427406121e-05
3.457952714706646517e-05
4.460958099110934766e-05
3.804344569402820769e-05
3.571528310620864833e-05
3.519757109684852468e-05
3.401063448753242072e-05
3.413395376857993600e-05
3.652155645080176885e-05
3.682844068983713467e-05
3.847096991768727897e-05
3.477398807108489885e-05
5.129398193368012350e-05
3.459163608207201849e-05
3.344851557633977517e-05
3.680197160123576143e-05
3.604364671193069830e-05
4.312862842269227226e-05
3.373111718110891830e-05
4.461535832069914712e-05
3.325818147900700555e-05
3.614956984448231301e-05
3.602862289123125801e-05
4.351940125457679398e-05
3.380286947756968099e-05
4.071690644881179071e-05
3.694152969083737951e-05
3.368885957353718582e-05
3.580521410611720815e-05
4.399542544038694810e-05
3.931866659767649049e-05
3.329032651859504768e-05
3.496987104861832174e-05
5.577474270065748996e-05
