Fracture Radii List After Isolated Fracture and Cluster Removal
Format: xRadius yRadius Family# (-2 = userPolygon, -1 = userRectangle, 0 = userEllipse, > 0 is family in order of famProb)
102.455 102.455 3
34.3812 34.3812 3
81.8418 81.8418 2
103.696 103.696 3
47.6859 47.6859 1
33.5067 33.5067 3
43.7231 43.7231 3
34.9405 34.9405 1
47.9748 47.9748 3
37.9059 37.9059 2
153.944 153.944 3
34.9158 34.9158 3
62.383 62.383 3
61.4367 61.4367 3
72.7635 72.7635 3
46.4245 46.4245 1
30.7814 30.7814 2
67.9402 67.9402 3
32.2997 32.2997 1
66.9518 66.9518 2
56.1173 56.1173 2
157.638 157.638 3
83.6931 83.6931 3
34.166 34.166 1
34.0645 34.0645 3
72.4558 72.4558 2
44.5661 44.5661 3
70.3793 70.3793 3
35.2823 35.2823 3
65.0451 65.0451 1
43.504 43.504 3
37.5648 37.5648 3
62.3862 62.3862 3
42.5809 42.5809 3
31.3849 31.3849 1
40.209 40.209 2
33.1649 33.1649 2
32.9804 32.9804 3
45.778 45.778 3
44.7606 44.7606 3
56.9602 56.9602 2
30.3924 30.3924 3
42.7591 42.7591 3
93.6103 93.6103 3
30.6583 30.6583 3
53.8382 53.8382 1
39.7276 39.7276 2
32.1138 32.1138 3
50.185 50.185 3
34.5533 34.5533 1
37.2838 37.2838 2
91.4157 91.4157 3
51.8692 51.8692 1
71.8929 71.8929 2
50.5359 50.5359 1
106.547 106.547 3
110.944 110.944 3
70.3259 70.3259 2
48.9182 48.9182 1
34.9012 34.9012 3
32.7904 32.7904 1
61.5002 61.5002 3
32.4451 32.4451 3
34.1184 34.1184 3
35.0198 35.0198 3
43.5919 43.5919 2
36.4674 36.4674 3
38.9896 38.9896 3
45.6021 45.6021 3
140.122 140.122 1
50.3235 50.3235 2
196.455 196.455 2
71.495 71.495 3
76.8193 76.8193 3
31.7481 31.7481 3
35.2431 35.2431 1
42.2197 42.2197 2
75.0253 75.0253 3
58.8167 58.8167 3
74.8185 74.8185 3
36.9271 36.9271 3
37.374 37.374 3
32.312 32.312 2
53.889 53.889 3
48.2749 48.2749 3
45.4386 45.4386 2
41.4167 41.4167 3
44.9359 44.9359 1
32.5609 32.5609 3
42.5475 42.5475 1
50.5837 50.5837 3
36.2501 36.2501 2
44.8107 44.8107 3
37.8606 37.8606 3
77.8216 77.8216 1
84.1928 84.1928 3
33.5575 33.5575 3
30.6425 30.6425 1
42.6993 42.6993 1
72.6479 72.6479 1
32.7451 32.7451 1
48.7705 48.7705 2
59.1789 59.1789 2
40.4558 40.4558 3
78.1722 78.1722 2
33.4984 33.4984 3
35.8292 35.8292 3
37.0451 37.0451 3
47.9404 47.9404 3
36.1593 36.1593 3
42.2842 42.2842 1
35.7295 35.7295 3
50.5207 50.5207 3
44.4024 44.4024 3
40.3946 40.3946 1
113.246 113.246 2
32.3517 32.3517 3
38.823 38.823 3
243.663 243.663 1
50.2165 50.2165 3
42.3102 42.3102 2
125.402 125.402 1
36.2495 36.2495 2
52.2742 52.2742 1
128.332 128.332 3
257.866 257.866 3
88.1661 88.1661 3
38.4336 38.4336 1
108.147 108.147 2
90.4462 90.4462 3
30.2518 30.2518 1
35.6788 35.6788 1
45.386 45.386 2
36.6612 36.6612 1
71.0706 71.0706 3
134.599 134.599 1
69.9006 69.9006 3
50.6067 50.6067 3
48.7165 48.7165 3
98.5804 98.5804 2
35.8908 35.8908 3
105.026 105.026 3
38.044 38.044 2
45.9682 45.9682 1
36.7792 36.7792 2
39.4414 39.4414 1
32.8079 32.8079 1
37.1557 37.1557 2
33.3007 33.3007 1
41.1982 41.1982 2
30.6162 30.6162 3
34.8061 34.8061 3
53.5757 53.5757 1
62.5465 62.5465 2
33.1336 33.1336 2
50.9308 50.9308 3
34.919 34.919 1
53.4787 53.4787 3
50.0134 50.0134 1
33.6324 33.6324 2
42.5061 42.5061 3
37.7849 37.7849 1
35.9163 35.9163 3
33.2361 33.2361 1
30.7475 30.7475 3
36.7222 36.7222 3
66.3954 66.3954 3
71.0777 71.0777 2
48.9327 48.9327 2
34.261 34.261 2
50.206 50.206 2
65.9381 65.9381 3
47.0141 47.0141 2
38.4537 38.4537 1
118.527 118.527 3
33.7278 33.7278 1
41.9456 41.9456 1
67.0423 67.0423 3
36.3012 36.3012 1
58.1293 58.1293 3
32.358 32.358 3
66.1853 66.1853 3
39.5644 39.5644 3
34.7907 34.7907 3
32.1238 32.1238 2
49.8451 49.8451 3
31.3556 31.3556 2
126.167 126.167 3
38.7766 38.7766 2
38.564 38.564 2
56.5499 56.5499 1
51.133 51.133 2
37.378 37.378 3
41.5981 41.5981 2
35.2463 35.2463 1
40.9268 40.9268 3
81.6891 81.6891 2
38.2179 38.2179 3
53.7496 53.7496 2
31.648 31.648 2
64.5205 64.5205 3
34.4484 34.4484 1
34.0472 34.0472 2
35.8935 35.8935 3
40.9661 40.9661 3
41.3376 41.3376 3
38.4599 38.4599 3
31.6932 31.6932 2
147.583 147.583 3
32.0184 32.0184 3
41.1602 41.1602 1
77.8695 77.8695 2
135.225 135.225 3
32.1689 32.1689 1
36.3108 36.3108 3
34.8752 34.8752 3
35.2517 35.2517 3
30.7515 30.7515 2
30.842 30.842 2
31.4109 31.4109 1
62.0944 62.0944 1
70.614 70.614 3
62.2378 62.2378 2
37.8965 37.8965 2
34.2134 34.2134 3
54.7464 54.7464 3
48.1131 48.1131 1
36.9816 36.9816 3
38.6775 38.6775 3
38.263 38.263 1
106.851 106.851 2
61.0086 61.0086 3
33.2125 33.2125 2
41.4361 41.4361 3
56.6381 56.6381 2
70.7416 70.7416 1
39.9424 39.9424 2
35.3512 35.3512 3
39.6502 39.6502 3
97.9867 97.9867 1
30.0243 30.0243 2
50.938 50.938 3
41.7959 41.7959 3
49.2982 49.2982 2
81.8878 81.8878 1
34.1294 34.1294 3
42.0032 42.0032 2
39.1395 39.1395 1
39.9226 39.9226 3
66.8548 66.8548 2
38.7294 38.7294 3
151.834 151.834 2
78.3449 78.3449 3
36.0227 36.0227 2
131.077 131.077 1
67.3694 67.3694 3
30.7614 30.7614 1
92.7353 92.7353 2
67.25 67.25 2
86.3985 86.3985 2
35.5382 35.5382 3
39.5535 39.5535 3
76.0496 76.0496 3
31.8336 31.8336 2
77.5901 77.5901 2
53.2735 53.2735 1
31.5654 31.5654 3
36.9231 36.9231 3
38.9422 38.9422 1
30.4457 30.4457 3
41.379 41.379 3
60.5221 60.5221 2
57.3783 57.3783 2
46.5306 46.5306 2
63.8091 63.8091 1
59.995 59.995 1
46.1805 46.1805 2
48.1536 48.1536 1
53.8694 53.8694 2
44.5424 44.5424 1
40.5355 40.5355 3
30.6727 30.6727 2
59.3428 59.3428 3
34.2107 34.2107 2
46.4914 46.4914 3
55.4892 55.4892 1
33.339 33.339 3
53.7586 53.7586 3
47.7695 47.7695 3
56.0289 56.0289 3
31.212 31.212 3
45.4233 45.4233 3
50.6642 50.6642 3
30.4468 30.4468 3
54.2998 54.2998 3
32.7044 32.7044 3
30.2289 30.2289 2
33.9091 33.9091 2
180.845 180.845 1
30.813 30.813 2
47.7047 47.7047 2
36.7754 36.7754 2
63.0543 63.0543 2
33.7906 33.7906 3
38.6652 38.6652 1
38.0828 38.0828 2
40.7427 40.7427 2
97.3541 97.3541 3
45.6154 45.6154 2
68.4935 68.4935 1
55.2242 55.2242 3
34.4281 34.4281 3
31.1138 31.1138 2
79.7442 79.7442 3
34.6916 34.6916 3
34.0982 34.0982 3
117 117 1
79.547 79.547 2
41.2374 41.2374 3
39.7225 39.7225 3
77.1292 77.1292 3
32.4569 32.4569 3
43.6124 43.6124 3
369.62 369.62 3
36.2066 36.2066 3
63.4586 63.4586 3
38.0772 38.0772 1
35.0617 35.0617 3
58.6124 58.6124 1
41.6508 41.6508 3
32.7952 32.7952 3
36.2987 36.2987 3
34.1386 34.1386 3
30.6383 30.6383 3
65.0413 65.0413 3
72.5328 72.5328 1
57.1139 57.1139 3
80.2264 80.2264 3
37.7038 37.7038 1
38.0821 38.0821 3
56.8793 56.8793 1
48.7764 48.7764 3
33.502 33.502 3
33.5969 33.5969 1
33.57 33.57 3
35.2872 35.2872 1
34.6249 34.6249 1
32.9135 32.9135 2
44.2713 44.2713 2
55.892 55.892 2
36.9412 36.9412 3
36.0204 36.0204 3
30.0105 30.0105 1
32.9239 32.9239 2
69.5747 69.5747 2
37.1924 37.1924 3
37.5232 37.5232 3
44.8241 44.8241 3
37.464 37.464 3
30.3754 30.3754 3
39.7785 39.7785 3
80.6303 80.6303 2
36.759 36.759 2
53.3607 53.3607 2
42.3099 42.3099 3
31.172 31.172 1
65.3704 65.3704 2
50.6332 50.6332 3
46.7544 46.7544 2
38.358 38.358 3
39.301 39.301 2
30.9424 30.9424 1
41.5528 41.5528 1
32.0081 32.0081 3
41.8507 41.8507 2
32.2823 32.2823 3
56.2713 56.2713 1
141.863 141.863 3
47.7185 47.7185 2
41.7645 41.7645 1
36.4065 36.4065 1
38.3968 38.3968 3
43.2194 43.2194 3
37.7175 37.7175 2
60.4184 60.4184 3
41.4811 41.4811 3
44.3639 44.3639 3
31.898 31.898 3
40.9574 40.9574 3
93.0617 93.0617 2
40.6981 40.6981 3
42.1969 42.1969 2
48.3428 48.3428 3
30.507 30.507 2
32.1309 32.1309 3
34.6828 34.6828 2
35.543 35.543 1
32.362 32.362 2
34.7588 34.7588 1
38.8159 38.8159 2
100.858 100.858 1
61.2468 61.2468 1
44.7698 44.7698 1
62.3338 62.3338 3
68.9283 68.9283 3
31.724 31.724 1
31.621 31.621 3
38.5761 38.5761 3
55.704 55.704 3
35.8485 35.8485 2
91.6179 91.6179 3
32.0772 32.0772 3
39.3453 39.3453 3
134.077 134.077 1
73.9012 73.9012 3
70.627 70.627 3
41.857 41.857 2
44.04 44.04 3
42.7992 42.7992 3
37.0718 37.0718 3
38.3408 38.3408 1
35.4874 35.4874 3
39.7607 39.7607 3
217.295 217.295 2
51.467 51.467 2
30.2891 30.2891 1
30.4344 30.4344 1
39.1118 39.1118 3
47.0516 47.0516 3
33.3086 33.3086 1
40.4319 40.4319 1
49.6794 49.6794 3
33.7305 33.7305 3
39.7803 39.7803 3
39.0735 39.0735 3
42.4499 42.4499 3
34.0918 34.0918 2
44.1048 44.1048 2
39.2093 39.2093 3
51.1153 51.1153 2
46.7436 46.7436 3
153.192 153.192 1
36.2333 36.2333 3
48.5358 48.5358 3
38.5171 38.5171 1
38.0507 38.0507 3
58.2074 58.2074 1
41.0372 41.0372 3
58.6255 58.6255 2
46.4578 46.4578 3
49.4588 49.4588 3
30.6592 30.6592 2
30.0029 30.0029 3
225.218 225.218 1
37.9058 37.9058 3
35.3644 35.3644 1
30.8345 30.8345 3
85.7104 85.7104 2
32.2011 32.2011 3
163.684 163.684 1
67.9391 67.9391 2
30.9095 30.9095 3
85.7785 85.7785 3
37.8568 37.8568 3
37.9214 37.9214 1
37.7795 37.7795 2
95.8695 95.8695 2
40.2307 40.2307 3
38.3885 38.3885 1
32.7311 32.7311 1
168.193 168.193 3
64.225 64.225 3
46.7828 46.7828 3
32.1299 32.1299 3
34.821 34.821 3
41.6306 41.6306 3
35.2328 35.2328 3
38.5402 38.5402 3
35.3906 35.3906 3
32.5507 32.5507 3
34.4462 34.4462 3
37.5395 37.5395 2
30.5979 30.5979 1
38.053 38.053 3
71.2108 71.2108 2
81.9985 81.9985 2
34.8842 34.8842 3
172.311 172.311 1
38.5656 38.5656 2
34.6142 34.6142 1
31.0002 31.0002 1
39.6524 39.6524 2
34.5436 34.5436 3
210.787 210.787 3
37.0368 37.0368 1
31.1043 31.1043 1
33.0919 33.0919 3
99.3521 99.3521 2
33.9979 33.9979 3
32.2599 32.2599 1
67.7138 67.7138 2
44.9332 44.9332 3
170.359 170.359 2
33.7739 33.7739 3
56.875 56.875 3
30.0728 30.0728 3
83.9602 83.9602 3
73.9748 73.9748 2
85.8452 85.8452 2
31.1907 31.1907 3
31.6056 31.6056 3
31.956 31.956 3
115.656 115.656 3
42.9101 42.9101 3
48.0758 48.0758 3
33.8587 33.8587 2
44.1994 44.1994 2
50.596 50.596 2
34.1871 34.1871 3
52.7716 52.7716 1
35.5515 35.5515 2
30.0315 30.0315 3
77.7034 77.7034 1
87.3771 87.3771 2
43.6005 43.6005 3
32.8802 32.8802 3
34.9725 34.9725 3
30.0056 30.0056 2
41.5075 41.5075 2
44.1976 44.1976 1
30.6336 30.6336 2
55.0986 55.0986 3
104.203 104.203 3
45.4682 45.4682 3
30.2732 30.2732 3
40.0516 40.0516 3
47.0795 47.0795 3
32.9408 32.9408 2
58.5553 58.5553 2
44.9107 44.9107 2
42.9258 42.9258 3
30.9514 30.9514 3
52.3379 52.3379 3
43.6915 43.6915 3
32.3831 32.3831 1
61.5639 61.5639 3
59.9939 59.9939 3
49.1681 49.1681 3
37.3197 37.3197 3
37.3147 37.3147 3
41.8118 41.8118 1
31.5256 31.5256 1
34.6938 34.6938 1
49.8574 49.8574 3
35.2808 35.2808 1
41.7446 41.7446 3
35.9459 35.9459 3
37.0275 37.0275 1
30.6294 30.6294 2
31.6582 31.6582 2
30.5753 30.5753 1
36.5784 36.5784 3
70.7102 70.7102 2
103.3 103.3 3
34.1389 34.1389 3
31.9879 31.9879 3
31.3498 31.3498 2
31.3596 31.3596 3
33.1333 33.1333 3
36.9819 36.9819 3
30.7276 30.7276 3
139.227 139.227 1
83.9785 83.9785 3
160.721 160.721 2
58.3734 58.3734 1
58.3225 58.3225 3
39.4049 39.4049 3
65.4789 65.4789 2
30.1558 30.1558 3
72.9663 72.9663 1
45.7524 45.7524 3
33.0402 33.0402 1
38.4593 38.4593 3
41.4486 41.4486 3
42.3817 42.3817 3
39.7846 39.7846 3
35.5433 35.5433 3
77.2135 77.2135 3
40.1127 40.1127 2
41.1386 41.1386 3
36.9693 36.9693 2
31.179 31.179 3
68.769 68.769 2
59.9475 59.9475 1
48.2488 48.2488 3
31.0496 31.0496 1
43.7778 43.7778 3
59.3924 59.3924 1
84.14 84.14 2
30.8569 30.8569 3
43.4469 43.4469 2
30.5354 30.5354 1
137.73 137.73 3
110.953 110.953 3
59.8532 59.8532 1
38.503 38.503 3
41.8423 41.8423 3
65.4005 65.4005 3
30.4522 30.4522 1
53.0693 53.0693 2
34.7822 34.7822 3
78.4119 78.4119 3
48.0245 48.0245 1
32.3489 32.3489 1
42.2434 42.2434 3
46.3715 46.3715 3
40.848 40.848 1
39.9018 39.9018 3
49.0144 49.0144 2
102.404 102.404 1
45.7111 45.7111 2
34.233 34.233 3
30.6147 30.6147 1
84.3199 84.3199 3
50.8266 50.8266 3
58.4088 58.4088 3
69.4322 69.4322 1
30.6567 30.6567 2
36.9558 36.9558 1
66.7241 66.7241 1
30.0924 30.0924 3
56.3626 56.3626 3
30.2849 30.2849 3
37.6452 37.6452 3
35.1222 35.1222 3
53.068 53.068 2
34.2681 34.2681 3
34.9921 34.9921 2
102.29 102.29 3
34.8981 34.8981 2
124.398 124.398 3
40.2364 40.2364 3
55.2279 55.2279 2
34.3131 34.3131 2
34.1235 34.1235 1
89.991 89.991 3
38.1982 38.1982 2
176.464 176.464 2
32.3774 32.3774 1
267.803 267.803 3
37.2356 37.2356 1
33.7665 33.7665 1
75.6305 75.6305 3
42.5644 42.5644 3
39.7434 39.7434 3
87.1226 87.1226 3
40.116 40.116 3
60.9019 60.9019 3
44.0891 44.0891 3
40.6565 40.6565 3
32.3183 32.3183 3
43.3934 43.3934 3
32.2973 32.2973 3
57.1691 57.1691 1
70.8351 70.8351 3
38.4869 38.4869 2
38.4568 38.4568 1
32.4079 32.4079 1
39.5867 39.5867 2
97.3195 97.3195 2
65.7861 65.7861 1
70.1876 70.1876 2
419.623 419.623 3
71.4774 71.4774 3
39.3304 39.3304 3
121.513 121.513 3
30.9168 30.9168 3
32.337 32.337 3
43.6767 43.6767 3
33.17 33.17 3
57.8695 57.8695 3
50.2842 50.2842 1
33.695 33.695 3
39.6898 39.6898 1
33.3375 33.3375 3
60.4503 60.4503 3
42.6405 42.6405 2
30.168 30.168 3
78.2256 78.2256 3
111.451 111.451 3
45.3267 45.3267 3
50.2448 50.2448 3
41.9241 41.9241 3
41.5445 41.5445 2
51.2061 51.2061 3
88.3132 88.3132 2
33.5033 33.5033 3
43.9791 43.9791 1
39.9903 39.9903 2
35.668 35.668 2
44.0562 44.0562 3
33.8472 33.8472 3
32.0727 32.0727 1
50.7237 50.7237 2
75.7584 75.7584 3
46.5216 46.5216 1
33.9404 33.9404 3
34.9332 34.9332 3
30.8259 30.8259 2
40.3606 40.3606 2
31.7154 31.7154 3
47.6726 47.6726 1
68.2638 68.2638 1
33.5574 33.5574 3
39.5365 39.5365 3
31.0541 31.0541 3
46.315 46.315 2
30.5283 30.5283 1
199.392 199.392 1
159.702 159.702 2
43.0477 43.0477 1
44.1323 44.1323 3
71.3837 71.3837 3
61.3056 61.3056 2
197.066 197.066 2
31.9785 31.9785 3
93.5149 93.5149 2
57.6974 57.6974 3
40.5028 40.5028 3
31.0573 31.0573 3
57.9255 57.9255 3
33.0818 33.0818 3
46.7195 46.7195 2
42.0933 42.0933 1
37.7422 37.7422 1
63.2519 63.2519 3
68.2823 68.2823 3
33.7589 33.7589 1
48.9291 48.9291 3
38.7846 38.7846 3
39.0494 39.0494 3
32.4264 32.4264 2
34.9147 34.9147 3
34.709 34.709 3
31.2857 31.2857 3
72.6428 72.6428 1
47.1693 47.1693 1
55.5673 55.5673 2
31.5923 31.5923 3
32.6101 32.6101 2
40.8453 40.8453 2
110.673 110.673 3
35.7944 35.7944 3
31.6855 31.6855 2
43.4569 43.4569 3
67.8397 67.8397 3
55.5972 55.5972 2
34.2693 34.2693 3
50.0981 50.0981 1
101.571 101.571 2
42.5262 42.5262 3
30.7526 30.7526 1
42.8644 42.8644 2
36.6538 36.6538 3
31.8196 31.8196 2
40.1933 40.1933 3
42.822 42.822 3
30.8464 30.8464 3
69.7212 69.7212 2
76.597 76.597 3
79.6174 79.6174 1
59.6753 59.6753 2
31.9521 31.9521 2
42.8376 42.8376 3
49.6226 49.6226 1
32.526 32.526 3
56.6478 56.6478 3
53.9341 53.9341 1
152.821 152.821 1
30.2604 30.2604 2
33.6124 33.6124 3
36.6423 36.6423 2
48.2568 48.2568 3
50.0013 50.0013 3
37.151 37.151 3
72.5101 72.5101 2
51.3959 51.3959 2
30.9502 30.9502 2
111.056 111.056 3
84.977 84.977 2
35.7908 35.7908 2
39.2716 39.2716 2
30.4917 30.4917 3
52.7899 52.7899 3
66.9261 66.9261 3
32.3004 32.3004 1
64.2645 64.2645 2
71.1885 71.1885 2
42.1249 42.1249 1
54.8274 54.8274 3
36.9159 36.9159 3
31.7476 31.7476 3
32.2039 32.2039 3
35.0807 35.0807 2
64.6586 64.6586 2
39.644 39.644 3
55.406 55.406 1
63.5208 63.5208 1
35.1076 35.1076 1
76.7768 76.7768 3
122.052 122.052 3
74.4875 74.4875 3
31.3714 31.3714 1
31.7787 31.7787 2
35.6635 35.6635 3
52.8184 52.8184 3
63.929 63.929 2
140.819 140.819 3
42.9118 42.9118 2
32.629 32.629 1
81.7615 81.7615 3
114.102 114.102 3
34.8454 34.8454 3
79.4087 79.4087 1
35.1309 35.1309 3
99.3056 99.3056 1
113.418 113.418 3
38.0111 38.0111 3
44.1259 44.1259 3
31.7784 31.7784 3
39.8465 39.8465 3
54.1575 54.1575 2
116.262 116.262 2
30.8863 30.8863 3
31.2642 31.2642 1
36.6488 36.6488 3
74.5752 74.5752 2
50.1493 50.1493 3
47.2781 47.2781 2
30.9473 30.9473 3
39.2455 39.2455 3
42.1913 42.1913 1
45.4384 45.4384 3
96.0833 96.0833 3
47.1881 47.1881 3
33.7972 33.7972 3
50.6551 50.6551 3
40.4499 40.4499 2
43.1688 43.1688 3
32.852 32.852 3
47.5072 47.5072 3
33.2944 33.2944 1
36.2486 36.2486 1
30.1225 30.1225 1
30.294 30.294 2
30.6091 30.6091 1
79.01 79.01 3
56.087 56.087 3
35.0319 35.0319 1
37.1752 37.1752 3
33.1865 33.1865 3
39.5613 39.5613 1
60.0172 60.0172 3
39.5003 39.5003 3
60.358 60.358 3
36.899 36.899 1
133.355 133.355 1
30.596 30.596 2
68.8104 68.8104 3
37.267 37.267 1
39.5703 39.5703 2
60.2611 60.2611 2
31.4456 31.4456 3
31.343 31.343 3
50.8413 50.8413 1
49.4215 49.4215 1
46.5256 46.5256 1
64.2295 64.2295 3
63.4244 63.4244 3
43.5307 43.5307 2
31.224 31.224 3
62.5782 62.5782 3
50.6279 50.6279 2
51.868 51.868 3
36.5326 36.5326 3
37.8098 37.8098 1
31.6717 31.6717 2
48.682 48.682 1
80.8401 80.8401 1
44.7507 44.7507 1
56.0587 56.0587 1
49.1643 49.1643 3
55.7454 55.7454 3
36.0279 36.0279 2
31.2346 31.2346 2
94.7612 94.7612 3
37.0257 37.0257 3
50.8266 50.8266 3
40.1087 40.1087 1
33.2204 33.2204 3
108.868 108.868 2
52.283 52.283 3
130.752 130.752 2
59.1263 59.1263 2
35.998 35.998 3
81.0696 81.0696 1
33.5213 33.5213 2
31.4937 31.4937 1
43.8166 43.8166 3
131.847 131.847 1
34.9527 34.9527 2
36.5464 36.5464 1
42.4913 42.4913 3
42.2454 42.2454 2
121.512 121.512 1
36.5325 36.5325 3
36.5666 36.5666 3
47.925 47.925 3
61.1623 61.1623 2
31.063 31.063 2
100.357 100.357 1
83.7628 83.7628 1
49.3462 49.3462 2
31.6099 31.6099 1
84.5691 84.5691 2
39.0276 39.0276 3
31.8493 31.8493 3
40.5571 40.5571 2
36.1187 36.1187 2
51.0006 51.0006 3
31.9885 31.9885 3
41.5763 41.5763 1
36.7523 36.7523 2
64.0422 64.0422 3
34.0292 34.0292 1
37.3076 37.3076 3
81.0085 81.0085 1
46.442 46.442 1
48.1714 48.1714 3
46.9939 46.9939 1
46.2136 46.2136 3
41.2591 41.2591 1
42.2663 42.2663 3
131.017 131.017 2
441.719 441.719 3
30.5602 30.5602 2
32.9041 32.9041 3
45.4938 45.4938 2
32.335 32.335 3
180.045 180.045 3
34.6724 34.6724 1
64.4991 64.4991 2
47.9251 47.9251 3
71.9483 71.9483 3
36.3201 36.3201 3
84.1584 84.1584 3
30.1834 30.1834 2
46.9423 46.9423 3
33.2413 33.2413 1
33.0126 33.0126 3
52.8878 52.8878 3
31.488 31.488 2
40.6099 40.6099 3
37.0322 37.0322 3
60.8815 60.8815 3
37.9397 37.9397 3
30.4004 30.4004 3
41.6751 41.6751 3
67.0689 67.0689 1
38.8945 38.8945 3
36.2668 36.2668 2
45.3212 45.3212 2
54.9345 54.9345 3
55.4953 55.4953 3
73.8087 73.8087 1
41.3361 41.3361 2
34.6186 34.6186 2
37.5494 37.5494 1
32.5331 32.5331 3
30.4492 30.4492 2
36.652 36.652 3
31.7454 31.7454 1
36.0923 36.0923 3
229.103 229.103 3
158.669 158.669 2
40.1161 40.1161 1
35.9219 35.9219 2
35.5133 35.5133 2
95.292 95.292 1
70.7019 70.7019 2
43.3894 43.3894 3
49.1215 49.1215 2
44.7954 44.7954 3
34.4483 34.4483 3
40.9704 40.9704 1
157.815 157.815 2
375.826 375.826 1
52.3329 52.3329 2
38.5798 38.5798 3
30.657 30.657 1
42.0674 42.0674 3
35.1615 35.1615 3
43.3004 43.3004 3
83.6673 83.6673 3
101.615 101.615 1
34.9913 34.9913 2
78.6291 78.6291 3
58.5561 58.5561 3
30.0083 30.0083 2
32.5224 32.5224 3
38.2438 38.2438 2
130.633 130.633 2
33.4281 33.4281 3
39.9521 39.9521 2
44.3225 44.3225 3
42.9564 42.9564 2
32.3152 32.3152 1
117.817 117.817 1
45.9237 45.9237 3
39.0074 39.0074 1
149.179 149.179 3
85.8939 85.8939 3
41.4652 41.4652 3
46.2762 46.2762 2
31.204 31.204 3
30.3825 30.3825 3
36.9684 36.9684 3
30.2741 30.2741 1
43.9205 43.9205 1
66.6324 66.6324 3
34.8672 34.8672 1
35.1594 35.1594 3
39.1468 39.1468 3
51.9563 51.9563 1
46.4683 46.4683 1
76.6965 76.6965 2
69.6836 69.6836 1
41.8101 41.8101 3
33.3698 33.3698 1
55.5991 55.5991 3
33.1838 33.1838 3
30.2011 30.2011 3
61.6852 61.6852 3
34.7861 34.7861 3
36.6811 36.6811 3
51.9529 51.9529 1
103.385 103.385 3
41.1369 41.1369 2
108.74 108.74 2
57.8594 57.8594 1
80.7926 80.7926 3
36.0167 36.0167 2
53.4365 53.4365 3
47.8493 47.8493 3
34.3217 34.3217 3
37.5637 37.5637 3
39.3242 39.3242 3
141.331 141.331 1
50.2652 50.2652 3
52.5898 52.5898 1
70.3614 70.3614 1
30.9276 30.9276 2
32.538 32.538 3
37.4746 37.4746 3
34.9535 34.9535 1
210.668 210.668 3
35.4099 35.4099 1
30.6016 30.6016 3
192.078 192.078 3
39.9545 39.9545 3
30.5329 30.5329 2
34.3507 34.3507 3
33.1863 33.1863 1
31.1048 31.1048 3
39.4283 39.4283 2
35.6652 35.6652 3
62.4766 62.4766 3
45.1128 45.1128 3
33.4871 33.4871 1
42.0253 42.0253 3
60.4331 60.4331 2
31.2096 31.2096 2
31.6874 31.6874 3
44.0024 44.0024 3
39.8997 39.8997 1
34.6691 34.6691 1
34.0419 34.0419 2
35.1831 35.1831 3
31.7719 31.7719 1
35.7527 35.7527 1
35.1235 35.1235 2
34.5394 34.5394 3
40.3135 40.3135 3
35.535 35.535 3
64.3101 64.3101 3
38.1199 38.1199 3
55.2022 55.2022 3
39.0693 39.0693 3
47.6735 47.6735 2
30.2057 30.2057 3
39.3669 39.3669 3
33.1482 33.1482 1
34.4438 34.4438 3
36.6139 36.6139 1
36.5686 36.5686 2
78.554 78.554 3
39.0154 39.0154 3
47.8741 47.8741 2
36.5207 36.5207 2
31.2217 31.2217 3
132.897 132.897 3
94.28 94.28 3
30.6613 30.6613 2
50.4498 50.4498 2
43.8314 43.8314 3
51.0375 51.0375 3
46.8199 46.8199 3
49.5168 49.5168 3
84.5158 84.5158 1
46.5625 46.5625 1
72.6654 72.6654 3
43.481 43.481 3
48.7996 48.7996 3
45.5666 45.5666 1
100.43 100.43 3
32.3431 32.3431 3
92.9786 92.9786 1
48.4439 48.4439 3
58.1951 58.1951 2
168.485 168.485 2
34.941 34.941 3
48.434 48.434 3
47.8071 47.8071 3
30.8186 30.8186 3
43.2208 43.2208 3
34.5493 34.5493 2
32.5029 32.5029 2
56.7446 56.7446 2
32.3252 32.3252 3
34.8544 34.8544 3
44.1324 44.1324 3
35.7349 35.7349 1
36.7299 36.7299 1
32.4733 32.4733 2
33.9721 33.9721 2
37.4466 37.4466 3
71.2035 71.2035 2
31.6292 31.6292 3
64.0103 64.0103 1
36.1697 36.1697 3
35.4506 35.4506 2
42.1555 42.1555 3
86.679 86.679 1
70.0498 70.0498 3
39.0958 39.0958 3
31.9359 31.9359 1
82.8054 82.8054 1
53.1879 53.1879 3
31.5251 31.5251 2
84.1814 84.1814 1
82.7521 82.7521 3
51.8328 51.8328 1
305.441 305.441 3
50.5548 50.5548 2
30.5746 30.5746 3
33.2004 33.2004 2
40.6922 40.6922 3
44.6489 44.6489 1
51.8405 51.8405 2
33.5927 33.5927 2
70.6005 70.6005 1
33.2608 33.2608 2
196.633 196.633 1
47.7667 47.7667 3
82.6442 82.6442 3
70.0789 70.0789 3
30.5027 30.5027 2
34.2406 34.2406 1
45.6856 45.6856 2
41.0378 41.0378 2
70.6654 70.6654 3
37.1251 37.1251 1
44.1953 44.1953 3
60.6084 60.6084 3
58.7942 58.7942 2
35.8921 35.8921 3
39.0829 39.0829 3
34.0281 34.0281 1
42.4131 42.4131 1
33.6643 33.6643 3
36.8586 36.8586 3
149.324 149.324 3
41.9911 41.9911 1
82.5632 82.5632 3
34.262 34.262 3
34.5472 34.5472 1
77.1614 77.1614 2
40.6624 40.6624 3
31.7584 31.7584 3
42.9514 42.9514 3
34.5193 34.5193 3
39.2597 39.2597 1
35.4296 35.4296 1
34.4223 34.4223 1
38.9482 38.9482 1
30.1188 30.1188 3
43.0478 43.0478 3
37.1974 37.1974 3
40.4093 40.4093 2
34.1239 34.1239 1
43.4655 43.4655 2
33.5375 33.5375 3
68.5102 68.5102 2
100.532 100.532 1
47.5622 47.5622 3
35.5694 35.5694 1
31.7743 31.7743 1
40.8966 40.8966 3
43.1185 43.1185 1
48.6574 48.6574 2
32.3745 32.3745 3
98.0537 98.0537 3
86.0563 86.0563 3
39.5738 39.5738 3
145.734 145.734 1
48.2899 48.2899 1
32.7052 32.7052 2
37.2589 37.2589 3
52.9379 52.9379 3
49.7104 49.7104 2
159.215 159.215 3
34.7045 34.7045 3
68.6339 68.6339 2
49.7245 49.7245 3
31.1814 31.1814 3
34.2832 34.2832 1
37.3083 37.3083 1
110.784 110.784 2
106.41 106.41 3
97.7666 97.7666 3
33.2279 33.2279 1
36.4242 36.4242 3
52.0337 52.0337 2
41.7164 41.7164 3
51.9908 51.9908 1
38.3448 38.3448 2
30.358 30.358 1
31.1741 31.1741 3
78.4439 78.4439 1
42.5982 42.5982 3
43.5515 43.5515 1
101.929 101.929 2
38.9735 38.9735 3
53.1326 53.1326 3
45.1804 45.1804 2
101.018 101.018 1
35.6936 35.6936 3
33.0148 33.0148 3
30.4608 30.4608 3
61.0907 61.0907 2
30.5782 30.5782 3
49.4343 49.4343 2
41.292 41.292 2
30.7737 30.7737 1
30.1828 30.1828 3
69.069 69.069 2
57.9677 57.9677 3
76.9161 76.9161 3
34.8109 34.8109 3
63.3132 63.3132 2
61.282 61.282 3
32.2637 32.2637 2
39.6688 39.6688 2
31.6055 31.6055 3
31.9436 31.9436 3
55.635 55.635 1
72.5848 72.5848 2
36.3444 36.3444 3
50.8479 50.8479 2
391.261 391.261 2
41.5799 41.5799 2
90.6535 90.6535 3
39.8651 39.8651 1
35.7839 35.7839 1
45.9542 45.9542 1
52.8367 52.8367 3
81.577 81.577 3
65.7306 65.7306 1
30.2558 30.2558 3
40.492 40.492 3
34.0567 34.0567 1
58.5923 58.5923 3
141.625 141.625 3
37.3986 37.3986 3
31.531 31.531 2
43.9432 43.9432 2
36.9276 36.9276 2
31.3002 31.3002 1
45.9075 45.9075 1
46.7635 46.7635 2
48.9948 48.9948 1
43.1107 43.1107 1
30.3408 30.3408 2
77.9818 77.9818 1
31.7848 31.7848 1
50.6734 50.6734 3
65.8695 65.8695 3
30.3112 30.3112 3
30.6867 30.6867 3
173.923 173.923 3
30.5453 30.5453 2
30.0991 30.0991 3
31.0942 31.0942 3
70.3297 70.3297 2
33.9726 33.9726 2
30.9329 30.9329 3
37.2569 37.2569 3
35.3634 35.3634 2
62.3929 62.3929 2
64.4626 64.4626 1
50.1886 50.1886 3
37.4362 37.4362 1
69.1941 69.1941 3
72.7768 72.7768 1
37.1864 37.1864 3
31.77 31.77 3
37.3645 37.3645 3
34.6656 34.6656 3
224.726 224.726 3
55.6038 55.6038 3
43.0098 43.0098 3
32.8532 32.8532 3
35.2321 35.2321 2
54.2736 54.2736 1
69.031 69.031 1
34.8428 34.8428 1
60.4228 60.4228 2
43.248 43.248 2
36.6743 36.6743 1
58.1606 58.1606 1
30.8646 30.8646 3
47.2438 47.2438 3
40.1016 40.1016 1
39.7015 39.7015 3
31.5057 31.5057 1
197.903 197.903 3
69.8978 69.8978 3
41.7622 41.7622 3
65.9053 65.9053 3
38.7056 38.7056 2
64.4177 64.4177 3
36.4138 36.4138 2
35.3959 35.3959 3
43.7555 43.7555 3
33.9585 33.9585 2
50.4612 50.4612 3
38.0017 38.0017 2
31.8382 31.8382 3
49.9493 49.9493 1
49.7513 49.7513 2
32.1136 32.1136 3
58.1119 58.1119 3
36.072 36.072 3
34.7782 34.7782 3
47.6139 47.6139 3
30.2097 30.2097 3
50.3722 50.3722 3
39.7373 39.7373 1
38.9283 38.9283 2
51.2874 51.2874 3
42.2404 42.2404 3
48.4075 48.4075 3
35.2085 35.2085 2
39.3497 39.3497 2
37.123 37.123 3
35.7088 35.7088 3
64.3887 64.3887 3
60.6749 60.6749 3
32.3544 32.3544 3
33.3625 33.3625 3
63.8801 63.8801 3
37.8995 37.8995 2
70.2426 70.2426 1
31.8609 31.8609 2
31.1328 31.1328 1
53.6203 53.6203 1
115.852 115.852 1
49.8109 49.8109 3
33.5486 33.5486 3
30.8635 30.8635 1
39.8162 39.8162 2
30.8441 30.8441 3
35.3587 35.3587 3
44.0248 44.0248 3
35.6789 35.6789 3
49.5365 49.5365 3
58.0822 58.0822 1
30.2425 30.2425 2
34.4883 34.4883 2
39.5377 39.5377 3
40.8396 40.8396 2
39.6591 39.6591 1
76.3437 76.3437 2
46.132 46.132 2
38.6702 38.6702 1
113.804 113.804 1
53.731 53.731 2
37.6113 37.6113 3
44.2523 44.2523 2
40.0415 40.0415 3
30.1697 30.1697 3
48.7316 48.7316 3
100.172 100.172 1
39.0887 39.0887 3
33.0583 33.0583 3
36.5374 36.5374 1
54.7458 54.7458 1
30.3826 30.3826 3
32.2848 32.2848 3
33.2686 33.2686 3
80.7479 80.7479 2
30.8096 30.8096 2
33.5324 33.5324 2
45.4962 45.4962 3
33.7437 33.7437 2
36.3286 36.3286 2
34.6911 34.6911 3
135.587 135.587 3
68.921 68.921 3
30.3284 30.3284 3
37.2531 37.2531 3
35.2621 35.2621 3
55.4665 55.4665 2
31.1624 31.1624 2
33.8864 33.8864 3
147.766 147.766 1
39.6299 39.6299 2
59.3838 59.3838 3
142.457 142.457 3
142.836 142.836 3
36.9066 36.9066 1
38.7622 38.7622 3
52.7649 52.7649 2
35.6649 35.6649 2
69.3925 69.3925 2
59.5822 59.5822 1
34.834 34.834 3
31.7635 31.7635 2
40.5971 40.5971 3
36.5436 36.5436 3
30.2405 30.2405 3
35.3251 35.3251 2
31.2314 31.2314 2
38.7228 38.7228 1
41.2512 41.2512 2
38.1004 38.1004 2
34.7445 34.7445 3
43.4729 43.4729 3
45.1715 45.1715 3
43.0856 43.0856 3
76.678 76.678 3
31.1841 31.1841 3
35.4716 35.4716 3
38.5908 38.5908 2
60.8333 60.8333 3
30.9776 30.9776 3
51.7762 51.7762 3
47.7579 47.7579 3
38.2868 38.2868 3
31.2113 31.2113 2
94.601 94.601 3
48.3898 48.3898 2
32.1037 32.1037 3
54.4438 54.4438 3
53.8764 53.8764 3
41.6731 41.6731 3
38.6568 38.6568 3
45.1992 45.1992 3
50.9467 50.9467 2
33.2084 33.2084 3
33.6095 33.6095 3
31.5511 31.5511 2
45.068 45.068 3
33.0698 33.0698 3
44.9196 44.9196 2
41.3422 41.3422 1
45.5922 45.5922 3
102.294 102.294 3
40.2408 40.2408 1
63.4492 63.4492 3
39.2893 39.2893 1
34.4935 34.4935 3
61.0372 61.0372 2
31.3634 31.3634 3
76.4136 76.4136 1
52.1422 52.1422 2
30.8546 30.8546 1
114.69 114.69 3
38.0557 38.0557 1
72.5518 72.5518 1
48.2505 48.2505 2
42.3947 42.3947 3
50.4211 50.4211 1
58.7934 58.7934 2
35.3366 35.3366 3
31.4505 31.4505 1
104.006 104.006 2
48.1673 48.1673 3
55.444 55.444 3
58.3641 58.3641 1
92.0996 92.0996 2
38.3794 38.3794 2
171.311 171.311 3
64.8181 64.8181 1
31.6778 31.6778 3
31.3994 31.3994 3
42.725 42.725 1
78.6989 78.6989 1
33.8941 33.8941 3
37.2905 37.2905 3
32.4682 32.4682 3
72.9335 72.9335 1
104.708 104.708 3
38.7359 38.7359 1
35.058 35.058 2
97.1545 97.1545 2
44.18 44.18 3
43.951 43.951 3
31.5688 31.5688 3
51.8787 51.8787 2
35.4878 35.4878 1
44.5373 44.5373 3
54.2465 54.2465 3
41.436 41.436 2
35.617 35.617 3
31.7633 31.7633 3
50.6495 50.6495 1
40.9237 40.9237 3
30.3611 30.3611 2
38.0496 38.0496 1
76.4693 76.4693 3
37.8769 37.8769 3
50.5899 50.5899 3
38.6763 38.6763 2
56.4691 56.4691 2
42.3128 42.3128 1
43.1284 43.1284 3
41.3986 41.3986 1
43.0842 43.0842 3
42.4845 42.4845 3
51.4687 51.4687 3
111.401 111.401 3
38.7754 38.7754 3
39.0443 39.0443 1
35.9767 35.9767 1
30.7304 30.7304 2
60.5726 60.5726 3
41.6358 41.6358 3
30.7666 30.7666 1
58.4998 58.4998 1
49.9394 49.9394 3
33.3766 33.3766 3
32.6223 32.6223 1
30.8374 30.8374 3
45.9663 45.9663 3
118.815 118.815 2
44.7642 44.7642 1
33.8794 33.8794 2
41.0604 41.0604 3
63.892 63.892 3
44.3334 44.3334 3
30.3155 30.3155 3
41.0789 41.0789 3
89.9186 89.9186 3
48.4932 48.4932 3
70.3894 70.3894 3
107.076 107.076 3
38.2153 38.2153 2
39.2404 39.2404 3
67.6232 67.6232 2
34.7282 34.7282 1
46.0515 46.0515 2
33.5731 33.5731 3
32.5942 32.5942 3
53.261 53.261 3
39.1382 39.1382 2
39.2696 39.2696 3
35.7434 35.7434 2
86.2054 86.2054 3
41.4105 41.4105 3
34.8767 34.8767 3
118.032 118.032 2
42.7887 42.7887 3
33.8186 33.8186 3
90.9622 90.9622 3
61.2199 61.2199 3
38.3926 38.3926 3
39.8206 39.8206 3
63.7741 63.7741 3
85.9749 85.9749 1
67.6715 67.6715 2
30.8087 30.8087 1
38.6626 38.6626 3
35.8998 35.8998 3
43.3613 43.3613 3
123.988 123.988 3
30.0834 30.0834 3
50.6254 50.6254 3
113.547 113.547 3
32.8871 32.8871 2
49.6555 49.6555 1
37.9091 37.9091 1
34.9554 34.9554 3
33.4653 33.4653 3
37.7848 37.7848 3
50.2094 50.2094 1
53.353 53.353 2
37.1853 37.1853 1
32.5135 32.5135 3
41.2182 41.2182 3
33.3667 33.3667 1
36.8324 36.8324 3
119.445 119.445 3
35.4104 35.4104 2
62.6124 62.6124 2
179.184 179.184 2
43.408 43.408 3
30.7504 30.7504 2
44.8957 44.8957 1
137.063 137.063 3
69.9864 69.9864 1
50.4054 50.4054 1
48.3385 48.3385 3
351.267 351.267 3
55.1918 55.1918 3
34.3302 34.3302 3
43.8216 43.8216 3
145.169 145.169 3
30.0318 30.0318 3
53.7731 53.7731 3
35.1324 35.1324 2
51.2888 51.2888 3
33.1903 33.1903 2
33.323 33.323 1
32.7206 32.7206 2
33.6967 33.6967 1
58.6767 58.6767 2
44.0918 44.0918 2
92.5972 92.5972 1
59.0338 59.0338 3
44.6472 44.6472 3
70.2313 70.2313 3
63.6749 63.6749 1
38.3328 38.3328 3
38.4856 38.4856 1
36.9388 36.9388 3
33.341 33.341 3
220.838 220.838 1
35.7213 35.7213 3
38.3523 38.3523 1
190.85 190.85 1
132.148 132.148 2
50.3273 50.3273 1
34.1493 34.1493 2
42.5879 42.5879 1
131.279 131.279 1
88.7765 88.7765 3
39.1241 39.1241 1
40.0279 40.0279 1
33.0167 33.0167 1
85.777 85.777 3
32.3071 32.3071 2
41.1111 41.1111 1
51.8188 51.8188 2
30.7311 30.7311 3
34.6173 34.6173 2
39.7719 39.7719 3
66.2299 66.2299 2
89.5636 89.5636 2
30.8755 30.8755 1
61.8052 61.8052 2
31.4474 31.4474 3
42.6229 42.6229 1
150.552 150.552 3
32.9294 32.9294 2
39.6983 39.6983 3
35.3403 35.3403 2
42.967 42.967 3
35.2811 35.2811 3
41.8301 41.8301 3
37.8987 37.8987 1
35.4039 35.4039 2
69.5989 69.5989 2
43.503 43.503 3
36.0609 36.0609 2
52.1031 52.1031 2
38.5198 38.5198 1
41.1562 41.1562 1
45.5773 45.5773 1
56.8756 56.8756 3
47.1059 47.1059 3
46.741 46.741 2
38.5279 38.5279 2
33.8003 33.8003 2
74.5601 74.5601 2
41.7458 41.7458 2
35.874 35.874 2
32.887 32.887 3
34.5282 34.5282 3
34.2005 34.2005 1
37.2001 37.2001 3
120.243 120.243 1
32.0478 32.0478 1
33.7766 33.7766 2
30.1423 30.1423 3
64.8187 64.8187 3
55.101 55.101 3
64.4623 64.4623 3
37.0701 37.0701 2
34.1351 34.1351 1
32.6993 32.6993 1
30.8768 30.8768 1
55.2504 55.2504 1
44.1275 44.1275 1
40.4017 40.4017 3
72.0727 72.0727 2
70.3768 70.3768 3
30.7015 30.7015 1
30.1636 30.1636 3
34.9347 34.9347 2
41.8071 41.8071 1
38.2653 38.2653 2
42.1485 42.1485 3
41.5991 41.5991 1
52.079 52.079 3
39.361 39.361 3
82.3018 82.3018 1
35.3919 35.3919 2
33.1903 33.1903 2
85.4926 85.4926 3
101.601 101.601 1
80.9268 80.9268 2
35.7266 35.7266 2
89.2197 89.2197 2
31.9156 31.9156 2
34.8975 34.8975 3
45.1203 45.1203 2
128.333 128.333 3
65.0068 65.0068 3
37.0383 37.0383 1
43.5255 43.5255 2
34.1954 34.1954 1
34.796 34.796 3
138.959 138.959 3
71.4379 71.4379 3
31.9663 31.9663 2
63.4831 63.4831 3
71.0108 71.0108 3
34.6847 34.6847 1
39.609 39.609 2
35.3632 35.3632 3
110.779 110.779 3
31.6841 31.6841 3
42.9056 42.9056 3
33.118 33.118 3
32.2791 32.2791 1
58.6713 58.6713 3
47.6969 47.6969 1
62.3434 62.3434 3
30.5674 30.5674 1
39.3488 39.3488 2
39.2146 39.2146 1
42.1542 42.1542 2
80.901 80.901 2
33.0861 33.0861 3
36.2924 36.2924 3
37.7443 37.7443 2
31.8808 31.8808 3
77.7223 77.7223 1
55.3367 55.3367 3
92.9943 92.9943 1
42.653 42.653 1
64.4732 64.4732 3
34.5663 34.5663 2
48.8274 48.8274 2
44.7072 44.7072 2
61.9193 61.9193 3
40.4742 40.4742 3
36.3114 36.3114 3
30.2146 30.2146 3
32.7001 32.7001 3
81.9362 81.9362 2
33.318 33.318 3
299.332 299.332 3
39.3166 39.3166 3
32.9789 32.9789 3
35.6188 35.6188 3
37.9044 37.9044 2
43.6839 43.6839 3
41.3509 41.3509 3
47.1746 47.1746 1
77.3923 77.3923 2
118.126 118.126 3
34.0873 34.0873 2
61.5275 61.5275 1
44.8096 44.8096 3
38.2194 38.2194 2
34.7163 34.7163 3
84.8106 84.8106 3
64.2008 64.2008 3
135.486 135.486 2
31.9644 31.9644 3
30.9225 30.9225 1
41.3603 41.3603 1
31.2815 31.2815 3
39.9204 39.9204 3
44.4478 44.4478 1
34.6128 34.6128 3
48.3677 48.3677 3
42.2142 42.2142 3
45.97 45.97 2
55.652 55.652 1
53.2593 53.2593 2
65.3639 65.3639 2
32.3206 32.3206 2
49.1246 49.1246 1
31.0428 31.0428 3
30.0874 30.0874 3
43.563 43.563 3
30.7217 30.7217 1
49.4833 49.4833 3
34.3364 34.3364 3
34.1607 34.1607 3
32.1017 32.1017 2
434.893 434.893 1
74.2351 74.2351 3
39.6102 39.6102 3
47.1466 47.1466 3
32.9991 32.9991 3
33.4922 33.4922 2
52.7963 52.7963 3
63.5579 63.5579 2
223.753 223.753 3
100.709 100.709 2
52.0645 52.0645 3
39.5605 39.5605 3
52.5739 52.5739 3
46.82 46.82 3
37.6107 37.6107 3
133.211 133.211 3
35.4911 35.4911 3
49.5379 49.5379 3
93.8681 93.8681 3
33.989 33.989 3
33.5376 33.5376 3
30.2302 30.2302 3
58.5888 58.5888 3
32.3052 32.3052 3
52.829 52.829 3
104.669 104.669 3
39.3239 39.3239 2
39.4197 39.4197 3
32.2195 32.2195 3
77.6853 77.6853 3
60.0184 60.0184 2
51.2933 51.2933 3
44.9886 44.9886 2
30.6879 30.6879 3
32.9305 32.9305 3
41.8417 41.8417 2
66.0359 66.0359 3
62.1249 62.1249 3
138.734 138.734 3
33.6982 33.6982 2
44.0457 44.0457 3
38.1301 38.1301 3
107.329 107.329 3
67.1706 67.1706 3
31.1093 31.1093 3
55.6655 55.6655 3
44.4794 44.4794 3
34.1551 34.1551 3
30.0057 30.0057 3
48.3914 48.3914 2
53.174 53.174 2
35.0371 35.0371 3
73.1518 73.1518 3
35.9648 35.9648 3
41.2776 41.2776 2
31.068 31.068 2
49.3967 49.3967 2
48.9502 48.9502 3
38.6031 38.6031 2
59.5388 59.5388 3
67.5074 67.5074 3
139.511 139.511 3
39.0535 39.0535 3
45.3199 45.3199 3
40.5595 40.5595 3
35.5377 35.5377 3
70.3841 70.3841 2
44.0025 44.0025 2
40.974 40.974 3
52.9439 52.9439 3
59.6756 59.6756 3
34.5718 34.5718 3
40.7032 40.7032 2
46.2057 46.2057 3
57.1092 57.1092 3
47.4802 47.4802 3
45.899 45.899 3
69.9121 69.9121 3
52.2025 52.2025 3
85.6336 85.6336 3
30.4385 30.4385 3
34.8724 34.8724 2
39.5427 39.5427 2
42.6207 42.6207 3
41.0339 41.0339 3
32.7258 32.7258 3
33.0682 33.0682 3
35.6742 35.6742 2
51.319 51.319 3
46.2694 46.2694 2
52.0857 52.0857 3
33.572 33.572 3
35.1324 35.1324 3
31.4534 31.4534 3
50.9214 50.9214 2
36.1944 36.1944 2
55.0277 55.0277 3
64.3186 64.3186 3
40.7274 40.7274 3
38.3868 38.3868 3
33.8171 33.8171 3
40.2588 40.2588 3
32.1056 32.1056 3
120.842 120.842 3
38.5984 38.5984 2
38.1248 38.1248 3
48.3798 48.3798 2
34.6935 34.6935 3
80.7157 80.7157 3
195.785 195.785 2
37.2338 37.2338 2
31.9757 31.9757 2
32.4629 32.4629 3
42.8659 42.8659 2
32.9399 32.9399 3
118.536 118.536 3
47.7223 47.7223 3
44.4091 44.4091 2
34.2563 34.2563 3
31.6971 31.6971 3
43.3663 43.3663 2
31.7637 31.7637 3
57.1727 57.1727 2
30.4397 30.4397 2
49.6915 49.6915 3
35.1034 35.1034 3
61.2917 61.2917 2
88.8779 88.8779 3
54.8284 54.8284 2
135.817 135.817 3
61.6909 61.6909 3
32.976 32.976 3
74.5438 74.5438 2
44.6053 44.6053 3
42.3799 42.3799 3
80.4111 80.4111 3
47.4038 47.4038 2
31.6043 31.6043 2
44.267 44.267 3
60.8134 60.8134 3
35.0131 35.0131 3
90.9944 90.9944 3
50.0851 50.0851 2
39.5241 39.5241 2
37.4181 37.4181 3
32.9014 32.9014 2
33.351 33.351 3
42.9753 42.9753 3
44.3452 44.3452 3
52.2286 52.2286 3
35.7572 35.7572 3
153.606 153.606 3
35.0591 35.0591 2
30.9081 30.9081 2
44.2258 44.2258 2
40.9041 40.9041 2
80.1734 80.1734 2
31.8988 31.8988 2
91.0386 91.0386 2
30.2537 30.2537 2
41.3567 41.3567 2
40.8402 40.8402 2
82.9316 82.9316 2
32.154 32.154 2
64.6122 64.6122 2
44.858 44.858 2
31.7492 31.7492 2
39.8986 39.8986 2
86.3848 86.3848 2
56.6767 56.6767 2
30.3635 30.3635 2
36.5184 36.5184 2
210.281 210.281 2
