3.664321454350468089e-05
4.229668358861018605e-05
4.245211454556534051e-05
3.720397556652748678e-05
3.363782087470762759e-05
3.856831216613788339e-05
4.198611992811764239e-05
3.321877670365818293e-05
3.697366347956451520e-05
4.334742433113541142e-05
3.427302065284905510e-05
3.677384908454810224e-05
3.504056196329024322e-05
3.408618156843422966e-05
3.538942717521602679e-05
3.757458585437769530e-05
3.394213721013244453e-05
4.407358440487562360e-05
4.176767738306592768e-05
3.907630976141402535e-05
3.477121289103890712e-05
3.480450080270635304e-05
3.752122738774553673e-05
3.599550498904496870e-05
3.493870462401711641e-05
3.363298953360882668e-05
3.456120997773679378e-05
3.995259638014971829e-05
4.179751025863495261e-05
4.299532757727105161e-05
5.207637035545007110e-05
3.975585608233941849e-05
3.439193354761929796e-05
3.535827712224786783e-05
3.431139420663900864e-05
3.609189319847710579e-05
3.819765917683375013e-05
5.702890252457334968e-05
4.950441054724413536e-05
3.736005752102359700e-05
3.564296000433608499e-05
4.472466090595360208e-05
3.550992585245975048e-05
4.232594095113657298e-05
4.487920283536765118e-05
3.397731783281572685e-05
3.396672713651626801e-05
3.444254428630100001e-05
4.213302851209438290e-05
3.871421954337238926e-05
3.403374052028048264e-05
4.753801923346612918e-05
3.809298257505364956e-05
4.234669731470583256e-05
4.681084336013915790e-05
3.861716836589904891e-05
3.767681336075617089e-05
4.263178618760483723e-05
4.187350224031044044e-05
5.416613397082844551e-05
4.231546912611131370e-05
3.488879182138872575e-05
4.114958296752677276e-05
3.323620464252851389e-05
3.457520722742469366e-05
3.966825003340737675e-05
3.480832912298395548e-05
3.412663716939002900e-05
4.462874806251395185e-05
3.645337281453613087e-05
3.711802801020174203e-05
3.557310618413057305e-05
3.445840304002924242e-05
4.697642452766981189e-05
3.736316560009822420e-05
3.511252957026459191e-05
3.415020956887701917e-05
6.423284616558546647e-05
3.558791020767464278e-05
3.675978787980490041e-05
3.549108541683141386e-05
3.580131280006975953e-05
3.836352681745691895e-05
3.660705668906229552e-05
5.248928386273617836e-05
4.426330529575064107e-05
3.625575617034330526e-05
3.496241238120179962e-05
3.889532750175668399e-05
3.342028811481864622e-05
3.319133482300176349e-05
3.959434340218810844e-05
3.501129934111545371e-05
3.540301158795628188e-05
3.916761652368129564e-05
3.558615798349831419e-05
3.410414165188284776e-05
3.630797745029624264e-05
3.441970541908727615e-05
3.483721112084846999e-05
3.325563081187692197e-05
3.420227021688030679e-05
3.348772869765634700e-05
3.794724305322906739e-05
3.482688523531876575e-05
3.402383141715546884e-05
4.214746178030008930e-05
4.347869732737657335e-05
3.354357842356102924e-05
4.469350284471686142e-05
3.367793251536799367e-05
3.485964090598146341e-05
3.609685554159561781e-05
3.841710518574408185e-05
3.510424435998922159e-05
3.868298833148151511e-05
3.483029370825371909e-05
4.225619101023908922e-05
4.528584721378928755e-05
3.660036752353289669e-05
3.380239288788957291e-05
3.892670130992423652e-05
3.716690238251107705e-05
3.327534783614014246e-05
3.712825454790309498e-05
3.770098478794827915e-05
3.351605864260409428e-05
3.379285721132820362e-05
3.886680610577339688e-05
3.471271470781060948e-05
3.339089315263356166e-05
3.994234239545308655e-05
3.564232996790727483e-05
3.321657070355105580e-05
3.725468666217784833e-05
3.721140385498667715e-05
4.004763650785699198e-05
4.938234784394595776e-05
3.461574026021064647e-05
4.526929424802068696e-05
4.645407597514637348e-05
4.138019317442055169e-05
3.322386367473731573e-05
3.639403803796596975e-05
3.738602856816807874e-05
3.705334790136341082e-05
3.520394089023867447e-05
3.398168419694378963e-05
4.823287834844998466e-05
3.342659224885737956e-05
3.884788730346243059e-05
4.234211068032784714e-05
3.443969503395736241e-05
3.330146074928006319e-05
3.428027864305402118e-05
3.852803232513462201e-05
3.448385214253326200e-05
3.803236157074521833e-05
3.535978811858299343e-05
3.481060487272258174e-05
3.588506533855624056e-05
3.644368828642128943e-05
3.725447209389301664e-05
3.729378859841960128e-05
4.230067857001178363e-05
3.388011282591740580e-05
4.175404056844943159e-05
3.910161472654218197e-05
3.842033859326516210e-05
3.365494255507386694e-05
4.018650084953146969e-05
3.951503814097296149e-05
3.453470168303906363e-05
3.339802398277942722e-05
3.684862310124715037e-05
3.645808718821225256e-05
3.639980281331283888e-05
4.408708030081257587e-05
3.514823587004712289e-05
3.573341539646705258e-05
3.324829831289459345e-05
3.757768729146504223e-05
3.580210272942353328e-05
3.347837627574226085e-05
3.517635740115689758e-05
3.465080202435581150e-05
3.747557822541617276e-05
3.577800028120025635e-05
5.413828740240340573e-05
3.672990323113407179e-05
3.642984421719951729e-05
3.385766610961006112e-05
3.517236177651937432e-05
3.353701944772649764e-05
4.651978996990975156e-05
3.958199776328091791e-05
3.929329961490959482e-05
4.553000612708597996e-05
3.454186232374585001e-05
3.382015438753785408e-05
4.223602619690176472e-05
3.611944325738352703e-05
4.860005029115734921e-05
3.441396917097623776e-05
3.383699569827814703e-05
4.535624029490479403e-05
3.594396578877552989e-05
3.652654116509487548e-05
3.461920620214899218e-05
3.541845569775843702e-05
3.562290497577649866e-05
3.406094972197319990e-05
3.391699824716385678e-05
4.569107729347390140e-05
4.141533860099798434e-05
3.561945830291293275e-05
3.437411642435410505e-05
4.118563006769089167e-05
3.331033741752851966e-05
4.291434459927699987e-05
3.335497246211064731e-05
4.925188370317870113e-05
3.728931633767162176e-05
3.342503097900745133e-05
3.398516512869873360e-05
3.574452787490454292e-05
3.655424020472647340e-05
4.275715968064886175e-05
3.550684074583652483e-05
4.180241939938065274e-05
3.546273623069771762e-05
4.644986530991974819e-05
3.896993562376501342e-05
3.376642717239099450e-05
3.455989116596015092e-05
3.535619611531842760e-05
3.975346912834086684e-05
3.386796042847673810e-05
3.559114633134501609e-05
3.468409501141450266e-05
3.983940210824629994e-05
4.276031780792577934e-05
3.339686478323752265e-05
3.464467260201905912e-05
3.602184595578773339e-05
4.652887410957938172e-05
3.433821785471414948e-05
3.840601916983897931e-05
3.507198694273340695e-05
3.580193517265661688e-05
3.985021047306004134e-05
3.791217706041328638e-05
3.462180503252040170e-05
3.829874914589569292e-05
3.423550316247566712e-05
3.333177226369263388e-05
5.430044034972753264e-05
3.805233494206393977e-05
3.512984042489356598e-05
3.556772091560138550e-05
3.636253909249532995e-05
3.494809583219510995e-05
3.390596644473764808e-05
3.476713979499869813e-05
3.929196521345052748e-05
3.399154429160510042e-05
3.351964546707896457e-05
3.372643534630778597e-05
3.773870507571670753e-05
3.326216765135409055e-05
3.712940238313129399e-05
3.529109383871061728e-05
3.612768767782504546e-05
3.418263029482592689e-05
4.485399384979705498e-05
3.466527553112898726e-05
3.970503477544532058e-05
3.729042919110758434e-05
3.868132433003536032e-05
3.617953452085918159e-05
5.471438325865436432e-05
3.842171847838964067e-05
3.741201372455739985e-05
3.409291964902526589e-05
4.023405419230914305e-05
3.923232748295747924e-05
3.953216271618944036e-05
3.516954649897963006e-05
4.859281850576729889e-05
3.543124597240000030e-05
3.546204820357533435e-05
3.613944978893676225e-05
3.475699026233510815e-05
3.359292961993604916e-05
3.619759209528787802e-05
3.609374259281802888e-05
3.950129089431464490e-05
5.459562128052158474e-05
4.395370387212236185e-05
3.608032271715832834e-05
3.330747657053214711e-05
3.585916193699253252e-05
3.948506207682179732e-05
3.518047736719113073e-05
3.507259489499364393e-05
4.288349759446461774e-05
3.731367122796439847e-05
4.630406814076573754e-05
3.736578349857137946e-05
3.444504683306695846e-05
3.781148805505858755e-05
4.244307740801201394e-05
4.061827127969590116e-05
3.964351188931949260e-05
3.322744973108372561e-05
3.895043291465205483e-05
4.291415553966682208e-05
3.382611582635745471e-05
3.404168959079166351e-05
3.796104484473997312e-05
3.429545549480816794e-05
3.558467327455609855e-05
4.054990350006058223e-05
3.424613738413242163e-05
3.333931647075205016e-05
3.519661786297919047e-05
3.419931127320179651e-05
3.712684669221040593e-05
3.766349359006148457e-05
3.352374750028478485e-05
3.406020844536537492e-05
4.694804922825664205e-05
3.380006574346794938e-05
4.451916337668525970e-05
4.142623964267065645e-05
4.108295045601772691e-05
3.378696383011922297e-05
4.540774296911636551e-05
4.204843404168048739e-05
3.479992081745227994e-05
3.394862174192441839e-05
4.325457405014706749e-05
3.505109631374970060e-05
3.416481072732517160e-05
3.416938367948473319e-05
3.415467891025348739e-05
3.376063361606357653e-05
3.903536174071014180e-05
3.558866456446811114e-05
3.940899207043906989e-05
6.539411751546204683e-05
3.339213990059589055e-05
4.438091868417236036e-05
3.437127832214550906e-05
3.521829891371702119e-05
3.513941944074761372e-05
3.461403319564557754e-05
3.712849278588119370e-05
3.364424076315479978e-05
4.298312650009732848e-05
3.325563081187692197e-05
4.290305518024067904e-05
3.449181098049319453e-05
4.599445027253212375e-05
3.781529832544199622e-05
3.634518838050065698e-05
3.664673962781429090e-05
3.342320924400952456e-05
3.424759786548018541e-05
3.435514780744763598e-05
3.449045833432003806e-05
3.605198584324173489e-05
3.476643919399736510e-05
4.274272695551810587e-05
3.619652373942319930e-05
3.636136932394803771e-05
3.738241558806028498e-05
3.849326585595099512e-05
4.036139279461601514e-05
3.658300956794991940e-05
6.174112949611503410e-05
3.729736106757256805e-05
3.724562892465746352e-05
4.400803742572231413e-05
4.039442529079501911e-05
3.491472172434344738e-05
3.378648662317662105e-05
3.466234552993308348e-05
3.375669468667630697e-05
3.411986274002718806e-05
4.202780897763270824e-05
4.635237600932315741e-05
3.644831495557925005e-05
4.279832657027041811e-05
3.968411142740640654e-05
3.567645321370829076e-05
3.351554205292359715e-05
3.710688266367514191e-05
3.437280455154061951e-05
3.321139237397768054e-05
3.842349241617843791e-05
3.508646859296234106e-05
3.917795192919290960e-05
3.433171881518179576e-05
3.812866052908929504e-05
3.590111011262318277e-05
3.349954563850093337e-05
4.893635205357312962e-05
3.667887142879993256e-05
3.393861640074949962e-05
3.332130746382495022e-05
3.620829409317515615e-05
3.473325892614612955e-05
3.455514229727222892e-05
3.367985819689023460e-05
3.818605622451226583e-05
3.505376025169702303e-05
4.220831716314721272e-05
4.514439175606575885e-05
3.473697882791709697e-05
4.756467051768231230e-05
3.620687849298620645e-05
4.117502548355748222e-05
3.328348309265181893e-05
3.389378387421681371e-05
4.597725421168392007e-05
4.032852733617649991e-05
3.492953702460966758e-05
3.390760655626491046e-05
3.757263661813940860e-05
3.815788023711870274e-05
3.718921454543392839e-05
4.147580394344856813e-05
3.581471117243199251e-05
3.542442114402794749e-05
3.365834699832543400e-05
3.376232134184867163e-05
3.358208774815344078e-05
3.616815738159932651e-05
3.425846495802890249e-05
3.866949650890182170e-05
4.331188978546249269e-05
3.523616756712770763e-05
3.396802726695429643e-05
3.420587971782787620e-05
3.555655335077551602e-05
3.401272930361801106e-05
3.825277595021581650e-05
3.667008940212336537e-05
3.456579836426443340e-05
3.335380914313476857e-05
3.678447417109322395e-05
4.889007642631881340e-05
4.975634872250577639e-05
3.368767109152705994e-05
3.546366992308086545e-05
3.882078356772314127e-05
3.425984294160143998e-05
3.819160841465321296e-05
3.571241526070294622e-05
4.002355584999100758e-05
3.718986135094133659e-05
3.479101485882686232e-05
3.556460082031583569e-05
3.906090921881260703e-05
3.506714762260425999e-05
3.647761007226521074e-05
3.757085481486542491e-05
3.377609575947379257e-05
3.852509764974636994e-05
3.501287732205636191e-05
3.774826899755971937e-05
4.809608263239552951e-05
3.982592494956055276e-05
3.351680478904388750e-05
3.717074597951234541e-05
3.699544441851253018e-05
4.135322861315225527e-05
3.929900648150716887e-05
3.363495071980725237e-05
4.482087604251483074e-05
3.979692888120191246e-05
3.723933645678409194e-05
3.600771606832077758e-05
3.490597309512624556e-05
3.663672325470153737e-05
4.363241578920907783e-05
3.521714685678702409e-05
3.838411717581610521e-05
3.319384015614116918e-05
4.528815502421779148e-05
3.980919941119090644e-05
3.699852811240593231e-05
3.679955263465003502e-05
3.346048594898657096e-05
3.519506243423496466e-05
3.470223444043064507e-05
3.484193240861977646e-05
3.322318749567028585e-05
3.710679589335511393e-05
3.757655576760634820e-05
4.269884683021290346e-05
3.870429336810274026e-05
3.512517435579865194e-05
3.850383223947424896e-05
3.609526405100124425e-05
3.447036364649578276e-05
4.878193572517772056e-05
3.573846770099261530e-05
4.933374556746121346e-05
3.353704809721179506e-05
3.367144527175154823e-05
3.363401280042612791e-05
3.853178781286420776e-05
3.683368838626924999e-05
3.433679480062741025e-05
3.362585270943961569e-05
3.651008450224375868e-05
3.804498501597891548e-05
3.500080843179484571e-05
4.622814550610401070e-05
3.348801635060002081e-05
3.765139050780593111e-05
4.367961367814172306e-05
4.160779733784583011e-05
3.427736516218626622e-05
3.327306429926668764e-05
3.866141845052952468e-05
3.749785286417883984e-05
3.685266920160092493e-05
4.309575801982741506e-05
3.821657584475825138e-05
3.385389774392583194e-05
3.376215257971036090e-05
3.463111966263041178e-05
3.919145328452495065e-05
3.323520608049890062e-05
3.729693327655325767e-05
3.406943006347584762e-05
3.573098477881442834e-05
3.590728506457418681e-05
3.861125780877693779e-05
3.422445343555326799e-05
3.353389625025893694e-05
3.438243959238745841e-05
4.048512692244083549e-05
3.894179229910511310e-05
3.573762578663374157e-05
3.727428386917363976e-05
3.724623009962852143e-05
3.971281247269455245e-05
3.487722180828994097e-05
3.572609810216095333e-05
3.594318440381236759e-05
5.341214558690244728e-05
3.749823223023401804e-05
3.331818667976211814e-05
3.672180213966345116e-05
3.535815326221504196e-05
4.862812289025380934e-05
3.398209864500180199e-05
3.350687155862543527e-05
3.940332890842184230e-05
4.156665328833440736e-05
3.879950055179341332e-05
5.211519557217342405e-05
4.813388235715759588e-05
3.594855844098914562e-05
4.824120824918361178e-05
4.754240910164336955e-05
5.350109341560041129e-05
3.794359152661269148e-05
4.200308381028353979e-05
3.329079430387069143e-05
3.533206653336386048e-05
3.799702359039322486e-05
4.620252418348313442e-05
3.813139809057381586e-05
3.604590232435635129e-05
4.639620443315797083e-05
3.494418153995281211e-05
3.412969537728487921e-05
3.443575294329352736e-05
3.479324193624702753e-05
3.589139052309515016e-05
3.793910229265107876e-05
3.334813636465085363e-05
3.561652062536986118e-05
3.517979917133762344e-05
5.158590640149829934e-05
3.419808948559929643e-05
3.494448858684440001e-05
3.606168075368079489e-05
3.432884419393586678e-05
3.835033777719248438e-05
4.273774146568450587e-05
3.335340195513128615e-05
3.371280272376981149e-05
4.313204218884733859e-05
3.823398843257452947e-05
3.513863826369846647e-05
4.236715456419231946e-05
3.413207042954991910e-05
3.620021616661722513e-05
3.844395525343368434e-05
3.485240068275614374e-05
4.505328734215767380e-05
3.731986523269715470e-05
3.939324735533287884e-05
3.442394588428428800e-05
3.335444898237918822e-05
4.223730246660287304e-05
4.498394474970480441e-05
3.366994336739156089e-05
3.943727436585841054e-05
3.456094622645271573e-05
3.713728299359851242e-05
3.761416015169752970e-05
3.863453567000688977e-05
3.350586630095823379e-05
3.630459152811012810e-05
3.778513740825508089e-05
4.391181850129162619e-05
4.457263326438196561e-05
3.771397775205000190e-05
3.351330324457445957e-05
3.693606039444261409e-05
3.588891788358958252e-05
3.872689709935331429e-05
3.766605448911885954e-05
4.800229289762290239e-05
4.003440411716549535e-05
5.370824858818766762e-05
3.555050225733139783e-05
3.526751509485700570e-05
3.647845132216092360e-05
3.379925254093465629e-05
3.414783798465017314e-05
4.030532036148980592e-05
3.529589898408528692e-05
4.800624648822672834e-05
3.369731710326102079e-05
3.487760764547495097e-05
3.548083290278187255e-05
4.348956662771987939e-05
3.902594188639869574e-05
3.448438288890279767e-05
4.033887574626004763e-05
4.885315229407215031e-05
3.413149718268326360e-05
3.410044772354361227e-05
3.416301374978657885e-05
3.685125431088111367e-05
4.211098543742917559e-05
4.308303077799291404e-05
3.638181389917752886e-05
3.367430688143449943e-05
3.347094677254744909e-05
4.190772427978327417e-05
3.770542785733883818e-05
4.785192730610526141e-05
3.861516605448188713e-05
3.464490840418094032e-05
3.406844236125276441e-05
5.014515458548222737e-05
3.488123394139347228e-05
3.362317888214511248e-05
3.400098272558124262e-05
3.600953025683468426e-05
4.830402947749164546e-05
3.792562581862547809e-05
3.525101411974334361e-05
3.716223677382179562e-05
3.367852724344864643e-05
3.405032051516382200e-05
3.545578055210675327e-05
3.505870608850025208e-05
3.996462982285562456e-05
3.469500789438749461e-05
3.587654765328243071e-05
4.931430742646768104e-05
3.541645838147883214e-05
3.780538942528786228e-05
3.562496768633091051e-05
3.731326531515462535e-05
3.910522068203900741e-05
3.820665030791886292e-05
3.430749218192857012e-05
3.339028422919301483e-05
3.335831638280226211e-05
3.931065401454059827e-05
4.266548573914873821e-05
3.656711959273177212e-05
4.049000828427871983e-05
3.345731422617403348e-05
3.653666344028401003e-05
3.787702164796932281e-05
4.391483540842116488e-05
4.135561167875761199e-05
3.702679516067257755e-05
3.889786207237005635e-05
3.478813979549431944e-05
3.412144741375771576e-05
3.366812950143652157e-05
3.968908820215219171e-05
3.688931585580741614e-05
3.344161644606243635e-05
3.411754000763210157e-05
3.572879442691230946e-05
3.847210912770138928e-05
3.579365039201613731e-05
3.319442957072643038e-05
3.520163408709072643e-05
3.944011787282426893e-05
4.315351179779256679e-05
3.339634310734282017e-05
3.884375619596533663e-05
3.405411182163657510e-05
4.660542948267006849e-05
3.856466400967712284e-05
3.553514221244578994e-05
3.576835638665814079e-05
3.487758192336112676e-05
5.438211941346842766e-05
3.750912396409672846e-05
3.408651034028170400e-05
3.391574828676734366e-05
4.122654448476155962e-05
3.803846197708361289e-05
4.306372604533516523e-05
3.457096488640161534e-05
3.378359491408400403e-05
3.851621161734584769e-05
3.391510936919504577e-05
3.868890748513322876e-05
4.175349170463258844e-05
3.793575482217778633e-05
5.910738060070171347e-05
3.433228291548826017e-05
4.106235918387535173e-05
3.333025703048263282e-05
4.121947863104933788e-05
3.616417654924973545e-05
4.428506150117376939e-05
4.279116027349641016e-05
3.637072457620714526e-05
3.326014541927617928e-05
3.330703862615270978e-05
3.334170400600756142e-05
3.474532510969720675e-05
3.441081978667501039e-05
4.353738689006968432e-05
3.830898677973326955e-05
3.536964239445881443e-05
3.426003206470628492e-05
4.162732337213359492e-05
3.548093105157845099e-05
3.423081905935898095e-05
3.684667700041032091e-05
3.650545664276995357e-05
3.639614292951400389e-05
3.405499079939908489e-05
3.427153615658481853e-05
3.860223163217074732e-05
4.729817972905668366e-05
3.691563518647103564e-05
4.063914912588656106e-05
3.667405547211373401e-05
3.482208082949718176e-05
3.389367256236557751e-05
3.543085185685674644e-05
3.499861749055404290e-05
3.501315726599045757e-05
3.895105939167502283e-05
3.343589788261489178e-05
3.572913142816360940e-05
3.405444144560886412e-05
3.322844893422299503e-05
3.727203398918791370e-05
3.719328890377263065e-05
3.412816636754024366e-05
4.424456873641338423e-05
4.303162841428090043e-05
3.620685528515769133e-05
3.421930437952524535e-05
4.198848272637570295e-05
3.385060296812943565e-05
3.323655705648880540e-05
3.475158769961218780e-05
3.971860701415128660e-05
4.340385416168670451e-05
3.503139125928601453e-05
4.036782972892953336e-05
4.639209668533078140e-05
3.844816621034904768e-05
3.344409942909270611e-05
4.598868013957591960e-05
3.395261053063341024e-05
3.549929626915719730e-05
3.404023218498013789e-05
3.514559157983117933e-05
3.566774942786219116e-05
3.333835550069189118e-05
3.362568205708094354e-05
3.666771367669794551e-05
3.944154858570019938e-05
3.382538829379448593e-05
3.343428002310781571e-05
3.634654329008714716e-05
3.622253445277007162e-05
3.348039125065577280e-05
5.555671397937818448e-05
3.322221725959505440e-05
3.562834011723506057e-05
3.480863947658761171e-05
3.759263974920023854e-05
3.365877248715443208e-05
3.561207642522104793e-05
3.432045833933278575e-05
3.648106567723257185e-05
3.557125448951380152e-05
3.785139200065494580e-05
3.377758471995744889e-05
4.091201307391924345e-05
3.674214596782735182e-05
3.405490839788413184e-05
3.517452308696116236e-05
3.323065276667571983e-05
3.489965802118858920e-05
3.322033536749778717e-05
4.289579130037381974e-05
4.560061194822554267e-05
4.375737380712608262e-05
3.483006134150889559e-05
3.366844127877281702e-05
3.451711304539698574e-05
4.611421121634561460e-05
3.635216812416542113e-05
3.492302862347057530e-05
3.647365320851987490e-05
4.186598547659981255e-05
3.489655067296583733e-05
3.337931838152405291e-05
3.859713238988630204e-05
3.558279889048789442e-05
4.020636543730055865e-05
3.351450880786764229e-05
3.546833737127802911e-05
3.637677445026499750e-05
4.131672698283164253e-05
4.196958555374791575e-05
4.916364296711833243e-05
3.753615768647590450e-05
4.291259934662575376e-05
3.425557339899012365e-05
3.652393575235926175e-05
3.466467389002226115e-05
3.441551688293992056e-05
3.476765873367364799e-05
3.402793364736325654e-05
4.166905999172874474e-05
3.425224862779650229e-05
5.148578379520057642e-05
3.356443485679233183e-05
3.327318141420610418e-05
3.543981500438555046e-05
3.708669353021801972e-05
4.423523240769308549e-05
4.010717411377471572e-05
3.617141564576244032e-05
3.936913693073817359e-05
3.671463426768159711e-05
3.802106567669028323e-05
4.651582868961195804e-05
3.809225596766744541e-05
3.542727963492686585e-05
3.481476740161741987e-05
3.561037605459778014e-05
3.895054682162637529e-05
3.463995563165086356e-05
3.363145447283783906e-05
3.490682000022341745e-05
3.389806861629580465e-05
3.586442773043119360e-05
3.394133333426843044e-05
4.422894271376613071e-05
3.645744959319633115e-05
3.424159256867906825e-05
3.573514783645592285e-05
6.312167682343869217e-05
3.626608759729396252e-05
3.858439565646537659e-05
3.564426844368495765e-05
3.634576251169066162e-05
3.484371210965088087e-05
3.419238622233224697e-05
3.849732476106018783e-05
3.562686023766648772e-05
3.447166533481541538e-05
3.374808090923762553e-05
3.645312224534319332e-05
3.381536635163122194e-05
3.612605321816284709e-05
3.629675681460612128e-05
3.515206282599759669e-05
3.775757810400805545e-05
3.582573056893886468e-05
3.324777020132119339e-05
3.547953236073440403e-05
3.952724080650044818e-05
3.783260631357977333e-05
3.936526516635328464e-05
4.350005017573796797e-05
5.489948368891557086e-05
3.966518040099196980e-05
3.473570429963792992e-05
4.091332324418415188e-05
3.721973160698977673e-05
3.319784760788770030e-05
3.789292128317815940e-05
3.577560197040416292e-05
4.051036965564859668e-05
3.552710082511636351e-05
3.599149500810242127e-05
3.668863240566466532e-05
4.095910669260852273e-05
3.778583909725452051e-05
3.326969675985460873e-05
3.595804638923083248e-05
3.415495137905031362e-05
5.738106392614265730e-05
3.745645967745288963e-05
3.520885399823920329e-05
3.990755955397028626e-05
4.010873300469965184e-05
4.721931137871698960e-05
3.464032257047696902e-05
3.364259350250413530e-05
3.366362201467938003e-05
3.813938626451472626e-05
3.534692658875247253e-05
3.395075479620173549e-05
3.886545014557856234e-05
4.595739060003645334e-05
4.259477735191998844e-05
4.247713015251089339e-05
3.892042450068436665e-05
3.381606647324521215e-05
3.350172951084843425e-05
4.388096145969060347e-05
3.555689486032486129e-05
3.381026826444764649e-05
3.335124944855425339e-05
3.702816986293017766e-05
4.712288436050495269e-05
3.879136234262759732e-05
3.343921959786100962e-05
3.859183655925266709e-05
3.432279726918086482e-05
3.691248839403441097e-05
3.445582336860001331e-05
3.621982208615583620e-05
4.104716415235191697e-05
3.668838623028906898e-05
4.624390219353999298e-05
4.537819534955179313e-05
3.943231981329199003e-05
3.893253814653184567e-05
3.839081584164774164e-05
4.198803490380944187e-05
3.365843209727456846e-05
3.768955907348760980e-05
3.809366878036771719e-05
3.339298065834398030e-05
3.657822651587173458e-05
3.781626617191342693e-05
3.321633537309207865e-05
3.346374331264737615e-05
3.424546117735174764e-05
4.312377902364280841e-05
3.540994645894481968e-05
3.543673770326431066e-05
3.535770735621706436e-05
3.443982819102883855e-05
3.779947364237464463e-05
3.626710412355578262e-05
3.514649825525314916e-05
3.406465543970869041e-05
3.371387581916868121e-05
3.759707626703745069e-05
3.361649175446283858e-05
3.414846499923684806e-05
3.462125381029981661e-05
5.211783791401004352e-05
3.456052421288455468e-05
4.555728515335780604e-05
3.851697517629935967e-05
3.358197357198229187e-05
3.343367327028466023e-05
4.014524045274069514e-05
3.485059642475288804e-05
4.751264590982746326e-05
3.932120082189384850e-05
4.081159980851150628e-05
3.766713700164354728e-05
4.488325271536684562e-05
3.876062899412794971e-05
3.536380006680950869e-05
3.780475056091071070e-05
3.400660923974812064e-05
3.906895046010632307e-05
3.672979167922215158e-05
3.433075172678026857e-05
3.738156533552318666e-05
3.353544362237608097e-05
4.087421725565304497e-05
3.409239935865877766e-05
3.497257756506339893e-05
3.646625935152362114e-05
3.329123283615055074e-05
5.255328425990135339e-05
3.454352638986681246e-05
3.649905664978401608e-05
3.705883504360819099e-05
4.111029049333809511e-05
3.513432833175571051e-05
3.481068244788864665e-05
3.736574093515041136e-05
4.004585998409053199e-05
3.374554629429632886e-05
3.959817203017783896e-05
3.620335043348919856e-05
3.377651718169822075e-05
4.042285863028703550e-05
3.500429787338122647e-05
4.598002120537376426e-05
3.432895166832347162e-05
3.433996288833869451e-05
3.725563072225967300e-05
4.972204104954642124e-05
4.012196810587074857e-05
3.432860237318055894e-05
4.172830103333144544e-05
4.097655508186320703e-05
3.880009537824620253e-05
3.391121959159047711e-05
3.337455762907219950e-05
3.460002652552970507e-05
3.868645114525378611e-05
4.071246936144886941e-05
4.179568065096591679e-05
5.200611222708533476e-05
3.723647918371610408e-05
3.748311264542108075e-05
3.666013542214096731e-05
3.463292931238175064e-05
3.364821599600728786e-05
3.369366891850348477e-05
4.424317799364879450e-05
3.560595404573222881e-05
3.767747900945039630e-05
3.586468977320553416e-05
3.668523030719758718e-05
3.399173754818447996e-05
4.629651488251947859e-05
3.342910720632979305e-05
3.321327565980735372e-05
4.281620593760502712e-05
3.384660896429020913e-05
3.613469020274373013e-05
3.371929633913684366e-05
4.918954141064810453e-05
3.416312266491575947e-05
3.452703447962655469e-05
3.569741502920857168e-05
3.657448009483460044e-05
4.609403164294605842e-05
3.321924726487823835e-05
3.387395450815576189e-05
3.954192862807477275e-05
3.504058735773677146e-05
3.542626937871971166e-05
3.322277588988207543e-05
3.501631257191785044e-05
4.012373537849215862e-05
4.263670218480021052e-05
4.945889403327227951e-05
3.630102039721107765e-05
3.906620150794631717e-05
4.599240691144746514e-05
3.352500938669390464e-05
3.326205042974060501e-05
3.623446686734554316e-05
3.363088588291142904e-05
3.671626468256482517e-05
4.182705059881285716e-05
3.493481304358868670e-05
3.479689245933546778e-05
4.585614124128129415e-05
3.929089018830334511e-05
3.558494102154560870e-05
4.101358169078882747e-05
3.814614344333772377e-05
3.853734096020568060e-05
3.720632291579509211e-05
3.814984240876296228e-05
3.647322106569619301e-05
3.481647338446868228e-05
3.568655195533640011e-05
3.373450052748675957e-05
4.443101398384084782e-05
3.340587464709458121e-05
5.018396976412218549e-05
3.355405401090060116e-05
3.939495877575018809e-05
3.437406288122012821e-05
3.732042041918471058e-05
4.165085088271503128e-05
3.432056588595115904e-05
3.640919950420099774e-05
4.060667852444171494e-05
4.544162456840708465e-05
3.708830108441934695e-05
4.141525841705249566e-05
3.610682137385526607e-05
3.973247208240511432e-05
3.613387343378195990e-05
4.172723284120334473e-05
3.838708158375497343e-05
4.222204105810566950e-05
3.436900201978957081e-05
3.563496111455712018e-05
3.564031849280240076e-05
3.771430967929185872e-05
3.726101489826339673e-05
4.125678442722604833e-05
3.584320861865299449e-05
3.682817492898914785e-05
4.751055726731410577e-05
3.383693978523246923e-05
4.437464582757057305e-05
3.394435452733241692e-05
3.568592403312729149e-05
3.709058174470754706e-05
3.330762254847304362e-05
3.815828200633065748e-05
3.505015746007880765e-05
3.701100875811963833e-05
3.347909594792497522e-05
4.096998128909826441e-05
3.799444226618266327e-05
4.754964994807805230e-05
3.525071435953081478e-05
4.045512050772401660e-05
3.867890537222811397e-05
3.539575188549161437e-05
4.797812447715719275e-05
3.717301275745450105e-05
3.425205938648268012e-05
4.150529234998321445e-05
3.498309176625825494e-05
3.327417684542484676e-05
4.244648006921924739e-05
3.711349725786859774e-05
3.395211200251631388e-05
4.764503346288547300e-05
3.886873478276803821e-05
3.414993699602601718e-05
4.012872108297504763e-05
4.060637377455112248e-05
3.447458700004366083e-05
3.471810787127810799e-05
3.402584140458091746e-05
4.138106115783741628e-05
3.322415765383225552e-05
3.757081288728419244e-05
3.552790763390799392e-05
4.514100074825903289e-05
3.727124108533681643e-05
4.068095131851026496e-05
5.291864266752681134e-05
3.432666763847463243e-05
3.799625127622871306e-05
3.491592707453304069e-05
3.402674992187800976e-05
4.520382302920577600e-05
3.599413701596841696e-05
3.615607148260513795e-05
3.419608006272214064e-05
3.802942187617806645e-05
3.550186874519172182e-05
3.368948206572008766e-05
3.503169620872892284e-05
3.334167489255570487e-05
3.323934663771745644e-05
3.522082806649894045e-05
3.603476146247036957e-05
3.747448042724886710e-05
3.565804749598443674e-05
3.388529345988953187e-05
3.487668161651007686e-05
6.464967323093258756e-05
3.338526669747669080e-05
3.368484090826650657e-05
3.425270820187431109e-05
3.871607268391338559e-05
3.634741587018659086e-05
3.363932672620957175e-05
3.638806472935478828e-05
3.607143884668501208e-05
3.856505423216369618e-05
3.651108245654864528e-05
3.616089320183399445e-05
3.531706501418458176e-05
3.477624407703713957e-05
3.470969144422853604e-05
5.156134282690658251e-05
3.604294175343421307e-05
3.393670309887830781e-05
3.355940282217974161e-05
3.357594926498128665e-05
3.864872051443462138e-05
4.310430894583041131e-05
3.402842912673597692e-05
3.686577194945593676e-05
3.543107354833325629e-05
3.411223708301651636e-05
3.455379645813083769e-05
4.450805089286189343e-05
3.495328744461859258e-05
3.866709488522623688e-05
3.779545275487940443e-05
3.325563081187692197e-05
3.698069415029402971e-05
3.697307194708820673e-05
4.204289571283924867e-05
3.590018361787787252e-05
3.507677378248584045e-05
3.707595710714264538e-05
4.252378943418579982e-05
4.239128540549694625e-05
3.524296812325437335e-05
3.516896828491989518e-05
3.720946643374588428e-05
3.334452767862191241e-05
3.342737280858646862e-05
3.627497954671300110e-05
3.643680227093978034e-05
5.001112909361103774e-05
3.595508953795069319e-05
3.541635974054980942e-05
4.517048413713263533e-05
3.702249558263214098e-05
4.423255624280844563e-05
3.426000504729565091e-05
3.447915405773469504e-05
3.545391195668278487e-05
3.673518972338241030e-05
3.546595472720205416e-05
3.521930061811731616e-05
3.377519667706448749e-05
3.615709653709776650e-05
3.513594157594298218e-05
3.785022121381954538e-05
4.398870132140605949e-05
4.538842024913196171e-05
3.521188614944506794e-05
4.248752269010335256e-05
3.385738701096371991e-05
3.455498397073719354e-05
3.635079083507771109e-05
3.383089968021366285e-05
3.529798978094053483e-05
3.473921544423025311e-05
4.209203979281269747e-05
3.681124395412019399e-05
3.367875379893029000e-05
3.445297713544229017e-05
4.222974966108385239e-05
3.324419017024414437e-05
3.814831469477758942e-05
3.319761191225573663e-05
3.764995242563791411e-05
3.591058509132381301e-05
5.950810185590373671e-05
3.856212729880046243e-05
4.281766934990139268e-05
3.828687201589993095e-05
3.903955052918273058e-05
4.050290367763126684e-05
3.383582147095862938e-05
4.268894931569143378e-05
3.376690515932096533e-05
3.651831538293738843e-05
4.460488702992040368e-05
3.398350766443521890e-05
3.412592712047576464e-05
3.622710016747708649e-05
3.460362822793713373e-05
3.388415167933013668e-05
4.189200598649694751e-05
3.515085443737232329e-05
4.047081486414517152e-05
3.349859725621958902e-05
3.373909474555117041e-05
3.945273257474961554e-05
3.455184341556129712e-05
3.642614697745538666e-05
3.577481043080608231e-05
3.351648911727876559e-05
3.569654631779794454e-05
3.408760618346359431e-05
3.658163348862546275e-05
3.678671814102700864e-05
3.790481352123265988e-05
3.359575263339734303e-05
4.001372202585821465e-05
3.395731785922577049e-05
3.439583601312707815e-05
4.128154418864611082e-05
3.429691020826037114e-05
3.339674885719752853e-05
4.702025675633240249e-05
3.491451654695669547e-05
4.030179466053997991e-05
5.589969162814365341e-05
3.768897714589230591e-05
3.682436511048914292e-05
3.503677762505411964e-05
3.374594060211710529e-05
3.357483544193827290e-05
4.039535277327160878e-05
3.324715404199461613e-05
3.547400973148989186e-05
4.067126197933349462e-05
3.419542828826622132e-05
4.350338439348487693e-05
4.884378191098732579e-05
3.840422327516257326e-05
4.170714311037472560e-05
3.637464356031701763e-05
3.519880016205334652e-05
3.594507858975314285e-05
3.514657380863498478e-05
3.325448723471030479e-05
3.444411509216595193e-05
3.354621247781647644e-05
3.473853929966637171e-05
3.460081530765548886e-05
3.653249771062600394e-05
3.399505004833761469e-05
4.749780007501879891e-05
3.427922663129248312e-05
4.307613793350035446e-05
4.153726868843238268e-05
3.409239935865877766e-05
3.890212979656585768e-05
3.363898579493390895e-05
3.464676846650739455e-05
5.947398333337727410e-05
5.078053706411464848e-05
3.452520952427003711e-05
3.626084200060289609e-05
3.414865582347916743e-05
4.573530189153117778e-05
4.090920991712514306e-05
3.486564123054493211e-05
3.601271037044030053e-05
3.318387469339126192e-05
3.793783688101191079e-05
4.894354643216949360e-05
4.667460050990406489e-05
3.411830519103952153e-05
4.276429760361783486e-05
3.336116525748100003e-05
3.828346815645076594e-05
3.500656422442841254e-05
3.816613425865752281e-05
3.422949202769093644e-05
3.702723158929384703e-05
3.392355152163611384e-05
4.872705321362503085e-05
4.636766426741176559e-05
3.507244290964548861e-05
3.889214435245636593e-05
3.562707859118452078e-05
3.812425111361428715e-05
4.337675180478206338e-05
4.234221630898862674e-05
3.777022836860963932e-05
3.471245411015918024e-05
3.399612641979491150e-05
3.995949913216408875e-05
3.603288021370685694e-05
3.347414374251645705e-05
3.351861256984779925e-05
3.859993525614698344e-05
3.349621160463122987e-05
3.399745105602301016e-05
3.395424445390728526e-05
3.381200521287054813e-05
3.501692318598718115e-05
3.639669197660517510e-05
4.368223167397542025e-05
3.323573474126253092e-05
3.784833131266612523e-05
3.338013100632802112e-05
4.406528398771982066e-05
3.699666923261872662e-05
3.328842595500674395e-05
3.372056642693649180e-05
3.628628791127574401e-05
3.779726745487801878e-05
3.593688426092165640e-05
3.419569986510794511e-05
3.863354549508998359e-05
3.523194040293047626e-05
3.408023477226085541e-05
3.408407174154404185e-05
3.375700421974113589e-05
3.673739738559845771e-05
3.495834914278177680e-05
3.354521045899072098e-05
3.520145855244067185e-05
3.456740654009421464e-05
3.424524478342672490e-05
3.677685074896436040e-05
4.049133928395269442e-05
3.361634943540115162e-05
3.333681196510265783e-05
4.008787561170774438e-05
3.367260699592484921e-05
4.744413877626657604e-05
3.486618189284140692e-05
3.402955764458318847e-05
4.039466575483820747e-05
3.708193491568868898e-05
3.361452760505259722e-05
3.361911012951804484e-05
3.381116478459730233e-05
3.328216660549511733e-05
3.666197432939862915e-05
3.378701997089390315e-05
3.745005266032850623e-05
3.456780196165151514e-05
3.997382514864897821e-05
3.531204403743031520e-05
3.730730340715001080e-05
3.702096748308559692e-05
3.344181856828649127e-05
3.557010922991317317e-05
3.475836650775027099e-05
3.699701915902575716e-05
4.037777216983235053e-05
3.446765357593551928e-05
3.974136677130721821e-05
3.508269785816315044e-05
3.850453768792883811e-05
4.066824434986882747e-05
3.527437385004793231e-05
3.399264857422008271e-05
3.367473181594228727e-05
4.284005703909947357e-05
3.374394076734656432e-05
4.117870780317354579e-05
3.425924853600880197e-05
3.410058455532839305e-05
3.775999743812462350e-05
3.880682859996715758e-05
4.727612858947192846e-05
3.990615655945568732e-05
4.702432846463561991e-05
3.334662317545184304e-05
3.475623715895393074e-05
3.919169593044841225e-05
3.964635107085399404e-05
3.496172248885232058e-05
3.965407009426909018e-05
3.932793190800229559e-05
5.823801438298709777e-05
3.474935327265045399e-05
3.477621814822059808e-05
3.401964518972349304e-05
3.654300008913143283e-05
3.845396895572459511e-05
3.333890879578711730e-05
3.336471088117364350e-05
3.785059094673718776e-05
4.449748367041585662e-05
3.368178357567716747e-05
3.629182316797908140e-05
4.977676674325180869e-05
3.732827600870592733e-05
3.442085235328959852e-05
4.516496319135483690e-05
3.372711234861217494e-05
3.730980388108927028e-05
3.772026226018694719e-05
3.318647004417292007e-05
3.357629195932233080e-05
3.544399895503188690e-05
3.421559031664912271e-05
4.241061699918944027e-05
3.880819020009667838e-05
3.340822017102515197e-05
3.790385187992066911e-05
3.435099122838283623e-05
3.503276347429508223e-05
3.542360783674715168e-05
3.410572833510089541e-05
4.155745787269523900e-05
3.320930276008072531e-05
4.257964292413605551e-05
3.963184186441192313e-05
3.907745754406657083e-05
3.581411332469812913e-05
3.766636676112732930e-05
4.519895638613707065e-05
3.909195677947656475e-05
4.028986320490180400e-05
3.544931307508254048e-05
3.337458666371000523e-05
3.340306521375115253e-05
3.866862499934105524e-05
3.663993560257151753e-05
3.607933852126307548e-05
3.555269854608244991e-05
3.482301085676219385e-05
3.757508883794629555e-05
3.414841047748614744e-05
3.845847180016399711e-05
3.368990647407386500e-05
3.797562671807838187e-05
4.699852458569629964e-05
3.318735469528488150e-05
3.994645194238562852e-05
5.236627249578049029e-05
3.714885741879280303e-05
3.814859612841664413e-05
3.935227789137645329e-05
3.991377372137288893e-05
3.521576926136063296e-05
4.585092926065465472e-05
3.717609928189279724e-05
4.393214771212094886e-05
3.521992664358330658e-05
3.541734611584389491e-05
3.340891505411811301e-05
3.842682286873513376e-05
3.441983878892941032e-05
3.538774665144308457e-05
4.245196471908965156e-05
5.793572012130459431e-05
3.434251288352191173e-05
3.895477971460391758e-05
3.474820992465673899e-05
3.763585539275136980e-05
3.386302357713343427e-05
3.338378714487501932e-05
3.503012055802282211e-05
3.917187868444295705e-05
3.457992218759668051e-05
3.864152315584202309e-05
4.066374204850019503e-05
4.029920169213565753e-05
3.450501151222591493e-05
3.896441763885335926e-05
4.292933119213004456e-05
3.729342488111492732e-05
3.396127616410483805e-05
3.798738689658415435e-05
3.349074871473257307e-05
3.631447046325939906e-05
3.328573541636082862e-05
3.387518084404886624e-05
4.146893418863683097e-05
3.836396227875575452e-05
3.743185128898531634e-05
3.513538704622919497e-05
3.778102974498221003e-05
3.321680602942517912e-05
3.663440898570737687e-05
3.540024646976086027e-05
5.664240785122587297e-05
3.435176901610162252e-05
4.556743693643852704e-05
4.130513239325854535e-05
4.353789008205822902e-05
3.914199800474862272e-05
3.477017528412326968e-05
3.382477265570533337e-05
3.503886042007015896e-05
3.745800283180470938e-05
3.506032891936630529e-05
3.970679952789728018e-05
3.410031089024891733e-05
3.414691103552270517e-05
3.757202873490282261e-05
3.590460169426585706e-05
3.633820494880835511e-05
3.660144882856583624e-05
3.327915277353977460e-05
3.383769458991221318e-05
3.686895179794927329e-05
3.736320817158754026e-05
3.931487367119331682e-05
3.348790129023793773e-05
3.910131418896883176e-05
3.666392508786542608e-05
4.402903082228169942e-05
4.300543726876995891e-05
3.359124690766992550e-05
3.763345578312627819e-05
3.821011304437751049e-05
3.419024003166631941e-05
4.030257246160662987e-05
5.185478501425795915e-05
3.901205555252202652e-05
3.399557444613956401e-05
3.479461424223027303e-05
3.503985089823867028e-05
3.693682930557335071e-05
3.657666939672710529e-05
3.506030356422258013e-05
3.378682347706017338e-05
3.865641818990927332e-05
3.489562602578265586e-05
3.347034184591975880e-05
3.643121330342631754e-05
3.913574075754948118e-05
4.824194615091080058e-05
3.497227119588756130e-05
3.810131565100749527e-05
4.011183277582731086e-05
3.921443031898062467e-05
3.432432943386910546e-05
3.530560337656864027e-05
3.509838084071281554e-05
3.374886934935241676e-05
3.426856663345163753e-05
3.511477676428929949e-05
3.379942079414911100e-05
3.563857334582970244e-05
4.061910019384302117e-05
3.538539849333595231e-05
3.666000085799158646e-05
3.818697840259508368e-05
3.345295896872719891e-05
3.600851716956425183e-05
3.362204090592167325e-05
4.166464384757123852e-05
3.782098087517065792e-05
3.636957845497610877e-05
4.148634213492554963e-05
3.989316798104743989e-05
3.613046579265607479e-05
3.381012817726876282e-05
3.394014128401913526e-05
3.419553691971466246e-05
3.896809653420379782e-05
3.531845662065897774e-05
4.122948354873820845e-05
3.387629558892717418e-05
3.658537789574983122e-05
3.729678354650861735e-05
3.495750566637927033e-05
3.377008189376373308e-05
3.854482640466598759e-05
5.424187972684332485e-05
3.330464425026296541e-05
4.288568320302467852e-05
3.476117046865920274e-05
4.733298078553809196e-05
3.833592647770931410e-05
3.399019141093836027e-05
3.997205726850421850e-05
3.733555118110818164e-05
3.694945512005940483e-05
3.357414996186404009e-05
3.620968633834456806e-05
3.505203509827015866e-05
3.377497189617805130e-05
3.463306043631779376e-05
4.124159096207080351e-05
3.728636255296422826e-05
3.683587985332588709e-05
3.346391624563333444e-05
3.367019842074109510e-05
3.372347302172816648e-05
3.529231396830958959e-05
4.164744015858451686e-05
6.340165648036046790e-05
3.678996123434188865e-05
3.678718466176640649e-05
3.436302810212252669e-05
3.437869351442741960e-05
3.429691020826037114e-05
3.338123376726628432e-05
3.715674830196627075e-05
3.353177545839960245e-05
3.464123987078069803e-05
3.322212905245151333e-05
3.626037973345244117e-05
3.497911168329801112e-05
4.049947624237923861e-05
3.569205704907893792e-05
3.640170097946026099e-05
3.389066676230388674e-05
4.526261313018623130e-05
3.591454876911837199e-05
3.354478099715295874e-05
3.633760751027526151e-05
3.506337117059430016e-05
3.548218238329280474e-05
3.644858840271004692e-05
3.411937090357575268e-05
3.321254003623234626e-05
4.884989359100526748e-05
3.318632259601582218e-05
4.936978919480109065e-05
4.352624267981000704e-05
3.757024685234352607e-05
3.582785688475201145e-05
4.189175734566396783e-05
3.362150033010867181e-05
3.429391977982904733e-05
3.964815917528953022e-05
3.478845064465470988e-05
3.681705253865893979e-05
3.687259444739559303e-05
3.357454982991789019e-05
3.498605050808058751e-05
3.463250970661175968e-05
3.412546283575648557e-05
3.679366983630882740e-05
3.746149013940984566e-05
3.413635529366226812e-05
3.888148416351204642e-05
3.352601306670722537e-05
3.652423030290058160e-05
3.605076466825535991e-05
3.525401133639948908e-05
4.012114563868866070e-05
3.652667708564532500e-05
3.442930441743995086e-05
4.789036654029291324e-05
4.930835276078200045e-05
3.459208336288893562e-05
3.420826738338382099e-05
3.416532799086090711e-05
3.565231002171991514e-05
3.846287492698241138e-05
3.519807277037092364e-05
3.798962385917989019e-05
3.587245337904169137e-05
3.346308038009975362e-05
3.610071644475617230e-05
6.058599034065644283e-05
3.516275712018729777e-05
3.491261849892151264e-05
3.519762126508562262e-05
3.558547649890500910e-05
3.451285103564527974e-05
4.040026401911966979e-05
4.947129222536504178e-05
4.278838959327509173e-05
4.455995767676215649e-05
3.767075863313622703e-05
4.113295674011529905e-05
3.406830517416024754e-05
3.332944105720810914e-05
3.432021635605288207e-05
3.538930361476640124e-05
3.361908167193420092e-05
3.890452982573570575e-05
3.962478098327099952e-05
3.989430561254006378e-05
3.368973671249669388e-05
3.396166362227733129e-05
3.759012787438880293e-05
3.788960354458381310e-05
4.179513328963177542e-05
3.335375097425693911e-05
3.347638975973478415e-05
3.432177572155262473e-05
3.896574518546823326e-05
3.761641689035915512e-05
3.705197576658948483e-05
4.025128755975239544e-05
4.006712885181896587e-05
3.423141482347946538e-05
3.735354101998584358e-05
3.340790166965698920e-05
4.132058447898614902e-05
3.379285721132820362e-05
3.684521723926514799e-05
3.703580454310400000e-05
3.343682227711451124e-05
4.013989337009448430e-05
4.679365765612753805e-05
3.562753954763735187e-05
3.366350859738180627e-05
3.764697157142864783e-05
3.774946919238681374e-05
3.538833980254061859e-05
3.412196648700772884e-05
3.832620481107518233e-05
3.354174570245305697e-05
5.942216960845816596e-05
3.452669066773836142e-05
4.180034024350965614e-05
3.463641674434574347e-05
3.411409609813854672e-05
3.434712839257519196e-05
3.836437793367952385e-05
4.791981147496910201e-05
3.449560291652437153e-05
3.746761718418564746e-05
3.959597659076964719e-05
3.386386047090856677e-05
4.283557038165992540e-05
3.567466457895053023e-05
3.922547669539885065e-05
3.356206205352331852e-05
3.887453832191628702e-05
3.331448152798716832e-05
3.858119992165898914e-05
3.758221245018121337e-05
3.645221104471215183e-05
3.480869120144841573e-05
3.454711790817642015e-05
3.451888625042537980e-05
4.691393649451637110e-05
3.342491532141078549e-05
3.698931867465670532e-05
3.597083593854239598e-05
3.320468078034118748e-05
3.929689446538026733e-05
3.536050639883413455e-05
3.466056626828575827e-05
3.508163476508958337e-05
3.368506734699258659e-05
3.466993073936705717e-05
3.720509545367743333e-05
3.414372071110889032e-05
3.419450488263539231e-05
3.534605877754883090e-05
3.825032163748051921e-05
3.453041920175988286e-05
3.387757742084191570e-05
4.669582729343059853e-05
3.883673436666827753e-05
4.302674888842603507e-05
3.320788985848026640e-05
4.068852985509743391e-05
4.111472505280251905e-05
3.675471153424222551e-05
3.443601933986603300e-05
3.427048340661887455e-05
3.521647060118671851e-05
3.551981281427501645e-05
3.667331612478703218e-05
3.776127930564818290e-05
3.623066820317724185e-05
3.703233675349652831e-05
3.434696741515482664e-05
3.466964310778679434e-05
3.616883237403298426e-05
3.491302891173071889e-05
4.380185216042343935e-05
3.538176418287551324e-05
3.860888510909454483e-05
4.313386351638140101e-05
4.465498602975447197e-05
4.337591866808866020e-05
3.684915380696968909e-05
3.560284315665585860e-05
3.460428536168622858e-05
3.607448676251758202e-05
3.518693098787212633e-05
4.254599419946931933e-05
3.751990179718527762e-05
3.445890827429742869e-05
3.422675627107060964e-05
3.755785109736059713e-05
3.948434890408873628e-05
3.360495853800589817e-05
4.019090786030840064e-05
3.338773221784766481e-05
3.641205605637016753e-05
4.760867034360431743e-05
3.451057384098128381e-05
3.637856138364051141e-05
3.639609717456160538e-05
3.560503057854899275e-05
3.844525409504481164e-05
3.692161865859931941e-05
4.116835915927224504e-05
4.846713336569536778e-05
5.243521303005546446e-05
4.318899117376622540e-05
3.430724994706077881e-05
4.010274174948030867e-05
4.229041664109870022e-05
3.378463376170725814e-05
4.296435037512702097e-05
3.939313693409093170e-05
3.395845288757461285e-05
3.365619096089424400e-05
3.833594631091418961e-05
3.435782873759764050e-05
3.538774665144308457e-05
4.200331521613650187e-05
3.496918156085986268e-05
3.600872921757197179e-05
3.696255146739447784e-05
3.502157815570594340e-05
3.562157010566565512e-05
3.963229436702580020e-05
3.622158402889403720e-05
3.578387427493285791e-05
3.726416718745490778e-05
3.331127142532902389e-05
5.817713205328807930e-05
3.349313543646257463e-05
3.532638093306414542e-05
3.517989964706612973e-05
4.472140237065149457e-05
3.917901681607317057e-05
3.347615941806566511e-05
3.541436209916310970e-05
4.272638210682585950e-05
3.607516658560316371e-05
4.405584278334916218e-05
3.607113401614639339e-05
3.449263310590827599e-05
3.636029121031413393e-05
3.583664516034121408e-05
4.024833867438887199e-05
3.343008992188316872e-05
4.338664723259240554e-05
3.902080458213658820e-05
3.711323707280121150e-05
3.363588856727004833e-05
5.376771579628394866e-05
3.340318107951863348e-05
3.392208011480991225e-05
4.680912557042134876e-05
3.386865756438564779e-05
3.535775690209163566e-05
3.499540682559673562e-05
3.969891049195151231e-05
3.655591297058670875e-05
3.726125080923622132e-05
3.575123405902874745e-05
3.394615580431570751e-05
3.617546407803434787e-05
4.714917521417906791e-05
4.127061865630207309e-05
3.427283172678099402e-05
4.017984426646765251e-05
3.616529409752774734e-05
3.324333902327103831e-05
3.474633876838791030e-05
3.663629638095130208e-05
3.320011594307920087e-05
3.692115679433899487e-05
3.908236750186802426e-05
3.420327446893505841e-05
4.505048822191790123e-05
3.320220714727253891e-05
3.611621881870652646e-05
3.543230509818969562e-05
3.919320770814663056e-05
3.661182939175123381e-05
4.427565521644726606e-05
3.535413955138627586e-05
3.655141410850866311e-05
3.363651375896371755e-05
3.463298176211999490e-05
4.004925453893444043e-05
3.365499930355575714e-05
3.337281542367308773e-05
3.375267004636837672e-05
3.331424809465668226e-05
4.127252917493569626e-05
3.330102258729874263e-05
4.066591748885532758e-05
3.681734068525126718e-05
4.139906855356907943e-05
3.812523781695271346e-05
3.432083474844255223e-05
3.800315992132224647e-05
3.479189537815333382e-05
3.479124794343611338e-05
3.445893486501041116e-05
3.961059445050365494e-05
3.352672993041547168e-05
4.462382453464305962e-05
5.123699289155287935e-05
3.403230969558832913e-05
3.955143308916211588e-05
3.393220983264719524e-05
5.495002398440207772e-05
3.552235674827520438e-05
3.360159619425113239e-05
4.836034570178643599e-05
3.688836783743057565e-05
3.846967346240108109e-05
3.596383987890462475e-05
3.718002656680225858e-05
3.652325599540823042e-05
3.499211887681033886e-05
3.580923386118894090e-05
3.857778903577317454e-05
3.891191783554981214e-05
3.659187171734692951e-05
3.471948835916183667e-05
3.925473709689026583e-05
3.369330121172184914e-05
3.408623636434773672e-05
3.397521700665693975e-05
3.493522273977543252e-05
3.467973243869586670e-05
3.647306185163281199e-05
3.438519491897809718e-05
3.368164201401667522e-05
4.581561458883988370e-05
3.455374367718784393e-05
4.134398260852909624e-05
3.674724936914854599e-05
3.328623262615741120e-05
3.908548942795980551e-05
3.629800146213117408e-05
3.798905448488609711e-05
3.722358172875435260e-05
3.356309127785767863e-05
3.492620636983666271e-05
3.345027581551440288e-05
3.579824837806585479e-05
4.102011982380336934e-05
3.469224140592335381e-05
3.863469098523046266e-05
3.480457841529246331e-05
3.822657425635237995e-05
3.701734301059968196e-05
3.477619221935089681e-05
3.387080449507990070e-05
4.078204900231167918e-05
4.097171586284230267e-05
3.472513897177096411e-05
3.874066160610693430e-05
3.977198012968306509e-05
3.458160755443485517e-05
3.996378073017715980e-05
3.596154643686050567e-05
3.331804082907052728e-05
3.622723919994842002e-05
3.339842967648063522e-05
3.394795681849030916e-05
3.688576595436580735e-05
3.567219875916473928e-05
4.316291878189345963e-05
3.411792260523498606e-05
3.383031228958369835e-05
4.214778270484521335e-05
4.902652731592223155e-05
3.677627270301395352e-05
3.408366069450633959e-05
3.362662061558187434e-05
3.373667101668521997e-05
3.860645364836692790e-05
3.458060689511789838e-05
3.558092423485539120e-05
3.425076165429661820e-05
3.695257132121094307e-05
4.867930249609680115e-05
3.601344050973305630e-05
4.770220816435656613e-05
3.411045982279112786e-05
3.755587848477009880e-05
3.638014193120975309e-05
3.782073385661043573e-05
4.001502653535059283e-05
3.648808778474094317e-05
3.493102272733568739e-05
3.372392446978321207e-05
3.390543822678328631e-05
3.679151586330620122e-05
3.330870273055764377e-05
4.956899757930789381e-05
3.536716715592371434e-05
3.480972565427955634e-05
4.413734332362824920e-05
3.855166339510147032e-05
3.335066762443458820e-05
4.562111447496709895e-05
3.819022558571330913e-05
3.356380596591675131e-05
3.988433052352531729e-05
3.377640480385218506e-05
5.046717876447926295e-05
4.021325341526997240e-05
3.740106525072181440e-05
3.410244531771775261e-05
3.796516028502859683e-05
3.685492387496861025e-05
3.639186415725769873e-05
4.270607053951958618e-05
3.617041497907905483e-05
4.217328235983029808e-05
3.503350034357750469e-05
4.269771137029100989e-05
3.509097176879765096e-05
3.572330489001692327e-05
6.177154168477499931e-05
3.505173063519088526e-05
4.198670680103175215e-05
3.338471551268089446e-05
3.584065522952616318e-05
4.138936876216924444e-05
3.481396602728794166e-05
3.859719078864272054e-05
3.331751575204241209e-05
3.482629124087600165e-05
3.512668786227095621e-05
3.924164894963566612e-05
4.040407511338566659e-05
