1.118937643401094120e-10
1.490841202162505165e-10
1.501818357824833634e-10
1.153446498295645223e-10
9.429191609990969123e-11
1.239595586120549697e-10
1.469028555515231176e-10
9.195726047395863874e-11
1.139209825916735719e-10
1.565832663452925125e-10
9.788666205588483553e-11
1.126929980410932724e-10
1.023200818919319136e-10
9.682231449302210773e-11
1.043676296491598857e-10
1.176541251773333566e-10
9.600572319928812022e-11
1.618734035244746548e-10
1.453782394979897585e-10
1.272464987141650786e-10
1.007531038261625235e-10
1.009461063437989313e-10
1.173202087235754708e-10
1.079730316180301028e-10
1.017260900670262499e-10
9.426483208065340902e-11
9.953976959376778441e-11
1.330174964595960227e-10
1.455859886517245110e-10
1.540498494564037117e-10
2.259956957831665627e-10
1.317106744033069953e-10
9.856709109532180859e-11
1.041839800878064169e-10
9.810598103361507977e-11
1.085520628875231577e-10
1.215884305491293058e-10
2.710246435964406841e-10
2.042238886358413701e-10
1.163144914978493255e-10
1.058683831558918240e-10
1.666912744293778693e-10
1.050795695039324433e-10
1.492904397832583402e-10
1.678452372615059687e-10
9.620484392601480046e-11
9.614487936387921604e-11
9.885740474281712982e-11
1.479326743000798577e-10
1.248992329043697201e-10
9.652462448348180790e-11
1.883219393867829758e-10
1.209229434552784064e-10
1.494368977886095314e-10
1.826045880072903373e-10
1.242738077166828616e-10
1.182951887517712177e-10
1.514557661288045437e-10
1.461158491557736285e-10
2.444975057788112616e-10
1.492165772802399876e-10
1.014356495630167387e-10
1.411073482001141302e-10
9.205377492000282932e-11
9.962041290161339323e-11
1.311308383927436968e-10
1.009683146944977507e-10
9.705228037426608959e-11
1.659770961356119015e-10
1.107373657962968238e-10
1.148123336138434155e-10
1.054538236322857305e-10
9.894846167242471168e-11
1.838987051169881557e-10
1.163338453050302732e-10
1.027408110685587794e-10
9.718640113318495721e-11
3.438215438776472899e-10
1.055416127457927528e-10
1.126068337473542714e-10
1.049680953387353005e-10
1.068111665173699030e-10
1.226466824894780223e-10
1.116730499530183806e-10
2.295937433685746991e-10
1.632700163087355525e-10
1.095399879569488907e-10
1.018641899594344032e-10
1.260705417890758198e-10
9.307630480645736231e-11
9.180539227771745729e-11
1.306426691208664002e-10
1.021492567960992891e-10
1.044477691247472342e-10
1.278418486788460116e-10
1.055312200022084070e-10
9.692437315097422400e-11
1.098557688776017127e-10
9.872634342806217367e-11
1.011359398898806840e-10
9.216141505798813091e-11
9.748294066570814549e-11
9.345233111065304194e-11
1.199994379450701387e-10
1.010759945995053423e-10
9.646842535858463679e-11
1.480340445434880741e-10
1.575330934404685512e-10
9.376430445479908500e-11
1.664590997108928378e-10
9.451692820914005274e-11
1.012662136744980199e-10
1.085819149992351829e-10
1.229894975710437421e-10
1.026923310071529194e-10
1.246977988544612377e-10
1.010957799836015567e-10
1.487988065578175840e-10
1.709006631558889079e-10
1.116322419048067966e-10
9.521681374560396743e-11
1.262740062393381117e-10
1.151148860592589672e-10
9.227073113467636164e-11
1.148756071478239082e-10
1.184470211650922945e-10
9.361051557787304861e-11
9.516309987543471998e-11
1.258857180719820204e-10
1.004143801988209128e-10
9.291264546088257486e-11
1.329492263363007433e-10
1.058646404617650854e-10
9.194504744200051606e-11
1.156593065247543377e-10
1.153907147382431098e-10
1.336510991554533641e-10
2.032180232150395070e-10
9.985412281353068263e-11
1.707757501428232466e-10
1.798317645587226326e-10
1.426933655960301063e-10
9.198542645646080901e-11
1.103771670590761640e-10
1.164762610083232994e-10
1.144125492249560201e-10
1.032764545169515508e-10
9.622957173840160958e-11
1.938675461480312766e-10
9.311142244761436032e-11
1.257631956618764543e-10
1.494045280720944504e-10
9.884104950266562153e-11
9.241560733632004981e-11
9.792812532045214887e-11
1.237007729038848669e-10
9.909467154900798502e-11
1.205383772206581492e-10
1.041928846492569209e-10
1.009815176337347586e-10
1.073114928627042175e-10
1.106785346598200217e-10
1.156579742495544564e-10
1.159022223353009943e-10
1.491122839569545189e-10
9.565517042474110103e-11
1.452833253159767528e-10
1.274113561852450401e-10
1.230102014684283775e-10
9.438792986544350282e-11
1.345795708774494506e-10
1.301198532735456539e-10
9.938713502804175807e-11
9.295233382952582037e-11
1.131517520381470963e-10
1.107660101186071982e-10
1.104121370706714382e-10
1.619725541208580135e-10
1.029498737313722775e-10
1.064064146580390524e-10
9.212077839193580113e-11
1.176735485145944346e-10
1.068158799873496674e-10
9.340013983834851182e-11
1.031146766678271283e-10
1.000565067442583934e-10
1.170349136107738997e-10
1.066721086767971290e-10
2.442461802387692527e-10
1.124238159473727568e-10
1.105944624741187629e-10
9.552846286581980487e-11
1.030912527448634384e-10
9.372763945309877524e-11
1.803409049037096562e-10
1.305612122443646250e-10
1.286636162189211992e-10
1.727484548277072396e-10
9.942835439938441549e-11
9.531690356640799778e-11
1.486568257421143434e-10
1.087178484352790325e-10
1.968304073585853186e-10
9.869343950840858384e-11
9.541185649044114500e-11
1.714323778074287723e-10
1.076640563853888064e-10
1.111823507904475349e-10
9.987411983890926419e-11
1.045389170011730941e-10
1.057492799094335016e-10
9.667902466356551649e-11
9.586356417484300926e-11
1.739728786865171941e-10
1.429358559529428179e-10
1.057288174827460969e-10
9.846498999625421606e-11
1.413546770060570174e-10
9.246488157246670869e-11
1.534700810321245956e-10
9.271284899567996416e-11
2.021456706926199783e-10
1.158744260775786382e-10
9.310272466230064221e-11
9.624928740207670099e-11
1.064726060833189825e-10
1.113510397454034376e-10
1.523478919963753921e-10
1.050613116458497341e-10
1.456201889701430026e-10
1.048004717473367162e-10
1.797991656091404995e-10
1.265546568766991252e-10
9.501430033236540050e-11
9.953217311691753196e-11
1.041717169787381526e-10
1.316948589781625416e-10
9.558656196540553179e-11
1.055608080982678124e-10
1.002488705634023667e-10
1.322648300285449693e-10
1.523703982529012149e-10
9.294588144582088826e-11
1.000211116417575017e-10
1.081311155052084268e-10
1.804113438254238686e-10
9.825943378648412209e-11
1.229185257061699265e-10
1.025036890092718788e-10
1.068148801755922494e-10
1.323366062289320290e-10
1.197777641216772865e-10
9.988911530915459534e-11
1.222328488450205107e-10
9.767247306565678565e-11
9.258392018655579441e-11
2.457114851811931586e-10
1.206650162119183484e-10
1.028421406898738507e-10
1.054218975941756981e-10
1.101861874377709271e-10
1.017807835246910953e-10
9.580121337930627138e-11
1.007295007937485116e-10
1.286548775279171948e-10
9.628542361067926921e-11
9.363055268655560395e-11
9.478937009738993304e-11
1.186841550659938378e-10
9.219764973889887842e-11
1.148827101107063204e-10
1.037884420277232069e-10
1.087674847455392929e-10
9.737101782272926400e-11
1.676567303564693542e-10
1.001401106374241796e-10
1.313741488766101839e-10
1.158813424380840457e-10
1.246870709937821418e-10
1.090798931788367676e-10
2.494719779479097585e-10
1.230190375693856504e-10
1.166382309105392701e-10
9.686059751624109805e-11
1.348982597291390860e-10
1.282646266441684011e-10
1.302326574182732096e-10
1.030747500786575362e-10
1.967718341945367451e-10
1.046144325963926080e-10
1.047964052327250440e-10
1.088383192539234467e-10
1.006706976746714569e-10
9.404041003749805844e-11
1.091888061247372939e-10
1.085631878630505202e-10
1.300293318597720948e-10
2.483901552505117780e-10
1.609940070065186978e-10
1.084824739478576133e-10
9.244899962471232346e-11
1.071566245686211665e-10
1.299225106008725696e-10
1.031388323152872864e-10
1.025072427223611909e-10
1.532495304945377236e-10
1.160258383757181913e-10
1.786722271987230479e-10
1.163501480385091081e-10
9.887177094434801040e-11
1.191423857448198565e-10
1.501179016552083327e-10
1.374869968125807514e-10
1.309673362432179848e-10
9.200528463597466580e-11
1.264280186865675109e-10
1.534687288068930550e-10
9.535050932484586149e-11
9.656971918298445713e-11
1.200867438086965988e-10
9.801485563303064435e-11
1.055224143380755781e-10
1.370245561553521208e-10
9.773316047773934857e-11
9.262583522807991969e-11
1.032334924160488177e-10
9.746607429677894514e-11
1.148668954422412294e-10
1.182115624507168944e-10
9.365347053857086759e-11
9.667481661181156631e-11
1.836766105282340758e-10
9.520370368856295541e-11
1.651629923133328333e-10
1.430111109109981650e-10
1.406507348476339173e-10
9.512991040481539188e-11
1.718219267957780395e-10
1.473392337797962127e-10
1.009195407417457072e-10
9.604240984802194501e-11
1.559131813549713270e-10
1.023816127329798234e-10
9.726952433616276338e-11
9.729556508631980752e-11
9.721184095520951650e-11
9.498169851317349690e-11
1.269799555190081071e-10
1.055460871235190258e-10
1.294223880006608004e-10
3.563658838021716479e-10
9.291958392841401230e-11
1.641388286042599451e-10
9.844873112486582563e-11
1.033607148646601314e-10
1.028982332193992878e-10
9.984427450577117128e-11
1.148770813792693258e-10
9.432791137742726384e-11
1.539624303102807706e-10
9.216141505798813091e-11
1.533893453165647116e-10
9.914041872617256873e-11
1.762907879893692125e-10
1.191663989535146817e-10
1.100810598678400100e-10
1.119152937790678622e-10
9.309257634740364268e-11
9.774149662963690669e-11
9.835634840596451074e-11
9.913264300928888131e-11
1.083121402701085328e-10
1.007254411858263532e-10
1.522450589661645019e-10
1.091823609015522632e-10
1.101790982593791254e-10
1.164537495998710523e-10
1.234776263547435491e-10
1.357535023601067872e-10
1.115263824207262710e-10
3.176639226213371764e-10
1.159244285504064924e-10
1.156030728327733968e-10
1.613922798386480000e-10
1.359757995478016952e-10
1.015864827573616897e-10
9.512722319484106685e-11
1.001231831363726612e-10
9.495953634745670377e-11
9.701375278319130654e-11
1.471947272883653780e-10
1.790452301424730629e-10
1.107066385917585052e-10
1.526413964346262399e-10
1.312357249819006530e-10
1.060674428258263872e-10
9.360762992510750906e-11
1.147433950846462430e-10
9.845747439486761999e-11
9.191638195152523510e-11
1.230303974546768362e-10
1.025883565270777276e-10
1.279093264471792024e-10
9.822224306705898320e-11
1.211495628118776765e-10
1.074074756098912034e-10
9.351829649883390745e-11
1.995638793592709358e-10
1.121116341075363239e-10
9.598580693310192226e-11
9.252579425822968749e-11
1.092533800948219079e-10
1.005332729692258148e-10
9.950482159872768980e-11
9.452773734688620434e-11
1.215145741651343239e-10
1.023971756486211735e-10
1.484618364787356363e-10
1.698346755854281740e-10
1.005548081742633944e-10
1.885331567879730853e-10
1.092448375171555900e-10
1.412818936309673254e-10
9.231585389823661745e-11
9.573238210934331891e-11
1.761589920704839069e-10
1.355325097587279436e-10
1.016727130627981354e-10
9.581048186453826327e-11
1.176419185365625200e-10
1.213353186825244978e-10
1.152531398755262033e-10
1.433535260629486331e-10
1.068911280303937407e-10
1.045741344491211927e-10
9.440702688830689700e-11
9.499119519918751945e-11
9.397971812705645447e-11
1.090113006983448227e-10
9.780353510670785588e-11
1.246108300209975122e-10
1.563266497323374947e-10
1.034656254015585446e-10
9.615223970071254752e-11
9.750351727254237023e-11
1.053557071822121292e-10
9.640547955676627545e-11
1.219395723247841242e-10
1.120579547299766868e-10
9.956620137991548238e-11
9.270638202972171192e-11
1.127581283369853670e-10
1.991866310809412123e-10
2.063078531829668498e-10
9.457159863090898798e-11
1.048059903677692015e-10
1.255877697343335962e-10
9.781140319859983369e-11
1.215499127748508250e-10
1.062813836460740547e-10
1.334904185731124669e-10
1.152571489418533519e-10
1.008678929089259557e-10
1.054034026257008236e-10
1.271462190833599696e-10
1.024754035321266389e-10
1.108846697153520199e-10
1.176307609599746996e-10
9.506872039609529298e-11
1.236819290768744455e-10
1.021584648641140504e-10
1.187443176926773478e-10
1.927694303818515841e-10
1.321753581740024809e-10
9.361468360557293830e-11
1.151386963894527618e-10
1.140552423102708318e-10
1.425074597276361929e-10
1.287009925361285413e-10
9.427582582698853552e-11
1.674092441015399841e-10
1.319829623646202414e-10
1.155640149784640657e-10
1.080463013714005229e-10
1.015355798098064524e-10
1.118541242367990323e-10
1.586489756335351229e-10
1.033539527277086839e-10
1.227783709472317300e-10
9.181925202595415578e-11
1.709180821247986073e-10
1.320643631466635419e-10
1.140742568737076750e-10
1.128505895091981945e-10
9.330034332852731842e-11
1.032243683124747736e-10
1.003537562632175608e-10
1.011633544972357535e-10
9.198168228103853278e-11
1.147428584559263322e-10
1.176664619463358102e-10
1.519326267191652125e-10
1.248351937603468128e-10
1.028148227937712754e-10
1.235454247604647197e-10
1.085723405759585708e-10
9.901716416013816197e-11
1.983064377579475239e-10
1.064365061345743585e-10
2.028182043095832537e-10
9.372779958955810362e-11
9.448051889071331309e-11
9.427056808826905660e-11
1.237248893379658989e-10
1.130600500113988444e-10
9.825128976503279891e-11
9.422483086974397462e-11
1.110821891967483171e-10
1.206184070721716998e-10
1.020880492399334282e-10
1.780867864111270352e-10
9.345393659150452107e-11
1.181356005976081995e-10
1.589923875893087749e-10
1.442673999422708920e-10
9.791148020515506314e-11
9.225806732192794306e-11
1.245587730505787244e-10
1.171740807853004297e-10
1.131766022735521119e-10
1.547703632752932383e-10
1.217088891081799833e-10
9.550719937134887451e-11
9.499024556797024771e-11
9.994287075728555224e-11
1.279975008794251351e-10
9.204824360110259503e-11
1.159217693196388017e-10
9.672717207083932847e-11
1.063919394386556965e-10
1.074444267257160425e-10
1.242357691313198426e-10
9.760943441352947853e-11
9.371018314359419970e-11
9.851267936034773368e-11
1.365871251605119726e-10
1.263719322888868604e-10
1.064314914054557498e-10
1.157810198299781761e-10
1.156068047195394754e-10
1.314256228742836612e-10
1.013683834220546241e-10
1.063628404671023839e-10
1.076593754238717226e-10
2.377381080163718862e-10
1.171764516993800990e-10
9.250846363562314444e-11
1.123742293653826084e-10
1.041832501761906963e-10
1.970578613191355493e-10
9.623191902655277191e-11
9.355920347051850126e-11
1.293851940887726968e-10
1.439822221327167930e-10
1.254501035890514492e-10
2.263328007938236975e-10
1.930725525643906166e-10
1.076915711654343267e-10
1.939345144450917263e-10
1.883567219323351952e-10
2.385305830554001466e-10
1.199763448282028704e-10
1.470215874644752701e-10
9.235641544855243572e-11
1.040295771265042044e-10
1.203144834774082783e-10
1.778894367437786570e-10
1.211669600284846976e-10
1.082755895314198772e-10
1.793839821502822673e-10
1.017579852914315749e-10
9.706967554552174341e-11
9.881842339762906979e-11
1.008808070361848984e-10
1.073493261401103675e-10
1.199479568976868702e-10
9.267484991627904351e-11
1.057113784547830574e-10
1.031348558113039548e-10
2.217588116053452581e-10
9.745911037208809133e-11
1.017597735496748788e-10
1.083704015650326672e-10
9.820579530762702081e-11
1.225623673020630864e-10
1.522095454656407491e-10
9.270411849837962724e-11
9.471275562431844065e-11
1.550310886150422228e-10
1.218198226218535884e-10
1.028936582522544903e-10
1.495813154888468415e-10
9.708318598397967617e-11
1.092046375424845908e-10
1.231614746273342957e-10
1.012241527792817431e-10
1.691498916945853962e-10
1.160643617488898172e-10
1.293189947665367448e-10
9.875067085367776072e-11
9.270993890984467314e-11
1.486658099712747705e-10
1.686296071037078496e-10
9.447209053027957910e-11
1.296082174506660700e-10
9.953825033897967231e-11
1.149314823455517670e-10
1.179020869931292028e-10
1.243856122030862270e-10
9.355358971480737675e-11
1.098352805019104689e-10
1.189763840800598055e-10
1.606873170075314652e-10
1.655599696767574527e-10
1.185286764901768798e-10
9.359512453023375362e-11
1.136893797884926845e-10
1.073345355712530183e-10
1.249810465786583469e-10
1.182276383981059329e-10
1.920183436190981656e-10
1.335627927513764740e-10
2.403813305342135378e-10
1.053198508957104020e-10
1.036498017471638972e-10
1.108897842386053489e-10
9.519912269382315067e-11
9.717290325215976810e-11
1.353765707868603909e-10
1.038167070912294029e-10
1.920499751573650792e-10
9.462576499647731418e-11
1.013706262559744082e-10
1.049074586229273942e-10
1.576118671222405288e-10
1.269186783433806754e-10
9.909772193570433897e-11
1.356020747060172618e-10
1.988858740889839355e-10
9.707992499429297506e-11
9.690337791217756983e-11
9.725929237234223459e-11
1.131679120237694793e-10
1.477779245426143481e-10
1.546789617514570521e-10
1.103030318828656050e-10
9.449657866208557166e-11
9.335868982089205003e-11
1.463547795258613756e-10
1.184749408254153195e-10
1.908172455757318711e-10
1.242609207846008511e-10
1.000224731945072496e-10
9.672156374350014666e-11
2.095447107001591188e-10
1.013917067728516751e-10
9.420984651172741986e-11
9.633890219210617002e-11
1.080571891098243811e-10
1.944399386468651450e-10
1.198627578111992977e-10
1.035528330391953790e-10
1.150859868361327454e-10
9.452026644064271709e-11
9.661869393211551708e-11
1.047593645465959630e-10
1.024260727166537177e-10
1.330976364064901143e-10
1.003119643993008744e-10
1.072605559598537559e-10
2.026584097460138062e-10
1.045271270239185113e-10
1.191039557998056094e-10
1.057615268876767967e-10
1.160233140399267712e-10
1.274348570492476183e-10
1.216456773126330355e-10
9.808366831775749986e-11
9.290925674219130961e-11
9.273143932459448333e-11
1.287772932542430875e-10
1.516953061131253707e-10
1.114295196090956559e-10
1.366200642384132795e-10
9.328265626907895327e-11
1.112439812790488619e-10
1.195557307433947410e-10
1.607093974123934414e-10
1.425238847770160979e-10
1.142486299892005146e-10
1.260869728167603965e-10
1.008512225359046250e-10
9.702276446748609672e-11
9.446191201045836242e-11
1.312686435265180388e-10
1.134018020257936989e-10
9.319514254379613341e-11
9.700054468103142586e-11
1.063788959333800055e-10
1.233419317278137262e-10
1.067654506988230876e-10
9.182251287715978466e-11
1.032629202001189716e-10
1.296269081518560345e-10
1.551854650401851792e-10
9.294297774528035882e-11
1.257364496176329728e-10
9.664021099671066542e-11
1.810055047720110451e-10
1.239361091816071514e-10
1.052288610048955551e-10
1.066146098835823480e-10
1.013704767350639036e-10
2.464512426583949698e-10
1.172445317128313056e-10
9.682418226484428964e-11
9.585649848761349750e-11
1.416356641795019857e-10
1.205770491318363123e-10
1.545403750756398576e-10
9.959596776473446251e-11
9.511094044324355008e-11
1.236248797793472789e-10
9.585288696037179614e-11
1.247359635327664852e-10
1.452795057940685273e-10
1.199267911606987642e-10
2.911402034563507714e-10
9.822547084909392136e-11
1.405097784787993862e-10
9.257550280983641208e-11
1.415871182179610860e-10
1.089873054571086967e-10
1.634305560135619194e-10
1.525902831293381174e-10
1.102358005165265399e-10
9.218643944261652609e-11
9.244656850366904472e-11
9.263910216868505661e-11
1.006031347482129429e-10
9.867537653258537663e-11
1.579586714346342771e-10
1.222982056741481907e-10
1.042509669259915152e-10
9.781248308955856196e-11
1.444028375940149832e-10
1.049080390239053274e-10
9.764574778954783742e-11
1.131398004977139128e-10
1.110540303914297438e-10
1.103899350121343527e-10
9.664519986226303348e-11
9.787818254434169841e-11
1.241776905819803188e-10
1.864264838068457101e-10
1.135636767683848690e-10
1.376283701396705288e-10
1.120821953976396108e-10
1.010481094413362607e-10
9.573175331373776652e-11
1.046121052752107654e-10
1.020752688541762787e-10
1.021600984777483645e-10
1.264320856444829156e-10
9.316327226805424277e-11
1.063809027175823891e-10
9.664208184770023107e-11
9.201081821452211338e-11
1.157670431409315919e-10
1.152783949566246899e-10
9.706097830087542659e-11
1.631318218892673879e-10
1.543100869987289465e-10
1.092446974700292848e-10
9.758006601821630065e-11
1.469193901385959131e-10
9.548861010882778160e-11
9.205572708076964889e-11
1.006394039703197573e-10
1.314639785953823097e-10
1.569912130074140339e-10
1.022665311300983789e-10
1.357968064186539345e-10
1.793522195717565980e-10
1.231884570782188428e-10
9.320898221858658780e-11
1.762465584150187202e-10
9.606498015373988688e-11
1.050166696337831738e-10
9.656145060061313897e-11
1.029343839580250148e-10
1.060156957707303072e-10
9.262049562420943192e-11
9.422387448365794460e-11
1.120434355230251322e-10
1.296363129031791187e-10
9.534640776883076155e-11
9.315425672196552373e-11
1.100892674281815798e-10
1.093393335151762443e-10
9.341138319141562380e-11
2.572123723488696099e-10
9.197630997031129015e-11
1.057815516257817716e-10
1.009701151842544522e-10
1.177672136094291528e-10
9.440941377850200671e-11
1.056849989429820663e-10
9.815782171848976754e-11
1.109056794122130262e-10
1.054428454964796528e-10
1.193939896989370988e-10
9.507710245949190627e-11
1.394827344800449183e-10
1.124987741934276454e-10
9.664473216568993110e-11
1.031039228662636560e-10
9.202302360828105684e-11
1.014988441663260945e-10
9.196589016075203056e-11
1.533374092737688469e-10
1.732846508377208363e-10
1.595589802080469831e-10
1.010944310877727055e-10
9.446366151184778531e-11
9.928592441572622856e-11
1.772100396754779673e-10
1.101233439439657076e-10
1.016348273529787666e-10
1.108606148646143460e-10
1.460633949939055523e-10
1.014807707392393710e-10
9.284824130126245587e-11
1.241448857268675081e-10
1.055112980734088727e-10
1.347126518064797502e-10
9.360185838605314544e-11
1.048335796568998026e-10
1.102724766171210222e-10
1.422559940478206904e-10
1.467871759627804811e-10
2.014219824831903246e-10
1.174135944886653530e-10
1.534575985570020749e-10
9.778702574113331810e-11
1.111664902368722468e-10
1.001366346584659321e-10
9.870231685999356038e-11
1.007325078184327805e-10
9.649168902577969793e-11
1.446925467161907615e-10
9.776804467169894691e-11
2.208988277505114994e-10
9.388094060465468422e-11
9.225871678522254343e-11
1.046650406287559376e-10
1.146185697503595948e-10
1.630629821802183630e-10
1.340487846160533733e-10
1.090309424848756569e-10
1.291607452226010302e-10
1.123303641174683242e-10
1.204667862659330008e-10
1.803101932234439179e-10
1.209183303921913375e-10
1.045910118609419824e-10
1.010056691023935824e-10
1.056749068958225771e-10
1.264287581419757199e-10
9.999387718022836471e-11
9.425622749654702774e-11
1.015405068773331422e-10
9.575658799292487428e-11
1.071880980359434865e-10
9.600117570899345157e-11
1.630166144648005086e-10
1.107621359033709509e-10
9.770722180328479559e-11
1.064167325744467108e-10
3.320288404168864064e-10
1.096024258012165754e-10
1.240629656812220166e-10
1.058761560737896074e-10
1.100845377130181831e-10
1.011736894650192930e-10
9.742660629809466912e-11
1.235036678132114873e-10
1.057727641995184514e-10
9.902464257962624010e-11
9.491108042137075573e-11
1.107358434528278979e-10
9.528991679125275093e-11
1.087576434267945104e-10
1.097878796048879850e-10
1.029722934102401793e-10
1.188028920233557112e-10
1.069569142331833783e-10
9.211785194665512397e-11
1.048997680446999900e-10
1.302002304812561785e-10
1.192755083731929949e-10
1.291353418014422915e-10
1.576878637743100594e-10
2.511627757757922183e-10
1.311105446869364605e-10
1.005474294326570779e-10
1.394916682402582613e-10
1.154423684080294822e-10
9.184142381637792170e-11
1.196561236144280220e-10
1.066578080287321811e-10
1.367575041364412012e-10
1.051812410864986559e-10
1.079489760765217963e-10
1.121713123164989545e-10
1.398040350880406915e-10
1.189808030236340403e-10
9.223939354105669452e-11
1.077484250108397155e-10
9.721339197544091671e-11
2.743822081080058208e-10
1.169155309640545116e-10
1.033052833224437277e-10
1.327177757961404241e-10
1.340592052701902755e-10
1.858052805900193151e-10
9.999599564889134285e-11
9.431867479789446463e-11
9.443662059560051701e-11
1.212177320528212258e-10
1.041171016058880449e-10
9.605447926931792397e-11
1.258769345848710640e-10
1.760068125636932303e-10
1.511929214716363322e-10
1.503588821661125227e-10
1.262332869427893235e-10
9.529386264357822849e-11
9.353049001817107480e-11
1.604615648855709873e-10
1.053577310090163727e-10
9.526118667615963939e-11
9.269215331497419626e-11
1.142571136165008857e-10
1.850471858711268513e-10
1.253974826997522066e-10
9.318178394283099271e-11
1.241108207513392204e-10
9.817120103177412429e-11
1.135443166199770906e-10
9.893364700068023296e-11
1.093229593293985056e-10
1.404058070791770297e-10
1.121698070152387192e-10
1.782082075071411021e-10
1.715983844318403194e-10
1.295756538214783376e-10
1.263118772109297822e-10
1.228212284156092798e-10
1.469162562569599919e-10
9.440750427057024244e-11
1.183752385961593426e-10
1.209273000956968432e-10
9.292426310404459925e-11
1.114972212538684972e-10
1.191724989320836528e-10
9.194374463481068559e-11
9.331850970789599127e-11
9.772930093745881115e-11
1.549716931066646271e-10
1.044886923521115680e-10
1.046468649208295370e-10
1.041806224573238553e-10
9.884181381896538852e-11
1.190666839700479524e-10
1.096085701257364018e-10
1.029396949672093783e-10
9.670006251883957489e-11
9.471878522919388589e-11
1.177950119857858956e-10
9.417237648982232597e-11
9.717647181700867481e-11
9.988593461643328956e-11
2.263557524025852218e-10
9.953581948911495581e-11
1.729555192120296243e-10
1.236297813943050944e-10
9.397907908244308800e-11
9.315087569534559136e-11
1.343033609173639968e-10
1.012136725967499031e-10
1.881209601127203453e-10
1.288464028396421179e-10
1.387988899108413753e-10
1.182344341583820318e-10
1.678755311926237962e-10
1.251988633350360275e-10
1.042165295971063572e-10
1.190999304143898856e-10
9.637078933207684839e-11
1.271985741711868388e-10
1.124231330665880687e-10
9.821670951048553688e-11
1.164484522444990607e-10
9.371883157913037344e-11
1.392251363551937626e-10
9.685764116918979445e-11
1.019234317953646404e-10
1.108156725910486533e-10
9.235884864589905585e-11
2.301539738751662783e-10
9.943793462061874136e-11
1.110150946936785795e-10
1.144464378991135516e-10
1.408379987038870380e-10
1.028684189436343373e-10
1.009819677073118937e-10
1.163498829693979309e-10
1.336392418221152797e-10
9.489682455837471957e-11
1.306679356776298764e-10
1.092235485508352135e-10
9.507109274379625540e-11
1.361672916536809267e-10
1.021084058007001186e-10
1.761801958372184190e-10
9.820641022050741478e-11
9.826942093103991254e-11
1.156651683761149036e-10
2.060234471777316284e-10
1.341476937240424633e-10
9.820441174132817105e-11
1.451042589273608548e-10
1.399231721980807946e-10
1.254539501134168625e-10
9.583090118242248652e-11
9.282175807802178467e-11
9.976348629727994512e-11
1.247201251845089925e-10
1.381254301255760763e-10
1.455732434231272196e-10
2.253863090813495605e-10
1.155462818332768913e-10
1.170819777991104923e-10
1.119971274308095604e-10
9.995331606303593448e-11
9.435020330949673164e-11
9.460527709914398529e-11
1.631215665814740955e-10
1.056486636255662616e-10
1.182993687089646041e-10
1.071896643773561444e-10
1.121505102243440278e-10
9.628651846205455101e-11
1.786139408556123003e-10
9.312543405102421607e-11
9.192680667119596302e-11
1.527689575742836773e-10
9.546607819846419586e-11
1.088096530040219818e-10
9.474924546721060234e-11
2.016342486824887346e-10
9.725991251817341004e-11
9.934300916311009207e-11
1.061921199806304993e-10
1.114743828506210372e-10
1.770549794250760552e-10
9.195986573709337164e-11
9.562039950171716524e-11
1.302970099689799495e-10
1.023202301979318278e-10
1.045850468411344845e-10
9.197940315244413921e-11
1.021785121778543493e-10
1.341595117269386144e-10
1.514906977662789167e-10
2.038485165828713666e-10
1.098136734898945648e-10
1.271806750216222451e-10
1.762751244590133663e-10
9.366052119815954245e-11
9.219699989921725993e-11
1.094113824300634884e-10
9.425304043911761175e-11
1.123403410200130853e-10
1.457918468163042610e-10
1.017034301992078496e-10
1.009019770688797877e-10
1.752321407950282505e-10
1.286478376491093336e-10
1.055240022922399485e-10
1.401761569255840394e-10
1.212606882999747869e-10
1.237605540235955508e-10
1.153592054095349139e-10
1.212842063177874158e-10
1.108579879089287142e-10
1.010155682442846760e-10
1.061274992050770184e-10
9.483471048658369814e-11
1.645095836360217393e-10
9.299603841144970754e-11
2.098692351071941538e-10
9.382287838053623304e-11
1.293302314119213839e-10
9.846468324683962308e-11
1.160678150220582493e-10
1.445661149378469520e-10
9.815843689432621243e-11
1.104691507113925115e-10
1.374085283989463373e-10
1.720784369513382161e-10
1.146285064440451185e-10
1.429353024792698058e-10
1.086418791436242920e-10
1.315557781482584908e-10
1.088047341107144747e-10
1.450968300486665645e-10
1.227973360431550130e-10
1.485583959260300782e-10
9.843569165302497115e-11
1.058208711363331635e-10
1.058526918556994065e-10
1.185307628821272904e-10
1.156986026040505739e-10
1.418435217728834771e-10
1.070613003400233480e-10
1.130262057166853962e-10
1.881044209875610790e-10
9.541154116912065735e-11
1.640924326935272060e-10
9.601826702310273734e-11
1.061237645081776654e-10
1.146426045134027352e-10
9.244980998596249443e-11
1.213378738062215081e-10
1.023761281646931725e-10
1.141512307744673911e-10
9.340415545753055043e-11
1.398782805690884757e-10
1.202981369265239676e-10
1.884141008487299215e-10
1.035510719047693381e-10
1.363847312745393542e-10
1.246714767328147302e-10
1.044049376282735922e-10
1.918250356954658339e-10
1.151527397888229249e-10
9.776696435126136254e-11
1.435574410881312693e-10
1.019847257938705147e-10
9.226423706171726033e-11
1.501419725222189074e-10
1.147843065591516513e-10
9.606215911928435705e-11
1.891707678066230430e-10
1.258982119677634804e-10
9.718484973604554434e-11
1.341928546462671753e-10
1.374064659265460861e-10
9.904142906863160740e-11
1.004455845134752439e-10
9.647982360747443069e-11
1.426993518790567042e-10
9.198705431722503415e-11
1.176304984176099922e-10
1.051860184036248246e-10
1.698091623795269058e-10
1.157621176701082523e-10
1.379116500149168335e-10
2.333652284811157505e-10
9.819334259685846779e-11
1.203095925871926850e-10
1.015934969561757812e-10
9.648497585383543045e-11
1.702821347046462220e-10
1.079648249603589795e-10
1.089384587546043696e-10
9.744765763800855033e-11
1.205197440196942352e-10
1.050318903667350647e-10
9.458176682137296101e-11
1.022683116050560193e-10
9.263894038673995722e-11
9.207118040852822697e-11
1.033755608074899580e-10
1.082086694714282944e-10
1.170280569410215489e-10
1.059580292688234963e-10
9.568442607190269591e-11
1.013652433816176641e-10
3.482983540721967843e-10
9.288133603847051819e-11
9.455570891793540397e-11
9.777066826356230959e-11
1.249111903388386795e-10
1.100945533700243345e-10
9.430035854938978814e-11
1.103409378956428186e-10
1.084290583725113858e-10
1.239386173274772473e-10
1.110882618457411872e-10
1.089675164295369917e-10
1.039412567680117175e-10
1.007822626754717206e-10
1.003968900127959654e-10
2.215476728428159292e-10
1.082578041867876139e-10
9.597498476845137122e-11
9.385279314844379800e-11
9.394536408704979464e-11
1.244769664502399515e-10
1.548317874747996304e-10
9.649449906944111477e-11
1.132570951191076768e-10
1.046134143989500569e-10
9.697039323399392733e-11
9.949707080582793444e-11
1.650805495234653666e-10
1.018110252655109781e-10
1.245953522385907547e-10
1.190413540788600938e-10
9.216141505798813091e-11
1.139643116531325968e-10
1.139173374337134134e-10
1.473004233267230714e-10
1.074019319831122314e-10
1.025316715823071649e-10
1.145522162842234276e-10
1.506893889869143143e-10
1.497517565275248768e-10
1.035055668447269867e-10
1.030713608521417787e-10
1.153786993570051409e-10
9.265479384253190106e-11
9.311577107368549993e-11
1.096561784262038831e-10
1.106367133109635210e-10
2.084260861014857039e-10
1.077307053068376195e-10
1.045265447726697803e-10
1.700310530985792627e-10
1.142220982638347011e-10
1.630432526477676999e-10
9.781232882006028946e-11
9.906767204475025185e-11
1.047483227526845465e-10
1.124561803344083876e-10
1.048194953926621511e-10
1.033665946691098863e-10
9.506365921453233390e-11
1.089446358327506086e-10
1.028778658690065475e-10
1.193866038279229275e-10
1.612504869953225931e-10
1.716757243926510390e-10
1.033230771834567795e-10
1.504324653618372721e-10
9.552688793418123094e-11
9.950390976815869745e-11
1.101149995279641482e-10
9.537748109772341262e-11
1.038290068812818562e-10
1.005677574733871531e-10
1.476449844933106407e-10
1.129223067874792222e-10
9.452153812074679448e-11
9.891730279127576464e-11
1.486126463698176468e-10
9.209801500627978247e-11
1.212744928376486544e-10
9.184011972306199346e-11
1.181265764710665353e-10
1.074641768001006741e-10
2.951011822077178388e-10
1.239198051507409818e-10
1.527794007131237579e-10
1.221570473968251157e-10
1.270072087933843134e-10
1.367071005266230298e-10
9.540523455121542598e-11
1.518621994731393382e-10
9.501699033654806699e-11
1.111322798673067811e-10
1.657996622459968037e-10
9.623989943156060650e-11
9.704824181933527240e-11
1.093668988787015300e-10
9.978425721144062394e-11
9.567797791898760644e-11
1.462450137977246810e-10
1.029652139731114577e-10
1.364905713139928090e-10
9.351300151120020598e-11
9.486054285410655516e-11
1.297098423012257911e-10
9.948582361778888412e-11
1.105720153019318377e-10
1.066530884466759802e-10
9.361292022905549393e-11
1.061869515848911666e-10
9.683040794324211656e-11
1.115179923913436688e-10
1.127718859656138097e-10
1.197312406732851862e-10
9.405621625036871043e-11
1.334248291968875769e-10
9.609161968270779160e-11
9.858946125349413668e-11
1.420138242165951172e-10
9.802317081945620192e-11
9.294523618589369735e-11
1.842420454526185613e-10
1.015852888089760625e-10
1.353528877383607460e-10
2.603979603434627729e-10
1.183715831919660440e-10
1.130028221492174998e-10
1.022979821956244245e-10
9.489904226013464715e-11
9.393913124610286307e-11
1.359820438064218706e-10
9.211443765767657222e-11
1.048671138691532977e-10
1.378459625826315173e-10
9.744394298482980141e-11
1.577120378072752838e-10
1.988095859473410519e-10
1.229070304473782271e-10
1.449571488691065117e-10
1.102595578450093648e-10
1.032462944040138927e-10
1.076707229019608207e-10
1.029401375404855673e-10
9.215507677029255442e-11
9.886642204019786882e-11
9.377903096723416211e-11
1.005638427228720849e-10
9.976803499620720059e-11
1.112186157480745260e-10
9.630528564908159587e-11
1.880034176638713250e-10
9.792211486995931952e-11
1.546294716054956898e-10
1.437787241745854447e-10
9.685764116918979445e-11
1.261146418924047620e-10
9.429844710931378094e-11
1.000332137643142553e-10
2.947628911282364857e-10
2.148885787099934574e-10
9.933250772456221495e-11
1.095707218827239283e-10
9.717755787920315082e-11
1.743098199257912650e-10
1.394636213369508516e-10
1.013010782014228901e-10
1.080762756854348571e-10
9.176412830555774587e-11
1.199399556008556296e-10
1.996225614464942615e-10
1.815431943965947395e-10
9.700489575907619883e-11
1.523987624608995131e-10
9.274727894474644425e-11
1.221353278404983253e-10
1.021216282332526040e-10
1.213878170208226244e-10
9.763817703947977903e-11
1.142513232639333398e-10
9.590061232009165582e-11
1.978604762402871202e-10
1.791633574679511402e-10
1.025063543041951844e-10
1.260499076943586172e-10
1.057740607452032057e-10
1.211215435811600214e-10
1.567952164278053487e-10
1.494052734964318591e-10
1.188825125847437041e-10
1.004128725291589239e-10
9.631138429588980656e-11
1.330634642411185603e-10
1.081973713746122630e-10
9.337652494122113587e-11
9.362478238396324611e-11
1.241629168148949035e-10
9.349968265518599230e-11
9.631888985889000779e-11
9.607422636964113483e-11
9.527097470959876680e-11
1.021820757844438919e-10
1.103932655699896201e-10
1.590114470015717890e-10
9.205117198263043436e-11
1.193746819294452665e-10
9.285276216663510728e-11
1.618124377431997432e-10
1.140627945256497583e-10
9.234327521349721425e-11
9.475638334611970756e-11
1.097245575316663424e-10
1.190527855879650883e-10
1.076216375319065575e-10
9.744549077204529375e-11
1.243792364600989623e-10
1.034408020463037398e-10
9.678853351103481491e-11
9.681032887356009473e-11
9.496127782430173456e-11
1.124696972222813700e-10
1.018405145657192836e-10
9.377342872816504252e-11
1.032618903515998850e-10
9.957546624234569577e-11
9.772806585640128060e-11
1.127113959176333700e-10
1.366290464173475442e-10
9.417157911358293248e-11
9.261191933305098067e-11
1.339198142549793776e-10
9.448703849183391263e-11
1.875788586851368087e-10
1.013042199820584992e-10
9.650089945716749758e-11
1.359774184537582235e-10
1.145891580909476493e-10
9.416137217590359376e-11
9.418704715838856440e-11
9.526623867426606324e-11
9.230855116299454330e-11
1.120083634774570002e-10
9.513022654279861918e-11
1.168755370217815171e-10
9.957774437166319324e-11
1.331588914178967847e-10
1.039117045084514899e-10
1.159862406260955703e-10
1.142126694486400896e-10
9.319626909618259395e-11
1.054360558856628543e-10
1.006786701905913211e-10
1.140649522211099084e-10
1.358637071165740055e-10
9.900159525255838141e-11
1.316146860709634651e-10
1.025663074172637718e-10
1.235499518800943547e-10
1.378255082083864892e-10
1.036901208760787846e-10
9.629167975753555052e-11
9.449896357296964348e-11
1.529392072594413525e-10
9.488779487584945220e-11
1.413071646949288232e-10
9.780800918766844042e-11
9.690415558459178768e-11
1.188181172105981694e-10
1.254974954989357398e-10
1.862526945340237653e-10
1.327084442789823584e-10
1.842739556291616285e-10
9.266643976713183113e-11
1.006663351207874953e-10
1.279990858253938822e-10
1.309860961027838085e-10
1.018601699489601828e-10
1.310371062534338617e-10
1.288905190133720752e-10
2.826388599394176606e-10
1.006264627389552269e-10
1.007821123910523013e-10
9.644468823622306990e-11
1.112825712928549920e-10
1.232256440373192516e-10
9.262356997448430064e-11
9.276699434869223876e-11
1.193889362514352673e-10
1.650021710832438041e-10
9.453854540322967284e-11
1.097580357379885970e-10
2.064772089510082688e-10
1.161166824818442157e-10
9.873292306058016698e-11
1.699894916730364322e-10
9.479317561465899843e-11
1.160017888037786632e-10
1.185681820814403076e-10
9.177848283273220420e-11
9.394728181147111834e-11
1.046897551603584581e-10
9.755888505973109297e-11
1.498883695209946884e-10
1.255063022172400007e-10
9.300909791630764280e-11
1.197251656112471335e-10
9.833254986436955683e-11
1.022745430538253063e-10
1.045693326809711881e-10
9.693339210564201641e-11
1.439185254034032933e-10
9.190481581755876497e-11
1.510854992955774675e-10
1.308902407971461331e-10
1.272539740090271060e-10
1.068875594361933380e-10
1.182295987486464590e-10
1.702454715329934235e-10
1.273484237373719906e-10
1.352727564224750304e-10
1.047211497912681516e-10
9.282191958112414447e-11
9.298039713950936254e-11
1.246052132783053493e-10
1.118737400800489799e-10
1.084765556776581315e-10
1.053328644923844281e-10
1.010535070941814706e-10
1.176572750982963743e-10
9.717616151157379951e-11
1.232545044336674562e-10
9.458414985265367389e-11
1.201790187192357211e-10
1.840717761026916377e-10
9.178337597255395577e-11
1.329765852321103717e-10
2.285188745918613630e-10
1.150031339601497630e-10
1.212762822140871180e-10
1.290501479366763428e-10
1.327591110567464248e-10
1.033458670557827042e-10
1.751923095054630853e-10
1.151718631514291865e-10
1.608361335499678010e-10
1.033702693982824447e-10
1.045323671574568955e-10
9.301296709110665245e-11
1.230517263154287883e-10
9.872710852132414681e-11
1.043577177555601058e-10
1.501807757092360375e-10
2.797123054978448446e-10
9.828401592957238256e-11
1.264562385511097375e-10
1.006198410806677545e-10
1.180381342620076842e-10
9.555869714879124023e-11
9.287310367786020381e-11
1.022591121924677730e-10
1.278696733057263733e-10
9.964758487502010009e-11
1.244306093169562880e-10
1.377949931155802442e-10
1.353354714186191226e-10
9.921631828823691501e-11
1.265188201612488925e-10
1.535772897169658076e-10
1.158999616136134919e-10
9.611402322454960973e-11
1.202534636025644611e-10
9.346918745611345526e-11
1.098950637522449409e-10
9.232834851733146868e-11
9.562732310141793568e-11
1.433060418951243780e-10
1.226494668104828860e-10
1.167619575767259665e-10
1.028746185740275237e-10
1.189505173826025387e-10
9.194635023303808117e-11
1.118399934776731136e-10
1.044314541766513547e-10
2.673635305987178803e-10
9.833700287796661457e-11
1.730326090796918690e-10
1.421761635020513618e-10
1.579623227331153386e-10
1.276746673169787607e-10
1.007470907740547323e-10
9.534293710084593071e-11
1.023101449614299313e-10
1.169251646789574760e-10
1.024355553278461050e-10
1.313858273957186294e-10
9.690260023430240898e-11
9.716762777232519230e-11
1.176381119380302807e-10
1.074283685686565427e-10
1.100387615751333332e-10
1.116388380291769509e-10
9.229183411038333417e-11
9.541579793001451935e-11
1.132766338899589135e-10
1.163341104061154965e-10
1.288049409818241145e-10
9.345329440205998956e-11
1.274093976087046192e-10
1.120202835707173154e-10
1.615462962624526547e-10
1.541223028898423398e-10
9.403098906767035951e-11
1.180230828483767332e-10
1.216677282386756878e-10
9.741437611857983904e-11
1.353581122519210938e-10
2.240765607395759767e-10
1.268283732027553848e-10
9.630825682691811472e-11
1.008887650221344917e-10
1.023159292475664437e-10
1.136941132624218601e-10
1.114877286797894234e-10
1.024354071679532221e-10
9.512912005583537117e-11
1.245265556060957241e-10
1.014753929776066484e-10
9.335531527356061424e-11
1.106027752299788840e-10
1.276338503868433071e-10
1.939404473689481287e-10
1.019216460498922409e-10
1.209758545281423904e-10
1.340799273863278361e-10
1.281476287701822257e-10
9.817996592373107526e-11
1.038738024819645741e-10
1.026580281366430476e-10
9.491551519663825025e-11
9.786122159260957362e-11
1.027539622671559636e-10
9.520007050166326974e-11
1.058423258438402734e-10
1.374926083797881794e-10
1.043438688776818584e-10
1.119963052423286550e-10
1.215204432933552757e-10
9.325837198027878648e-11
1.080511090625669640e-10
9.420346955662251422e-11
1.446618789120796708e-10
1.192022161966687296e-10
1.102288530827218552e-10
1.434263819780082480e-10
1.326220709636723891e-10
1.087842131995242294e-10
9.526039728027860131e-11
9.599443253159834380e-11
9.744456210229738605e-11
1.265427122915855071e-10
1.039494481721141761e-10
1.416558594746395434e-10
9.563361690236390207e-11
1.115408229812350332e-10
1.159208385762596562e-10
1.018356002012449009e-10
9.503486925929243564e-11
1.238086368804863522e-10
2.451817930251114145e-10
9.243327738638117826e-11
1.532651519825160876e-10
1.006949143625987281e-10
1.867009225036765189e-10
1.224702715753611652e-10
9.627775934601900260e-11
1.331471135230484101e-10
1.161619484997623792e-10
1.137718528057736772e-10
9.393529547181126400e-11
1.092617820601081008e-10
1.023870970441969121e-10
9.506239388230144473e-11
9.995407293213673913e-11
1.417390687568966768e-10
1.158560693692577554e-10
1.130735037140549942e-10
9.331947420789688086e-11
9.447352180767301313e-11
9.477271938726895260e-11
1.037956187698116789e-10
1.445424393135732020e-10
3.349808370378028274e-10
1.127917706353649181e-10
1.127747462782417945e-10
9.840147502893854781e-11
9.849121397991115972e-11
9.802317081945620192e-11
9.285889731873990252e-11
1.150519953646394387e-10
9.369833044937748936e-11
1.000012916487471877e-10
9.197582156481191151e-11
1.095679282011807121e-10
1.019615211793862861e-10
1.366839646589200308e-10
1.061602446995587903e-10
1.104236528498365143e-10
9.571477446612744331e-11
1.707253456144089075e-10
1.074879011074484919e-10
9.377102767891285108e-11
1.100351432975677528e-10
1.024533331539052996e-10
1.049154388901045143e-10
1.107082997125141139e-10
9.701095590464763919e-11
9.192273463819471528e-11
1.988593419877114503e-10
9.177766728723586594e-11
2.031146737615915617e-10
1.578778168184761986e-10
1.176269540455023763e-10
1.069696107461893436e-10
1.462432777923325810e-10
9.420044037062479117e-11
9.800607782211249940e-11
1.309980438324246028e-10
1.008530248546313834e-10
1.129579464695310644e-10
1.132990184401756853e-10
9.393753302346994934e-11
1.020019775128304931e-10
9.995089404821315290e-11
9.704560114621641676e-11
1.128145116686085081e-10
1.169469369554251012e-10
9.710756272792866105e-11
1.259808175631198367e-10
9.366612934575196356e-11
1.111682832682767608e-10
1.083048027638274148e-10
1.035704429422486419e-10
1.341421939467388499e-10
1.111831782432506022e-10
9.878141688906250822e-11
1.911239339469672450e-10
2.026094709984764856e-10
9.971768594875479213e-11
9.751712978109010229e-11
9.727246972692531504e-11
1.059239341570691943e-10
1.232827289707243510e-10
1.032420272290272582e-10
1.202676267468308226e-10
1.072360759526266483e-10
9.331481237708476864e-11
1.086051439853907255e-10
3.058885187965096348e-10
1.030349573577735452e-10
1.015742442042697177e-10
1.032393785600339741e-10
1.055271781378433894e-10
9.926140721738679326e-11
1.360151110678812984e-10
2.039507295372886317e-10
1.525705236654910182e-10
1.654658190129028754e-10
1.182571713330006220e-10
1.409933441820163769e-10
9.672078478664282047e-11
9.257097009882580194e-11
9.815643756052330808e-11
1.043669008615098531e-10
9.418688770534850767e-11
1.261302034134632589e-10
1.308436056643495831e-10
1.326296350255621438e-10
9.458319664644562429e-11
9.611621633272627977e-11
1.177514761344085062e-10
1.196351713971448418e-10
1.455694305581738405e-10
9.270605867106214463e-11
9.338905594547298873e-11
9.816535739004659766e-11
1.265274414882367303e-10
1.179162349724414661e-10
1.144040756839945440e-10
1.350138458514898197e-10
1.337812345356886567e-10
9.764914673476080020e-11
1.162739188943137536e-10
9.300732449745586439e-11
1.422825584737525889e-10
9.516309987543471998e-11
1.131308361173867961e-10
1.143042348462502375e-10
9.316842366594510774e-11
1.342675866468795967e-10
1.824705330699052744e-10
1.057767978515386143e-10
9.443598425716656932e-11
1.181078723749963910e-10
1.187518686922467713e-10
1.043612161650067184e-10
9.702571641170655308e-11
1.224081646017068621e-10
9.375405873066900694e-11
2.942495200813640951e-10
9.934103070547426195e-11
1.456057037060977428e-10
9.997344707399952365e-11
9.698096271608596238e-11
9.831043573467040662e-11
1.226521245198496912e-10
1.913590276497150474e-10
9.916221838121039630e-11
1.169851947883902937e-10
1.306534468480648241e-10
9.556342049943031594e-11
1.529071741601784096e-10
1.060568077350523041e-10
1.282198351651065292e-10
9.386766744037915657e-11
1.259358108118448439e-10
9.248788995654986206e-11
1.240424156162516215e-10
1.177018910542129819e-10
1.107303075040195436e-10
1.009704152631493674e-10
9.945861298012033496e-11
9.929612566415052705e-11
1.834097864509595692e-10
9.310208035362345261e-11
1.140174746679422700e-10
1.078250865097944467e-10
9.187923547702995534e-11
1.286871595519362041e-10
1.041971177318324687e-10
1.001129045031857151e-10
1.025600914825951606e-10
9.455698018095217858e-11
1.001670081227090577e-10
1.153515939764374342e-10
9.714947199985051374e-11
9.743868034738131175e-11
1.041119892588280650e-10
1.219239254475592163e-10
9.936248752077229970e-11
9.564085432542817585e-11
1.817083572181581462e-10
1.256909946889293928e-10
1.542750933256392553e-10
9.189699573774637892e-11
1.379630384807629460e-10
1.408683846806289183e-10
1.125757349971132049e-10
9.881995233130228760e-11
9.787216941027831267e-11
1.033499834670207006e-10
1.051380918634279656e-10
1.120776762990470445e-10
1.188261845665978195e-10
1.093884432040598697e-10
1.142828304520308212e-10
9.830951421814228581e-11
1.001653461017756984e-10
1.090153696084080368e-10
1.015766323159454161e-10
1.598835210569659431e-10
1.043224363910510357e-10
1.242205007806052158e-10
1.550441818208181897e-10
1.661723147764639052e-10
1.567891933583868588e-10
1.131550113574757265e-10
1.056302034031197334e-10
9.978804711608430631e-11
1.084473829315880331e-10
1.031766760287729799e-10
1.508468018684397445e-10
1.173119192392022634e-10
9.895136328803699090e-11
9.762257040327261603e-11
1.175493482542925447e-10
1.299178173649844519e-10
9.410776986175796093e-11
1.346090895529832920e-10
9.289505522089191882e-11
1.104864855210202894e-10
1.888821243238324303e-10
9.924830890281848483e-11
1.102833106952750484e-10
1.103896574616776065e-10
1.056431835416173975e-10
1.231697968693799922e-10
1.136004936975857939e-10
1.412361496555695754e-10
1.957552513906750863e-10
2.291209637922748570e-10
1.554407465506380936e-10
9.808228324417513977e-11
1.340191579854592358e-10
1.490399449731431488e-10
9.511678986772416395e-11
1.538279502630564559e-10
1.293182697923365872e-10
9.609804354313538276e-11
9.439493249968161036e-11
1.224703982961079394e-10
9.837169963017418271e-11
1.043577177555601058e-10
1.470232074288436685e-10
1.019036382530317817e-10
1.080523816553684420e-10
1.138525175816488098e-10
1.022092447096849750e-10
1.057413547327377519e-10
1.308932297328820706e-10
1.093335957968526296e-10
1.067071381770167946e-10
1.157181796812159123e-10
9.247006699766183010e-11
2.820482244954766183e-10
9.348251011376875222e-11
1.039960991523298267e-10
1.031354449314703023e-10
1.666669858331427648e-10
1.279162798895120193e-10
9.338777078197888089e-11
1.045147535742200377e-10
1.521286439948740795e-10
1.084514703482515873e-10
1.617431069459315385e-10
1.084272257675661208e-10
9.914514488156664210e-11
1.101725647415706111e-10
1.070220946956839460e-10
1.349940638373589312e-10
9.313090934876622363e-11
1.568667631737848524e-10
1.268852658531076463e-10
1.147826971684955303e-10
9.428108330915067085e-11
2.409139384958301894e-10
9.298104218592596036e-11
9.589229327629850333e-11
1.825911863889561561e-10
9.559049710113477125e-11
1.041809144289507208e-10
1.020565415740852083e-10
1.313336245206648285e-10
1.113612310927591262e-10
1.157000676557339163e-10
1.065125613952880960e-10
9.602845782423975085e-11
1.090553501050961275e-10
1.852537269481131505e-10
1.419386636894923803e-10
9.788558288102049945e-11
1.345349904397994445e-10
1.089940414300562699e-10
9.209329911801124722e-11
1.006090048172980618e-10
1.118515177094087924e-10
9.185397488615847847e-11
1.135976515860137092e-10
1.272859541292558221e-10
9.748866536644207360e-11
1.691288740860969369e-10
9.186554662086631245e-11
1.086984384800576159e-10
1.046206870475999521e-10
1.280089608711603580e-10
1.117021709508916237e-10
1.633611370704761459e-10
1.041595986182412839e-10
1.113338227776405082e-10
9.428458815474629488e-11
9.995361881127802248e-11
1.336618990936967364e-10
9.438824817686154813e-11
9.281206744187936447e-11
9.493689460491775153e-11
9.248659384269469486e-11
1.419518053746598390e-10
9.241317544664840959e-11
1.378097371008657935e-10
1.129597145944881985e-10
1.428235730919260213e-10
1.211278132166001098e-10
9.815997481915847089e-11
1.203533470004661193e-10
1.008729986670306088e-10
1.008692444551373003e-10
9.895151600258584508e-11
1.307499327268559089e-10
9.367013498558471549e-11
1.659404763415509798e-10
2.187691200474200353e-10
9.651650860136961791e-11
1.303596549505389847e-10
9.594957201056657378e-11
2.516254279905302927e-10
1.051531524126444160e-10
9.408893890012601552e-11
1.948935863663578028e-10
1.133959734757985398e-10
1.233263146919805075e-10
1.077831482362908722e-10
1.151961979590101531e-10
1.111623523755102789e-10
1.020373652907355302e-10
1.068584358104433895e-10
1.240204839073850815e-10
1.261781124700482974e-10
1.115804229815645055e-10
1.004535726601645298e-10
1.284111987121643852e-10
9.460321221198474969e-11
9.682262579051516439e-11
9.619294755411923968e-11
1.017058156564768727e-10
1.002236535016278621e-10
1.108570200694193922e-10
9.852846913467642547e-11
9.453775073003110348e-11
1.749225450127598208e-10
9.949676684239992122e-11
1.424437414945297055e-10
1.125300280165323562e-10
9.233110687022217830e-11
1.273062903185964857e-10
1.097954091787397370e-10
1.202640217213037120e-10
1.154662530597712358e-10
9.387342467715050314e-11
1.016533242823682597e-10
9.324341267783232372e-11
1.067928822448078860e-10
1.402208525299321824e-10
1.002959678139052397e-10
1.243866122936873281e-10
1.009465565555201660e-10
1.217725816147018694e-10
1.141903069636994355e-10
1.007819621064368142e-10
9.560261642866040868e-11
1.385979600689125752e-10
1.398901250621236249e-10
1.004862730507338763e-10
1.250699051399073425e-10
1.318175336196587111e-10
9.965729842074549524e-11
1.330919808541399362e-10
1.077694018442062027e-10
9.250765372396754375e-11
1.093677383375232868e-10
9.295459207123519248e-11
9.603864767917355998e-11
1.133799775033543114e-10
1.060421470261128592e-10
1.552531298143609386e-10
9.700272024140036481e-11
9.537416913422981498e-11
1.480362989112374483e-10
2.003000317215723902e-10
1.127078528272041147e-10
9.680799386151969522e-11
9.422913450202298182e-11
9.484691427400404611e-11
1.242048552752920016e-10
9.965153110288963411e-11
1.055001807838766457e-10
9.775955615828630533e-11
1.137910439374317843e-10
1.974728742922080226e-10
1.080806581123401697e-10
1.896250553129671877e-10
9.696028911018731986e-11
1.175370007302348013e-10
1.102928939112471696e-10
1.192006591210465721e-10
1.334335290520676719e-10
1.109483791822467623e-10
1.016813623981368688e-10
9.477525680363690310e-11
9.579822844585144178e-11
1.128013032933259840e-10
9.245580646605484947e-11
2.047571267514526484e-10
1.042363760529207621e-10
1.009764166771840186e-10
1.623420896389859233e-10
1.238525625441005464e-10
9.268891924962579770e-11
1.734405071615043646e-10
1.215411108573059445e-10
9.387742257647574103e-11
1.325633184424844439e-10
9.507046012280741649e-11
2.122446777038255595e-10
1.347588125200601812e-10
1.165699734907292363e-10
9.691473138732746596e-11
1.201127829556593936e-10
1.131904511524776088e-10
1.103639814033581320e-10
1.519840384105352370e-10
1.090249099798988836e-10
1.482154787501644560e-10
1.022788455269537614e-10
1.519245463550565030e-10
1.026146916398794781e-10
1.063462093554255785e-10
3.179769468428245671e-10
1.023853183768315952e-10
1.469069623329838342e-10
9.287826915521970125e-11
1.070460472734800959e-10
1.427566538775692567e-10
1.010010192124299207e-10
1.241452613979071980e-10
9.250473799063286331e-11
1.010725467995263774e-10
1.028236833477844697e-10
1.283255843572034925e-10
1.360407738140092636e-10
