3.928323292819543871e-05
3.947809340991580607e-05
3.505233955407701724e-05
3.531236722871108690e-05
3.645774562326720326e-05
3.355024834876665023e-05
4.316965913346004487e-05
3.645052515839674115e-05
3.578646278541395973e-05
4.380292438383427364e-05
3.453414662895851222e-05
3.875828135758135472e-05
3.378881634025125913e-05
3.673550194018900428e-05
3.648563387838090350e-05
3.427034843224264175e-05
4.268466974761795399e-05
3.673338318288127413e-05
4.461176407014290021e-05
3.643135020426737026e-05
4.025850115106483325e-05
3.880086285919684099e-05
3.353739188578577237e-05
3.725638163216711524e-05
3.703789787062530684e-05
4.446887940295146874e-05
3.723903571958790530e-05
3.752276322844955441e-05
3.485325117244785767e-05
3.663220668656531448e-05
3.401275686462273192e-05
3.637216854755953219e-05
3.326486343497022871e-05
3.429701795806260902e-05
3.325850393884418504e-05
3.607394756743183918e-05
3.525071435953081478e-05
3.938087488177046286e-05
4.680924009512929632e-05
3.358668245309854255e-05
3.455878325710493037e-05
6.243328613891889120e-05
3.920253612103008614e-05
3.824654953225352984e-05
3.834036841102818121e-05
3.442855809259606575e-05
3.534253734229669716e-05
3.597808803601559781e-05
3.502071342663649970e-05
3.797363178450070934e-05
3.370418631667531213e-05
3.649982844376423619e-05
3.483130058155560282e-05
4.122344241660018936e-05
3.687034274453684446e-05
3.394302418481182407e-05
3.491387534625093746e-05
3.595911069202574175e-05
3.513415187081370128e-05
3.768203367491942312e-05
3.428240936920993223e-05
3.441482310469545845e-05
3.501308091825522866e-05
3.361634943540115162e-05
3.570578546267767165e-05
3.581901486617837407e-05
3.549865919589848066e-05
3.924910545921527047e-05
4.919094025866950287e-05
3.831917718132002762e-05
3.561984670626914271e-05
3.884882428475400353e-05
3.692509312795325517e-05
4.092812512657155097e-05
3.449056442948823169e-05
4.110064774190175154e-05
3.368885957353718582e-05
3.337624152325608669e-05
3.597615138716328542e-05
3.435769470475249474e-05
3.407724659487423272e-05
3.605609473139928783e-05
4.447237365354669251e-05
3.561586501960672892e-05
3.371923988773664187e-05
4.178881374843148612e-05
3.492628324094690221e-05
3.428976970916091342e-05
3.458200252961509628e-05
3.677235911940520628e-05
3.378572866816853770e-05
4.980749548152658897e-05
3.406550622580693295e-05
3.467531608265687020e-05
3.700473709590950284e-05
3.416268699866960447e-05
3.456933080798225836e-05
3.426913359706598646e-05
4.378731503690608718e-05
3.318868155037313301e-05
4.454605162894238995e-05
3.385839173648217413e-05
3.495569072434961071e-05
3.730099674656376377e-05
4.347301426733367476e-05
4.518244192811946729e-05
4.782895246649293417e-05
3.337252503178870041e-05
3.628935565285104604e-05
3.462707979604266338e-05
3.415832949563698607e-05
3.667150118936156648e-05
3.477414367062456048e-05
3.696952220556945414e-05
3.904205943666553321e-05
4.308718804241156672e-05
3.994590288918505939e-05
3.937654567453592212e-05
4.274879856333034170e-05
3.479743606416302873e-05
3.592837661766585172e-05
3.429254555873368320e-05
3.371700984951194895e-05
4.052615847092900408e-05
3.414036589617230351e-05
3.563670674800713880e-05
3.477564770080582925e-05
3.564128791736699705e-05
3.707641368781909000e-05
4.434518517127217192e-05
3.674274778027298671e-05
3.389653852224707483e-05
3.348344186367548190e-05
4.112249463291027724e-05
3.764182129395003831e-05
5.438439399511069968e-05
3.383095562071571712e-05
3.992081914372609311e-05
3.405402941427254106e-05
3.550686523371188213e-05
3.811955827736476565e-05
4.736305531906863505e-05
3.417901403723324158e-05
3.425784346458353132e-05
3.670178499244548305e-05
3.962983258120008522e-05
3.494556319254209340e-05
3.419148975736154282e-05
4.034504682174211551e-05
3.688801506930265440e-05
3.531080091822715148e-05
3.813105592494496401e-05
3.554469249499430788e-05
4.130085079090834712e-05
3.583225176347450066e-05
3.615320556531801375e-05
3.761917462097771192e-05
6.437302753164195288e-05
3.552379971889763587e-05
3.456935716577124308e-05
3.630643431454724508e-05
4.063521248584195037e-05
3.540557866602599607e-05
3.870929595389990108e-05
4.124757613817202822e-05
3.439767990539660075e-05
4.557896270844767215e-05
3.348364329235036229e-05
3.634596919281381217e-05
3.879003751995060631e-05
3.782151606683132721e-05
4.053121344714102014e-05
4.623383383329351178e-05
3.372750724936560964e-05
3.486090301266511966e-05
4.079340494623896296e-05
4.833708600945331809e-05
3.450429617674802393e-05
3.362596647635558819e-05
3.544891951168320206e-05
3.448342752926282783e-05
5.155932367392573429e-05
3.448905248860610742e-05
3.329529581315183182e-05
4.253860608491745449e-05
3.362050446998562811e-05
3.362004919262465770e-05
3.624062578767134855e-05
3.929455976853730900e-05
4.358231756028356084e-05
3.375227595470639010e-05
3.618906605845701238e-05
5.366488570692236186e-05
3.968162239625859749e-05
3.637730139161222303e-05
5.229193053671721806e-05
3.640147229916514934e-05
4.604149868357730374e-05
5.679195267363649694e-05
3.429793379379825397e-05
3.703373270071883921e-05
3.574450383217870453e-05
3.565896719244234333e-05
4.023474877882568101e-05
3.408240006524494638e-05
3.699045652375117856e-05
3.894870521322490043e-05
3.561596214848060176e-05
4.738543838532485508e-05
3.995551717546716480e-05
3.349161143921531425e-05
3.580303622050737673e-05
3.512956303060157449e-05
3.450114291577859081e-05
3.533973438381644882e-05
3.718843833798736432e-05
3.371336752253063855e-05
3.468370322524467119e-05
3.561059468618614526e-05
3.484466633913388146e-05
4.099363668249736490e-05
3.423043992189000925e-05
4.291044659949598539e-05
3.612444190887914065e-05
3.736044074728445515e-05
3.845801961490471533e-05
5.220084133115434309e-05
4.228349581188227489e-05
4.264867470376674255e-05
3.493780864205412974e-05
3.574984022671449127e-05
4.702127477431028858e-05
3.443828348194832872e-05
3.354017048770283375e-05
3.849514839306859506e-05
3.556521027308026135e-05
3.566158071049825925e-05
3.320208934257974642e-05
3.421119707397110994e-05
3.887921378303627512e-05
3.530776720217681429e-05
4.636860463062254746e-05
4.005809777129893220e-05
3.500208206148218356e-05
3.738041741023017767e-05
3.406492989322176134e-05
3.722816173213153585e-05
3.396456917117055783e-05
4.108581949521869779e-05
3.718839521404508099e-05
3.504530984488536568e-05
3.972222292551804177e-05
3.662445079616055975e-05
3.878521718755609563e-05
3.458839939987346624e-05
3.687341114811517131e-05
4.094556018940354015e-05
3.458960996388603777e-05
3.322227606399962387e-05
3.420403438956653877e-05
4.320340321833980677e-05
3.494487238502578017e-05
3.634004305181410177e-05
3.540987244089867185e-05
3.451351293332905726e-05
3.733175407020437571e-05
4.109684786989521135e-05
3.418355458282173098e-05
3.708345611662743584e-05
3.341823422740689031e-05
3.531979838411191281e-05
3.621383899530622669e-05
3.520426681803613434e-05
4.890622568225996462e-05
3.324630310367668573e-05
3.379958904506029339e-05
3.436412666001321194e-05
3.854894853236865478e-05
3.798038896564060623e-05
3.417471666407452221e-05
3.506301627868665694e-05
3.439113152030973548e-05
3.330899465512610595e-05
4.230072396156581095e-05
4.271632538265303402e-05
4.108260613428487828e-05
3.410594717202855293e-05
3.834700884122171086e-05
3.507312682944941653e-05
3.686332030135189113e-05
3.683877912238377861e-05
3.346189854119350072e-05
3.977153198421785630e-05
3.425422197303543961e-05
3.521596964808754556e-05
3.642614697745538666e-05
3.521369006401432251e-05
3.698012482466314681e-05
3.765514131568561192e-05
3.337226367315135849e-05
4.638834015467970917e-05
3.345512237095805665e-05
3.827715587540757888e-05
3.525535985530676080e-05
3.579549457108007897e-05
4.626307462755505187e-05
3.515203765239968995e-05
4.467097417149229146e-05
3.318614565584919533e-05
3.375880498459629225e-05
3.632277778418285287e-05
4.514856628870686733e-05
4.309002125490866324e-05
3.715132246359162648e-05
4.026435957782862571e-05
3.347492125691364225e-05
3.372826880777024549e-05
3.548286933733928796e-05
3.698014672224850854e-05
3.764974399539956085e-05
3.507343078203489561e-05
3.746157466911743359e-05
3.777628066393044976e-05
3.805864911553760726e-05
3.424413570553751853e-05
5.376896744173287541e-05
4.275989186539110471e-05
4.151399381739135806e-05
3.648549753694138847e-05
3.463557775118679313e-05
3.455841393244678733e-05
3.568855627294733663e-05
3.513432833175571051e-05
4.023384580992382128e-05
3.521694648848024562e-05
3.923288582606609747e-05
4.255019312740368807e-05
4.103530950461725039e-05
3.592574499910927748e-05
3.345973634366390551e-05
3.765943264653526284e-05
3.372547619573216534e-05
3.654467427017924928e-05
3.710931200612757196e-05
3.921772836261983833e-05
3.578138114844372749e-05
5.047081001675534034e-05
3.381615048516022450e-05
3.632192658161164257e-05
3.394668228179167528e-05
4.565257534711065492e-05
3.627257815646292528e-05
3.877572534395142695e-05
3.392030308769131798e-05
3.548012130167659494e-05
4.197505778746425718e-05
3.768681548417913095e-05
3.547589996405227776e-05
3.528703420522695799e-05
3.417855173297215226e-05
3.816900494505526340e-05
3.461826103989228403e-05
4.253446362223893052e-05
3.413310766610812530e-05
3.334956208169969494e-05
3.401620150666819788e-05
3.565838633911089982e-05
4.062234773580626005e-05
3.581600242988339949e-05
3.924179774602625989e-05
3.386723536526778204e-05
3.593022554606855337e-05
3.781700745505783904e-05
3.761298984430707032e-05
4.018252817526756296e-05
3.708651972909648769e-05
3.590780742652383478e-05
3.936795707538280392e-05
4.486621072391679799e-05
3.493581165489678626e-05
4.114581183879365966e-05
3.644605880145823960e-05
4.251947890991392707e-05
3.495586967381162334e-05
3.465946718707110124e-05
4.661701620861887673e-05
4.318032901605077620e-05
3.376569609756394845e-05
3.470898764966398451e-05
4.415187513465425556e-05
3.917645721684765369e-05
3.350437262211160906e-05
4.040594596454489965e-05
3.919957034768508449e-05
3.920289048035022580e-05
3.632022401188016289e-05
3.528902682386183062e-05
3.749597695466637507e-05
3.696785657167619217e-05
4.501623662474705606e-05
4.973929993447865402e-05
3.751611368574293961e-05
3.610228388132407501e-05
3.532096610118069758e-05
3.397853393734260767e-05
3.408385251815372613e-05
4.097417695902401061e-05
3.508505153475916714e-05
3.511308509322738701e-05
3.344366638715584285e-05
3.898560560097136203e-05
3.403374052028048264e-05
4.349245450147598839e-05
3.696768122978677388e-05
3.675281854351355174e-05
3.402465747890740926e-05
3.620532347801880187e-05
4.310553012595079529e-05
4.847316844631908284e-05
4.045655728867629308e-05
3.543466934398561264e-05
3.570315671475118196e-05
3.722736625589095292e-05
3.494320917584566521e-05
3.863670992690332290e-05
3.516771120763583132e-05
3.587176293874816407e-05
3.657305798404510681e-05
3.750687048918605331e-05
3.643308415914865939e-05
3.617236969891522448e-05
4.640594166766060977e-05
4.296671311921643687e-05
3.658555832248855275e-05
3.496162027939431454e-05
3.413370813186844403e-05
3.640883382102700938e-05
3.333500607022977331e-05
4.434327148796456797e-05
3.482448326025186768e-05
4.745131061698555289e-05
4.331462605939739743e-05
3.776923661202055520e-05
3.427731120241416375e-05
4.485561642738253025e-05
3.318576227658785434e-05
3.445156707951886729e-05
3.595232131914810500e-05
5.030236574943549932e-05
3.845153012900998709e-05
5.584394038754965747e-05
3.389559255091703155e-05
3.525051451549467244e-05
3.349299167128378329e-05
4.082882176034664871e-05
3.461608164534453984e-05
3.650266553590089615e-05
4.072082141019360991e-05
3.639774425320387659e-05
6.189352428760706100e-05
3.569975543453006038e-05
3.386737480381554673e-05
3.360148220028194073e-05
3.346057243893675538e-05
3.609512361609566424e-05
3.938472401360678624e-05
3.562829159927370388e-05
3.442482580085027611e-05
3.665605303850349642e-05
3.766091138589265310e-05
3.407030795490584285e-05
4.099680329174992951e-05
4.266402270531793531e-05
3.660775469108625300e-05
3.362858282332744541e-05
3.393037877351206232e-05
3.599246223357909381e-05
3.374047549324840498e-05
3.962697203712302340e-05
3.350888182518250080e-05
3.432518951407458665e-05
3.353289321900045620e-05
3.571858395946547895e-05
3.825319493594365642e-05
3.839948574156569982e-05
3.351531245048132055e-05
4.076222635231398141e-05
3.751714499805413163e-05
3.452745761979554931e-05
3.485039020748147961e-05
3.337719949671259551e-05
3.832840766028214829e-05
4.641672818544335130e-05
3.785995420290786827e-05
3.858153122067126768e-05
4.461601173525643090e-05
3.339443010397625080e-05
4.084417449943716146e-05
3.917329912133344841e-05
3.914001246978122430e-05
4.309572926935007441e-05
3.414456609056699753e-05
3.491438830940616635e-05
4.790971553529575327e-05
4.242945925585364593e-05
3.632102930870197014e-05
3.388571115805133005e-05
3.468307634205731614e-05
3.851724926423213643e-05
3.329593874929781831e-05
3.444834730033590300e-05
3.494786561308253076e-05
4.214752290930296342e-05
3.407897379445087285e-05
3.585420395283716211e-05
3.726933364011561489e-05
4.399883396456891264e-05
3.910891959243858687e-05
3.583069939413426909e-05
3.323908238920736586e-05
3.560653725422962065e-05
3.335776397251559948e-05
5.372526889494103373e-05
3.415544180782208498e-05
3.990317252515349295e-05
4.257616541168943218e-05
3.746899010938881217e-05
3.458537247998664165e-05
5.141186542596947335e-05
3.880398991247278802e-05
3.443021060922875408e-05
3.421835563677315352e-05
3.486422510096554033e-05
3.350285003020786874e-05
3.392915791644046956e-05
5.933965253573667627e-05
3.558457591064086243e-05
3.531139763046426858e-05
3.716383535819203294e-05
3.553680363820958121e-05
3.450864054912034629e-05
3.808496760191452295e-05
3.941533289112745918e-05
3.383884068626456386e-05
3.511406982453825769e-05
3.910313610053438814e-05
3.372231611022230807e-05
3.714779774375624147e-05
4.165096140259322651e-05
4.991636512639850470e-05
5.631323884951334986e-05
4.496941176642339007e-05
3.669500900297668195e-05
4.965157426932881616e-05
4.078330376799086282e-05
3.336906883488355172e-05
3.790708436527446569e-05
3.364179819383317807e-05
3.782174248780305456e-05
3.486764928858051887e-05
3.352564028091963477e-05
3.486164991457647844e-05
4.201669993437859616e-05
3.745631169456139169e-05
3.663036366664024522e-05
3.615653742637251936e-05
4.466279312801439618e-05
3.837076954270475358e-05
3.961026815898095049e-05
4.017705526749199729e-05
3.584654874638869005e-05
3.630157340972730342e-05
3.774367417858369477e-05
3.340097944091449320e-05
3.350333842947237446e-05
3.493294363705157874e-05
4.166896537356209698e-05
3.438447270762008510e-05
3.677596143715284509e-05
4.795113608005803816e-05
3.837838420124169386e-05
3.911111595196214194e-05
3.345039123213499959e-05
4.692451873683090843e-05
3.589072485854184557e-05
4.708833036568470606e-05
3.900659175884604548e-05
3.361336035227661479e-05
3.383674408757171537e-05
4.499517116825032826e-05
3.441228781865944444e-05
3.617681327862626810e-05
3.330516988552232368e-05
3.799127084554786935e-05
3.543272379832630308e-05
3.520993162182719632e-05
5.287232733234757903e-05
3.769560550156723163e-05
3.619979820797885012e-05
3.448661177838609670e-05
3.738039615144012057e-05
3.389564819829913992e-05
3.469198038512706124e-05
3.546332593901527534e-05
3.619464229328337135e-05
3.435415571746071209e-05
3.529316052068162207e-05
3.524046833829180125e-05
3.322753789939046724e-05
4.776872883843524993e-05
3.387060933502607956e-05
3.448844235558122767e-05
3.810663973830145425e-05
3.400409968943886161e-05
3.367753601393487360e-05
4.152942419362244978e-05
3.571407820624844059e-05
3.691666928587251548e-05
3.622805019345451503e-05
3.470249524918215297e-05
4.995116933597694561e-05
3.672454768809609743e-05
3.347037065263142708e-05
3.590704762041595227e-05
3.444411509216595193e-05
3.937619559632893904e-05
3.544468794605505689e-05
4.055461054169676725e-05
3.328953708995070608e-05
4.304914174992927961e-05
3.575522247754667887e-05
3.745563518086751111e-05
3.547670997894255022e-05
3.417705592488816223e-05
3.400365839717202051e-05
5.401028578943256473e-05
4.317955690869568750e-05
3.852153608459420929e-05
3.499013040251798919e-05
3.424029374523984020e-05
4.098304344474882634e-05
6.195998961534834805e-05
3.734503931503450674e-05
3.325674496254250157e-05
3.526706603022889845e-05
3.630521349728991424e-05
4.498351035345903032e-05
4.408879518153959451e-05
3.361410057428427308e-05
3.984429005730814177e-05
4.916644460792510529e-05
4.792839915891531120e-05
4.187414013844095772e-05
3.931226429364602913e-05
3.382074226344304325e-05
3.494901666694260662e-05
5.599514084794237403e-05
3.619849780734103170e-05
4.458171112314086095e-05
4.182439728270050962e-05
3.517429692041970770e-05
4.629120196802353083e-05
3.986562430231195314e-05
3.638169938756417534e-05
3.361757332518679821e-05
4.037825363962653269e-05
3.965714209206350118e-05
3.338825426380891386e-05
3.640542791137430444e-05
4.498692133126709652e-05
3.581569158330817393e-05
3.716806853305963963e-05
4.033094261837108914e-05
4.554045872348397674e-05
3.599038614948989911e-05
3.320721278454066800e-05
3.431505292798573071e-05
3.446547446678508445e-05
3.915884517177177477e-05
3.370924389307913892e-05
4.666721105425610195e-05
5.274516505112990586e-05
4.467705517541671151e-05
3.823478756859128918e-05
4.663692687126792710e-05
4.320016201798131979e-05
3.542072387889405171e-05
3.428947322268225512e-05
3.525578435968127047e-05
3.455609221459157303e-05
3.569842845238210984e-05
3.347253096171966046e-05
3.910692943534440367e-05
3.685081212689274115e-05
3.995424271880968853e-05
5.973888097365790512e-05
3.787657061749403922e-05
3.546558623778635626e-05
4.003208016899432607e-05
3.960647901057160500e-05
3.408585278786598191e-05
3.845176616309010589e-05
3.925596349560004505e-05
3.437521400806000039e-05
5.490177367939414561e-05
3.520030497913839446e-05
3.938339811370435530e-05
3.676243661047003233e-05
3.779365844090080382e-05
3.426181508427743252e-05
3.344014373987535410e-05
3.425151868117073484e-05
4.372033075584515882e-05
4.931867292494371133e-05
3.610038889705707800e-05
3.884433003314820629e-05
4.867518888617393142e-05
3.518080389311288998e-05
3.643568466603444464e-05
3.531234236813212551e-05
3.466103727375400824e-05
3.352314519026523051e-05
3.962943431162084979e-05
4.075401496062157125e-05
3.830632373117161238e-05
4.268072855001378622e-05
3.377390413078259476e-05
5.269578317116207339e-05
3.622202447775338792e-05
3.332401926824157866e-05
3.457159737586561665e-05
4.289605338291023820e-05
3.405353495857158896e-05
3.465808011445231635e-05
3.643164681790315670e-05
4.132261773943970138e-05
3.429265334625357316e-05
4.358998170864883355e-05
3.344028813072095438e-05
3.324034485773435599e-05
4.379688875021382327e-05
3.552526698136051814e-05
3.397585282069046970e-05
3.687956791181984259e-05
3.353383893640956464e-05
3.464608734879209910e-05
3.658808403994019790e-05
3.855603731969084366e-05
4.832607407367502084e-05
3.683191724182395793e-05
3.952264550302347511e-05
3.407019822187899884e-05
4.684481995697659167e-05
3.647151510125763794e-05
4.368079113706790050e-05
3.444997059823709886e-05
3.518090436095059996e-05
3.369793916590316094e-05
3.330861515181510012e-05
3.873393525744848250e-05
3.889809073309670115e-05
3.970004548177205139e-05
3.559065974789654224e-05
4.202144653324393686e-05
3.517371892108867964e-05
3.793702042480336827e-05
3.661464268368980755e-05
3.740117138287955058e-05
3.687021027965032514e-05
3.814823428411771508e-05
4.807129862269246583e-05
3.328561842285211638e-05
5.557879429363761937e-05
3.582436858883941005e-05
3.964564584865541019e-05
3.892255512375973581e-05
3.998197229708509801e-05
3.995956991263395285e-05
3.931951755516759441e-05
4.003345345593596198e-05
3.705424080290848482e-05
3.548740722200064823e-05
4.196066191421154323e-05
3.639090295930525652e-05
3.871306120664816874e-05
3.361800023465826281e-05
3.760684408702236339e-05
3.523799307073941238e-05
4.171629525426682111e-05
3.621986845608985177e-05
3.819832019310799896e-05
4.653143542120250376e-05
3.993706204670416707e-05
4.103863172867584959e-05
4.421202863701027364e-05
3.529233886770582801e-05
3.434441832945937909e-05
3.750573308009243971e-05
3.542939845158732626e-05
4.095728797614598234e-05
3.608243145979094771e-05
3.491277240527975833e-05
3.682319093629748329e-05
3.633151669161974846e-05
3.367110523406801118e-05
3.664514559690634288e-05
3.475860019491852681e-05
3.337557380006799819e-05
3.426249040384915328e-05
4.825648702296726344e-05
3.709301402402161423e-05
3.318641106512627083e-05
3.701435099384037150e-05
4.129868528949985293e-05
5.327165655570139269e-05
3.748480045976130209e-05
3.544301461824604573e-05
4.080804278854058005e-05
4.760407857654335031e-05
3.529398212105674465e-05
3.366461437121181762e-05
3.569408465302972437e-05
4.314604806267295834e-05
3.887577890108613577e-05
3.554391115128883294e-05
4.105178179228216758e-05
6.112294282553925456e-05
3.794316307187999346e-05
4.804210844754774082e-05
4.575707757316743561e-05
3.590619278569181393e-05
3.991446599244090088e-05
3.705617884900179660e-05
3.862902086678408897e-05
3.690639075961355214e-05
3.469592122435358124e-05
3.439792039304551314e-05
3.507755875404488036e-05
3.605909927443638351e-05
3.436795745994056001e-05
4.456399606518314732e-05
3.758512368144093673e-05
3.492072169654405605e-05
3.688391345884626859e-05
4.628163449403788947e-05
3.540451734004349367e-05
3.515128242140865667e-05
3.685591846323068725e-05
3.661371998944655851e-05
4.152375707449166827e-05
3.772592207496504936e-05
3.827562217620456768e-05
3.767261070676109597e-05
3.591768088499484499e-05
3.560172499828347423e-05
3.370607962038528233e-05
3.711041807966373215e-05
3.957798314973836890e-05
3.329026804416459047e-05
3.342141615880961977e-05
4.641133578830172545e-05
3.921929326903447586e-05
3.326193320699104500e-05
3.688296505854666999e-05
3.412505315834272069e-05
3.491715795237599620e-05
3.938822232688445822e-05
4.183616199561698438e-05
3.489136150299586818e-05
3.748697321301602131e-05
3.643242254524691295e-05
3.333605468710346560e-05
3.547658725268292799e-05
6.014889954748562045e-05
3.319154116420506965e-05
3.361794331425677193e-05
3.337992785522732954e-05
5.646299953308294524e-05
3.771704777255334711e-05
3.689048425139999351e-05
3.378614976005705535e-05
3.540256723401462573e-05
3.477066815802536159e-05
4.207422237815299187e-05
3.424318885356890239e-05
3.372034064316465881e-05
3.677616153746666609e-05
4.220420673631037381e-05
3.556996301926081643e-05
3.410299254764037006e-05
4.355748814720416672e-05
3.330283355416805243e-05
3.533367989169803751e-05
3.366376378482363558e-05
3.990589015276876803e-05
3.603951041400695683e-05
5.129300237365019778e-05
3.613753682913740706e-05
3.345815048790299278e-05
3.471313165286275620e-05
3.952206186727651860e-05
3.807027827233953773e-05
3.807840277123526545e-05
3.414554774932269813e-05
4.085125374862280049e-05
3.863331250261384112e-05
4.098964447692538232e-05
4.610179589213082380e-05
3.546543883907198773e-05
3.945993338180312491e-05
3.762464665218450831e-05
3.612304060969595765e-05
3.481135474608114584e-05
3.686974664224076654e-05
3.470064339030562168e-05
4.153462779219405652e-05
3.572641109713552333e-05
3.885713966051135005e-05
3.352087909073782384e-05
3.656515459804586516e-05
3.505495250070904352e-05
3.646182105766548930e-05
4.847982544850408580e-05
4.632953540431242060e-05
4.544353797425825214e-05
3.394388338075446138e-05
3.599458516082627602e-05
3.739308173842529264e-05
3.394950825079623641e-05
6.121123891070486618e-05
3.762372783801606213e-05
3.536649875983475643e-05
4.332805951314681393e-05
3.823506725534601589e-05
3.392743741276667448e-05
3.599432571041031773e-05
3.773586773927183893e-05
3.516640371616421305e-05
4.265481276936980052e-05
3.779392657167018844e-05
3.589970846686019960e-05
3.824263663850821184e-05
3.365959505695105140e-05
3.523106478036551530e-05
3.672294060629856352e-05
3.707678328942307804e-05
3.639932251125673634e-05
3.329795500941970662e-05
3.425870814267639774e-05
3.320429798932011842e-05
3.558606063075370115e-05
3.358348631962215970e-05
3.545479711459034055e-05
4.786722702968129679e-05
3.333188881224773576e-05
3.435195675070924011e-05
4.035615855336740717e-05
4.122881784438842286e-05
3.407535462383201689e-05
3.452708737292756766e-05
3.333483129193131765e-05
3.766963478100277403e-05
3.529627236564638265e-05
4.002591638851268413e-05
3.566390339555232196e-05
3.594041366246157582e-05
3.563690069276464339e-05
3.500470533702851518e-05
3.551643643583245750e-05
4.048159289888269381e-05
3.854291144958489851e-05
3.535661729866920375e-05
4.066443350222339860e-05
3.409097529440735568e-05
3.937160693800652604e-05
3.644393903402651816e-05
3.526147635451567434e-05
6.249187530879874472e-05
3.787626308824703053e-05
3.411896102497198455e-05
4.299337430838123965e-05
4.667483137855888591e-05
4.416236215728951744e-05
3.666302822286956868e-05
3.589982725623596933e-05
3.675335306217853137e-05
3.595208469205887135e-05
3.737497407441888765e-05
4.111765343179331279e-05
3.360968704918675825e-05
3.494653537654212428e-05
3.590065875160201257e-05
3.656160783810795579e-05
4.234674257073809165e-05
4.444029050046031774e-05
3.328014771367837919e-05
3.616568987310400635e-05
3.367835732408695716e-05
3.896028248232742577e-05
3.673072868632713491e-05
4.046379037543471925e-05
4.199641781674182573e-05
3.361854096525445328e-05
4.037156323410968494e-05
3.555452850173441293e-05
3.858971377198963274e-05
3.458321370948431057e-05
3.356992198403518950e-05
3.558292061198256053e-05
3.381797060239362840e-05
3.617930195805044239e-05
6.985369214511946787e-05
3.524054333893605976e-05
3.565410174200993939e-05
3.555984610276385026e-05
3.680558813932135402e-05
3.638511140839626644e-05
3.608339199685956666e-05
4.202535982715945403e-05
3.358962101631479495e-05
3.605569563872960270e-05
3.830298426427772724e-05
3.363603065909741372e-05
3.470280821256887892e-05
3.358639711804241594e-05
3.779334905274328154e-05
3.509567563724964065e-05
3.448772607458765080e-05
3.656106557486327261e-05
4.269623662305833852e-05
3.712197221156931940e-05
3.571381311325470766e-05
3.554439949663986098e-05
3.628531900258507171e-05
3.882706646543671015e-05
3.683472882442441628e-05
3.559975583245088998e-05
3.347019781133870302e-05
4.142136721090893306e-05
3.536944439290558474e-05
3.646368759814388175e-05
3.396094404742421166e-05
3.546511946941138750e-05
3.676341584018356993e-05
3.554857409631111825e-05
3.476667273197837877e-05
3.482587801091805942e-05
3.452314621177054999e-05
3.917281319833673648e-05
3.481949706196016810e-05
3.327883086362786700e-05
3.820612982205337575e-05
4.959128952833740794e-05
3.607931508712759755e-05
3.519626665365662045e-05
4.435209380422529052e-05
3.670424407165671769e-05
3.988941672016020710e-05
3.728047446821805344e-05
3.593477564008181743e-05
3.340176164770245501e-05
3.352953962975377487e-05
3.449963224950460504e-05
3.464226192672599329e-05
4.781685961485073426e-05
3.541894881459362363e-05
3.355722925654384064e-05
3.463201140660056147e-05
3.727479807502291311e-05
3.665174499240433356e-05
3.688424428038337104e-05
3.543863340766555315e-05
4.620252418348313442e-05
3.585553898019692114e-05
4.430806705838404974e-05
3.724612274891217213e-05
4.841115844789183216e-05
3.722560314193653816e-05
4.493128602454885418e-05
3.593209791202121086e-05
3.382801840041288894e-05
3.835493357325977387e-05
3.638272995640431386e-05
3.814962130267789505e-05
3.904718905529732390e-05
4.406340430606453372e-05
3.832408101418349479e-05
3.678796216017922617e-05
3.528989849722648372e-05
3.454957328189336258e-05
4.407200306081839785e-05
3.928477212601884843e-05
3.653996792708546414e-05
3.565482804456740370e-05
6.569379221813550303e-05
3.934426565485626189e-05
3.887056773677699604e-05
3.794355072197327287e-05
3.371316984592420441e-05
3.365508442578521268e-05
3.483994607024679785e-05
3.444158573169913665e-05
3.324084393683065684e-05
3.350342461554546396e-05
3.786112416227029764e-05
4.760506262916495881e-05
4.708855569888899760e-05
3.615364830878915780e-05
3.905018676107681894e-05
3.430733069253931954e-05
3.962184698447029051e-05
3.505056345934213694e-05
4.015568433023643024e-05
4.208812818452742626e-05
3.362764441542861349e-05
3.363904261747306201e-05
3.357063627226936786e-05
3.928699717909571486e-05
3.429984605748446591e-05
3.985400753872768681e-05
3.729836632335844837e-05
3.993755826858156444e-05
3.554500990238335600e-05
3.668386474736755863e-05
3.362021992362187545e-05
3.548902575688436936e-05
4.643991929427696680e-05
4.289346148426961212e-05
4.125984720013309195e-05
5.010264722034435121e-05
4.154154723293838766e-05
3.654949201979172891e-05
3.353891016940633776e-05
3.918934395744877951e-05
3.969316210967517865e-05
3.720251095882493400e-05
4.424229534453480640e-05
3.402402416983078744e-05
4.008508652245629342e-05
3.567734743861961994e-05
3.463395204287911456e-05
4.755008868981150730e-05
3.418904452431304315e-05
3.966927911688482658e-05
3.490173772180017579e-05
3.931563233699460018e-05
3.318546736117553893e-05
3.461568773859903422e-05
3.408415394931574619e-05
3.441799815957796065e-05
3.476470049785643820e-05
3.542060061844379748e-05
3.834681066520938085e-05
3.798323738865040915e-05
3.491415747855107829e-05
3.714879254311816674e-05
5.051962247487128512e-05
3.504132377467171098e-05
3.361876863413975052e-05
3.326565447483806760e-05
3.368469938193697827e-05
3.379978533487903628e-05
4.654853969763367240e-05
4.355221037077821710e-05
3.831224534054801620e-05
3.348453529357181774e-05
3.882451916404814995e-05
5.684740143887424141e-05
3.617018225498548465e-05
3.549611058839914266e-05
3.944851668484485789e-05
3.642973012029356250e-05
3.332955762818220124e-05
5.400054761577177106e-05
3.867892472554139779e-05
3.351694827350707644e-05
3.549000658833143006e-05
3.387816256063594221e-05
3.569560514815835927e-05
3.529953276971626496e-05
3.513233670250532909e-05
3.348459283979383032e-05
3.318938914677647218e-05
4.023745735121369172e-05
3.407247498306086681e-05
3.412046384699171891e-05
3.354415109243886285e-05
3.477038281231853428e-05
4.790036620474743997e-05
3.853120108425626874e-05
4.109889533476646220e-05
3.321786493912678816e-05
3.721312577435302728e-05
3.422158106704401893e-05
3.855871177086944962e-05
3.656931010656882993e-05
3.957340403342338533e-05
3.343032113752734730e-05
5.364450646263532236e-05
4.001225872063609033e-05
4.131680769373178436e-05
3.976964962160491350e-05
3.506359931017596205e-05
3.552834769019474641e-05
3.653351662387554658e-05
3.684298305439553391e-05
4.100962777651280083e-05
3.586428479578958616e-05
3.384979310007833514e-05
3.942530711313899978e-05
3.641568870045573702e-05
3.329371755239100096e-05
4.636860463062254746e-05
3.370376240263838895e-05
3.353011295823618836e-05
3.834879229860522213e-05
3.530306601305356157e-05
3.371460998822001269e-05
6.344209325577447448e-05
3.721979614319484458e-05
3.544220248379922205e-05
3.479790199257129724e-05
4.334924917247522276e-05
5.637225790056340819e-05
3.392721539481484731e-05
3.637581215537650283e-05
3.681046780729733649e-05
4.104068719000885599e-05
3.559863740737435959e-05
3.833626363835478617e-05
3.401418995224458365e-05
3.407834325742660053e-05
4.148643790290637546e-05
4.435953056236703710e-05
4.849271624142946334e-05
3.355285235109446945e-05
4.176528007185399129e-05
4.396672975041841742e-05
3.396548220252350694e-05
3.891736116795855048e-05
3.669292855353872010e-05
3.741256515872128829e-05
3.322827261026135831e-05
3.498497931895811728e-05
3.466768180844918178e-05
3.342176322820472102e-05
3.961365760493359614e-05
3.457665614638116781e-05
3.954735531587809193e-05
4.442182471832294458e-05
4.829804116781200881e-05
3.746377225743027577e-05
4.365174476554302570e-05
4.463013212760923268e-05
3.447479945822779022e-05
3.524419283990766737e-05
3.777489692712405832e-05
3.471766504130129830e-05
3.531380905994517750e-05
4.010741934361586948e-05
3.454257552193509714e-05
3.744544112602174940e-05
3.676835540560893887e-05
3.373957379807014417e-05
3.350971455274770797e-05
3.987267534118898456e-05
5.080670084093986245e-05
3.582570667577825521e-05
3.995811884408394655e-05
4.408555430782013261e-05
3.808266521565501330e-05
3.430969899410581461e-05
3.375506247415243608e-05
3.329269449569861308e-05
3.704944893062712621e-05
3.762416637065729957e-05
3.866106965284465057e-05
3.607500249360120771e-05
3.320347347513114553e-05
3.927692604864234534e-05
3.663438651510568322e-05
4.829888175550643015e-05
3.343511787008582401e-05
4.136579985558719416e-05
3.857043819396688896e-05
3.740420641208741048e-05
3.527731575542094981e-05
3.637750758033864824e-05
3.388704769702753010e-05
3.632698697969963985e-05
4.208099267698105141e-05
3.671776091553972514e-05
3.510874126934614712e-05
3.969406326133044239e-05
3.445332297397977182e-05
3.884103971692435278e-05
3.878318101445591792e-05
3.501089208847690641e-05
5.183558885491797971e-05
3.423539487941566512e-05
4.551055365624159723e-05
4.909727589362791115e-05
3.945110135560596810e-05
5.389388484966575472e-05
3.395501979947154715e-05
4.601739089550508890e-05
3.564552829749285115e-05
3.325079186148529334e-05
3.583654966746237128e-05
3.628866374335634065e-05
4.074455784531068385e-05
4.480354909562874540e-05
3.610254120377197736e-05
3.391452598076329198e-05
3.404531861055849914e-05
3.424037492567419036e-05
3.377564622649607628e-05
3.325838668171634952e-05
3.870371380308949697e-05
3.396019675223452711e-05
3.713652544241203142e-05
3.322718522230320569e-05
4.699501315339966106e-05
3.468315470415977438e-05
3.886932670015253680e-05
3.361478381635289443e-05
3.394718102921517655e-05
4.373360385236184063e-05
3.644434933805614158e-05
3.886611859291898345e-05
3.340795957961775823e-05
3.644881627100959366e-05
3.743974859307152897e-05
3.573656730262016824e-05
3.731129967082667576e-05
3.904260643280712498e-05
3.321942372061001240e-05
3.531828267809574389e-05
3.330975362607843535e-05
3.322312869570197351e-05
3.454825324814376423e-05
3.548645071959596929e-05
3.795521593404998340e-05
3.359712113241044142e-05
3.742263550483612130e-05
3.347745503326377274e-05
3.488161965654822095e-05
3.341259148234375338e-05
3.445587656306450548e-05
3.548088197727348786e-05
3.375331745520130029e-05
3.341493571000999941e-05
3.366228929506119073e-05
3.569994843881574346e-05
5.919697576406083287e-05
3.809659486266332826e-05
3.781931341378180295e-05
3.411650146894415887e-05
4.302872686780388376e-05
4.182058818451230860e-05
3.554691418305300351e-05
3.471560698051197682e-05
3.378617783233646714e-05
3.976925519077184607e-05
3.395842520519757875e-05
3.383800208965577006e-05
3.363890056063025799e-05
4.017379495002840813e-05
3.414170247580018290e-05
3.624344959307971675e-05
3.330327165063066302e-05
4.156096835477789646e-05
3.856782449963730452e-05
3.526502009235620694e-05
4.208304927203248891e-05
3.565068757486456982e-05
4.159490331077627859e-05
3.597730868741201473e-05
3.363549070137144187e-05
4.221069157477292337e-05
3.703440881063805662e-05
3.376406508145634818e-05
3.868937162716892017e-05
3.721753719289591276e-05
3.613321998205543383e-05
4.025362889850206427e-05
3.933885393389831238e-05
3.740443984782327360e-05
3.390527141641182159e-05
3.572311223255655117e-05
3.459531909742289297e-05
3.375866430935420720e-05
3.730005584076664065e-05
4.214973867106498100e-05
3.325653973197460311e-05
3.421816587954184955e-05
3.340121121114042935e-05
4.814035109033009736e-05
3.672778358547055324e-05
4.200832814895290426e-05
3.514909199915879133e-05
4.198153227560713180e-05
4.007002674750927157e-05
5.388828765355091824e-05
3.415132705502067848e-05
5.689386372990399768e-05
3.712717159501631854e-05
3.419458636236124497e-05
4.259727110792159291e-05
3.440694869474730821e-05
3.565335118662054780e-05
3.750312089274439976e-05
3.571925848317499680e-05
3.721075807872873564e-05
3.453549457488543398e-05
3.421089871111539362e-05
3.528905172963681667e-05
3.325173047596408375e-05
4.086972718696411190e-05
3.767067538799198970e-05
3.655496358876866153e-05
4.738045457569800328e-05
5.302151165562934981e-05
3.326363282567784262e-05
3.525153868324842394e-05
3.323408994293801291e-05
4.392723832653508984e-05
3.469448596186257158e-05
3.865610803764895362e-05
3.851707306546249787e-05
3.510997890460427313e-05
3.906185105149154500e-05
4.615449766720784421e-05
3.329678620387529196e-05
3.754611615453191839e-05
3.678309649810753595e-05
4.768534762161378768e-05
3.389041624587112715e-05
3.451126233876094623e-05
3.449552337718980049e-05
3.512350929151225842e-05
6.715212986839724221e-05
3.474397343825914733e-05
3.941834609493289894e-05
3.830171187578004912e-05
3.917189737532166970e-05
3.365335349073362371e-05
3.459176763690445549e-05
4.015081261470142672e-05
3.598340053952778499e-05
4.236780236034519344e-05
3.907487960740026233e-05
3.425384354749200189e-05
4.362824697583170247e-05
3.705641836343493155e-05
3.433905013193811530e-05
4.021791313586700075e-05
3.615844762320162239e-05
4.014754643287887846e-05
4.357333882600689491e-05
3.538665913674884017e-05
3.467602175815681127e-05
4.553314507027281038e-05
3.437058208543541238e-05
4.102716528244231302e-05
3.617725522804254715e-05
3.621265596946022646e-05
4.101865434546142020e-05
3.454394897473304151e-05
4.543255151193441641e-05
3.327467453032578732e-05
3.627643402244070493e-05
3.912346181447985059e-05
4.436789281913769656e-05
3.839634624016163963e-05
3.617585954771591336e-05
3.374591243769294328e-05
4.140731809231194268e-05
3.659797933032271731e-05
3.562678745234263138e-05
4.166969076440773384e-05
3.715318176119075574e-05
3.331955759044874532e-05
3.898854061083535411e-05
3.773588845188246134e-05
3.776987712967451964e-05
4.528794181616149252e-05
3.427563833360271829e-05
4.137585250613150695e-05
3.793199815640669020e-05
4.011388141549779258e-05
4.322843929746918331e-05
3.513425270593613901e-05
3.982815713363317103e-05
3.643814783340109162e-05
4.383575719541443831e-05
3.394546303658254759e-05
3.756276040655790789e-05
5.220304752965170431e-05
3.800772992043272079e-05
3.354443741679589546e-05
3.683123086038328704e-05
3.514377803599410302e-05
3.650314210788969114e-05
3.632843573671132238e-05
4.377233768975278866e-05
3.474888555188454812e-05
3.379075275679735896e-05
4.127541068366203872e-05
3.724028158735083775e-05
3.669650762039357745e-05
3.967925922302060972e-05
3.405416675957460365e-05
4.010249644097012289e-05
3.776841009348689404e-05
3.665677091083458834e-05
3.880253198613460678e-05
3.359572412137106629e-05
3.488817502034904575e-05
3.380331801568326020e-05
4.576231899836613365e-05
4.067763238137771530e-05
3.916819610291698782e-05
3.481644753795873207e-05
3.886036891228581488e-05
3.759182344051402376e-05
3.607082917852342830e-05
3.472097286636461607e-05
3.917088803277291275e-05
3.338285870606715625e-05
4.418808013653884129e-05
3.601784403518469796e-05
3.413313496063652490e-05
3.577555399967825384e-05
3.835550794129970621e-05
3.689489237505343903e-05
5.090971449749680873e-05
4.699773174469163182e-05
3.486306633182376997e-05
3.404825953551764644e-05
3.643084822760024816e-05
5.559057487970500521e-05
3.461340283635632240e-05
5.916001559873439733e-05
3.326249000493357533e-05
3.813063323809863118e-05
4.030267616529665403e-05
3.755365370742839624e-05
4.015746498186729523e-05
3.552091361644186418e-05
3.963493669856491138e-05
3.850557620014296255e-05
3.762034439936339349e-05
3.705127875572543350e-05
3.715063056660001509e-05
3.592104944397810404e-05
3.759962870500089892e-05
4.200710977200477217e-05
3.354495278370248274e-05
3.881578206818556885e-05
4.128474750359740439e-05
3.444856020384906808e-05
3.940365993402231414e-05
3.448000355936558630e-05
3.423718142948104870e-05
3.429553631667395588e-05
6.326826953613361095e-05
3.669210075763944197e-05
3.603081052805201620e-05
3.327236158582314154e-05
4.036049759621539819e-05
3.351611604010587125e-05
3.597929239254868584e-05
3.353773566466862889e-05
3.408971540888364161e-05
3.341681655332985515e-05
3.424824691332779792e-05
3.460092047486949005e-05
3.641082210144425103e-05
3.820046327197387006e-05
3.446964633189888142e-05
3.449949972624052078e-05
4.106478895445215529e-05
3.850588969812841419e-05
3.909986776304259461e-05
3.622258081315615563e-05
3.376929481491279956e-05
3.557257019452681872e-05
4.955627490653231659e-05
4.822380585549902564e-05
3.486957981374728147e-05
3.417564154074698960e-05
4.298887362671829243e-05
3.862196886240730302e-05
3.330776852465456461e-05
3.520113255313277390e-05
3.815765925909335519e-05
4.095252519353725679e-05
4.837771800288705952e-05
3.427787776837104691e-05
3.784167350665714846e-05
3.648522484985898789e-05
3.809857214073820184e-05
3.651745398710188857e-05
3.326465834211552857e-05
3.471068190343347724e-05
3.344060578454631705e-05
3.605750319667251885e-05
3.841609952229977710e-05
3.528743275370873874e-05
3.563015940963973376e-05
3.406042808750401929e-05
3.574022351830481709e-05
3.374250406514406580e-05
3.556260161362569355e-05
3.818677793430839859e-05
3.884354578315708627e-05
4.082316675284573571e-05
3.330706782293734142e-05
3.729915764252329921e-05
3.349948816288869858e-05
3.500480720090236422e-05
3.421670194076584692e-05
3.756980658673112053e-05
3.445369540480562235e-05
3.739252951374605273e-05
3.573093664318052179e-05
3.937689574418406417e-05
4.063024372624304744e-05
3.986455566385749304e-05
3.424243132015186480e-05
3.358451373946209971e-05
4.604173838769856121e-05
4.396010244278931067e-05
4.096442929555438940e-05
3.861199676449411107e-05
4.402547961136790662e-05
3.523026415878788829e-05
3.377078460011111497e-05
3.590464919233998190e-05
3.658339304010509266e-05
3.713667695604907663e-05
3.544766494814858713e-05
3.561834157838200405e-05
4.900180488233703648e-05
3.939157254171340349e-05
3.342349842652653458e-05
3.593541536999938287e-05
3.325337287600271330e-05
3.458984679973955170e-05
3.397278402472635943e-05
3.814109598095497461e-05
3.617767390326813925e-05
3.562647204454716886e-05
3.397181622825917995e-05
5.481612668057970724e-05
3.717666039244816900e-05
3.829626314798507204e-05
3.932979903809942138e-05
4.398300738266248353e-05
3.570197481059405768e-05
3.663119530476360863e-05
3.654539817504217611e-05
3.693346774106349897e-05
3.381256546647296322e-05
3.783961797758126586e-05
3.351224110190325375e-05
3.579865541315655278e-05
3.570754570274471972e-05
3.702880261521197521e-05
3.326266583053780744e-05
5.423745011312573625e-05
3.365806333088831252e-05
4.416805992328810750e-05
3.608706950099328033e-05
3.509221112818117672e-05
3.837897737679591510e-05
4.680454395011800873e-05
5.434424711245639271e-05
4.003486182080256473e-05
3.462135880686923210e-05
4.622032091193192387e-05
4.073376869397107690e-05
3.967074137239201624e-05
3.324967716214719004e-05
3.526027824978808322e-05
3.686906219580772396e-05
3.727726170741447673e-05
3.542624473733464887e-05
3.689372436333645763e-05
3.693805947183383413e-05
3.852664332207463119e-05
3.723705928040844536e-05
3.400051373380918893e-05
3.391669271298747426e-05
3.540594887543761836e-05
3.437569584363558267e-05
3.420799608083256168e-05
3.335409998333934274e-05
3.515103066782865126e-05
4.274737275714093210e-05
4.713333811881828067e-05
3.461545138863478965e-05
3.577716092271190299e-05
3.585727907850489289e-05
4.071352833265235490e-05
3.632583705944515673e-05
3.856083925455279282e-05
3.966552350998329556e-05
4.021594858396267450e-05
4.296207426532992865e-05
3.612201289527819251e-05
3.788694058386283360e-05
3.363901420623648250e-05
3.645571882356137954e-05
4.144321672670294566e-05
5.285872250045693785e-05
3.437430382351686851e-05
3.478352796904114893e-05
3.395374599176127545e-05
3.528959964445730550e-05
3.348588755789304159e-05
3.596551832900221553e-05
4.080378326265017590e-05
4.170308420700926202e-05
3.434165399593236927e-05
4.192396914475257299e-05
3.546784614047905089e-05
3.374194060659230362e-05
3.320191263338528913e-05
3.415099999631404344e-05
3.740641328076188809e-05
5.657090024249945864e-05
3.584361425125201040e-05
4.305450435472229077e-05
3.617886007738754307e-05
3.521328921607164066e-05
3.523746795251097766e-05
3.433993604351448617e-05
3.442973086880510460e-05
3.414418431342317696e-05
3.423937366332321274e-05
3.920902509539722652e-05
4.277912108802744084e-05
4.598940151507804495e-05
3.702253924007062482e-05
3.587150103804206546e-05
3.679813212022151747e-05
3.560279454308254768e-05
4.205389348554686629e-05
3.541396746668104204e-05
4.266749533848632312e-05
3.801808299435083363e-05
3.748093927664239265e-05
3.584633404963214864e-05
3.447575547550147046e-05
3.459097828727098129e-05
3.898323821484399852e-05
3.541823378902285511e-05
3.399275899705583414e-05
3.497584504379325123e-05
3.788862035748428867e-05
3.438746827499347621e-05
4.214848565893960180e-05
4.068381477751543198e-05
3.379468078044131299e-05
3.937848016292862490e-05
3.657299026069052005e-05
3.790002511045205419e-05
3.435737302005734399e-05
3.678314094138648122e-05
3.675444430474578687e-05
3.725959934616217441e-05
3.636905120585506407e-05
3.545167420318387844e-05
3.763810855614328305e-05
3.452095026316145466e-05
4.262236443940703727e-05
3.320806648022117398e-05
3.665001689514046153e-05
3.761468257802595748e-05
3.925713405063352922e-05
3.379518572097068397e-05
3.553118324899976464e-05
4.056038608487823126e-05
3.616594595683607306e-05
3.477673671445058028e-05
3.650758928824231599e-05
3.622448144851005765e-05
3.595480564504654033e-05
3.623928311057253199e-05
4.382587739242793895e-05
3.603979247579326499e-05
3.435525505570026636e-05
3.438511467533161896e-05
3.376673646017623061e-05
3.613114272322277013e-05
3.880999267987938502e-05
5.218870265356794825e-05
3.390101698918103723e-05
5.903048521704656404e-05
3.362064674068403094e-05
3.522182957311242082e-05
3.577085201020957478e-05
3.424464968074305426e-05
3.632744691977442204e-05
3.833664045530886354e-05
3.520012942626080750e-05
4.113320185800159418e-05
3.457939546413174678e-05
3.333424867940201812e-05
4.439682197813756638e-05
4.602351108526320467e-05
3.474048961831427879e-05
3.360760786903910620e-05
3.729141356225307985e-05
3.424803056780368791e-05
3.397563167169440166e-05
3.710848781395920749e-05
4.146829498255212793e-05
3.369607288322957301e-05
4.110217069523466052e-05
3.899896918156840948e-05
3.595146944158210563e-05
3.951020163246307199e-05
3.495663657154432605e-05
3.775513765995965098e-05
4.032797521581802074e-05
4.867909683830352928e-05
4.115806861246628902e-05
5.059495708601787796e-05
3.404886412510457766e-05
3.566999846541751661e-05
3.411617349129572130e-05
4.371778812856906153e-05
3.504178083963956845e-05
3.397469174429582019e-05
3.854164118198312721e-05
3.395305364983904555e-05
3.618204593727935767e-05
3.383031228958369835e-05
3.358605470717542169e-05
3.786202722080571917e-05
3.375086838117788565e-05
3.476184540340073495e-05
3.620590372896428607e-05
3.410118659724467236e-05
5.875906683250627620e-05
3.479145512615043704e-05
3.738058747935370235e-05
4.043588149442765107e-05
3.357260749096218039e-05
5.840423285158139204e-05
3.338198823018915915e-05
3.732782785008413525e-05
3.682511830010367504e-05
3.439952352589043194e-05
3.712026030967441364e-05
3.539995017186659991e-05
4.001677157463924041e-05
4.120585731381267656e-05
3.338074043923078456e-05
3.356903620857520400e-05
4.784610556921588097e-05
3.391647050155955934e-05
3.651496015780162393e-05
4.350982668890075175e-05
3.415067292899366609e-05
4.372624355544550673e-05
4.081801031111418021e-05
3.490122424716075422e-05
3.329085277575918921e-05
3.720199400059960869e-05
3.381354584885389920e-05
3.495119059538953258e-05
3.866230978307745564e-05
3.437706094358158150e-05
3.486399335561013137e-05
4.602339110305298203e-05
4.031031365313602119e-05
4.359080364269412715e-05
3.488632443728067502e-05
3.494548643800588812e-05
4.000081165402111661e-05
3.691068360677337212e-05
3.472925165245082995e-05
3.642395553350385681e-05
4.357741055954638158e-05
3.901394564860382323e-05
3.329114513096542916e-05
4.053427622550705557e-05
3.605625906014421498e-05
3.469506008645243452e-05
3.797894418371805498e-05
4.151920273530073562e-05
4.595160765930933277e-05
3.452192922746357437e-05
3.472388928447419721e-05
4.708506270094500230e-05
3.633774538310352120e-05
3.671961422540106942e-05
3.572768707553605831e-05
3.648099748321021629e-05
3.768666997546977419e-05
4.660682030808259023e-05
3.350345334410099562e-05
3.481037214437188496e-05
3.598668140861809944e-05
3.639545658861829974e-05
4.034268557154131025e-05
3.347276137205990217e-05
3.390813468133609902e-05
4.146708041633748323e-05
3.688675825744396752e-05
3.472649266012366040e-05
3.846607811689440313e-05
3.378064635451005359e-05
4.202012133258069542e-05
3.359934461641818734e-05
3.744218249506654897e-05
3.467364321258623912e-05
3.438586359600626064e-05
4.350974267584365438e-05
3.395944941182041182e-05
3.453398803757216456e-05
3.859113549071617770e-05
3.980703583117431796e-05
3.468725497488835911e-05
3.818308880118768630e-05
3.840649277390808852e-05
3.568172100221162846e-05
4.433304804058587018e-05
3.618918225411821879e-05
3.375362707344162108e-05
3.319605031244994461e-05
3.364301953945350679e-05
3.846717843004071076e-05
3.594325544073935936e-05
3.363568963593851027e-05
3.487925375226236241e-05
3.529248826306877733e-05
3.589799777998320081e-05
4.272947291017054750e-05
3.569818716832637268e-05
3.772482346573936314e-05
4.042592689622479879e-05
3.828834477314577302e-05
3.600314414090953605e-05
3.530440938561995353e-05
3.374999560451249320e-05
3.423076489757043535e-05
3.509122470906042747e-05
4.086022705266100673e-05
3.328977100010127295e-05
4.369799978005311695e-05
3.904737760890282614e-05
3.431852234170433986e-05
3.535052118256816402e-05
3.461497867539226395e-05
3.798158944409849903e-05
3.518841209905908989e-05
3.695676169179578068e-05
4.236545208630787486e-05
3.431209375102345051e-05
3.525578435968127047e-05
3.358705337870587651e-05
