1.285976991075715270e-10
1.298766549401698029e-10
1.023888756845260116e-10
1.039136066079457297e-10
1.107639346609049115e-10
9.380159702199327156e-11
1.553016224749275213e-10
1.107200653602428165e-10
1.067225765576515211e-10
1.598913487146585934e-10
9.938394028253387465e-11
1.251836978161198726e-10
9.514034247293587287e-11
1.124580918998025161e-10
1.109334566256046878e-10
9.787139847227631467e-11
1.518317526219342880e-10
1.124451200050320731e-10
1.658507911208410827e-10
1.106036064754976783e-10
1.350622429108573876e-10
1.254589132181833993e-10
9.372972120839745001e-11
1.156698310268065963e-10
1.143171565562392174e-10
1.647901029461867782e-10
1.155621484437286565e-10
1.173298133581904912e-10
1.012290931074781576e-10
1.118265472272700513e-10
9.640563579432839813e-11
1.102445537376732307e-10
9.221259494560160705e-11
9.802378673463909894e-11
9.217734035417617288e-11
1.084441410914851242e-10
1.035510719047693381e-10
1.292377755378049680e-10
1.825920798569550088e-10
9.400543651710646277e-11
9.952579168429633950e-11
3.248262681753434669e-10
1.280699031933890684e-10
1.218998792602602322e-10
1.224986541577806455e-10
9.877713436127185013e-11
1.040912454826363781e-10
1.078685682272740500e-10
1.022041974092165041e-10
1.201663925754035538e-10
9.466434793909694229e-11
1.110197897020183979e-10
1.011016250168896383e-10
1.416143503895626287e-10
1.132851811749683911e-10
9.601074090089336578e-11
1.015815576411290815e-10
1.077548034801133373e-10
1.028673856401168306e-10
1.183279718231467808e-10
9.794029934650774023e-11
9.869833744395668370e-11
1.021596529490240376e-10
9.417157911358293248e-11
1.062419262922303346e-10
1.069168188319589531e-10
1.050129003922123159e-10
1.283743566123834943e-10
2.016457169609993379e-10
1.223632783211164737e-10
1.057311232815093906e-10
1.257692623589743585e-10
1.136218752090017165e-10
1.395926188646914490e-10
9.913325288872323891e-11
1.407719370669911307e-10
9.457827161379234043e-11
9.283112485156030733e-11
1.078569557193408915e-10
9.837093211874813619e-11
9.677156129065562378e-11
1.083368306066366220e-10
1.648160015317228302e-10
1.057074867579038603e-10
9.474892821722747496e-11
1.455254128750913805e-10
1.016537717522373688e-10
9.798235889227411562e-11
9.965957491319207514e-11
1.126838662672086005e-10
9.512295513659212449e-11
2.067322171785242912e-10
9.670489286837423883e-11
1.001981287860135191e-10
1.141125472947817321e-10
9.725743191408911150e-11
9.958655270930927714e-11
9.786445979112973626e-11
1.597774131784384865e-10
9.179071525433983354e-11
1.653625596440334113e-10
9.553255758175703085e-11
1.018250261680317863e-10
1.159470298572633700e-10
1.574919141239831263e-10
1.701210882156573183e-10
1.906340578368367324e-10
9.281045224978029459e-11
1.097431111415926735e-10
9.991955460012550902e-11
9.723262282770863619e-11
1.120665832901122408e-10
1.007700890021031691e-10
1.138954643423410729e-10
1.270235337546770252e-10
1.547088144501778507e-10
1.329729298026836183e-10
1.292093624382344649e-10
1.522883148840161869e-10
1.009051297199594869e-10
1.075706871984031980e-10
9.799822340815209715e-11
9.473639609934048933e-11
1.368641267009042252e-10
9.713038196037708487e-11
1.058312389869547890e-10
1.007788060842134832e-10
1.058584503673875584e-10
1.145550376625248970e-10
1.638746206562014525e-10
1.125024595370629653e-10
9.574794364918165921e-11
9.342840658651131943e-11
1.409216304028112256e-10
1.180755591938058807e-10
2.464718591846193684e-10
9.537779651756969322e-11
1.328059834255073092e-10
9.663974327901162869e-11
1.050614565604147849e-10
1.210917269384507190e-10
1.869382507630963075e-10
9.735041671311558517e-11
9.779998657032572233e-11
1.122517518026413654e-10
1.308769692011623049e-10
1.017660322369960584e-10
9.742149765231327672e-11
1.356435669207136337e-10
1.133938046460916423e-10
1.039043884572226208e-10
1.211647854959400277e-10
1.052854303803087243e-10
1.421466896710728803e-10
1.069958555367517969e-10
1.089211893873451112e-10
1.179335249303011276e-10
3.453238894657943651e-10
1.051616955390293168e-10
9.958670457122162996e-11
1.098464310530444708e-10
1.376017078141271128e-10
1.044629167230129408e-10
1.248674661038842708e-10
1.417802114395248737e-10
9.860003190617709699e-11
1.731201534648386141e-10
9.342953067744662135e-11
1.100857897137475615e-10
1.253889175665979960e-10
1.192055897994650224e-10
1.368982719581420999e-10
1.781306159103829970e-10
9.479539543800081580e-11
1.012735465715370011e-10
1.386751572589861354e-10
1.947061569904406520e-10
9.921220455439569621e-11
9.422546845574915758e-11
1.047188245454828278e-10
9.909223118049345185e-11
2.215303214760532032e-10
9.912456179681894052e-11
9.238139360710716014e-11
1.507944173039813665e-10
9.419486006802697246e-11
9.419230897620849710e-11
1.094485797901691345e-10
1.286718689502625795e-10
1.582848669937833953e-10
9.493467767688760214e-11
1.091373751819471136e-10
2.399933298280866522e-10
1.312192629999376591e-10
1.102756713780160548e-10
2.278704999380715612e-10
1.104222654622406502e-10
1.766516334191542183e-10
2.687771573737139533e-10
9.802902187698069178e-11
1.142914464790243202e-10
1.064724628507198411e-10
1.059634951026399532e-10
1.349029174412678903e-10
9.680083285061739869e-11
1.140244894862938445e-10
1.264168031488910474e-10
1.057080633135002396e-10
1.871149809141181670e-10
1.330369460632542896e-10
9.347400306628150938e-11
1.068214502172469253e-10
1.028405165600840746e-10
9.919407187458160282e-11
1.040747355265582030e-10
1.152483288348573725e-10
9.471592914243531152e-11
1.002466057847373043e-10
1.056762044919857380e-10
1.011792310237974904e-10
1.400398540380494503e-10
9.764358477051010621e-11
1.534422022806830421e-10
1.087479419356652915e-10
1.163168777359460473e-10
1.232516060583663267e-10
2.270773196400292826e-10
1.489911681727888240e-10
1.515757878323094290e-10
1.017208727257326858e-10
1.065042563529677983e-10
1.842500234500991155e-10
9.883294743191959259e-11
9.374525302868101992e-11
1.234897041503642862e-10
1.054070151473678129e-10
1.059790282309484650e-10
9.186489472605397093e-11
9.753383376950745488e-11
1.259661053655864815e-10
1.038865354002593852e-10
1.791706246159158779e-10
1.337209330879120256e-10
1.020954790532277372e-10
1.164413004802532974e-10
9.670162071917612231e-11
1.154946688294785848e-10
9.613266324860245201e-11
1.406703802994743853e-10
1.152480615496675930e-10
1.023478118436682581e-10
1.314879161787125930e-10
1.117791996766988270e-10
1.253577560238247316e-10
9.969644775376393843e-11
1.133040374748286808e-10
1.397115749353390195e-10
9.970342645448035367e-11
9.197663557271686763e-11
9.749299737688752275e-11
1.555445041372045538e-10
1.017620088338114492e-10
1.100498940839752086e-10
1.044882555233929363e-10
9.926521458325601001e-11
1.161383218298517524e-10
1.407459087367758931e-10
9.737628365972937192e-11
1.145985597961527436e-10
9.306486490648578115e-11
1.039573464911928645e-10
1.092868445648301535e-10
1.032783668496233324e-10
1.993182425403453658e-10
9.210972250512849118e-11
9.520101830124665289e-11
9.840776675878589663e-11
1.238351194126006256e-10
1.202091621651128874e-10
9.732593825581441508e-11
1.024512592132871142e-10
9.856249393727014947e-11
9.245742707793495808e-11
1.491126039727156737e-10
1.520570378497240033e-10
1.406483772320651206e-10
9.693463604176687827e-11
1.225410905890613381e-10
1.025103521328870303e-10
1.132420319700052013e-10
1.130913039356482407e-10
9.330822116509397932e-11
1.318145630309720064e-10
9.777931024816532456e-11
1.033470431879186100e-10
1.105720153019318377e-10
1.033336639937050930e-10
1.139608026706389669e-10
1.181591389586877919e-10
9.280899855586147212e-11
1.793231751921891453e-10
9.327043440464818328e-11
1.220950551591874117e-10
1.035783665439312940e-10
1.067764526323519443e-10
1.783560061662273466e-10
1.029721459263104525e-10
1.662913277858442764e-10
9.177668862426986690e-11
9.497140949900028643e-11
1.099453488299272741e-10
1.698660864938131834e-10
1.547291609790400369e-10
1.150183967328139859e-10
1.351015543510566502e-10
9.338086276304741099e-11
9.479967639743393605e-11
1.049195013675577189e-10
1.139609376332522583e-10
1.181252685765937864e-10
1.025121289018494089e-10
1.169474647241550642e-10
1.189206150666704611e-10
1.207050643749676244e-10
9.772173585160579507e-11
2.409251549791774762e-10
1.523673626949950329e-10
1.436176402225339949e-10
1.109326275431796744e-10
9.996860384654213802e-11
9.952366446052767930e-11
1.061394207372773981e-10
1.028684189436343373e-10
1.348968623880603900e-10
1.033527766643734222e-10
1.282682775200948450e-10
1.508765779316126641e-10
1.403247188449775677e-10
1.075549294784187788e-10
9.329616301562526596e-11
1.181860722715771617e-10
9.478397871907474034e-11
1.112927681261251065e-10
1.147584197973436633e-10
1.281691848270197025e-10
1.066922697408503505e-10
2.122752219789509262e-10
9.529433613625016305e-11
1.099401958833322045e-10
9.603143649507573141e-11
1.736798029853012696e-10
1.096416605097259454e-10
1.252964063291297400e-10
9.588224679673676025e-11
1.049032506318071012e-10
1.468254563550803182e-10
1.183580051115469834e-10
1.048782898549536976e-10
1.037645652500714502e-10
9.734778321362114928e-11
1.214060782079710890e-10
9.986866645217700767e-11
1.507650496359638988e-10
9.708908657884411297e-11
9.268277425342850261e-11
9.642516374518797858e-11
1.059600430257742441e-10
1.375145946307303364e-10
1.068988358381177950e-10
1.283265575283359550e-10
9.558246927387039353e-11
1.075817589826131087e-10
1.191771710713250161e-10
1.178947504189955518e-10
1.345529642130142800e-10
1.146174954680552599e-10
1.074475528483600261e-10
1.291530036907652393e-10
1.677480720602422337e-10
1.017092446655351680e-10
1.410814859894510276e-10
1.106929335132792972e-10
1.506588405642179336e-10
1.018260687210419313e-10
1.001065554743048711e-10
1.810955166828862409e-10
1.553784011611997026e-10
9.501018607942044839e-11
1.003928186387105861e-10
1.624490064921750753e-10
1.278995666719578835e-10
9.354524873344182965e-11
1.360533724408101766e-10
1.280505262869259677e-10
1.280722185011945276e-10
1.099298893560963642e-10
1.037762845146033179e-10
1.171623573154059801e-10
1.138852016253352266e-10
1.688717966546015112e-10
2.061664964976690188e-10
1.172882321734657231e-10
1.086145751206426878e-10
1.039642205267296554e-10
9.621173071092861053e-11
9.680908353993783468e-11
1.399069314557845087e-10
1.025800700997255517e-10
1.027440620636856090e-10
9.320656845128146620e-11
1.266564536728741209e-10
9.652462448348180790e-11
1.576327998802465716e-10
1.138841212922607782e-10
1.125641392410361412e-10
9.647310971308081379e-11
1.092354540123316232e-10
1.548405606199376368e-10
1.958040049354353125e-10
1.363944189709955889e-10
1.046346492931328211e-10
1.062262832831735448e-10
1.154897331958540362e-10
1.017523222922420512e-10
1.243996128313058015e-10
1.030639926319728976e-10
1.072319480278121913e-10
1.114657141920271211e-10
1.172304444910479800e-10
1.106141351123007499e-10
1.090366941362500210e-10
1.794592851718599433e-10
1.538448696890871730e-10
1.115419231473509577e-10
1.018595743800463074e-10
9.709250256929849486e-11
1.104669316839300297e-10
9.260188580852132239e-11
1.638604771879442765e-10
1.010620528619635378e-10
1.876355732724705098e-10
1.563464025554523361e-10
1.188762695212328370e-10
9.791117193892896362e-11
1.676688604233724559e-10
9.177456815651678628e-11
9.890920618621567950e-11
1.077141173529392659e-10
2.108606666658318150e-10
1.232100141051802302e-10
2.598788065006833071e-10
9.574259953148183668e-11
1.035498978005917245e-10
9.348170759105706621e-11
1.389160571948463373e-10
9.985609237309659463e-11
1.110370492688205881e-10
1.381821080267401998e-10
1.103996488934696439e-10
3.192340290617170942e-10
1.062060448404382159e-10
9.558325634184334838e-11
9.408830050465533972e-11
9.330082566177783084e-11
1.085714957384355808e-10
1.292630404689979124e-10
1.057812635235731009e-10
9.875571928490724718e-11
1.119721853634651161e-10
1.181953538680049118e-10
9.673215701184336153e-11
1.400614900118698087e-10
1.516849027833236895e-10
1.116773086268956222e-10
9.424013189211614574e-11
9.593921697616649742e-11
1.079547781363014560e-10
9.486830720920801594e-11
1.308580760692441698e-10
9.357043009783717395e-11
9.818488626476132756e-11
9.370457730307390596e-11
1.063181033391153951e-10
1.219422435672754527e-10
1.228767087680589698e-10
9.360634738778235353e-11
1.384632580997733747e-10
1.172946807337514962e-10
9.934544414056480957e-11
1.012124748011434212e-10
9.283645385361263954e-11
1.224222361477312784e-10
1.795427212867775940e-10
1.194480110205234179e-10
1.240445459443026395e-10
1.658823752633782953e-10
9.293233016411294059e-11
1.390205492117060748e-10
1.278789470041219912e-10
1.276617146778858041e-10
1.547701567714263761e-10
9.715428279275814914e-11
1.015845425849998340e-10
1.912784035560799473e-10
1.500215843953453896e-10
1.099347641702989613e-10
9.568678505724037493e-11
1.002429820457479833e-10
1.236315409069159131e-10
9.238496143308267155e-11
9.889071931037999760e-11
1.017794425758397129e-10
1.480344739491848370e-10
9.678137124023910957e-11
1.071269950909703379e-10
1.157502691648544541e-10
1.613247825201419220e-10
1.274589659739855601e-10
1.069865849227344904e-10
9.206971650637626965e-11
1.056521246030701554e-10
9.272836810383830943e-11
2.405337098194765472e-10
9.721618375729339081e-11
1.326885981310137133e-10
1.510608217636282957e-10
1.169937683181230446e-10
9.967899913161810564e-11
2.202649922148329544e-10
1.254791360939408162e-10
9.878661688298736100e-11
9.757465520705708273e-11
1.012928493242329735e-10
9.353674667888328759e-11
9.593231307656290300e-11
2.934328635884967097e-10
1.055218368950135081e-10
1.039079002180631326e-10
1.150958882109003599e-10
1.052387010683888079e-10
9.923718937903273974e-11
1.208720631032398956e-10
1.294640389098661837e-10
9.542226158253283280e-11
1.027498249702123632e-10
1.274212710747429817e-10
9.476621698647990732e-11
1.149965731009184350e-10
1.445668821466925664e-10
2.076369589526610501e-10
2.642650724768616172e-10
1.685206662181781794e-10
1.122103071440449821e-10
2.054399022852229632e-10
1.386064888526848029e-10
9.279122957559973177e-11
1.197455870896696536e-10
9.431421547621643996e-11
1.192070170678072241e-10
1.013127472426207974e-10
9.366404635380176818e-11
1.012778862305408517e-10
1.471169227813008576e-10
1.169146071466780349e-10
1.118152951958598249e-10
1.089412665553897247e-10
1.662304241663174995e-10
1.226929962749465534e-10
1.307477786355316641e-10
1.345163141639255318e-10
1.070812547522683771e-10
1.098170193351517091e-10
1.187154117082571389e-10
9.296878563436605866e-11
9.353947382664670017e-11
1.016925459291185276e-10
1.446918896085930869e-10
9.852433028175586745e-11
1.127059449689127524e-10
1.916092876140203111e-10
1.227416978248431793e-10
1.274732825839856300e-10
9.324405613190783760e-11
1.834925382235995689e-10
1.073453442392961233e-10
1.847759047189886921e-10
1.267928500534396800e-10
9.415483284766679068e-11
9.541043753731828615e-11
1.687137857050121484e-10
9.868379607618809973e-11
1.090634849163824813e-10
9.243619509195858656e-11
1.202780550383146106e-10
1.046231596473732650e-10
1.033116070678122345e-10
2.329569164615757703e-10
1.184132228441488206e-10
1.092021158581990659e-10
9.911053266275989716e-11
1.164411680365499475e-10
9.574291389857165522e-11
1.002944585868367311e-10
1.048039572214028065e-10
1.091710108948947913e-10
9.835066792162821656e-11
1.038005982948833249e-10
1.034908840585122516e-10
9.200577290461914467e-11
1.901542879033296031e-10
9.560151472716297970e-11
9.912105467618744188e-11
1.210096660120579719e-10
9.635656630744133207e-11
9.451470266415670894e-11
1.437244228211527947e-10
1.062912818435024871e-10
1.135700392635402521e-10
1.093726350682883174e-10
1.003552647099591509e-10
2.079266098359536386e-10
1.123910335746036953e-10
9.335547596871092446e-11
1.074430057345682326e-10
9.886642204019786882e-11
1.292070649700295317e-10
1.046938252994350459e-10
1.370563696823918816e-10
9.234943997193364180e-11
1.544357171171253510e-10
1.065363278682382721e-10
1.169103839001866507e-10
1.048830792441668284e-10
9.733926264107775455e-11
9.635406536596393126e-11
2.430925809213484050e-10
1.553728445692741399e-10
1.236590618597244668e-10
1.020257687987678198e-10
9.769980964669255153e-11
1.399674874995141440e-10
3.199200260945062324e-10
1.162209967867894157e-10
9.216759045863299983e-11
1.036471621983770931e-10
1.098390439236501401e-10
1.686263503099796434e-10
1.619851550466457511e-10
9.415897978484151482e-11
1.322972875142420203e-10
2.014449396153473018e-10
1.914276204946928331e-10
1.461203010278160107e-10
1.287878436577897177e-10
9.532021727085353460e-11
1.017861471655193417e-10
2.612879832150754012e-10
1.091942702923394540e-10
1.656274138889317911e-10
1.457733506717638310e-10
1.031025969871539412e-10
1.785729483036954643e-10
1.324390000844237867e-10
1.103023375272572992e-10
9.417843635619258611e-11
1.358669472488344561e-10
1.310574099091762168e-10
9.289796023206284111e-11
1.104462651175226028e-10
1.686519242388012070e-10
1.068969802992209951e-10
1.151221098731848390e-10
1.355487443738617893e-10
1.728277817287789915e-10
1.079423245991161917e-10
9.189324840981343161e-11
9.812690478753850932e-11
9.898907751838455388e-11
1.277845962655661425e-10
9.469276032025776172e-11
1.814857156318735762e-10
2.318377030225779947e-10
1.663366049289357398e-10
1.218249150346085900e-10
1.812502456663327060e-10
1.555211665316530042e-10
1.045523066754046057e-10
9.798066449075361964e-11
1.035808609013622068e-10
9.951029242861303187e-11
1.061981494974870385e-10
9.336752741527344796e-11
1.274459941550838903e-10
1.131651962009620962e-10
1.330284592694630808e-10
2.973944916654055215e-10
1.195528834785010627e-10
1.048173172658217553e-10
1.335472868880657495e-10
1.307227649679040758e-10
9.682044668967259593e-11
1.232115267550801082e-10
1.284192224973236131e-10
9.847127817499371435e-11
2.511837294286179868e-10
1.032551225520296082e-10
1.292543372485443115e-10
1.126230621282356177e-10
1.190300515289560347e-10
9.782266440576838725e-11
9.318693444529373933e-11
9.776387766388231483e-11
1.592889434500416910e-10
2.026942915897979768e-10
1.086031732098968297e-10
1.257401646436783109e-10
1.974395010920591873e-10
1.031407468804722628e-10
1.106299264235581229e-10
1.039134602936815974e-10
1.001156254077137183e-10
9.365010528730023184e-11
1.308743386549226471e-10
1.384074779508805627e-10
1.222812031497767855e-10
1.518037157966635037e-10
9.505638335294113158e-11
2.314037970018440035e-10
1.093362547722471246e-10
9.254085501584466431e-11
9.959961209324652542e-11
1.533392829857903976e-10
9.663693693122144212e-11
1.000985431016495899e-10
1.106054074887027759e-10
1.422965614033213899e-10
9.799883946052636258e-11
1.583405421133616735e-10
9.318773918880306720e-11
9.207671052175890002e-11
1.598472886832172013e-10
1.051703828414119815e-10
9.619654790776837836e-11
1.133418774468776544e-10
9.370986281775485379e-11
1.000292807150109928e-10
1.115573244761438822e-10
1.238806678164494112e-10
1.946174529478603945e-10
1.130491773090474172e-10
1.301699589631384896e-10
9.673153390651056587e-11
1.828697630667960072e-10
1.108476178151053246e-10
1.590009595300124471e-10
9.890003951828338233e-11
1.031413359711960857e-10
9.462925866907584217e-11
9.245532027764387972e-11
1.250264783773508801e-10
1.260884552233519430e-10
1.313411342712307950e-10
1.055579217742119247e-10
1.471501640621899149e-10
1.030992085616459745e-10
1.199347932259956572e-10
1.117193382378566338e-10
1.165706350676273426e-10
1.132843671721360296e-10
1.212739815829945200e-10
1.925708126060062078e-10
9.232769948264268698e-11
2.574168645945404343e-10
1.069487820657519772e-10
1.309814362297506541e-10
1.262471081135095894e-10
1.332131757304066868e-10
1.330639356335567150e-10
1.288353717309277192e-10
1.335564496340492560e-10
1.144180634566606611e-10
1.049463392783419689e-10
1.467247623565636033e-10
1.103581515161310074e-10
1.248917589991406195e-10
9.418082831479025563e-11
1.178562268488007355e-10
1.034763463044565665e-10
1.450207741450970451e-10
1.093232392480377250e-10
1.215926387979335236e-10
1.804312068631282557e-10
1.329140770768581887e-10
1.403474411801566818e-10
1.628919563499847029e-10
1.037957652294149604e-10
9.829492253240878009e-11
1.172233344895950300e-10
1.046035228867781971e-10
1.397916198634126746e-10
1.084951550042092910e-10
1.015751397519053075e-10
1.129956158942517571e-10
1.099982587594536981e-10
9.447861064030684294e-11
1.119055579848720291e-10
1.006800239591825231e-10
9.282741054031544420e-11
9.782652072282126471e-11
1.940573783164840054e-10
1.146576407821886848e-10
9.177815661529460268e-11
1.141718482912676375e-10
1.421317838867626192e-10
2.364891160157169059e-10
1.170925221256767573e-10
1.046839404357668961e-10
1.387746963526132391e-10
1.888456914268094795e-10
1.038054311634560917e-10
9.444218839686676482e-11
1.061723066014710119e-10
1.551317886188737446e-10
1.259438487638444836e-10
1.052808016608928826e-10
1.404373990267624589e-10
3.113345116378450956e-10
1.199736353249397946e-10
1.923370153404948313e-10
1.744758456697385447e-10
1.074378900302722412e-10
1.327637162884767718e-10
1.144300325741006765e-10
1.243501044272033963e-10
1.135068065751073848e-10
1.003172458005457733e-10
9.860141061385803544e-11
1.025362606786225562e-10
1.083548867069715423e-10
9.842970833069033223e-11
1.654958121081382615e-10
1.177201268457676873e-10
1.016214003172902374e-10
1.133685893366384031e-10
1.784991409533098090e-10
1.044566540067867078e-10
1.029677213224694249e-10
1.131965604806923855e-10
1.117137076221332101e-10
1.436852001317830726e-10
1.186037663671945977e-10
1.220852710812968929e-10
1.182687997885975553e-10
1.075066500130269998e-10
1.056235685711168738e-10
9.467498361464599753e-11
1.147652608372860701e-10
1.305347291834145281e-10
9.235349553769383337e-11
9.308258817169506010e-11
1.795010074712080567e-10
1.281794137102110773e-10
9.219635005552779627e-11
1.133627592924978821e-10
9.704327108830970174e-11
1.016006599559311998e-10
1.292860048393399548e-10
1.458553708769589237e-10
1.014505922943951715e-10
1.171060967227817259e-10
1.106101177096179585e-10
9.260771184179608697e-11
1.048823535914354032e-10
3.014908430644596643e-10
9.180653373792663488e-11
9.418050939004846933e-11
9.285163196834845710e-11
2.656725263560771067e-10
1.185479743897559504e-10
1.134089856918992443e-10
9.512532630075028394e-11
1.044451472299105039e-10
1.007499470129598938e-10
1.475200157271891723e-10
9.771633190509878511e-11
9.475511442425519884e-11
1.127071714524868780e-10
1.484329221867688180e-10
1.054351890992985039e-10
9.691784172536787598e-11
1.581045644744859472e-10
9.242322689471846552e-11
1.040390778907488615e-10
9.443741601336693518e-11
1.327066724070706153e-10
1.082371925734429858e-10
2.192476743752737304e-10
1.088267973397718746e-10
9.328731950593027964e-11
1.004167924290818452e-10
1.301661145200693831e-10
1.207788406444473142e-10
1.208303964673681164e-10
9.715986925843969556e-11
1.390687444028640385e-10
1.243777362437182464e-10
1.400125795287282760e-10
1.771146320399742088e-10
1.048164460039963130e-10
1.297571952080283914e-10
1.179678363084782416e-10
1.087395052408119309e-10
1.009858682714588579e-10
1.132815181219186863e-10
1.003445543084300899e-10
1.437604421530082375e-10
1.063647041567940202e-10
1.258231085497070078e-10
9.363744458465535125e-11
1.114175442315828922e-10
1.024041412355805950e-10
1.107886995701015423e-10
1.958577896264520209e-10
1.788688208982865209e-10
1.720929286348209832e-10
9.601560158052157906e-11
1.079675134083312555e-10
1.165202134913796010e-10
9.604742587257348027e-11
3.122346474152824251e-10
1.179620747024253819e-10
1.042324362107827798e-10
1.564433950978993393e-10
1.218266973350694182e-10
9.592258411643331828e-11
1.079659569455920938e-10
1.186663095029847467e-10
1.030563291940206778e-10
1.516194210324994197e-10
1.190317404753998244e-10
1.073990890004628168e-10
1.218749380887475703e-10
9.441402828316031117e-11
1.034356604631926141e-10
1.123811972311443293e-10
1.145573215909035285e-10
1.104092232732067902e-10
9.239615065077823299e-11
9.780492363375683982e-11
9.187711708029733666e-11
1.055306426013065437e-10
9.398754611502072618e-11
1.047535532030636277e-10
1.909392852925876471e-10
9.258456764933715391e-11
9.833807771688318771e-11
1.357182944320441192e-10
1.416512850704801134e-10
9.676081606165917032e-11
9.934331353814785683e-11
9.260091477179361309e-11
1.182501153778444980e-10
1.038189035758243770e-10
1.335061652283506939e-10
1.059928337839407034e-10
1.076427778524045513e-10
1.058323909154974276e-10
1.021107829776827217e-10
1.051181047583772790e-10
1.365632803025724815e-10
1.237963352508785668e-10
1.041741989003795381e-10
1.377996793380623903e-10
9.684954971032439228e-11
1.291769527400736198e-10
1.106800576929868044e-10
1.036143095583389947e-10
3.254362066342041417e-10
1.195509421275087066e-10
9.700862511862978195e-11
1.540358528683813433e-10
1.815449903514087606e-10
1.625261859426331006e-10
1.120148032059108807e-10
1.073997997522985809e-10
1.125674134427623474e-10
1.077126994754144794e-10
1.164073905886236699e-10
1.408884519780887116e-10
9.413425529535600096e-11
1.017716945686591771e-10
1.074047748999148511e-10
1.113959306422997622e-10
1.494372171960301398e-10
1.645782849804419871e-10
9.229735265368768974e-11
1.089964269997948178e-10
9.451931267074013475e-11
1.264919675918957812e-10
1.124288691523812668e-10
1.364431942955936040e-10
1.469749257865291869e-10
9.418385805270766002e-11
1.358219264971430602e-10
1.053437080817203939e-10
1.240971674170071982e-10
9.966655587298863260e-11
9.391163850118409716e-11
1.055120199398877854e-10
9.530459463869663932e-11
1.090784908476493847e-10
4.066281921920937875e-10
1.034913245686192280e-10
1.059345809191330180e-10
1.053752212376874567e-10
1.128876098567793903e-10
1.103230276834506877e-10
1.085009314999190897e-10
1.471775723835189791e-10
9.402188666830470949e-11
1.083344323327254026e-10
1.222598836291255952e-10
9.428187987497843197e-11
1.003570748198615057e-10
9.400383928090399418e-11
1.190281027185409643e-10
1.026422040362531675e-10
9.911693748298274496e-11
1.113926263307876850e-10
1.519140518143490132e-10
1.148367350730437284e-10
1.062897039240403138e-10
1.052836946313943387e-10
1.097186979266134358e-10
1.256284241926199963e-10
1.130664372974069167e-10
1.056118846108434395e-10
9.335451179417850283e-11
1.429774718017467999e-10
1.042497997219033542e-10
1.108000427712526498e-10
9.611214338268983164e-11
1.048145582483018796e-10
1.126290620198550144e-10
1.053084266900768142e-10
1.007267944043740876e-10
1.010701482692788268e-10
9.932063536327394107e-11
1.278757744893153879e-10
1.010331146373210520e-10
9.229004863749588485e-11
1.216423629982996850e-10
2.049413330902822976e-10
1.084764147630194122e-10
1.032314321962750843e-10
1.639256854015666221e-10
1.122667944059789534e-10
1.325971305228830412e-10
1.158194813812881906e-10
1.076090083585847986e-10
9.297314009749389140e-11
9.368583564860240736e-11
9.918538544592151400e-11
1.000071926166574404e-10
1.905376719521952636e-10
1.045418279275669251e-10
9.384063628135349245e-11
9.994801783890928436e-11
1.157842142944776577e-10
1.119458675823530105e-10
1.133706230112494459e-10
1.046580614835757466e-10
1.778894367437786570e-10
1.071349729633684140e-10
1.636004005375214855e-10
1.156061383189194032e-10
1.953033551889073901e-10
1.154787941067462881e-10
1.682350386516515914e-10
1.075929716965899155e-10
9.536123574155608705e-11
1.225917441174308107e-10
1.103085865900533178e-10
1.212828004614779190e-10
1.270569144266776097e-10
1.617986332533088685e-10
1.223945987984749977e-10
1.127795133248982114e-10
1.037814113287123306e-10
9.947275116340996781e-11
1.618617878160655296e-10
1.286077767494356302e-10
1.112641046760361963e-10
1.059388969073058574e-10
3.596395279999634462e-10
1.289976033266584962e-10
1.259100863482807191e-10
1.199760867825798721e-10
9.471481842167775873e-11
9.438872564222754211e-11
1.011518201814754501e-10
9.885190230949846590e-11
9.207947546939428298e-11
9.353995508079480246e-11
1.194553935692373053e-10
1.888534989938931934e-10
1.847776731506143141e-10
1.089238571696344331e-10
1.270764238395815997e-10
9.808274493727087479e-11
1.308242298717314477e-10
1.023784999014475172e-10
1.343732486691329816e-10
1.476175445064343319e-10
9.423487241087560478e-11
9.429876568501408034e-11
9.391563497708397351e-11
1.286223456125228951e-10
9.803995329726106320e-11
1.323618264080802783e-10
1.159306775326199716e-10
1.329173800380289869e-10
1.052873107467108965e-10
1.121421610669296910e-10
9.419326564272510452e-11
1.049559124310668466e-10
1.797221753382465047e-10
1.533207531752100711e-10
1.418645825815275488e-10
2.091896048738566126e-10
1.438083455422042641e-10
1.113221139087349420e-10
9.373820794595898877e-11
1.279837233179355966e-10
1.312955931887461082e-10
1.153355684701241203e-10
1.631150581127538729e-10
9.646951839243580546e-11
1.339011801260672694e-10
1.060727600213314941e-10
9.995921950903753139e-11
1.884175778674116767e-10
9.740756379045498073e-11
1.311376421377762058e-10
1.015109413334441052e-10
1.288099121714779724e-10
9.177293699830392352e-11
9.985381980134962050e-11
9.681079587005468886e-11
9.871654977605932648e-11
1.007153667254716373e-10
1.045515790142750990e-10
1.225398240161180014e-10
1.202271935435475243e-10
1.015831993697553478e-10
1.150027322843026654e-10
2.126860212502933131e-10
1.023245309901144034e-10
9.418513370631821745e-11
9.221698063660948987e-11
9.455491437095544540e-11
9.520212405699198462e-11
1.805638789985148146e-10
1.580662523483768194e-10
1.223190119195286087e-10
9.343450865220471816e-11
1.256119406932951765e-10
2.693022541960434197e-10
1.090235070299055685e-10
1.049978222419884786e-10
1.296821223862069141e-10
1.105937697197853374e-10
9.257161764085986584e-11
2.430049285669361912e-10
1.246716014936748129e-10
9.361548513074575102e-11
1.049617139699840189e-10
9.564415820707290641e-11
1.061813522411024630e-10
1.038380844800227121e-10
1.028567568481835771e-10
9.343482980389768505e-11
9.179462932801365466e-11
1.349210811742283883e-10
9.674446262260904760e-11
9.701717109448908054e-11
9.376750604269727748e-11
1.007482934095980139e-10
1.912037568790759011e-10
1.237211214162826317e-10
1.407599331448407152e-10
9.195221259283905292e-11
1.154013941581514663e-10
9.759305089402214279e-11
1.238978544524155230e-10
1.114428701391997574e-10
1.305045255660475351e-10
9.313219761318398705e-11
2.398110894683102413e-10
1.334150706605932361e-10
1.422565498334011658e-10
1.318020859187683326e-10
1.024546663820476843e-10
1.051886241329472029e-10
1.112248197422492499e-10
1.131171166955397120e-10
1.401491308640108590e-10
1.071872436594586783e-10
9.548404107650924611e-11
1.295295700804440527e-10
1.105085319607083076e-10
9.237263570486572802e-11
1.791706246159158779e-10
9.466196667445842094e-11
9.368903958267319289e-11
1.225524892301302688e-10
1.038588724935014582e-10
9.472291055481537886e-11
3.354082663895321224e-10
1.154427687450818116e-10
1.046791430752186450e-10
1.009078319237164662e-10
1.565964503181119889e-10
2.648192884006361658e-10
9.592132870384680146e-11
1.102666424969364023e-10
1.129175450160061330e-10
1.403615004190130766e-10
1.056052487718094213e-10
1.224724258124536074e-10
9.641375984228136167e-11
9.677778993091608996e-11
1.434270441559755696e-10
1.639806626427979372e-10
1.959619607059830737e-10
9.381615840786214277e-11
1.453615516233670058e-10
1.610894437455273440e-10
9.613783177082841501e-11
1.262134166897773346e-10
1.121975838195914291e-10
1.166416693129638344e-10
9.200984172182042662e-11
1.019957314956605892e-10
1.001540134976565243e-10
9.308452144018144459e-11
1.307701557367427818e-10
9.962876252208988643e-11
1.303327760400259294e-10
1.644415426087839424e-10
1.943917317206386231e-10
1.169611859797168614e-10
1.587895684230093969e-10
1.659873911439881433e-10
9.904264980708526657e-11
1.035127607447165766e-10
1.189119031545705360e-10
1.004430221599995335e-10
1.039220925268555084e-10
1.340504238670543729e-10
9.943246030738247181e-11
1.168467550935300970e-10
1.126593299360976767e-10
9.486323667295179508e-11
9.357508078388597117e-11
1.324858532386549998e-10
2.151100708617299524e-10
1.069567715682418954e-10
1.330542717964947310e-10
1.619613415523131939e-10
1.208574491606383497e-10
9.809628708884545144e-11
9.495035355282783127e-11
9.236695889866005689e-11
1.143884721719289624e-10
1.179648245905749737e-10
1.245565255585087934e-10
1.084504837427777769e-10
9.187255423447812501e-11
1.285564099858766426e-10
1.118398562781797601e-10
1.943984982360326736e-10
9.315892558221104617e-11
1.425941164743747882e-10
1.239732252062183045e-10
1.165895547765034142e-10
1.037074172423059246e-10
1.102769214797996447e-10
9.569433346838490358e-11
1.099708319186055939e-10
1.475674953900110792e-10
1.123494972208947106e-10
1.027186427931574459e-10
1.313015548495419221e-10
9.891928866244686525e-11
1.257188638576412569e-10
1.253445941333378242e-10
1.021468804025812297e-10
2.239106893280080894e-10
9.767185521246002377e-11
1.726008745081371061e-10
2.008785416812513603e-10
1.296991165141912713e-10
2.420459020157526531e-10
9.607861413187540878e-11
1.764666887358095571e-10
1.058836406339469642e-10
9.213459661798472251e-11
1.070215243390414517e-10
1.097389263565320865e-10
1.383432495008223621e-10
1.672798342970345972e-10
1.086161234475044529e-10
9.584958937498903033e-11
9.659030994120340492e-11
9.770027292089482313e-11
9.506618983478488865e-11
9.217669038921395349e-11
1.248314551792883637e-10
9.610791362087337510e-11
1.149267934945763428e-10
9.200381981643704200e-11
1.840442717740172577e-10
1.002434350193900118e-10
1.259020465102659074e-10
9.416280758501170030e-11
9.603425831919222782e-11
1.593856754929431862e-10
1.106825498895227635e-10
1.258812645399035665e-10
9.300764693944782260e-11
1.107096839631511425e-10
1.168112312260334628e-10
1.064251868812250792e-10
1.160110902605192328e-10
1.270270930889226867e-10
9.196084269411892366e-11
1.039484242774898293e-10
9.246164055250378698e-11
9.198135669426465262e-11
9.946515020815635489e-11
1.049406820561927776e-10
1.200498680500301482e-10
9.406387903215501082e-11
1.167044706773184174e-10
9.339499962534981982e-11
1.013939491553409356e-10
9.303343913049919501e-11
9.893395247742815874e-11
1.049077488237675442e-10
9.494053660263306143e-11
9.304649404200846755e-11
9.442914338203260998e-11
1.062071932111752321e-10
2.920234949675671252e-10
1.209458783441588256e-10
1.191917055908213518e-10
9.699463937337241190e-11
1.542892779886723055e-10
1.457467996748808754e-10
1.052985923281112348e-10
1.004311140021143181e-10
9.512548437652201919e-11
1.317994715357278000e-10
9.609788686808318559e-11
9.541753211829568302e-11
9.429796924399754681e-11
1.344944833905773423e-10
9.713798732883835779e-11
1.094656365338425269e-10
9.242565855297500734e-11
1.439428408822374769e-10
1.239564238862352991e-10
1.036351368428572494e-10
1.475819196693595135e-10
1.059142937133835815e-10
1.441779984527356281e-10
1.078638950324443460e-10
9.427885289350372732e-11
1.484785402683838142e-10
1.142956196627888119e-10
9.500100756873499779e-11
1.247389564087653023e-10
1.154287562253825493e-10
1.088007988559675031e-10
1.350295532915266932e-10
1.289621190693822312e-10
1.165910100274524536e-10
9.579728581837937002e-11
1.063450622983192944e-10
9.973634195437609504e-11
9.497061799597212554e-11
1.159411804770258037e-10
1.480500391699225677e-10
9.216645291203377931e-11
9.757357301332017335e-11
9.297007586426774762e-11
1.931244502583538614e-10
1.124108405917633523e-10
1.470583028225090804e-10
1.029548890304440484e-10
1.468707543506536117e-10
1.338005869621756953e-10
2.419956288526540282e-10
9.719276163491561078e-11
2.697426441764071661e-10
1.148689058871488880e-10
9.743914470774846155e-11
1.512106254868143045e-10
9.865317654024778930e-11
1.059301209030413928e-10
1.172070063913167803e-10
1.063221188823224196e-10
1.153867097328063181e-10
9.939169879432843974e-11
9.753213255184974690e-11
1.037764309980819270e-10
9.213979830384655248e-11
1.391945500280727935e-10
1.182566486822887785e-10
1.113554469146835503e-10
1.870756229833151485e-10
2.342733915206699305e-10
9.220577239679271035e-11
1.035559149613800128e-10
9.204206119460779091e-11
1.608001889163511044e-10
1.003089463464899186e-10
1.245245573848656717e-10
1.236304097941813930e-10
1.027258848901464207e-10
1.271523506307426084e-10
1.775198045760245270e-10
9.238966429221499653e-11
1.174759031908002310e-10
1.127496823324242384e-10
1.894910314828456319e-10
9.571335944320046924e-11
9.925226901789830564e-11
9.916176108885400819e-11
1.028050754125789992e-10
3.757840454885074299e-10
1.005953075232047709e-10
1.294838340716593074e-10
1.222517610512725510e-10
1.278697953318943929e-10
9.437901676435607900e-11
9.971586568713254038e-11
1.343406461350722573e-10
1.079004261990073743e-10
1.495858897371059905e-10
1.272371846944020665e-10
9.777714981467161198e-11
1.586186611820140239e-10
1.144315118271598029e-10
9.826419699697991629e-11
1.347900447503452855e-10
1.089527778766512506e-10
1.343187903816804642e-10
1.582196547038333441e-10
1.043513037383708600e-10
1.002022070810137215e-10
1.727722749992091020e-10
9.844474274097114671e-11
1.402690242594033258e-10
1.090661496529109745e-10
1.092797043635402893e-10
1.402108336927034135e-10
9.944036756407999222e-11
1.720097280737145432e-10
9.226699709159263650e-11
1.096649721153744540e-10
1.275537720290885765e-10
1.640424927675408650e-10
1.228566170495312470e-10
1.090577345013390537e-10
9.489888385436994694e-11
1.428804992998253252e-10
1.116176742552274048e-10
1.057723320145332037e-10
1.446969273667806128e-10
1.150299095816731175e-10
9.251607650193587499e-11
1.266755249135631325e-10
1.186664397710763460e-10
1.188803015325591895e-10
1.709164728286690677e-10
9.790161526466134934e-11
1.426634308840957352e-10
1.199030403448033798e-10
1.340936235180515887e-10
1.557248303412481556e-10
1.028679761003817380e-10
1.321901750551145680e-10
1.106448847940660463e-10
1.601311340746107243e-10
9.602453839733266987e-11
1.175800807800395284e-10
2.270965142819229149e-10
1.203822944753797366e-10
9.376910680077804522e-11
1.130449638909041839e-10
1.029237612202684630e-10
1.110399486457324521e-10
1.099796035896970342e-10
1.596681289021460348e-10
1.006237539248308855e-10
9.515124765591735642e-11
1.419716272587468689e-10
1.155698810587651569e-10
1.122194726278003260e-10
1.312036343739721684e-10
9.664052280740965761e-11
1.340175183998351149e-10
1.188710667491502166e-10
1.119765711341173992e-10
1.254697073779166169e-10
9.405605660327281870e-11
1.014320630208755967e-10
9.522202573911802857e-11
1.745158200090184912e-10
1.378891480128757392e-10
1.278456321630468003e-10
1.010154182636193805e-10
1.258440226665791381e-10
1.177620991318983098e-10
1.084253931355181020e-10
1.004621630655689878e-10
1.278632057730026803e-10
9.286793794910363856e-11
1.627155355127648890e-10
1.081070907452408272e-10
9.708924185341894210e-11
1.066575219986578874e-10
1.225954157862587386e-10
1.134360902805646998e-10
2.159832525180530622e-10
1.840655657621663195e-10
1.012861161714286715e-10
9.660699811649735349e-11
1.106005585485370138e-10
2.575260012880074355e-10
9.984063799265665991e-11
2.916589538035414069e-10
9.219943677735882601e-11
1.211620992615326685e-10
1.353588088403975840e-10
1.175230755647875449e-10
1.343851661474915009e-10
1.051446086788937495e-10
1.309106839249372861e-10
1.235566165420846678e-10
1.179408593938927256e-10
1.143997714528725747e-10
1.150141126246662815e-10
1.075268160963932952e-10
1.178110065628272894e-10
1.470497726164382276e-10
9.377198810506907617e-11
1.255554114637397055e-10
1.420358647029826732e-10
9.889194167651780306e-11
1.293873680163396196e-10
9.907255378782197008e-11
9.768204935293350658e-11
9.801531760402517663e-11
3.335728275080710066e-10
1.121925215007304141e-10
1.081849422756986693e-10
9.225417045814661745e-11
1.357474805178424015e-10
9.361083620115350177e-11
1.078757900890426385e-10
9.373164279276550487e-11
9.684239138822323827e-11
9.305696904657501315e-11
9.774520138635559194e-11
9.976864147568688960e-11
1.104789971752517695e-10
1.216062828494520562e-10
9.901304318718248883e-11
9.918462344673915575e-11
1.405264076561413029e-10
1.235586284537026665e-10
1.273999715906181342e-10
1.093396133971357163e-10
9.503043935804137529e-11
1.054506458537114734e-10
2.046520318843170553e-10
1.937946209324051613e-10
1.013239663656076598e-10
9.733120622680259687e-11
1.540036046411629675e-10
1.243047065673965948e-10
9.245062034099745000e-11
1.032599777519353336e-10
1.213339133444227426e-10
1.397591099772753136e-10
1.950336332639052223e-10
9.791440869194883447e-11
1.193326878153697885e-10
1.109309693620639808e-10
1.209584332635860735e-10
1.111270371416752921e-10
9.221145788480634869e-11
1.004026198501120140e-10
9.318950960311938027e-11
1.083452947315040725e-10
1.229830585422700824e-10
1.037669091956263537e-10
1.057923549630282317e-10
9.667606345866939233e-11
1.064469647615324024e-10
9.487971504885531280e-11
1.053915527941210614e-10
1.215191674170152231e-10
1.257350874173517141e-10
1.388775786442207727e-10
9.244673058014565648e-11
1.159355967368170176e-10
9.351797559796000299e-11
1.021113772643621644e-10
9.756522430860077018e-11
1.176241972470321030e-10
9.892142725392700857e-11
1.165167719530307975e-10
1.063916527832483693e-10
1.292116598706950886e-10
1.375680587711593918e-10
1.324318998563993648e-10
9.771200855960978586e-11
9.399329692634321127e-11
1.766534728134396107e-10
1.610408838983775403e-10
1.398403722925395711e-10
1.242405245117753211e-10
1.615202379175809614e-10
1.034309593914978788e-10
9.503882437559184736e-11
1.074286528020833532e-10
1.115287205272341426e-10
1.149277312781622151e-10
1.047114125230168343e-10
1.057221880661913617e-10
2.000980734772191634e-10
1.293079989424224445e-10
9.309418725566846558e-11
1.076128398178656617e-10
9.214890063587274715e-11
9.970479180245438294e-11
9.617917119922521359e-11
1.212286002190349679e-10
1.090686740876007160e-10
1.057704591950750769e-10
9.617369148721780174e-11
2.504006453551135097e-10
1.151753398279520369e-10
1.222169809249766324e-10
1.289027576981071662e-10
1.612087448686118699e-10
1.062192504480243773e-10
1.118203724546446271e-10
1.112971773143646652e-10
1.136734199483481705e-10
9.527413195204332997e-11
1.193197240574409504e-10
9.358919197267448482e-11
1.067953107824935912e-10
1.062524016761335727e-10
1.142610185930274375e-10
9.220041151283561741e-11
2.451417495644835478e-10
9.440543559884069541e-11
1.625681264489307494e-10
1.085230487641266174e-10
1.026219401554035708e-10
1.227454920407177053e-10
1.825554445315440331e-10
2.461080995183104009e-10
1.335658467508962362e-10
9.988654046949847110e-11
1.780265054334976195e-10
1.382699926678281964e-10
1.311473100862679510e-10
9.212841928225104155e-11
1.036072685210398831e-10
1.132773122665281864e-10
1.157995200335891399e-10
1.045849013491275728e-10
1.134289081164871855e-10
1.137016864620611091e-10
1.236918538055298240e-10
1.155498819877210603e-10
9.633624451357894569e-11
9.586183704893481565e-11
1.044651013141751890e-10
9.847403872784539911e-11
9.751558298885465172e-11
9.270799880821645338e-11
1.029662464175525260e-10
1.522781564698295778e-10
1.851292968519040512e-10
9.985245623657818421e-11
1.066671036408019764e-10
1.071453719094820555e-10
1.381326157744738363e-10
1.099638698391132534e-10
1.239115270012883058e-10
1.311128129434198011e-10
1.347768767089941114e-10
1.538116520983103451e-10
1.087333179672203428e-10
1.196183555670960383e-10
9.429860639728166170e-11
1.107516195785472873e-10
1.431283510547059120e-10
2.328370453650260293e-10
9.846606361262053961e-11
1.008244848310889869e-10
9.607140557275373809e-11
1.037796535888401021e-10
9.344205546165466301e-11
1.077932090561495187e-10
1.387457273787775388e-10
1.449289360314087881e-10
9.827909993136146350e-11
1.464682657375138070e-10
1.048306758203912273e-10
9.487654632490021686e-11
9.186391687624580511e-11
9.719090006235348708e-11
1.166033128775966140e-10
2.666888961872354542e-10
1.070637235493796943e-10
1.544741954359000740e-10
1.090758263749321825e-10
1.033313114512256098e-10
1.034732623086865130e-10
9.826926728938877264e-11
9.878386397486259005e-11
9.715211020241777646e-11
9.769455907138926934e-11
1.281123040776241243e-10
1.525044334220095153e-10
1.762520876429218740e-10
1.142223676485474280e-10
1.072303822268544139e-10
1.128418772947732164e-10
1.056299149397457059e-10
1.473774964411434224e-10
1.045124243109285971e-10
1.517095965383126619e-10
1.204478862137790028e-10
1.170684007549462092e-10
1.070799720664847614e-10
9.904814296721413155e-11
9.971131490587104723e-11
1.266410718096061195e-10
1.045376070611566841e-10
9.629230535266003092e-11
1.019424780439530768e-10
1.196289627161310595e-10
9.854149786364023423e-11
1.480412369451531142e-10
1.379310654042652632e-10
9.517337075432745519e-11
1.292220583285135973e-10
1.114653013840469681e-10
1.197009919477413542e-10
9.836909006994702272e-11
1.127499547928251886e-10
1.125740980125549917e-10
1.156898119530440696e-10
1.102256571345089741e-10
1.047351003173911077e-10
1.180522679736688631e-10
9.930800058930556934e-11
1.513888292004691306e-10
9.189797327956576023e-11
1.119353115345067711e-10
1.179053621204707988e-10
1.284268811557842095e-10
9.517621482624173662e-11
1.052054152561667986e-10
1.370954099461986448e-10
1.089979705793989600e-10
1.007851180421845773e-10
1.110670063032487563e-10
1.093510880177874435e-10
1.077290040810892063e-10
1.094404700306856337e-10
1.600589607680105303e-10
1.082388868081870682e-10
9.835696249518488916e-11
9.852800926964215399e-11
9.501604093091623489e-11
1.087882895404911546e-10
1.255179609843576291e-10
2.269717237218775336e-10
9.577324607506177664e-11
2.903831820799960923e-10
9.419565727182231759e-11
1.033814398731147335e-10
1.066294877946928668e-10
9.772466931306794497e-11
1.099736166424190203e-10
1.224748334499686849e-10
1.032540926354593291e-10
1.409950245909255005e-10
9.964454922206793180e-11
9.259767791835126291e-11
1.642564834798699128e-10
1.765136310512787376e-10
1.005751349100168432e-10
9.412260888992493763e-11
1.158874604559160726e-10
9.774396648110131607e-11
9.619529562422030046e-11
1.147533223198965756e-10
1.433016240633298194e-10
9.461877731265994162e-11
1.407823696550172319e-10
1.267432997687435508e-10
1.077090129174176620e-10
1.300880027531573151e-10
1.018305366995858427e-10
1.187875349768753029e-10
1.355287987506360461e-10
1.974712057494110642e-10
1.411655509923735622e-10
2.133208068779992352e-10
9.661042901748613142e-11
1.060290658769073290e-10
9.699277447401573814e-11
1.592704165712045224e-10
1.023272003677775636e-10
9.618997325999353914e-11
1.237881754167281445e-10
9.606748767907071948e-11
1.090950373506161426e-10
9.537416913422981498e-11
9.400192256611502772e-11
1.194610921057527704e-10
9.492675970696609096e-11
1.006988246541610710e-10
1.092389554025858314e-10
9.690757727834164426e-11
2.877189945855782586e-10
1.008704458162449631e-10
1.164423600251345609e-10
1.362550426859497049e-10
9.392666447851750166e-11
2.842545345818116178e-10
9.286309485004063308e-11
1.161138943337930707e-10
1.130074448180525360e-10
9.861060156735744405e-11
1.148261437881658075e-10
1.044297060142198485e-10
1.334451672714045995e-10
1.414935564138574647e-10
9.285615268927478451e-11
9.390668266438610367e-11
1.907708181783792482e-10
9.586058094026331518e-11
1.111118596104866651e-10
1.577587515415149926e-10
9.718903845859173918e-11
1.593320312891783066e-10
1.388424971465186271e-10
1.015079544958834828e-10
9.235673987810611899e-11
1.153323631350541062e-10
9.527965690604540930e-11
1.017988103362704884e-10
1.245645164802205610e-10
9.848185992656018434e-11
1.012915027250022819e-10
1.765127107187147132e-10
1.354101155678503618e-10
1.583465135179929570e-10
1.014213027286005738e-10
1.017655851990711267e-10
1.333387444150392945e-10
1.135332136932773723e-10
1.005100766949382293e-10
1.105587113922221790e-10
1.582492259229386928e-10
1.268406629226844360e-10
9.235836201091692557e-11
1.369189624271422252e-10
1.083378181176859760e-10
1.003122662002120653e-10
1.202000167758309643e-10
1.436536829812503257e-10
1.759625205395913554e-10
9.931363313216698380e-11
1.004790405867018376e-10
1.847502607959935286e-10
1.100359782939384306e-10
1.123608390718563784e-10
1.063723019806188620e-10
1.109052647808325206e-10
1.183570911533312388e-10
1.810163082691583160e-10
9.354011549836268615e-11
1.009801674024718447e-10
1.079201032337816382e-10
1.103857716911666076e-10
1.356276899270206193e-10
9.336881282257211371e-11
9.581346646396899244e-11
1.432932298545832967e-10
1.133860778952592307e-10
1.004941077061352080e-10
1.233032638079185552e-10
9.509433901070611659e-11
1.471408830670669457e-10
9.407632988773581070e-11
1.168264191661556722e-10
1.001884611361439917e-10
9.853230127026238044e-11
1.577581423098442088e-10
9.610368369616581109e-11
9.938302748159810372e-11
1.241063115385678051e-10
1.320500084720329983e-10
1.002671381410764375e-10
1.214956891999487148e-10
1.229215572660211697e-10
1.060987678066391909e-10
1.637849290474078898e-10
1.091380760184820954e-10
9.494227838441427008e-11
9.183147969555901494e-11
9.432106364433753720e-11
1.233103180307157765e-10
1.076598009731866314e-10
9.427996810709843822e-11
1.013801951928923336e-10
1.037966439832372828e-10
1.073888537176398956e-10
1.521506545984165654e-10
1.061967139254051323e-10
1.185968587934332899e-10
1.361879637849092960e-10
1.221664454556065960e-10
1.080188656692590669e-10
1.038667768389541965e-10
9.492185027538438982e-11
9.764543878939502484e-11
1.026161709651477626e-10
1.391298462329175333e-10
9.235073776993197412e-11
1.591262653981268431e-10
1.270581415110204773e-10
9.814674797650499620e-11
1.041382789899333770e-10
9.984972905815510251e-11
1.202167613916711935e-10
1.031853621711006869e-10
1.138168528953486763e-10
1.495692942064373715e-10
9.810998146491854968e-11
1.035808609013622068e-10
9.400751288866982525e-11
