Format: x y z  (R = removed from domain due to fracture isolation)
-150.0072347 105.4813487 101.0025023
330.6942148 308.5768201 -47.78662927
421.5969685 -48.36393217 -335.9960199 R
118.2808234 -3.407198089 9.307787035
-160.6109639 66.08771068 202.6545661
259.7666905 230.4921373 -103.9434582
285.0495032 -377.6443319 2.830052389
505.2908909 -223.4135483 507.2711064 R
361.3296872 -280.4029768 195.8708077
-403.1883839 371.5143513 -434.5755144
-372.7946225 174.01791 -477.1437101
316.0648983 371.6690655 -328.1987636
253.7780581 270.9815459 -387.3748177 R
432.7609771 243.6772153 101.9615148
-287.9696344 -523.2673116 -224.4743725
-451.6875683 186.1259474 -125.3806409
-435.8375846 -158.8678362 -130.0521991 R
-354.9857311 441.5977655 -479.8779864
-516.5115893 -420.0192924 514.7547583 R
446.5016567 -160.1204183 -228.0566068
110.9254536 505.0173503 -235.5494769
-434.2595269 20.86295857 457.8310417
-293.6046747 370.756895 -37.78912069
222.3416851 323.3290068 379.1165348
313.3941353 -35.68020941 492.5672944
16.78835446 -292.5141542 266.4713155
-418.8834718 222.2305041 -512.4590836
-136.1756139 -407.9162209 74.39198517
56.41771315 316.3383798 -290.8513902
-107.1962095 -14.3514138 384.4263978
138.2780367 -213.6018622 -480.4308606
89.64701998 380.7976749 278.7169989
81.52157732 462.477889 494.7001887 R
-227.7654831 296.659434 219.7229619
58.32994445 -521.193735 -478.9321502
-240.1194518 318.4980761 66.12413082
149.8288188 -34.51322016 -182.4247636 R
267.7074147 -373.0699652 -464.2733036
-237.5976475 -338.9076502 -216.4426668
-448.728342 159.1314849 -107.2138967
16.91861869 321.6168164 387.6760876
-282.7680666 396.2683232 444.5531895
215.9720357 -198.2900159 295.0002675 R
-276.1667752 -304.1326786 141.7973291
328.0517079 133.3314818 231.8373371
284.7768242 379.8876182 281.6029598
28.74591415 478.561945 -508.4575173 R
-440.9904338 71.91511293 -512.6939532
-130.1670705 -332.7437157 316.9095865 R
300.0875455 -267.5343878 240.4566574
-457.6602629 -466.9195223 -358.0698892
340.4102245 79.32228264 59.42564517
228.0371286 -326.1003957 134.7712998
-110.44489 -212.9661939 207.3684216 R
-394.1955945 -255.0725564 388.818258
-171.089851 -485.2672194 -51.45239965
-190.1600035 43.01938848 -393.0666429
396.5363542 40.06948458 -258.6133988
-252.3644586 -157.3667354 -77.33342537
-513.0545222 178.0548926 258.3286291 R
265.5404393 -305.3530767 -179.1540016
408.1450727 364.2553155 -298.7608376
-390.8629484 426.5548257 -451.9502481
405.9495046 -436.6912459 -466.7232073
-200.3103892 75.47525067 271.1252357
273.0308052 -237.8949235 506.6305508 R
-204.167356 464.0285756 264.6092403
-267.5271597 -77.06203014 -380.9605929
342.5281899 -368.807738 -104.5674454
374.3942225 -332.7550353 129.5483284
346.4334557 -264.7449303 -171.7123763
308.3007025 83.5307144 45.17814516
-219.2831559 399.7559175 352.288416
-475.4485176 -112.5846078 121.3932527
183.566328 63.04625599 227.3920059
74.7853152 186.4512285 157.2820724
214.9953307 -114.7929109 -416.2674732
-114.4230678 464.3403009 -194.1120742
-420.5193574 -430.2500078 -301.8554038 R
264.9350087 73.76693922 -176.7282596
-92.45597088 -57.81259421 41.60947024
516.5940022 -98.50960713 -398.6317871
387.5451319 248.0210402 -46.19714288 R
-14.82881621 -515.7674167 51.44970261 R
-521.5649847 -176.6092663 -228.4292531
435.8328108 279.6144109 345.3924612 R
-312.6929312 153.8587628 -444.0038958
-268.4675241 -46.03080809 -167.64739
450.5973588 -506.3796181 92.77735318 R
-191.8913708 188.1898203 -405.3144355
-341.3425529 -10.87399417 156.5009061
349.605181 -89.42323825 -142.430889
-461.7981952 -220.6354668 -153.7986573
163.1027226 530.9964479 91.90856307
338.4759793 285.4290804 -256.6917403
347.44957 261.1415431 198.8737752
-260.1795832 -21.65200321 -173.0040294
352.0443045 -103.477609 -83.07509152
-510.5844532 -403.8846591 504.6875024 R
-505.6804108 -366.6924638 -470.8585203
-433.4527972 -65.1890753 436.8420528
242.3534542 -401.2466642 10.03922149
44.44901595 501.6641248 -190.5010849 R
282.6108639 -319.9205451 -345.9130537
235.6588283 -539.1300584 -289.6878157 R
200.0948853 440.2506198 -494.5655929
240.804853 449.4280254 415.1010404
-370.241702 -492.6444647 508.6004048 R
11.64621552 42.68470311 79.46511215
-138.5630707 -134.4656839 491.4922604
-84.6965526 246.1841308 -337.878883
-188.0135141 128.7321715 277.8376987
239.130356 -122.6564731 253.2644037 R
110.8415501 428.5948745 309.8785406
396.7589865 -182.0434242 -220.288891
294.1436029 -143.549046 76.8909484
-189.7843117 137.8858166 511.3244196 R
303.7933744 291.8612205 364.2953235
217.9453948 -17.86012725 -266.2806569
13.64777693 -366.688866 250.6775965 R
-18.47761769 186.8452499 391.6847088
-72.59562954 313.1131438 -17.60922454
344.9153636 -84.18428552 51.44074624
69.52647694 -345.6419668 174.9176304
-392.5624879 -151.7320345 19.75550563
208.999501 83.2415781 -229.3680052
418.9449825 414.1570053 128.2341448
138.8727118 -302.1146605 -423.5653823
-130.2218327 347.3226798 294.4779737
-217.3268311 119.7733201 16.48915085
-315.2442627 294.8091633 -421.2208425
-356.6161779 409.1523047 487.9920733
206.1759244 -280.1682547 -302.9271584
-36.85830096 -391.8962765 -446.2143871
466.9366542 -104.1466772 2.282088341
-50.75954901 500.017855 -1.579602143
-280.0326988 -419.4493707 91.80436975
138.0375263 429.5864565 -347.8881499
70.60391414 369.9826207 127.7395778
-416.3930886 -525.8463544 441.1237971 R
-515.8930614 157.2432546 480.9428903 R
-286.5215711 296.2134074 -317.7892625
346.3261538 -495.9429544 -459.467411 R
381.2793431 222.1743936 285.0543998
-434.3092821 -146.0725658 -33.94521016
206.2479696 371.8272281 -15.51141875
-369.7996393 237.2946342 451.91051
111.5817534 97.87282069 480.4751326 R
335.0040554 -200.6934753 375.8177702
-216.1232071 280.4449716 345.6913714
226.9239332 479.4923005 -444.6760848
312.4425166 -9.422356385 -82.55783959
317.020536 2.803043699 -506.9354419
269.9882969 51.05391669 -215.268561
-326.8821713 202.559019 -93.58998899
304.1326507 -285.1990027 495.8838521 R
94.8824601 459.7688076 154.7066269
230.0916349 502.6294723 -33.14640165
314.7184871 -474.9227195 25.91860641
-493.7787586 -52.79641513 55.60414832
-81.52842591 -263.0893587 81.70526549
212.5694227 452.3294494 -507.0861307
-29.45194868 491.0287165 -400.8644576
-10.83764567 272.3386634 -251.0981041
445.8728378 348.6770488 -116.8229998 R
-242.7694245 430.5021512 159.8272168
-422.3370801 55.93783133 -29.18098847
439.8797196 250.5227398 261.6430469
-107.3394733 -213.1835006 321.4432784 R
243.2775569 78.77616946 -69.77987199
-447.9795193 -454.858798 310.3016436
-9.106848913 -79.33814153 467.6993947
178.3600106 -15.37087833 168.1809815
-259.0221264 -472.0452725 154.912452
-468.7767975 405.5766193 432.9586849
245.2948482 -92.88470617 -478.8857231
348.2645388 -202.5596129 -328.6090241
408.7281962 -419.7805563 61.14658193
-306.1010685 264.7088592 71.45959571
152.2147484 -276.1992566 220.9284807
-493.6352191 318.1619373 -134.8455158
75.12964875 -288.0355792 -174.6202504
-341.2179523 21.56119341 -127.8211165
-48.73094387 -61.3577089 477.122379 R
-233.4915988 88.52768238 -343.8415148
-386.2220363 -113.6691971 -372.3538053
524.0952964 -192.7460119 321.3729374
-350.0201236 40.73978826 -433.6078774 R
-140.5958423 -190.8060023 -505.1690753 R
-279.612719 109.1026208 169.2972409
-316.9823065 -152.3821729 364.8911019
-144.8519616 -370.8501076 542.3501651
208.9617112 119.8193887 -510.1964819
-206.2741327 193.0640617 194.8489169
388.1011792 -410.7834789 -173.5314762 R
86.1751017 -510.1940554 -487.9965706
-157.6727818 -425.4012153 375.991134
540.5284037 -442.8807709 472.4588232
-431.2383738 -530.5841765 -22.989724
-150.8104519 421.5955325 -454.51871
4.958151441 84.98432219 294.9720401
-416.9527661 -109.3435577 -18.53150389
13.59530145 253.3139315 -509.9741665 R
-544.7822377 394.4990001 23.83939896 R
364.3670926 407.9814403 -217.5904545 R
-270.0930147 -315.0588505 88.97623036
-122.1304222 -148.6476107 -385.2353482
-203.6120672 -165.8791794 92.52953616
-131.1566283 303.5975279 -436.283748
-364.5869498 232.8849601 66.87933075
-392.7568024 -296.4557786 484.5094132
-33.44877876 325.2500305 -379.0176593
-181.7659629 91.74165153 -304.7826193
230.5912073 18.29825836 185.0458592
-70.90105537 275.38288 438.3943299
-242.9196372 -459.3454165 -44.23794702
327.3288097 93.29615817 290.8377576
183.9273769 521.2491031 -45.80390065
443.7717575 -228.6503801 20.1871908
112.1626148 -307.1899834 182.5759625
-80.62466797 -269.3784354 -378.1168797
-259.1308883 192.9449355 -308.741416 R
305.1795076 372.8055795 -396.1552528
184.7325462 -182.8819671 -122.1261477
-441.9178128 223.2629862 304.2424871 R
-222.2618044 -333.5722144 40.71840795
-253.2315738 -48.86881823 -287.5292945
416.2304137 138.1127428 -359.3588871
176.465767 -331.5313513 -397.1634183
-60.44236737 346.1302269 -15.29002168
-473.2173202 -443.3878589 -454.2889072 R
-91.160305 -366.1264945 139.1464512 R
-60.88022657 422.0487608 22.72785759
206.3527338 382.9349566 -254.8597528
139.8416784 317.1578018 350.2947974
-439.8645621 -403.1484162 300.2025206
-312.8283339 -495.6413446 41.57095238
-154.8112949 -19.65063075 -507.0718356 R
203.7808814 280.8738457 -360.0097864
278.9820121 326.793371 102.4565039 R
162.6124963 -506.0777001 268.5649623
477.7652781 78.72612571 250.7740313 R
287.2799679 239.7409608 -8.802366452
-367.4238343 -334.6496235 57.94522792
-67.13700623 460.1782178 -541.7365995
-229.0033089 -332.926633 175.2136173
-274.7511267 -343.0642656 -362.447133 R
-368.9350108 -524.7486812 -298.5163936 R
196.3346748 502.2094754 401.7162948
97.607944 -214.6307041 -284.2747161
-106.1169994 -493.5963952 438.6344159
20.81582408 472.4167529 -182.5480687 R
424.3032841 359.0010653 104.273991
164.8926622 -37.68033973 139.1988387
-220.3109355 84.92562474 -356.9410626
-512.2816823 438.8854649 443.8080071
357.2500754 45.04438305 -389.3239392 R
41.26590647 161.1015769 -161.2337463
7.79920037 88.97025923 -159.283822
-388.7173082 -485.5305967 146.3001208 R
-261.6338677 -234.4032003 497.2184521
-73.56103807 214.4708152 405.6115189
334.25679 -80.04981794 92.49269928
-395.8978587 -159.8103244 -217.7318826
-216.0028116 53.03496543 -153.1224297
2.152311916 21.76924262 458.777272 R
-175.3379914 10.02630031 90.78172776
-240.7836638 217.020129 307.7631017
-490.8154692 334.6131743 -302.9702911 R
500.0255599 -425.7499596 224.1626843
-539.3802642 95.81490018 208.9403047 R
-101.1407361 333.3283906 -292.5360035
-39.48380889 -87.62872925 -197.5356284
-425.6238373 -414.7233712 369.9707521
368.9734914 -17.59782197 117.2023483
364.9044859 -131.2693661 -305.4650692 R
-391.6849712 -251.6394811 272.7984478
-46.00892846 -224.6784618 326.4314061
324.9570847 404.4436656 -295.6993608
433.3403678 -172.2498061 335.8380306
-291.8628868 539.437329 416.1800951 R
158.6238874 -452.79016 -25.79388475
479.7385773 76.84901879 422.3002 R
384.6269809 103.2692468 -248.6120566
349.1290814 323.8540597 225.9787927
-436.8738109 15.77544395 -528.9089247
-113.4324768 -196.3495388 -67.6483562
-536.326661 482.5832093 -43.14176507 R
143.5804875 316.3454154 123.4395491
-2.534493806 -165.8747945 496.7541826
-294.359716 -266.266786 209.0145946
462.3272369 -389.5453443 -130.2479598
-316.9771528 -295.405192 -270.1339014
322.7637356 201.0836621 409.791402
-110.6916865 291.9021747 484.0540189
-299.4129225 39.24159741 35.32317262 R
338.4711714 2.761854405 -101.0205256
96.20639452 -351.4048366 -255.9080386
330.2272069 242.6123598 -4.750288693 R
503.9597285 237.2483796 -461.6973489
420.1539817 -73.35343366 -182.769515
-406.7059448 425.1165559 -384.6160303
-287.1490352 -348.5049461 -224.3546237
-125.7474474 326.5402832 230.1351842
-421.5457693 -38.52792093 -91.31534081 R
157.1644438 13.10184541 -379.9033899
158.907263 280.5126236 18.88195798
256.3188139 121.5246456 -13.25243195
-497.8122349 402.131298 396.6078446
102.044051 -29.52396566 -280.2295145
32.29022766 -406.5805088 -521.3334658
373.1307148 -43.28244532 381.4626643 R
-132.7284967 150.2293964 -268.1425012
-87.17512909 -194.8777293 109.9198403
180.22194 115.5332324 -255.8188352
-424.1706608 94.78629501 -137.8686015
267.5615126 145.1390041 -475.938255
-232.2762959 276.9505846 -88.92179432
463.5414159 -389.7238643 242.3784671
157.9209795 -281.7668052 -118.3846763 R
-272.8729984 398.5136841 474.5308874
-384.6953532 172.043943 138.0838219
-267.7018357 -214.1340341 175.9535385
-381.6876006 -486.1491227 302.0768774
213.8792008 313.8858815 25.0333174
468.4897823 218.1283199 -504.8492678
-376.3655526 -168.2952091 -259.5522488
329.4361154 -21.80294383 -458.7378368
322.6329069 -200.3857796 163.1298343
259.1936136 262.2867402 230.2363452
-227.2652773 -315.3403994 338.5440197 R
-299.3893449 301.0110159 -150.010372
455.4307148 -106.730348 244.2196652 R
-120.6300645 500.7949494 -343.0173918 R
-71.4638283 -203.0693967 14.74974245
342.7654226 388.2541793 160.5049779
81.04219376 -360.0051052 -465.2387715
407.6309477 -128.0009338 -461.9533334
252.6733938 -75.06357833 63.12455879
-324.4773304 299.2437496 162.7593117
331.3148081 -204.8524723 236.8161959
441.6493562 -223.9290601 220.6732665
65.2357249 -319.0773414 -429.5389668
313.5057727 286.1919521 301.4800924
122.4597589 365.1410235 465.30476 R
145.6907667 153.208765 -386.1978276
19.19993831 259.5251609 -219.8403874
236.0033556 207.3411563 349.3917112
457.5279217 268.9279122 35.19527703 R
497.2508337 -408.0006585 395.3207595 R
396.8209299 -457.1270296 -507.3405982
-76.10881823 116.1100884 -388.7139489
212.3869166 -267.2956314 -366.63776
225.4504337 403.5171874 -179.862655
-289.2347802 490.1071337 414.0420834 R
-283.511385 -108.8428213 385.0898534
518.7901359 -10.2675548 -37.99981605 R
323.4201663 178.2246041 379.7065434
-323.4141157 -420.4999592 -503.8346798 R
-468.6353237 -501.4418687 -222.5625439 R
-446.0278799 330.2696747 -362.9768478
403.8229108 175.049033 -130.1225247 R
446.7050028 -420.3618623 476.4622698
412.8929838 -315.7361062 -391.0801688
-474.5492737 212.5363505 -429.6056941
-79.55666718 -274.3870843 -55.72890457
-431.9693153 305.1191898 395.6776599
415.7065992 -8.896064868 -311.7915128
-417.8049535 356.8131223 467.7668101
257.4486991 396.3246913 -103.4648628
-464.1658108 -139.4504306 -176.1699902
427.4783603 -393.9201552 -469.0817879
542.0171345 -27.31800518 -454.2573514
-222.0375807 60.10204197 114.732389
-195.8931562 -324.422512 43.40358973
17.71311009 -495.2665483 402.6585428 R
-414.8875206 -474.0032868 467.9069913 R
19.11255443 301.497111 -79.84367394
260.1381693 -44.33052815 -199.9939768
-40.93036951 85.65983058 -492.5642743
106.5658754 427.005558 -392.4493694
-4.763796715 196.7515476 375.9887706
252.2418349 535.2736896 36.60771109 R
256.5882669 -16.96276357 -308.2706062
169.270357 71.84449281 -295.069624
-340.3188825 280.6723297 397.1917085
372.287608 -126.3973633 -258.6851852 R
-209.2753888 264.664622 -346.1653121
183.6978636 43.51181487 -332.4159776
274.0095601 -146.6217169 -88.59720478
10.41578258 -301.6087053 -279.7614856
494.1368393 192.2274762 36.46889366 R
-152.5246357 139.7592209 230.911728
69.30454982 -20.4466266 40.64606075
415.9236843 -226.4583979 414.3563144
-156.8645669 500.1498392 485.8680294
-72.4769796 429.0235948 119.8556655
-502.1549888 -14.59098388 -127.0946334
-412.7700325 -483.7168426 -337.5425437
-234.8366092 128.7994502 -98.52437909
-319.1966549 425.4624278 482.2324176
335.6907713 258.9787812 -173.5458547
-120.7988749 -457.3500014 -362.4129252
52.11616478 -277.3096617 342.7045822 R
530.7078184 -28.0456664 -341.9617706 R
-72.15741501 475.5507126 471.6281774 R
-222.4351932 -343.119998 199.3776064
427.0814849 -92.78238801 396.6182064
395.7142632 -484.2732392 376.9636221
-236.1937504 -120.6270383 -32.12022566
-368.5437907 313.2701975 363.2714594
481.0278203 -451.6585938 -505.2122884
-96.08644186 -10.09242514 -321.7768754 R
-365.8089129 314.7611032 66.40458799
-240.9544824 334.4614111 -497.3128791
-467.9611092 -120.6187029 -473.0999236
-132.6804256 353.0669621 -68.40973082 R
-11.15046277 246.6775438 47.22019773
-105.2558422 24.7002732 -295.1046887
-110.9548599 -495.3737551 103.7025618
103.3616432 415.8643181 -275.5590801
101.7741884 -434.6417883 -277.0792288
146.5597378 -93.28844345 90.33882453
225.9376028 359.0633385 458.7821572 R
-346.4080099 63.01016713 426.4079602
-46.36828483 -333.5189305 139.4693375
-430.6608575 -295.5857273 426.9260486
47.45360776 -50.87556237 262.2489092
-447.8322204 -260.0191321 279.3995611
-379.5657647 -101.9531422 132.4721816
-138.1803459 19.37579235 -188.7320185
-230.9711527 -389.2039074 -480.9527139 R
-95.00560626 -9.134993464 -257.8574266
-326.3620594 -304.5119138 -223.5239183
445.9295354 -212.6439274 354.9679026
347.4480013 140.5884146 256.6222803
403.7623439 -4.13331277 26.5287359 R
-106.4621708 -338.5846617 446.9698615
-354.312476 -322.562232 189.8029604
-384.3247256 -393.1328724 206.4015412 R
-250.743642 -476.6944147 44.735172
-247.3622484 -185.6729408 340.2405077
350.6130382 -86.65460098 493.6859821
129.9571324 441.0821069 392.3732917
247.4134654 -102.8060141 331.8020989
-168.2885455 -436.0814666 223.1101858
-170.8552761 321.0296775 303.5009317
-155.7267138 229.8098137 301.1707277
233.8384391 -377.6706738 -394.6748987 R
-84.43553819 -302.7598504 -130.1782086
239.2824097 -489.3399486 -47.86928475
-322.8408513 -443.6647474 -101.8361061
-39.50677205 -162.5093112 -413.8870625
275.704835 525.1124215 -472.0214017
-356.8202352 468.3529703 -257.7410611
-240.7086686 -303.4365064 -455.7747906 R
-262.1782447 251.8067643 293.7698185
245.019018 -373.0772811 -476.8459605
-209.151205 -463.650063 143.301427
507.048047 -79.64113797 -198.3987693
165.4103637 -227.6329454 -429.5620283
-31.37087143 -156.9318447 -63.69140111
410.7028504 476.7153994 -289.6242269
-108.2638664 -262.8554797 477.0026199
479.6495981 124.6934033 -265.7360419 R
-448.5676955 99.04124878 -134.0641444
-211.9102078 -482.0508854 406.8850775
-482.7068248 -255.0699566 447.1455925
-334.9307017 473.8900631 -222.7431776
103.6985128 -15.78587361 486.1982382
365.2792546 265.8134955 351.175479
-442.927288 270.7307166 -393.5655731
366.7104168 -329.8116418 448.6127045
-481.5072333 187.4222896 46.11496508
-506.9575107 124.2072724 342.3115811 R
-10.22750149 -435.3031222 376.3265079
34.01228514 46.88647203 -304.1875161
225.9527294 -183.2367797 -401.9861435
263.9004582 153.5493659 -104.483331
-62.70698198 -165.0875298 495.6393278
-29.69803121 -29.79815977 -382.9127019
23.73880815 -330.357141 513.4755569 R
-30.11301368 2.114371924 -165.4912647
-182.9730994 409.2193999 325.2226263
377.3520002 395.2099737 -506.2886074
-257.7053377 -360.644832 349.1080162 R
-167.2916494 -138.9386609 511.0013522
-390.6225592 -122.3904289 -282.1684635
384.9770654 337.1518925 65.0766655
382.7568343 -401.2566568 -314.535579
-31.42644976 94.00893794 -281.4455579
267.8545252 -498.4002893 116.2747987 R
-415.2714038 -126.4040613 -510.4178874
141.4077401 447.8316049 12.64251223
93.75928321 30.09607754 499.5164879
-472.9934601 -261.6034897 -393.9231052 R
107.7358869 326.7434821 -68.01297972
-527.2242672 202.4195071 -91.03048058
-198.761268 309.9987181 136.8672212
-185.6702847 321.7763772 -198.4032209
409.4290732 -279.5057983 474.8204879
-96.39068803 439.4202643 -384.2619094 R
215.1942657 -430.7934502 -394.5022544
-352.5393423 -316.6018144 -280.0123965 R
-191.1945459 257.6104945 -486.0891609 R
-37.36021814 504.3198269 -503.8794388
-120.4238569 -91.1909462 229.0726257 R
284.9210326 -102.1457377 436.3836902
196.1170305 311.419909 -483.2311877
-96.51368946 507.1736421 -115.7139986 R
-394.8849789 113.6191968 317.9074961 R
326.1497357 154.5070257 -336.4243874
-62.79135269 497.8554754 112.3726661
358.9031693 -506.810806 -456.2978529 R
-351.3473422 438.2872051 -173.5044002
533.6369107 -100.0351901 -211.4017191
494.3703427 -52.76071252 -194.7715907
-67.60068425 87.68223647 -432.8527034
66.24041048 -249.683433 -49.27779445
420.6581056 437.2376295 498.6392192 R
108.2306904 -50.12136508 -351.4357904
516.2567841 394.9365014 155.3185969
507.7963867 -343.9003952 -44.81674143 R
509.0496549 -371.0291236 -17.18989575 R
467.4996085 160.7081471 187.633479
285.3660563 260.8468808 -286.6245238
17.11439258 394.8633148 -246.7448302
-37.42340344 1.668967209 -102.4959757
494.7471135 390.0155065 86.75120156
476.1985895 224.799075 456.616108 R
315.60448 -398.4823065 69.63579705
-227.4290611 -204.7401262 -47.78149916
-410.3296346 -279.2084433 -187.5774638
54.87537766 250.1866606 204.6617786
-132.0359601 94.25042346 154.7688752
-419.8400853 216.0029195 93.11141394
-225.7450952 -389.6410186 294.1059455 R
-508.1250111 93.01863713 -53.29562266 R
408.8429904 -262.2104977 123.1684396
226.2483975 225.1793566 264.4521924
85.50120279 520.5268062 -23.63249984
-533.7528984 -49.07101553 214.0311229
448.3172747 120.4381002 -339.7581829
-502.468986 402.0204362 -291.8375171
445.8999848 -399.1552507 211.9120365
100.0853151 -460.7904775 207.6889774
501.0359775 -230.8915986 91.10852618
-62.45150896 -19.00309242 -76.94269189
303.5326852 13.06100744 127.0734413
-240.2221282 163.7935013 -420.6174849
-155.3849643 384.3620917 412.7964782
-90.27466962 -475.0679733 -139.9484055
440.3105489 -40.42427071 -262.4605396
-287.9311343 288.5486001 353.8141583
48.07430143 -184.8900082 472.8117654
461.0372585 275.6775751 103.1007781
-511.4285279 -234.4560577 -193.0202799 R
-62.54118962 -409.4987706 -347.073765
-127.790648 308.9353357 -154.6656477
156.5766426 302.7335563 171.2997026
-365.2493805 465.8759232 385.6712919 R
258.2497531 -412.8733723 -65.99238403
-495.2444105 -426.9759811 -322.0048103 R
164.7952908 -360.8289452 -173.8131071
-214.3678966 -295.5112049 41.98973165
-7.003656646 104.1126569 -447.7208129
-174.2356912 457.6504758 388.4694674
347.6174069 -426.6618297 411.5147533
454.0586689 488.9254741 -118.8138104 R
-204.8706337 152.7043636 -526.0447517 R
107.8318071 167.7518446 -265.966123
-365.7102563 -499.1625163 188.6034926
474.0440227 454.1666315 508.6421645 R
547.4601846 491.8235923 224.4896207 R
-354.5029043 -84.66229899 -140.3141647 R
-244.9842459 -301.853784 -413.5304027 R
-432.0452188 -173.9456544 205.3113625 R
332.0373859 -107.8080067 31.3313187
452.5224862 321.0350373 367.9479761 R
-534.3515807 -259.8211612 -150.3884076 R
-334.274716 -465.215271 -514.3584556 R
191.2966801 -155.9228081 -416.5910486
95.89516426 88.09225913 297.4669806
396.892144 54.88389364 180.222276
214.2550835 -506.1147178 -473.1114198 R
186.1069009 211.2416282 -406.2416289 R
308.2980618 159.1188043 93.16044279
61.4515732 178.6018016 438.8784813
-378.4014605 -387.7499939 -293.3975002
112.2188183 281.808025 446.1044213
-100.3323722 -433.7788884 -149.9706188
261.9678883 -25.94886242 -58.29082695
-59.65210173 -137.8684901 144.5791241
-323.247109 515.32084 -382.3506896
-17.37167394 -337.1692307 -10.18401583
-169.8636491 -492.5611928 -224.5262306
-123.4934305 273.9510966 197.0970666
281.5841828 272.047127 -28.95625597
-472.7648142 -315.6847942 302.9190236
-387.9933554 -120.1690906 384.6973148
-208.6366977 51.40187017 7.305672196
-457.1638899 65.90953316 -447.7394282
-168.6604735 55.99551558 -147.6680269
52.75807667 101.4800689 -68.03462032
431.3860769 -236.2286277 -308.2751151 R
-76.0983876 363.7561067 491.6808773
106.1109753 76.18834702 186.5664912
406.8670478 -313.7372638 -366.9287809
-443.1458592 160.1872632 -84.31651812
-404.7575237 16.32325844 287.1410557
454.5876428 -113.6964388 112.834986
86.34022879 -122.5004196 180.4659412 R
-211.8074714 -37.03127292 143.6708004
105.3923341 -19.70070845 25.2487764
-253.6334399 -231.1592157 187.6120993
518.9749405 350.8123561 339.3971105 R
-149.0954561 494.0658632 -496.9712721
-473.2203684 -393.3606905 -245.8456833 R
271.0741043 20.36772595 -180.9096266
-268.5629395 -57.05224753 437.4723757
-444.0971822 423.1532383 -17.16018276
-191.1372279 -327.4222947 230.1117392
-379.0298566 12.68634374 -129.4806607
527.1365055 -333.5693504 120.800833 R
106.0750245 30.20290628 -470.6440071
172.8303395 110.0512727 526.6530126 R
-169.978965 419.7491496 223.912612
-480.2935442 367.9965644 -196.0588583
5.575442346 -432.2763414 458.6522455
345.1974577 243.659511 35.29224853 R
-435.3501699 373.8731234 -421.7005815 R
-210.5785256 70.23255167 175.3620834
-531.4481285 361.8778865 321.2158374
137.1994548 -320.0418906 487.1276405
-15.53482951 165.0554095 -438.8787502 R
419.4122976 50.38644406 191.0937304
1.61051132 -348.7246616 -416.5213484
-246.2682958 443.8748195 -21.13904324
-356.1330732 -516.6073773 -74.62574324
0.4789784632 -57.01560382 411.2235282
513.7204031 296.4877852 -275.0321268
477.2024507 336.1344958 287.8573292 R
-258.1243192 -230.6028195 462.0360435
-235.9076799 152.867854 -112.1659912
124.3950967 -409.3336627 5.94719959
145.9762237 272.8297606 -505.4465308 R
-107.4279029 189.4149388 -189.6906499
-277.9266862 431.3816351 -219.6664385
-210.8361458 495.6593516 -296.3273526 R
381.3337326 -440.1324507 107.583491
140.6140963 -181.6536868 447.9369298
54.90846733 -112.2259987 107.0706651
-233.3530133 -214.413868 116.1085747
-54.99039135 -360.7444465 -179.7413772
513.110861 -2.81548468 16.24522349
-203.9255418 -304.7537899 398.8058917
-285.3866545 -414.1902297 -420.8254127 R
-335.08139 502.717613 -458.7135528
-166.7107207 -171.2208147 476.2350564
458.8325915 183.4068135 374.1791357 R
305.7631527 178.4703759 -14.70644802 R
-136.2876996 87.99245841 497.8343636 R
308.0927999 95.27392043 469.6238238 R
-364.0906864 453.3439758 -498.3622121
-450.0578403 382.2624375 -41.05526604 R
276.4599404 -298.5509731 419.020486
-34.65437508 481.6400931 33.0084387
341.7351606 -311.3475438 507.184044
-106.6608243 298.2125842 -466.2597984
451.5241216 -122.5170692 -488.2737057 R
-26.66095858 -511.04081 421.1199289 R
-269.3615876 -295.700364 126.103148
-482.604769 -26.42964169 -407.5652283
-521.3753045 -449.1767554 -268.1247448 R
-447.8849581 -487.316509 243.3568666
-164.9966811 -371.2605636 -92.87438024
-351.5511396 338.1174119 -128.5958951
187.9767334 265.7093959 -147.783275
-121.267873 507.0205533 -88.74815184 R
-216.7385764 -89.67131767 -67.08861868
493.5167861 31.31268392 -380.2062638
-120.6886037 -32.68553222 -490.7316459 R
279.3124301 -286.8525087 -392.0091436 R
-116.6610816 371.3236708 154.9832513
161.2017809 514.6346521 -167.7675775
-54.19639479 414.6986444 66.09367942
159.6491137 -208.8786154 -366.4735192
-501.8384969 224.8334532 -120.0070091
-100.3519388 -215.1858964 411.2937014
-361.9074512 -3.079207133 220.8057964
404.3860524 -29.55069955 -140.5427188
-19.71294305 -391.816982 -195.464
500.8205664 -434.3406036 -486.453862
319.377751 -306.3228887 297.0954354
-283.3338702 -262.7917135 267.98759 R
335.7956932 -433.6110413 103.2474739
-239.8816649 427.4143013 399.4023141
35.83554628 349.5056826 489.6247688
-49.58730372 -540.4742872 -220.9800279
-469.1319442 48.43827048 -188.5314424
364.602542 -533.6403381 516.0293709
-314.5455307 449.3377325 -136.9007084
248.4696737 -402.5506298 -151.4370275
-91.76049346 345.1850267 -148.8720627
290.9729494 198.2750812 197.7827037 R
27.21821416 -70.77918476 -131.0829117
-64.25614654 -312.9377688 32.05599098
-490.8986932 398.9872024 35.07071647
160.2561953 482.5406055 363.9384535
497.932225 -123.9945092 -514.700203 R
46.16490946 121.111245 -199.6874136
25.99049613 35.49732849 119.9824639
-298.8283759 -173.290061 446.7826197
-22.17942096 -440.8604787 -495.3954388 R
548.5316925 191.9366227 124.6635161
-426.8203644 104.6048478 -432.9406122
181.0362111 144.1243306 -490.0493721 R
-30.72073357 -215.7201711 -168.1904518
-315.3257089 -497.635524 -350.3706746 R
192.1289073 394.7284925 -173.9054246
-407.5571795 -45.32607032 391.4011902
342.4397461 -47.20817519 344.1940699
18.48081745 116.6917727 -520.3393195 R
-402.1351882 -254.9755724 -444.7678564
-384.621322 90.22776669 -243.9254779
-339.6451533 -82.12702858 316.8800587
-94.15789311 -424.0134752 59.14828188
-503.6593737 391.918618 23.88645172
181.9425543 -103.6146891 34.60633284
-418.1124344 -85.02182701 228.0142733 R
49.225373 -214.0618035 -42.58331267
-286.725873 -66.8926503 -514.5571666
-71.28055257 -205.4970856 -392.9640801
-332.8791199 -239.7258043 -55.14721971
-396.6388814 267.0728074 -498.2114627
205.1862993 254.5201158 -112.3971764 R
521.7182237 122.4945743 -458.902248
294.1187594 -114.0741339 -244.6148742
358.105299 254.0888592 -102.8579585
-409.5873284 -177.8056893 466.9658171
-262.010931 -66.02446882 511.7111032 R
-485.9174855 -462.0033582 147.1216687
117.2382328 113.4450563 381.7089706 R
76.64703479 432.6422063 18.22634859
-105.921578 -527.7447281 458.7859232
333.0438762 216.1815777 -425.7578885 R
-280.2951301 250.861855 202.9486582
395.9018421 77.53517813 335.1095321
-67.2384912 -64.17850552 -207.423181
-142.7410885 -131.6496203 -216.8379187
212.544091 347.0948646 -78.09929702
-316.0737817 195.4663043 37.75537842
-373.1191412 454.5548689 -445.802197
-413.2363239 51.02484681 361.3395308
-384.9957445 -367.5221606 -181.1460856
221.9435742 105.9344723 -283.1143274
408.5642438 370.6334875 -313.6574673
-152.8103935 480.579775 265.6370878
100.8537588 297.6900911 -402.6193695
169.9106881 211.1451996 145.3471705
-537.7177622 206.0107213 225.4676887 R
471.5970341 -392.7714216 -310.8854196
234.8203829 488.201009 400.5582053
472.7392988 430.4065938 251.0544605 R
-213.5727817 -361.1509644 -12.98128865
280.2584472 299.9739142 532.7139382 R
-410.3898479 67.26502912 40.13014737
353.2845969 -179.3489148 466.0294335
175.2049436 444.4795644 -223.5326335
149.6947027 -42.06983895 359.5421879
-412.7410697 172.9696994 282.9831888 R
58.2033601 189.6042978 45.20505858
-149.6765259 -173.7285437 -399.7078568
129.5444459 -519.7650165 30.43772992
-250.4438901 -299.770514 20.26782131
107.1342662 232.9735968 -357.5053357
-390.5916068 -95.34645362 172.8279739
291.9846653 291.757715 -37.49351769
-435.5488784 510.9890941 261.0529968 R
-403.6062849 -518.6073896 -258.4238812 R
-120.2416845 -199.8142685 -331.8077516
525.6178158 240.2674932 254.2280792
-156.2033144 -272.9979304 399.827571
139.4507396 -451.4567186 -202.433908
425.3637178 44.10236736 -408.5151129
-251.5386155 271.3529814 -315.8827877
478.3557079 1.524338944 246.412646 R
-329.9670559 388.2568218 -143.648155
264.1902678 -415.0904094 439.4219196
-385.0527376 512.0562614 -405.6099733 R
423.681834 -3.846507232 -73.9581653 R
47.28945393 452.8013494 -237.4709406
-330.0418009 227.485158 256.8240316 R
-158.7554403 138.728916 -8.228585944
-304.2370326 -18.90589855 -290.6267022
-316.2359057 -243.4366555 -83.46532122
-328.3561054 15.03799357 508.1783111
345.0544583 312.1097089 -294.148509
166.084256 250.5820577 -103.1241495
102.2865635 208.0178476 -124.1100963 R
169.9944411 -191.7402004 -264.9274617
-436.2142293 -450.1978595 522.0973553 R
-137.0674524 112.5815236 -10.93272316
-532.8938363 214.3530095 -200.2620657
322.3778497 -456.2543794 204.6364869
-94.62624838 233.8007807 509.5057096 R
173.3802079 266.5325033 92.64201969
53.63753559 -152.2587736 87.98623621 R
-158.4063051 -88.19804214 476.5078846
-158.7638443 -270.5164237 484.4473262
-11.1329777 132.1238096 97.92824784
359.5499595 -417.2383255 -345.5124142
286.6088275 60.98172431 -119.3445521
-348.3745947 -474.3368327 -227.622233
527.4643311 -348.2952475 425.331213 R
173.4521808 10.90060319 478.10904 R
-186.6131311 -506.4552636 -140.603672
496.2462987 -543.9485578 -313.8367468
142.2053155 -294.1826718 -343.6755624
-491.8488198 -360.715255 -461.5478357
-360.5303876 -69.93236188 -237.0869096
423.6233102 123.8754517 -2.402530235
-255.7230307 278.7678708 260.2588884
-429.9855727 -349.6268296 -521.8030826
-131.2125815 -244.4910813 214.6179167 R
-157.3480947 395.9963464 -279.141732
436.3159131 179.8281581 -203.3621765 R
142.6961971 427.6411693 199.8321312
-451.6939835 -329.5216062 390.9372531
-374.7438425 327.5107642 518.0550642
351.8013775 536.6682596 333.6946199 R
160.7577625 215.6268236 407.0680812
343.353487 -370.9666126 176.799236 R
490.3945282 234.0073451 288.2934449 R
317.9039615 -183.0433887 421.4201667 R
-122.3328849 519.973054 -136.4932867
82.97589841 -405.9449004 -91.5559846
-168.094913 31.83279952 18.33355894
-107.2951553 -74.04099231 -264.2668997
-260.3854089 -502.5921374 243.0242037
241.0279855 -31.96047019 175.7499388
492.6613058 331.109744 -416.1355702
299.9420058 -356.8057139 300.7429151
209.2366909 -339.4810011 -233.81948
-255.5301653 -29.26926028 148.6911938
42.87466857 341.7532182 -175.9672958
-426.2654002 -266.1117618 429.637199
220.0155402 -427.5180973 -467.1758421
349.5326197 515.4675114 -336.2962637
-36.10010563 113.552744 457.8457858 R
372.7334252 102.1667 -361.1813502
-133.4459816 54.71274947 475.7753184 R
3.205352585 155.4273773 -419.6518979
186.4774399 -200.8085717 434.655317
-61.602256 -50.70924748 -376.2065406
253.0403895 211.4999645 177.8326184 R
148.6379318 177.2750043 -277.279635
-388.7772128 -414.5132061 -232.2487742
-439.1338149 521.8761344 -187.5669633
-46.29459481 -102.1146788 348.4614197
391.5123278 -21.438029 -405.2425426 R
207.0109237 448.3641671 -541.1130107 R
-456.0594649 49.83668754 -177.0331859
336.7254675 -350.6257305 512.9440897
433.5627312 266.7606933 485.62287 R
-350.1622477 20.68948437 419.8657592
-122.2412038 116.7224896 -244.1646625
254.5162705 130.2833736 69.70169681
-189.3738017 411.2859174 -145.4269744
336.5767741 -527.497161 499.8985336
-39.30937455 215.2163518 440.9061603
346.0562836 489.9034129 -40.22844771 R
-328.1923513 -259.2700011 8.005417788
135.8282716 -117.9670253 96.77551984
110.8428004 -407.7732221 43.64571044
-360.3605012 496.2521466 129.699254
89.26819357 121.6263204 -93.89950639
-425.7512039 208.084007 -190.8043882
-185.7880643 -343.6621015 343.6277851 R
-545.4558289 47.77479142 -468.1895015 R
-276.0513843 139.967509 38.2125182 R
-58.4228631 -49.60089741 408.9212284
208.6674805 488.4648343 -460.1035536
422.3728005 -154.344322 -245.5604397
147.1554587 91.51675238 317.8940366
-304.333085 95.49237413 -391.8969197
323.8909354 -268.9651443 -124.7770922
173.8544833 -406.4574264 408.6963176
50.6897138 -161.8040061 -489.8923102
-3.951898371 123.9620768 -41.84984302
-508.085924 -264.3931301 465.8745605
36.67117 412.0088579 -454.1117156
101.0245432 -416.0240129 -292.4895736
-472.1367704 371.245045 -380.6171277 R
123.592477 -43.70647734 56.5003912
80.74863649 -75.3248621 -135.5505739
357.1214648 36.39918415 242.108377
-410.6681046 323.3771599 176.8617163
-54.76685688 -341.697359 -310.5969147
181.8150992 23.75373658 -146.4046543
45.00670474 406.7087386 175.2508584
140.5621473 177.1043324 -404.2533758
436.5774226 68.86936619 -413.4627346
-134.67681 445.2385395 -221.5949902
192.0596264 -385.1976466 -65.2893442
-134.7268202 -468.3542642 479.8408916
68.49368837 -226.9412578 307.6494775 R
-447.8150722 -469.5992177 -85.80848111
26.55255211 -521.7831946 -76.25864362
-51.80353128 330.69802 431.2082325
-457.074152 177.500158 132.3257994
73.42512967 -36.31500092 -49.8625627
-293.6552945 -56.36947517 -248.1893169
184.7316705 361.7478537 -47.21234874
80.19713052 -3.409819897 444.3728883
-417.7077344 187.896759 279.5409877 R
67.63055961 434.5127948 344.9662602
-435.7501072 -122.4150967 30.59323942
-97.94489592 -424.2189855 -222.5077947
374.8708533 45.28759099 -251.6483353
374.333864 -355.8654531 -476.8481854 R
-501.481863 3.943227996 -16.71959562
451.3838415 216.4287661 493.0853647 R
-394.0213228 327.8485526 -174.6518891
300.3557691 459.1146448 -341.3623282
90.47480239 355.9960142 85.6625923
-207.6035741 519.9179402 -339.2672479 R
403.5963346 286.8063365 -466.1110895
32.99946931 -4.84394588 291.4421175
397.4035748 208.2374527 380.7841311
-166.5889214 12.5175124 418.0569091
-166.8468314 195.0298839 -427.0520114
351.075641 404.8176703 -22.59358916 R
-1.623219388 -463.6776982 -433.4109038
280.998498 487.3428469 338.8078041
92.7200642 132.8560149 -63.50287096
-13.74176462 -76.42145126 -421.2742419 R
95.57568638 -18.04964726 -282.9158493
-18.35433449 206.584765 413.820329
-350.4200697 315.9240064 255.2433925
-395.9602956 530.4352812 -289.5912103
450.0351753 285.7428197 194.0225747 R
-148.925167 296.4615781 369.0465125
78.27829208 375.3484906 -212.5486824
66.21630695 -513.7164258 -141.151472
-355.8417153 -52.68184344 92.19388083
40.11596636 -62.72650115 -331.3283103
-342.3827492 -168.9047718 -7.474010364
-129.0288743 -81.42959247 -309.5455685
375.3992003 -330.5944104 -220.9446172
514.5732939 418.798925 -40.60444039 R
-300.1339605 412.6110312 -531.4142414
328.5757418 10.4037974 330.8642912
-260.5872754 90.63870436 -108.1452503
-252.2789642 438.747515 -369.2513439
461.419783 -459.117842 337.509308
-303.4910634 412.2253952 200.7582509 R
-319.1542015 -62.57736365 -220.984573
317.0053435 -449.5710931 430.8062643
436.9437279 111.3641344 299.4991667
325.4689233 340.5663231 528.5705906 R
489.5419989 523.6704677 -86.33128582 R
-75.46666485 -151.5191875 -295.0819958
163.3617331 130.3852424 2.623703404
243.2994376 294.4406709 498.1426727 R
375.2366955 179.3664006 -360.384847
-204.6452462 522.7170319 -405.1434016 R
531.5662145 101.9216276 319.2190665 R
-374.6266863 400.5345004 504.4133969
175.3017167 427.2788763 -475.2877744
22.50796856 385.0374785 510.819961
-160.1253473 413.1569755 70.63147203
301.3207394 -142.2985279 -380.4775382
-501.7820039 172.4719352 352.8710291 R
-486.0471882 296.6682312 -379.8643103
293.591295 -115.5609081 457.4852473
-276.1031454 38.4495935 490.9420309 R
-383.8202577 -308.3851615 -180.2362231
-231.8306973 408.8341618 -351.915649
308.1101862 53.89412654 -306.9010833
284.4530466 406.9908109 -96.30814524
300.508659 -527.7570811 -134.9805046
-92.24540971 80.39091078 240.2838604
-505.6294467 -428.7001075 69.72697503
-201.0887485 117.8348697 322.3398949
312.3134633 71.90235139 -527.2418896
-335.4138685 -218.7584373 -499.708961
238.1089615 507.3884205 5.471379442
-87.7066468 518.0406309 -520.5022666
336.1792239 147.2512435 -476.6460352
-39.9573285 -147.975482 -419.9085703
290.1983378 -248.8606806 222.3686298
-495.0888631 -77.12721398 69.88210267
-342.1900553 226.6457832 147.220282
-191.6020483 135.6473909 184.2902801
-92.5684173 -170.3171761 214.412623 R
424.6467394 201.9797324 -437.7028223
271.0786591 227.0761517 483.4404167 R
-288.7699339 315.8555928 9.198481202
473.7203213 76.3307247 130.0666082 R
-415.7499461 -277.6346624 -239.844498
-275.5039044 -160.588684 -412.4219867 R
-115.2970085 13.10175166 414.0081558
119.4956728 -372.0456942 -59.34397226 R
390.8973869 18.92218481 125.5808829
-186.8507312 395.5958199 -316.542814
323.2218398 143.8114127 194.0888229
278.2534901 334.2033288 -403.5656264
-119.3997997 -181.011063 -413.9604414
-508.823515 -455.1992287 -475.2776184 R
216.9985609 221.0797982 -544.7255358 R
422.426666 -148.946218 -37.31779449 R
-258.590945 118.5457213 -485.40529
-329.2288769 -197.8894466 368.3480678
396.4600197 -99.27036589 341.6597102
521.4769691 -4.554852127 -10.99826283
-279.3355606 183.3326003 -10.31622797
-319.7052922 -218.9911936 -66.09578498
444.2096772 315.3391881 -21.751338 R
404.6492246 160.5681445 -437.7325942
-275.4629893 169.2261082 -455.0161361
480.8547603 -43.28057704 -127.9013871 R
-265.2517104 136.1560672 -391.2226921
253.7150037 351.4325968 251.693173
-466.2449126 -90.90071598 -120.4666244
-106.1369316 478.0507639 447.6658882
-401.19878 204.2364121 -63.50151362
-322.2613605 -118.8748583 -76.21386862
374.1330239 77.46217432 -52.3906178
-174.814194 -261.3588366 134.4593245
-28.20360334 -113.6902696 269.0790595
-377.9448171 -457.4117905 71.44096105
185.5597577 -513.3356791 123.7032523 R
-483.588467 -531.5501607 339.9600024 R
144.9742461 -372.1828712 -497.8354251 R
57.77291055 151.1733805 -316.4039745
-37.47335525 108.0943882 197.9702753
-164.7129127 -531.6925652 -91.23101574
-325.3140713 206.5384399 -402.0681823
-207.169908 -444.6378262 175.9358724
-259.6373408 270.761558 -261.7642502
-406.1463119 286.2254929 -271.008737
-408.3867477 -279.2764733 421.3448206
38.67540336 -299.3436748 1.002141978 R
-232.6233974 -284.0072308 161.7060556
-247.6625644 -285.5911908 -5.667710129
-500.8814391 -285.1439516 -250.1799986
232.0489484 -528.8596454 -171.8487803
315.4981778 -364.866712 -185.747939
-162.138954 351.0834917 206.3053841
-199.5326588 -395.6011556 -468.2704084 R
-141.6061893 265.9784957 441.9078991
12.24975123 -76.7306314 -373.0822052
-17.42338819 104.5459404 -512.1533354
23.01393927 -255.0826894 127.9706199 R
44.40538983 -200.7452149 -313.9143879 R
-20.03910062 417.5891188 -406.1621655
326.4608619 -460.6792404 234.6621857
-392.2279718 278.8727153 -118.125341
161.3991004 45.33215823 38.4496338
-468.8575689 247.4108484 -294.5352587
-502.6241562 121.6536278 -329.7803189
-462.7480434 -87.9442474 88.92091841
66.25403263 -164.4942869 331.8629479
523.0503342 450.8074386 -85.93459268 R
181.3277907 -487.2533749 -13.35097257
427.1643704 300.0245255 -40.96304754 R
-498.4442577 -268.3333315 -430.558975 R
73.16570949 -268.9884531 387.7089185 R
-79.96113012 197.5197197 422.1667079
117.3515139 -1.19689086 366.3401491
-457.2420039 -230.1807487 -426.0737515 R
33.28549569 -280.3160024 -451.585674 R
194.5505976 450.1674032 -214.0819279
-340.309503 -5.965153039 219.1225888
-240.5941655 -310.3611681 -106.7270348
186.3634996 -445.7380433 -334.3156028 R
-123.6484315 292.4241932 -201.5121522
410.2906296 493.2631992 -486.0258849
231.4707941 236.8424079 228.4597732
499.8858718 -287.0149102 -274.963876 R
-239.6340818 139.8037004 222.6412773 R
-208.7997614 -18.62481654 231.6385869
262.3698016 -168.7130378 -372.9012347
-404.6691626 -58.21129571 -375.4279521
392.1484646 446.7242567 492.7088756 R
525.6752741 18.65505247 190.3261052 R
357.5979812 303.6376728 61.03005879
320.4140156 180.5301066 364.9882492
464.4284774 -262.8192405 -459.7235785 R
-497.3018937 304.5802709 401.6787124
451.1822472 -184.5573423 151.6673401
-477.8585081 171.8429414 -479.5683154
32.34460777 86.21198055 -283.7060877
-142.3524679 105.4378476 -55.58401754
67.89683832 -421.3878165 -491.4425718
-205.6892038 -453.4368504 253.9965822
334.263642 -358.1704168 -240.449648
-59.72706655 22.34568141 8.577797692
277.5254511 174.1328027 -65.17687138
1.490133727 172.6246519 489.1478882
-447.1038324 -502.8107878 -453.1537734 R
-503.9145726 67.94218229 237.4044363
-440.6818511 -59.15279905 -499.3927396
-128.2996476 -322.9949515 60.61737946
-82.64304091 -307.006453 -450.717459
443.8816971 152.7528994 -39.72959789
362.6331518 148.849806 312.4404269
-411.3562655 116.2347121 436.1138218 R
-478.6233586 -270.8918894 -208.1419363
-299.4421654 460.5618543 -305.0607638
268.0557981 -155.5606107 81.64018971
141.0193486 334.5136942 147.0637291
30.86389163 138.5031048 -344.6782495
-398.8684454 -335.0048152 524.9652744
-312.953092 203.0484995 406.6425084
471.1814929 -46.83343748 217.6837667
-128.9432742 265.5716988 -474.0965684
312.7972233 -225.1177839 -30.32178539
248.86567 441.652308 399.2900051
254.8162766 -339.33259 197.971608 R
-190.6043387 -277.1992557 -474.9085143 R
114.7757391 133.1554036 -115.4763948
396.6500932 60.32724027 236.0364762
-482.8165408 331.8544599 -329.8070515 R
464.1186392 243.7331058 -314.3187087
71.31513026 314.9235546 456.106407
-237.5828488 108.3253795 81.65562039
83.43140519 -333.4486309 -30.84169613 R
-391.6165415 -117.5656262 -371.0111134
379.950522 168.8734872 391.8974749 R
-27.14998006 242.373896 210.0723582 R
429.6117009 -469.9462296 -211.4458411
-136.1023301 -221.7110073 -86.92056931 R
106.6738931 -29.29825646 -29.15756356
-326.4231269 -417.2562141 -486.3501765 R
126.3444508 129.2109755 80.63599268 R
486.087256 489.6598931 284.8864291 R
-291.6986371 153.6456383 -182.4914352
-85.23249507 -89.7446693 71.35353257 R
360.9979925 -140.417819 401.8596856
427.8347779 -36.46048011 -488.6072394
-384.8393846 -386.1308933 -178.1513548
-508.8728768 389.1689295 479.5065371 R
137.7599907 260.5836916 -432.6247889
453.1610129 -73.2086231 -411.2949294
-152.1903472 -264.5376355 490.5609415 R
-176.5444055 -212.1861797 -386.7103111
346.8051572 -164.8155901 346.0203636
244.1904154 -356.5977508 -193.1079931
403.0672539 -472.6594834 503.8797086
238.7349957 -334.7141298 467.2120426 R
117.5189169 -337.50612 464.3618931
-354.9094827 186.2662019 383.5939101 R
-430.3587782 -286.2870879 -359.6030957
430.8387968 144.7471705 115.1680303
512.7464225 -363.8798712 438.6245885 R
332.7099375 367.2363928 81.39901551
405.3227339 -351.2206498 -316.4783014
-56.88406511 -408.6266205 479.7956656
-313.4377591 286.1531869 203.084056
488.2719759 253.0082545 -143.0302953 R
-6.98581778 -447.8667111 -194.5846421
389.6345859 -438.0175877 39.13111327
-417.2624164 420.0078863 -288.0545354
401.1511366 48.31324577 18.82654342
-305.9511586 -112.3728447 -299.6696385
-426.975517 -46.33996596 -4.824854298
-88.48398843 -311.8936105 326.1118495 R
232.1443803 -107.9100138 -481.67291
-446.0656074 -283.2177853 -232.5472937
195.5884924 410.362535 98.40321253
102.1564316 -283.8335798 -297.0445378 R
-226.3842515 -225.6797941 -299.3803285
158.807389 -397.6872026 -232.9452167
225.0636297 68.16462064 -106.6717229
-21.98558946 315.9031259 -156.3369692
466.270144 517.7497301 -102.135182 R
477.9345009 -240.5568117 477.6687627
195.8159271 415.5126322 246.5460771
-321.6835633 -241.6862607 -402.2283149
223.3039662 372.6405755 -83.13651605
-442.9793523 -321.7161705 269.8084368 R
226.7427086 -360.1605598 149.5151775
-549.0245631 446.5554073 -134.7406696
38.0487604 456.972876 56.74576971 R
-302.9552592 116.2443311 -461.0604874
491.2424113 -59.47828408 179.1056691 R
-293.9201096 498.843526 -195.0112439 R
77.27977825 218.1634876 492.8534621 R
-332.0520953 -323.8729256 262.506482
-203.0647944 244.0087581 125.3669085
488.2841368 -338.6102223 -221.7189566
73.61804543 174.9188315 -437.4158309
-484.4356265 165.8501034 -255.5231141
-94.6709938 291.3131155 -383.3964132
294.5385129 4.933624469 -71.07898921
99.04138664 2.890250641 -106.2483951
103.5471594 -514.4539647 63.10771106
-249.6956904 197.5124254 -505.9028314 R
-301.0900288 538.4469797 217.7999293 R
482.4643104 -500.7716474 -186.5001139 R
-59.46369338 338.2048591 -183.9983505
12.42988106 -13.10861659 291.1912439
-139.2152968 -303.6326326 504.8060021
438.5724859 457.5257822 -274.8431749
17.94595567 144.0471728 -372.9271404
-275.7816602 11.57336919 -368.3994866
-420.9149763 -237.3815702 125.4963151
279.0551505 468.9708099 -184.6785268
433.940937 -271.2309135 341.4105469
373.393507 -105.6667742 -24.81991262 R
216.8388641 -438.3718326 -415.595165
-272.7418887 245.5973104 371.4164655
-361.1617059 -351.4729436 -221.1835352
-310.5753353 -33.27088297 331.3233566
-98.31993965 245.8815688 264.6156315
26.35915386 -226.7181174 -490.2656862
-207.8974522 -422.8375299 17.03527997
47.45895526 409.5963795 206.8324349
272.6117989 31.4591163 472.3900313 R
-444.4484557 26.2162909 480.4341323
-531.504338 -310.7368591 -338.0660989 R
343.5316742 -74.8201977 -22.00781704 R
331.0420407 -78.27362284 76.07480702
-301.757338 -9.537963532 -16.73026247 R
-230.1611656 -141.3514586 452.9375947
22.36784362 497.4742417 315.5810037 R
161.9622558 166.972055 73.40456637
299.3231851 -446.5613436 8.366255595
81.44886545 112.8444104 -51.27209712
-243.3760626 -174.0543353 -48.3775191
387.6431404 527.4421436 -57.64448846 R
254.9486163 -200.5040399 -324.6242848
188.7559758 354.3077121 385.9680833
331.3093639 129.2430722 524.6526586 R
109.4079456 -107.0386599 -393.1447709
488.4373756 252.9991342 -285.7720358
-227.4225088 429.4924288 177.3272976
360.6103671 500.8796454 -446.0584606
-26.98958278 254.178143 126.1809608
158.6135736 417.4502047 460.2172989 R
-71.97682196 -405.1332046 10.74187597
53.42325724 199.3874653 -360.5360806
430.230448 -363.7624297 -223.9978891
-46.60963056 147.2327488 -476.2611857 R
415.34025 152.1097824 277.2652733
436.6433618 151.1595229 333.0356526 R
36.58018441 -171.8224623 444.27521
228.5501272 357.8668164 -441.1778507
200.2769307 -112.7733367 483.1473821 R
-213.6632126 65.45665592 306.0826833
240.6760864 -332.5243919 -518.2654466 R
-105.7169939 -447.3872226 523.5087265
-353.3948201 287.2367332 -341.0367708
-363.2455329 -399.7078842 -134.2899283
-168.7002134 77.0719317 474.2069318 R
-71.25948244 -488.7116653 -146.8815907
-276.3318578 -333.7305171 -479.4863169 R
166.0370465 -499.3533491 -200.1529443
379.9453477 -154.2590959 353.9655629
527.3731691 -91.89116879 419.4113624 R
-44.9694851 46.74361396 -85.67800232
49.97904619 239.1655503 -511.111752 R
-291.4646085 -422.8814656 -52.58689712
77.98605566 100.8955373 -252.4361422
-211.8876334 -248.0493014 -200.0377464
317.6918329 -37.25912733 174.3918055
421.1519057 -191.9084323 77.50287161 R
494.1533893 21.97115674 -472.6955017
140.242811 152.2452176 -398.078911
390.8075897 -308.7640165 440.3197259
449.407757 -341.6673725 460.3739032
456.0360445 -456.9355385 -367.5039259
1.892575005 413.7553727 424.8647357
-187.0474972 290.2034114 419.4814309
-314.719765 -223.5776633 -485.1549578
265.4035248 -430.9163672 -364.9104473
-173.7341026 -173.9885996 -253.8281284
67.32036586 160.3617676 321.2087952
46.11731256 -402.1157989 -355.8971106 R
-85.55143397 -449.1459609 -433.6846362 R
5.257883498 362.0807705 172.5658433
150.4300869 45.24635397 -184.0112414
-48.88802101 -453.1162986 -339.6314447
-458.8240116 201.1474862 -100.6128117
448.080774 247.2626793 25.72947288 R
-224.2045503 160.116119 296.8758937
430.1268049 -503.8791038 -196.4192944
450.4391949 -61.13249729 -207.5899406
-474.5408128 245.7055068 -159.2248526
368.3939065 -510.0408073 -212.912237
92.18639843 126.5200407 450.9630015 R
-433.6234994 478.8308023 116.9347087 R
-324.582249 176.02397 -350.0299646
507.9898067 -135.1912922 359.4801177
-361.0074395 487.9448806 -152.1891702
-374.8034081 -504.8419475 -455.2257287
-527.5135345 286.8234124 353.7468421 R
-1.603379405 -396.9313015 -277.285813
-369.2352198 329.0568975 490.685874
221.274431 -59.66725058 -456.6540287
175.3223725 -223.6108691 -401.343337
346.3191559 285.9036709 -268.567184
356.0615252 525.3643246 -52.31179468 R
428.3914556 -508.8169147 -156.6178309
511.5665611 43.88164193 302.0730515 R
529.0509484 -484.7364245 483.6927896 R
196.9188737 -506.1126892 -32.79722339
299.9002884 14.07130903 59.85827212
-260.3221455 -112.0714823 265.608323 R
-298.6381073 -103.1431072 -297.641841
-370.2460133 -336.3872775 284.7584446
-365.1099207 430.087248 306.7439711
301.0551269 -23.01330082 61.0183424
-148.7921028 -358.1759523 -324.4949599
-85.22324803 -58.10231123 514.2727967
36.16376443 439.3972678 421.8328684
-450.5228374 -470.3529833 -14.99593319 R
97.5609213 325.2562642 152.0816596
-332.9812239 -510.4319335 -136.6254825
-54.74331248 -480.5842527 282.4470358 R
14.71552157 229.4629749 -1.737759263
-82.67130807 -483.2899831 31.15735298
352.1661632 -347.7049873 -235.3241744
-518.2032667 -47.82206586 -219.6488883 R
-121.9128779 -59.92604102 232.7723519 R
397.27649 -320.5427314 -184.2235618
-176.5248723 141.8042721 -268.0904901
302.9696264 -296.5344669 -104.4550804
156.3049025 488.7220525 -247.47617
320.6214031 -505.5999553 426.5454852 R
-138.5916909 354.3823269 -432.4767421
-344.7327298 67.58884015 -298.2088264
63.72046413 430.3020514 -401.3710897
38.56271606 -62.89307874 -99.15773429
-325.5279456 39.52318069 423.6842417
-260.2792079 -97.55875017 104.2151251 R
165.9644233 426.7148541 -145.0903584
-368.0680581 -29.0913496 21.02728552
-486.0759299 280.6565053 -107.8192384
282.3779991 383.0730333 -415.9996307
383.5611968 -418.5507805 469.6169171
-221.9183625 -478.9464456 220.3020181
341.3881588 204.7566725 229.4670996 R
208.0858658 -460.2688837 239.1645108
-123.7089566 182.4617753 -491.5459442 R
-384.6843847 407.8091027 -48.73614152
-197.2928252 389.1451343 148.0835935
281.7625563 421.50715 -292.6954505
-353.2215984 -374.507324 340.817948
501.5347727 46.28956766 66.36479498 R
-113.8466785 -354.2627735 286.3940883 R
-331.7707271 -333.1166956 463.6943338
36.4253568 274.3103588 -112.2812178
-371.5968443 28.04887424 464.7350364
469.0574292 -349.9637904 401.4970471 R
-342.8194655 -30.52183765 475.2426332
466.3543539 -443.1509231 337.696159
-171.2425166 155.6763623 -336.6338593
471.1315218 493.4665201 531.0430016 R
-310.7412952 -371.7912451 -149.2328351
-131.0870686 454.4459517 136.7539945
-428.9218078 98.97259262 471.002987
-447.6492098 -326.5420474 -364.4804941
152.435308 -171.5805944 294.2980205
482.2712844 459.2199981 -169.6488626 R
82.13874714 -473.9153161 215.8132234
-162.352769 372.0011566 -394.3777066
-403.5866055 -155.2351833 -225.1993561
-311.6499333 -332.2254968 -195.9311622
-240.7690523 98.02772329 -356.6001362
387.4739131 360.0159133 -87.88666566 R
37.8260948 -456.5008762 -206.4161852
-402.3260195 37.264724 -203.5308597
120.5510125 173.4650424 216.1714925
515.6081101 23.21266058 201.2720857 R
81.96869861 66.9942475 283.6517229
319.7043787 145.243112 -356.3843182
489.9591149 -129.3308521 -395.35917
502.9871202 482.0878583 425.5248869 R
383.5217919 -110.7066638 -246.09292 R
208.1565925 347.0922985 45.09318376
29.36674291 -116.8298956 77.24720063 R
-141.9298593 138.4554502 -11.27536219
169.6951729 -335.9470933 164.3696329
-275.6714499 -100.5846797 492.7765403
-478.6215819 409.187382 -185.9136625
-213.5449561 56.38099055 409.6195207 R
41.96580062 409.7893291 -338.389014
-176.6732076 252.0567418 -504.9489241 R
-259.6296659 -37.43848327 -313.644161
-342.0926934 -41.13876458 -76.8292659
-294.9219735 536.1253577 -43.49805135
359.768239 98.98297817 16.22957865
-186.3919616 243.2642278 -342.1392902
-434.8577221 287.2544123 48.06608056 R
-319.1281161 -158.0295363 -68.50183391
-177.0985856 283.6188269 234.2102909
5.162474044 402.234994 -153.4499282
-192.6914541 453.8931466 280.9419182
497.896507 359.5339075 -120.0939039 R
141.1900335 416.0849666 -151.7867392
-453.0877429 323.1954139 468.5668884
-430.9192741 -219.1061779 9.976453822
-167.5113672 -472.5382046 201.9927252
221.8372754 -119.8829086 10.78019028
307.3704384 -411.2740084 -329.2142606
196.4378474 -484.5069331 503.9760365
-521.9690279 0.5377090153 -77.92154746
523.9170483 -432.1189872 261.7316828 R
348.0562318 77.67456983 -109.4935504
-492.1126843 -384.3471069 -449.4512185
200.2022875 416.9759853 -256.8742933
137.2169487 120.5476274 -70.74478188
-267.9411786 159.2841815 -516.7316301
-457.4597576 -429.0951257 -128.5966002
-456.646514 -198.413396 -517.9331066 R
235.3734953 -169.1581091 -424.5304708 R
223.4948522 -119.462437 -105.7860599
-33.82576188 134.718699 151.1619137
-8.535038206 262.1127077 362.8788815
-118.219163 517.689085 -117.3916014
-508.6348965 -404.0887942 55.55968452
-27.35560976 -167.715471 -74.87790301
144.8073795 -449.5160444 -26.51650432
-181.4624808 -363.5263863 180.7658389
-43.73425033 -467.3481457 5.408314815
-32.50159114 -172.1887269 -143.9676161
-228.944808 -334.0986589 -528.410338 R
-499.9674702 383.2474767 -369.9938556
-242.1763259 -431.4336441 -469.9674047 R
-62.31419372 -2.862382373 -28.5763639
-394.0836999 270.5204237 -172.2162406
-345.1544403 423.1910407 -343.3482554
-462.6356765 -262.0731102 -86.67571186 R
156.1179186 256.2772088 -412.0139184
-368.3343219 -476.0047021 -156.9851218
-506.0446062 321.8073173 -308.3779865
92.82792975 -418.3576213 -452.59855
-245.8644535 -319.5041472 -525.8638562 R
202.6279064 520.8153007 338.8495126
-195.5490053 -312.511331 -9.926826765
-481.9157448 -399.2117872 10.72063253 R
84.29715247 216.476679 19.44855009
-420.1030889 98.86274249 6.624541465
-221.7689957 -309.7595658 125.3105143
-52.71711279 518.2145036 146.3465107
-289.7226311 419.0861781 81.38066812
45.6378589 154.9969777 344.1555523
519.9514577 -301.1285713 474.4408012
159.2415908 248.2451211 -68.35677839
-522.1451352 -3.212725757 381.803443
247.2071021 -259.0708152 199.1921753
253.4365511 545.3765483 390.8491661
531.1802261 180.6907968 130.791602 R
-289.7161236 -211.0498283 -39.57786634
249.0524903 -401.4009344 346.5960876
-273.5402343 51.63904859 148.8481195
-65.95677271 329.8585572 -342.838992
356.3342902 -231.4383345 -507.601785 R
427.9399439 -422.6547608 -304.4125054
3.739754349 -92.78137194 338.5198517
-20.4260195 503.0913131 -485.1351901
-442.7926248 -195.1697839 -9.705839898
128.03499 13.33839424 442.1664412
-332.7042523 -245.3911171 322.9351876
-348.8292311 -202.7379752 -29.89743537
58.76907177 -40.27328547 308.0882845
314.604525 188.1761019 -193.1459725
354.3265808 -51.09228892 -446.0121917
403.6575749 -57.68588208 225.6992777
-161.9700218 15.43217977 113.1499946
-491.6963566 -348.5463568 22.16729631 R
116.4659118 519.1717223 -338.8014605 R
396.1016754 340.5731241 -53.19099095 R
-323.5624528 -391.1325067 366.7541832
153.5356637 -368.1592435 -5.543246487
-471.1760636 192.4864706 -403.5790944
-445.7506807 -65.63702413 -282.8667163
-194.2690881 -102.3179197 429.5470014
99.29392994 -190.0905836 198.6378739 R
-129.1327549 488.6254974 -156.4998896
-438.9443393 -267.2260112 241.6505158 R
-251.669418 435.7014648 204.9654793
-271.3350232 -491.0712847 21.18567324
156.6439927 -257.9450692 -221.0616005
-357.5765474 146.4427588 -429.9066347
-305.1271015 190.7487973 -188.3201849
260.9866159 -27.46386878 -73.6143381
-330.7611418 230.9712661 -58.23463082
-145.4239636 280.1813184 378.8221612
-75.08106613 -56.92399038 -243.5404902
469.8530696 -337.0085588 -520.0489563 R
-2.982714938 -501.1669903 -258.2555603 R
-157.5581531 150.561901 310.5580377
-468.3894807 45.43232515 87.1288881 R
-395.7614718 -95.000166 414.660941
184.0739791 167.1074653 -24.12535221
474.3788749 -158.6635566 -288.2951867
-310.1101089 -338.8183858 -127.3797543
-180.5949862 -98.38243874 437.6031035
-17.96016439 -434.0250153 -249.5162008
-324.7388694 144.6672323 -302.751538 R
-413.1416441 273.1157409 -485.6919102
212.4705165 363.0167215 175.7233213
372.9603968 253.2409547 -50.04936082 R
466.5854332 281.1214411 -397.0351365 R
326.6902228 357.408756 376.3719349 R
-473.0593718 -113.9416046 270.6689854
-373.5535795 -167.3989901 13.89250918
-22.74854057 315.3570668 -143.1980235
162.6264737 478.1058201 -46.70076413
280.9196412 -114.3938133 420.6789347
421.6155243 -529.0460112 323.4858639
-223.2265642 345.7589631 0.5411992541
190.5396825 -218.6672618 -465.4655234
-467.6004802 166.2695838 290.7146506 R
98.16304277 67.57023667 -15.62440268
-118.5982353 327.8696944 -280.6095642
172.2558697 62.02673696 -55.86181438
90.75866316 -389.4455124 425.6853656
-359.3444208 -466.8369482 7.232899347
-316.3364488 426.8012881 -239.8642453
-323.7577171 234.9023986 -535.3618194 R
145.5448518 -73.35166786 -527.0814145 R
-514.6175769 -383.4688521 219.7945404
-297.3281567 26.70229652 84.15689059 R
440.4033031 316.4559875 361.3245396 R
-287.1054725 477.7881735 -511.0532181 R
-392.0901464 -203.2477565 -279.2902276
-397.5183471 -411.0406167 -249.8278947
34.24800986 54.3822891 -486.4895614
-436.8436611 -492.2245797 -136.7834703 R
23.78176484 41.61151721 293.3580553
-111.0387596 -423.4556614 302.5327431 R
-77.3359902 506.2528198 34.33502431
-168.9195992 540.8678784 -157.5893475
499.4278139 -452.4248118 -149.4777155 R
-155.6698499 -477.8192585 -473.8051599 R
-497.5087341 500.7081414 409.2711089 R
377.1114146 346.8027991 -188.3346761 R
-383.209289 282.4677197 -29.88070433 R
229.4018272 431.1796521 530.3941705 R
147.9065639 -9.631865675 -111.8753041
510.7060204 -352.0691776 -262.8500271
-253.1313064 87.71614084 328.8122172
-73.09323633 146.3982224 -160.9238983
-212.1131474 417.8369834 522.0923151 R
-305.1867952 217.4347444 307.767929
-116.6934603 -342.9222333 182.8987871
440.5508702 -323.6245914 194.0708143
114.3065113 71.67218875 76.76970116
-454.8100737 -402.3027718 421.17771
336.1926233 -292.6820457 -260.7776323
226.610086 211.1574225 13.60300155
213.8695375 -492.2119066 -382.8154287
24.64032968 -449.8178452 80.79802199
-190.1125217 285.5281727 157.9406339
-22.49710815 -331.9962268 483.9074838
-21.28427214 -405.2780352 327.1019014 R
174.3771027 -244.5727109 -484.103256
220.5090569 -431.3026271 -117.3996857
426.4884339 392.9987886 116.0380906
506.5862449 -285.9230152 425.9200781 R
493.2038553 58.95453321 -318.0703728 R
-282.6459701 3.218950732 252.6564937
-524.8899915 462.8665602 -399.8324299 R
225.3253756 377.6344751 489.0752828 R
515.5731158 262.327441 407.581969 R
432.1101934 -160.0723585 -173.6964259 R
-417.0895102 366.487369 -150.6027322
-217.931959 -413.2149158 -35.36512674
145.2194625 -61.86413479 109.4646633
-146.4469835 -73.37880662 -5.794552131
-329.6474319 -487.05848 -235.9211698
-521.9241156 243.4495697 472.1624822 R
502.0044155 100.3354866 -449.7373701
-494.9907861 -524.8909273 -194.9738337 R
-451.0297173 -102.7689886 -43.0628181
-20.45545037 93.67767968 -183.5643412
165.2164303 47.70899929 407.1823134
-147.1806185 -147.9652661 354.4500673
203.004245 -379.8539336 -322.606483
-495.0741791 106.0729585 -331.6781065
275.9955836 321.9969617 -533.4655053
-65.85750984 -447.6717479 -348.5512043
493.2853169 494.8592994 -414.0590534
85.43508356 -63.85563321 -23.25979397
-374.1799564 465.459973 -188.0570907
73.48787124 417.6230405 -445.5568896
-388.9677986 -322.4152149 -475.2569174
-380.2519262 36.16597268 467.529384
-494.4481783 -247.6794128 -417.5862874 R
16.02062335 -76.61614275 387.4867079
452.4256919 -25.23707247 293.8094378 R
-208.9534108 331.9185868 -90.13909687
401.6630229 363.6087028 101.3303919
-178.4587602 -285.3516999 150.5623519
493.7088218 -59.67692569 260.0386667 R
258.0911267 -14.01554336 -350.310312
-128.317858 320.2312389 -313.8599551
-59.79654966 -170.2602437 -119.5778247
-177.061533 -497.1414476 372.5003181
482.5846241 -469.3574586 -463.0606952
186.563772 -47.41798513 332.1252449
252.5655379 -310.0406108 -338.8622595
-91.24902198 -332.6972164 -355.9904481
-486.3106602 174.6825178 75.01393064
-130.8795661 -496.4281019 449.7895639
339.9721131 58.39499713 -215.0829146
-138.7231122 463.9352331 474.9116363
-10.93903527 274.2368461 491.4461047
333.0478531 -280.2791505 -38.10064634
-392.3663988 -382.6078842 -47.09182622 R
-434.4113205 512.7175074 -254.5779405
-47.24307326 386.6337423 -354.8732454
-137.3169638 -103.7295212 456.7156086
-4.527159315 -233.3586814 439.8629047
-179.2233644 -173.2308067 91.67306496
-324.0674577 -434.3325318 437.2330343
-37.012402 -213.8617328 -346.2593858 R
50.89472672 218.1238352 -328.7772359
-285.6581463 2.844110939 351.9637605
-339.8659204 293.2675437 416.1182364
-68.79625918 330.8883737 -370.2656551
177.5804221 466.2695266 111.3719141
76.70833057 474.6815307 -214.2885157
335.7972361 62.11274238 -225.5504951
216.3725686 -256.4239488 -330.585318
176.3235207 -369.7342818 -335.8556394
181.777332 -188.4306166 109.442342
-363.2932456 521.1889602 -197.1831874
326.4643512 -439.1558244 -404.3017684
-383.8798842 -228.9823415 -402.5104103
-246.2114987 498.7373992 -353.5672999
76.32005871 416.2680734 297.2306219
169.5290898 6.587121206 78.01781752
-178.2022055 128.84242 -79.29895098 R
-127.7263382 104.2178165 323.1835279
-488.3415013 -526.428281 9.839031065 R
37.73361485 -189.8489874 -88.80547991 R
37.5937322 433.6665597 458.2293784
-457.523162 362.4054328 -487.8616242 R
88.59967005 -131.0935184 210.2249688 R
-233.758234 -152.4727021 -469.6296315 R
118.1453304 -338.679935 464.3397552
387.2148953 -11.82365718 -293.5521214
-289.2234533 415.3984708 -265.7092612
-180.0255391 -462.6619627 170.7377775
306.5117758 14.57187168 -172.1618703
-121.1439298 -346.3528456 466.2776524
372.4847485 -93.87309393 316.3494653 R
-479.7417705 346.6174103 435.8185085
-51.06440288 345.9300026 -505.6774261
-368.0904961 -227.4404558 92.51247328
-44.49171817 -286.4964048 -350.8026173
-232.8078433 -304.6825676 472.4480199
-490.9234648 195.1505403 -510.574952
167.0373891 -85.06800324 261.2994605 R
389.6945765 205.2697933 273.7941753
105.2305975 -479.752646 -498.8272742
-9.468723733 -285.7315274 -48.20843615 R
-12.4797812 180.1311047 349.8339817
254.2058061 -479.8634547 -119.2256472
-433.5108114 319.3469852 183.6928688
-25.50408867 44.48637377 -47.08176582
-432.9813399 1.85174971 250.3737448
-325.1575328 -56.64788269 396.483347
0.6622989719 -310.0847447 -140.6891777
-78.97340142 287.9424838 42.45625256
-173.3938389 85.08827335 -253.4855688
-294.7969002 -474.2019219 -183.0970216
-517.609946 -97.19428706 -269.8960709
83.5978819 -521.1591032 -60.226405
438.358647 -21.08769707 410.7885515
262.066133 288.2154351 -202.3672694 R
-349.9277445 201.8139908 -231.7540735
-440.1780677 542.9463408 43.63491441 R
387.605697 476.0259258 438.8927709 R
-203.4212323 -390.1545092 -196.4800657 R
346.8349018 -286.8684295 459.3833963
480.879372 358.4933437 -323.1468399
-80.96363848 -230.9893338 212.9184733 R
-419.5845048 94.44754445 165.3545156 R
-397.4971257 -297.6921619 -338.2977706
459.5828156 10.43900334 202.007614 R
-162.4239612 309.8916486 504.4229025
286.6677838 485.3398688 -459.869665
80.31967786 75.67261941 -350.8688114
-87.00023556 -323.5618926 -464.6800484
-270.6930112 196.764521 -153.3379106 R
57.65533387 -470.8493086 -157.6014744
-195.0052267 360.9868887 -124.7853752
514.8871379 392.0623213 -228.656287 R
-301.3120529 -462.2555308 -495.4933626 R
231.848807 370.2724568 -82.68115089
213.4638466 452.90353 -446.2471395
396.6989451 487.1971262 -99.82239736
-350.7150741 284.0909327 -314.6565815
-142.9434165 184.5660455 -166.928651
301.9284536 320.1936722 265.0722222
-281.1527583 330.0718583 -447.6446826
-11.61522802 -16.31007351 -334.4147192
-67.26830412 191.9530894 1.856414237
-276.3153388 -75.30755797 32.64463992
-433.9309973 -163.4394833 41.57952082
-429.6473345 -427.5012711 335.2157461
-440.6957954 -257.3422862 413.7332618
286.5900949 -218.6001594 268.2339568
335.6917463 -418.8992505 -362.5277278
293.8382701 -219.4672914 -151.3064181
178.4150638 -303.4453807 350.2353276
-329.5968474 54.85362256 351.1496858
19.81980755 156.7143281 -3.149293068
-477.7596937 138.2994458 -450.2850652
-235.0719599 -148.2192428 -285.5746651
31.90404993 203.5394459 117.1956374
-55.72443979 -385.1300853 258.4256893 R
-207.0507818 -528.055384 144.0924306
243.3925104 324.2008039 -376.9504169
-461.6440428 -6.292317822 192.8537809 R
288.5421057 489.78431 -261.5305894
215.4924189 352.2554247 245.2855975
-257.6185102 459.4847216 -160.2102175
-247.7861893 -83.82818973 -269.0413788
384.0922843 -488.2209335 -109.5290113
361.170543 438.3632981 -432.9586637
207.8506734 293.7868215 202.0105519 R
162.3178821 361.0398073 -398.4130116
-338.6965626 -223.2614687 -87.16944834
421.6539699 -506.3559592 143.6998486 R
99.17933721 -370.5752415 71.10050881
-20.76028438 -22.64528406 -426.5540756
141.5697586 -516.9796432 440.004282 R
-408.4206369 514.5564016 -502.1695669 R
-458.4556078 -110.108021 -408.4821902
405.5217793 -194.4317653 204.5959512
257.0616148 -396.4211609 367.5906295
483.285735 23.3924408 -155.6257164
-4.814228457 269.5952278 -377.3848837
-321.2585671 -282.6129156 281.7729136
354.2036815 -386.5220246 -107.6033972
308.6084564 73.26626405 -448.215235
-255.7712426 -63.6908812 -310.1629863
-423.5421887 364.2043087 40.11748802
-478.3828172 -395.8436383 217.8979525
321.9872075 358.5997388 -199.3199823 R
-1.682606357 67.79363563 420.8171249
-401.6975931 519.5715998 293.1911139 R
-395.2150619 157.2729389 -373.9295229 R
-212.8715246 94.31715417 327.3859488
447.521213 445.4818763 234.0658746 R
529.6573913 -192.2149596 169.7598147
42.84590219 -52.12196836 -72.0066089
-368.9828211 -314.0769512 -515.3905575
292.7368615 361.0366557 449.0534283 R
309.401765 -120.0910959 325.2392275
-206.5532192 104.5169138 504.7564527 R
-385.5648291 -177.4495521 -545.6044698
-100.7107946 -365.6595124 64.77661972
-446.3141122 -21.88050668 -141.276705
-489.2284487 138.243266 274.9851412 R
393.3026523 72.46492165 305.0080824
-487.7633359 385.2191568 5.716630293
477.2138702 475.0115894 75.76289015
173.9447721 425.9243109 -470.7205699
-369.2732255 -468.8269868 492.6417542 R
-438.1635569 331.1794981 200.8759621
97.17507292 -78.10465107 436.646206
260.7407398 480.7334621 2.163932911
496.6734741 179.3874243 198.826706
-398.0351433 -350.9248622 -87.03356606 R
367.4582097 -495.0703111 -9.484557505
-203.2972467 -271.7113077 21.45146124
33.03788411 166.4668082 -325.1890148
420.9109775 380.2858054 -336.3325966
-180.1059563 436.2625326 27.26926551 R
-309.8209001 -506.1477722 -423.0217242 R
274.774431 349.705018 -233.7145325 R
-193.4827994 -360.9996189 160.1349633
-452.2139058 -139.9855132 150.6734091
-29.58780114 334.4098934 -413.2386612
-302.7614998 408.3686558 -151.2799125
-400.122603 283.9601963 -319.5426958
-314.3615045 -102.0366058 -389.8708432
317.796917 483.9058988 524.699861 R
-404.3005508 -53.96159848 136.6501764 R
-524.7179087 439.4791229 -213.7101084 R
215.8301538 206.3547409 -357.7189324
-514.9947002 311.6259902 489.9196317
245.8534735 201.7144191 -109.3138419
68.63533458 -50.87378201 -246.7773349
261.3956378 490.8716305 481.0572596
11.63690494 32.21908903 -231.7390228
-404.9867612 -279.4659162 303.0294656
233.2441524 145.0113842 142.4045365
487.5537489 367.7869999 138.11116
359.7126957 -314.9119969 416.5824453
199.0664892 -249.3016355 -395.4542201
-289.1425688 68.09733362 -60.94573674
-124.1643736 127.5396232 -281.6308367
427.0378346 284.630254 108.5592881
-139.8531129 -101.9265349 466.0842191
-74.18372255 -119.6289847 -386.2966761 R
336.0292457 -197.2995582 338.3020977
259.4066009 -220.0835912 16.53727849
-483.4337945 -193.6587224 472.0991022
-164.331631 -473.9740619 275.2470912 R
-529.9923303 284.2139688 167.5671242
-185.6179948 -339.7901459 470.4019935
-317.5929789 -416.0181503 466.9621419
259.8409134 -114.0684133 225.6421627 R
-299.1585207 111.0934012 148.3071673
524.2834608 395.0038792 -308.2633013
37.7778293 -291.528152 165.1943348
-119.452833 381.0275471 508.716704
298.0975436 -75.85658272 485.7181486
538.0385504 -516.7287731 381.2466778
440.247189 68.92764192 22.63207207
-487.8871596 176.3288359 17.67697302
-394.5745877 -452.455557 -411.2251099
444.3530803 517.7582706 292.5599526 R
-336.6130978 -125.236645 -341.7000339 R
425.1890478 -376.1101632 511.6943107 R
199.4189089 -84.09448156 -430.4640471
-122.5888552 43.63270823 267.426774 R
299.759053 -222.5986702 -127.8708529
446.9042502 132.8014975 -337.7614272
-37.04474585 -167.9754663 -509.1983515 R
-141.5848309 -153.0385853 413.440741
-316.3719052 212.9018775 209.3953926 R
504.3144179 -35.47270294 51.75649618 R
-463.3281944 134.6964231 254.5514171 R
-23.9435958 379.6546156 -256.7885676
6.808402821 -499.6480208 -82.38121259
-293.0942682 -339.9211159 465.6047854 R
-213.5300383 179.3404552 153.265885
-46.68087643 -12.33535319 -130.3256428
263.4118513 -350.1352881 381.5335137
-249.7391822 -246.2305845 -354.5452643
308.0487611 480.4382158 502.3689505 R
-13.8612342 -138.7514155 -510.9332522 R
495.2350166 -327.5932925 -181.7285502
97.32153657 93.94139857 344.4529935
-406.3636246 228.4610587 -272.0307306
501.9953016 355.1567303 116.28966
42.21257146 -224.019905 457.8308202
104.7596007 55.55077616 -73.62654401
213.8612184 -396.2107629 -117.1863613
166.5829648 286.7564979 -282.1668339
172.9092418 437.5017789 -250.5958382
-460.7421864 -127.9073916 -297.9622408
-307.2122253 180.6604884 -437.3038606
-169.0097433 253.7625925 146.3339936 R
-45.30106139 -20.57967294 -420.4399078
-340.034097 283.0880691 -324.1333451
-92.38643715 404.8604727 -259.4210599 R
129.1900644 309.8786899 -0.1276728619
281.7442282 -162.3597435 429.0203546
516.8705021 95.85440833 -380.1163548
124.4033752 -403.7953794 -79.78783639 R
221.2462129 -508.7681719 -104.2417681
-112.3981262 239.4567325 -127.7101619
25.34422027 -114.9328158 352.1665409
-35.81994782 -21.92429535 -104.6247828
468.3065949 -290.4116732 -355.2710779
-275.5563566 273.4389537 -326.0427999
242.5326038 203.0188669 -421.4620777 R
-344.0451823 19.04720546 503.5433387
392.8770974 -104.1632026 -351.1756398
331.5806902 195.9271611 -204.7141752
381.7115778 390.6109042 -49.75897163 R
-95.70930555 -369.4012559 501.0309892
504.3272527 168.6693323 451.4498598 R
-348.3124214 -67.23343674 29.92034189
-192.4765213 179.648154 -241.5646068 R
-403.2824662 -496.5286245 -220.3626437 R
244.3504476 -288.8255406 432.8640215
-163.3453651 511.9502417 252.2802178
-531.1226614 -371.3605875 -89.12498148 R
104.4988121 -450.6828852 -411.8301879
233.9475078 -62.81135655 192.9628094
-330.3629768 -75.89504123 160.4875131
377.715526 219.4438192 355.9762123
198.489673 -244.3440656 190.2155409
-499.2678705 -12.72215909 276.1988917
-193.0305163 25.96155762 -80.8377951
-372.1911673 423.3251563 -183.354183
86.86152315 -158.9630372 120.3165599 R
462.0372416 464.2093105 -526.6436021
378.5646824 -333.9658639 -340.0299693
-418.0777761 224.1991729 383.4303848
-24.69212658 434.9916528 -45.02074418
-245.5602255 -422.996879 8.630871928
201.0322566 -368.9860301 506.4378065 R
79.61596908 -93.30092034 -90.84444928 R
207.747259 -457.1976744 111.4340373
-46.34934679 372.1847438 369.7459538
-397.1284866 -46.80933327 -402.1547264
117.6258219 -370.0341162 92.50730606
-435.8563579 -233.041172 375.7788154
483.5930274 213.5916993 -492.8954007
345.4545101 141.6569295 446.9485005 R
70.98914811 453.117938 -95.80408303 R
102.2349289 -112.6502882 390.6898378 R
196.2786331 -288.2759393 516.2567866 R
72.19484984 -501.0847735 414.9776607 R
245.0815999 -370.0004155 -59.30623741
490.3786831 275.9092702 105.3120499
-532.1799817 130.916415 -464.2954556
278.4144433 450.0204338 150.1566228
420.842783 334.3510396 -423.1354158
-73.85259972 196.7742507 508.3925519
124.0301568 -91.65498763 -456.5943534
428.4043389 -386.6249814 410.1974358 R
473.996134 -430.9830353 -141.1540415 R
-169.6795106 51.82804821 -460.6997516
-416.4495593 -42.579075 -190.6789865 R
-371.7359658 -455.6186616 -120.3594347
447.2494608 327.1007571 -140.6271264 R
389.9899267 -65.74600688 51.32928597
318.5358875 183.8629377 93.91453808
89.16663457 397.0094984 -371.2691747
375.3687636 363.9898192 -472.8080566
502.8912089 -227.2556063 346.4078894
213.4170136 50.88818844 160.1514935
76.08151553 -149.0324955 198.5403927 R
34.20788712 -140.1244415 -362.4724518 R
-326.8427904 430.0800098 -495.9706036
-242.4567074 386.6599337 -444.0828504
-322.9840247 348.5247015 -173.0978453
-417.3434195 -119.1763958 -483.0349475
-52.11629576 -315.7830307 -383.5443568
-238.8584528 321.7664074 408.9637477
-283.3719516 398.2203606 -55.05606973
126.8156084 114.3708206 248.4406604
400.2132568 -437.4207278 25.52791707
311.1541889 329.3775861 463.311477 R
497.0956162 462.5091975 54.59277236
51.39559278 129.6675285 -460.8245851 R
-374.3546856 122.0620249 261.3449086 R
-82.36056885 61.42052546 -409.6717564
-87.48217103 -79.35641254 267.3361074 R
-303.0749179 496.6369128 369.1642359
10.52495144 -385.5725788 19.55668764
431.87341 -485.8734609 402.2485537 R
455.4886554 424.1842268 -350.4276828
-47.35809017 -510.1981727 -424.6741626
-387.9498894 -241.2456976 480.3162298 R
-122.8045377 239.6945547 -244.9360082
0.959824984 -422.8477918 387.1002812
-49.27172443 -411.7745119 -227.3901163
-381.1925992 -302.6492973 -185.5296415
280.4415389 -298.0813178 -473.2758027
-448.3998052 181.1819666 -296.4000406
-373.8277656 -535.8021904 -92.94832158
440.8015733 189.6715647 295.1955566
460.4937535 -362.8551178 320.1191726
-162.1729496 243.7378903 -160.2234841
429.8584149 432.9187541 290.7098817 R
-201.5870589 202.0017557 15.4422035
-523.8372358 -243.492838 497.7246097 R
-481.9649831 -79.46921007 254.9712185
53.2491689 -442.2905639 247.8771835
-247.5889382 -418.0654538 66.86321789
-101.2703168 -529.7111976 -84.734374
-53.6927827 -252.1306056 292.1191173
81.0193274 -489.5369809 -82.69043825
278.727239 29.52700742 0.3591940975
-442.2247391 -73.72765373 -273.0987666
-525.2210985 -211.3178938 84.52276007 R
-51.01231495 -196.0636278 481.4635626
-139.1271355 -51.69634349 -39.37917438
238.5213026 -327.9168042 303.7488091
422.780264 141.065119 500.6800888 R
5.789765885 -163.007443 459.564462
82.21738821 505.6319819 -381.4842968 R
-318.8440329 -192.4822648 149.915254
-189.1619739 -118.3153903 331.0359228
-514.8370935 94.13938844 156.4346591
-34.93910991 -512.121893 -259.9971539
-477.2333147 -164.7770638 -315.2370709 R
-507.430538 342.9990363 151.6717122
-120.1183924 -169.0849826 394.1103098
-14.96828092 -57.71183928 71.40819838 R
-170.2499322 297.5521898 -422.7871357
319.975192 113.4317158 -388.3683764
-359.6389338 -196.590302 -277.4937382
345.77381 310.6725399 93.58573841
-333.0474139 -459.5234411 -292.7666857 R
-109.8594762 323.5532152 -401.6205461
149.506993 451.1041388 -422.6439623
188.3373985 -497.850171 -78.44463312
502.1361582 -278.6052535 -289.7680304 R
-308.1559799 -302.1707194 -185.1112856
350.114034 352.4740166 -515.1644257
-425.8765069 -143.0571648 -450.1649677
-174.3413603 2.520436421 -50.38775337
-159.0332147 301.4891734 387.1864417
-43.93899632 -299.5452642 442.4902721
-434.4848303 458.2937511 -287.3494235
171.8911488 -480.0676256 127.0519627
-3.209080098 60.24139327 493.0691934
72.88147216 176.7428997 -497.118933 R
168.3711116 305.0097992 -434.2129589
116.1752167 234.1732515 190.5707879
-64.42238246 -449.1624538 82.76517887
260.0163128 200.5941638 303.4664216 R
-485.5892373 -109.1679939 -367.7868394
-366.449216 455.1161513 -366.9924179 R
51.97958285 21.61958118 373.5513999
-373.5382442 345.377179 -493.6528409 R
212.7161455 285.0587205 -482.2903392 R
-106.6181905 -83.48104742 -300.906132
-446.0495716 34.35792546 320.0487511
-388.7822417 160.3260367 128.7136098
-116.9932066 -483.9522274 409.5794363
182.4540289 283.7979321 398.8702828
-365.780284 252.3496239 -221.5956221
-481.1465827 194.6804617 -299.049176
-125.3760849 184.9633795 189.0607609
29.26168939 370.0733297 -181.5377812
469.3414759 14.68722068 -87.27898395
-38.96688506 170.6805508 484.1316508
-304.0096681 -506.7477286 171.9935004
303.5975999 -325.3446925 340.9122089
49.24378481 -404.7452402 -157.0294263 R
-153.8708951 198.0651045 -322.7318465 R
-187.6630687 19.25443188 394.4822603
347.2316169 -194.2150385 -460.8597166 R
233.919962 487.6225294 330.6570584
229.1158233 500.8758156 -223.1813167
-193.558596 -363.7661922 -181.9637521 R
-77.31094717 352.9183194 306.089276
268.114671 120.5519166 507.8384128 R
-344.3659169 50.461732 291.8715367 R
-458.1027121 -177.7319436 -446.8527181
249.3073773 -370.7935384 -37.18398152
70.19939411 -534.232928 -165.5774461
157.4003094 68.71322034 -156.2068348
-20.83677959 -179.8142734 -316.4724084 R
-485.7376592 -398.3305096 325.8898283
-356.9220978 176.8950239 -100.812064
-392.4741775 391.9935381 -141.5986248
-370.8848102 263.2839531 -96.24681017
-35.91176456 266.1712088 194.4125496 R
134.7292194 128.4461601 -148.5616871
191.5238094 -6.632101994 -512.5658365 R
-345.6295248 -302.177895 42.5883833
-127.5979256 -242.3029602 446.3964441
148.0525861 -120.9407614 207.7869768 R
97.42449053 -12.3787961 273.0828612
-312.5116891 190.8305811 -428.6961517
140.1605501 280.9113074 -229.0508033
-367.8802472 205.7152633 -200.4572307
-52.81581228 501.5940283 41.88496805
-121.4373415 -415.3973443 -44.81013464
-113.3644611 281.5658596 -431.7250404
-513.8982246 -6.139322459 448.8646369
-416.3175478 -120.520826 413.2048357
-455.0364152 233.1360019 -218.0465609
-122.1514401 249.8541232 -205.4291119
94.07557891 397.239158 -243.5166587
-118.6377828 -261.2550733 -488.0710821 R
87.29597154 54.8714564 317.9422267
452.2578003 -338.745137 -311.5668838
173.6751027 355.1317956 -212.7375441
-236.4482271 -529.6356539 344.7096491 R
251.5468772 -369.0196088 -464.5052968
-354.0695395 -408.0019946 330.785254
1.87028084 -540.8842727 381.1266932
222.7561755 84.85845807 273.3923757
20.51229547 515.993329 -142.407271 R
-237.4990559 -60.29424561 -301.5230404
-68.28173108 -171.9022509 458.7302119
-494.0918252 -222.627482 152.8952799
-189.5861533 -445.2259802 413.8398116
508.6409189 -177.2160303 217.9888517
-293.3792912 -394.3901877 503.3720198
-107.5868207 -371.5957176 48.57889305
-414.3630541 319.0110487 477.7954816
130.6815191 135.460102 -356.5230197
-116.5907288 -429.6401961 473.2217015
-0.1191684576 368.9480849 224.3255993
-345.5562936 -181.9683786 242.9613574 R
-145.8425624 482.8581375 35.26979948
-84.53047973 -90.39877299 -432.4031286 R
121.7109252 26.42018352 329.4449111
-90.08539406 -251.3566637 -240.8827821
-110.5774334 -295.7062341 -6.760923329
-120.7919479 -320.1332398 257.7303143 R
-373.4543384 -436.3015463 378.3552984
200.2217125 -440.6997232 -243.7061416
-407.2150146 -77.76933919 176.5480891
-216.1286606 410.7294279 -88.88369926
205.3819134 235.4420729 -361.9611895
399.7085333 -444.2997006 81.87287135
90.83593133 -477.3780972 -297.5875278
-88.56432903 243.0252371 21.61870811
-441.7364613 -273.131711 384.0329249
55.65048015 -352.7952732 -337.7261057
-139.559298 319.2360547 -333.6535357
240.1098092 -232.4864328 -419.1625095
527.4984653 -360.3102154 -47.28443495 R
-465.0341077 -80.06108179 217.5054942
-167.2495091 379.8821475 399.4253539
74.54634487 -238.5820871 23.91938476
-253.7647955 -23.43937175 380.3029829
-45.02021331 469.1661867 179.4995282
445.2073786 393.40119 -266.2005309
-425.8408098 -378.0392141 -72.84341428 R
475.9556887 -70.03400509 -43.36883972
-496.5771282 -418.1433498 206.6602018 R
-309.059338 203.8154342 -389.6114395
333.7728057 510.6932063 -60.04467104 R
-17.73661721 -384.0593838 480.9066159
263.5616858 -99.32512784 -429.8414819
227.6275889 -434.003478 489.7969421 R
270.0607808 -520.3223486 331.3816983
-41.86299508 -445.1318054 491.1399556
-217.1335209 -378.0214848 -105.6865898
-256.7352803 -264.1122755 241.4218697 R
-287.3950039 326.1214642 -55.47756137
439.3608169 -364.0598641 -207.743962
-385.0324414 1.706605959 366.972156
475.323603 416.4482674 336.1867733 R
332.9339668 490.7817955 -169.5897885
224.9122973 -301.0258202 -248.9137843
-358.6041371 347.8049228 -101.2411767
527.8610911 265.6583916 179.9801072 R
439.0671789 299.2336299 -208.6857676 R
-428.5001779 444.0179195 84.3272645 R
343.9095848 32.87500214 -476.3154316
441.7206108 -254.1582143 -433.1365562
-304.4873844 -133.7308331 -69.27176923
-389.2829832 -486.4357318 451.2361563 R
318.8838441 -222.1347521 -282.538788
-69.97319083 -257.6570972 407.4960405
179.8212809 -149.6244251 -509.7682817
123.8383346 343.4258143 436.3020376 R
-59.34964971 334.4455854 -386.2452509
-270.6935369 -193.5205009 32.44349283
-56.12306329 319.4375342 -164.8202179
485.781286 -431.0479346 -396.700086
424.4051159 488.2666423 -249.8888508
369.5361876 -5.040394179 197.0631485
-367.2992384 -223.9148462 -129.0538645
525.3614258 340.5351068 -154.5895496 R
-191.8797897 -521.2045748 -119.9624922
408.5954131 -60.73791534 -175.0749158
-148.6425364 -486.4126672 27.78912439 R
-131.3146535 488.3780615 354.5910517
-27.12225051 -371.2680202 212.2984164 R
233.5013768 17.96835719 -253.1163984
467.8138517 -39.24170758 -486.9846487
-511.3587346 -464.2793646 350.6762966
-190.9098813 -313.7376039 -6.659404948
-197.740024 -512.413541 158.1291893
-176.4109859 215.8749221 398.9668435 R
517.004571 149.0693111 342.9708122 R
205.5639789 -399.5490899 -45.9701109
528.7434825 -440.0406447 447.9434707 R
505.6032113 -335.8376925 -446.8032232 R
457.3429708 -198.307042 -521.2383428 R
371.8277751 -193.8097331 9.389216557
94.58092799 -2.61376998 -282.6197934
-212.5406713 -301.7921072 482.2508849
-368.7026541 -68.78480502 -257.039801
-503.2930669 -158.7041339 234.7537526
-191.9816284 172.6598688 257.1350262
204.7734584 -121.494844 -472.9201506
-417.8582617 -125.1961145 -296.142931
77.60823155 -191.1392485 270.1059066
-211.6792921 -49.87798739 -393.307926 R
-397.4230812 -72.88654021 -357.3382909
-322.4890463 367.8925401 138.0865386
-504.9192747 -320.8827042 189.0853692
-479.6029991 468.5595309 -481.4712971 R
322.7476998 -408.2178184 -510.3660721 R
-45.30552751 -272.6384425 446.7449099
231.7328713 404.4603759 186.1114345
135.0188342 -500.7076209 -383.4813962
-191.6029936 69.40553035 -463.7810161 R
319.5091182 -508.5112553 503.5706764 R
76.86309231 514.6796315 307.6826036
-337.6459354 -269.8121114 483.434058
-461.7934898 -189.6718967 -200.8574812
-176.9904933 345.1804508 -444.3301046
515.1030518 -57.83589505 -397.0325827
-482.7180034 -500.3030454 289.6503968
-191.3061975 -486.1805497 52.48388851
-278.2163209 156.0469596 250.0286417
-459.5229675 -308.7830269 -345.0510405
-260.6102013 -61.83733302 -115.6046521
209.8432623 -196.680376 135.7151382
123.6253699 247.5021986 450.1048464
318.4620045 -335.3480192 142.0833939
442.8942091 -100.2900004 170.3384914 R
-95.14959542 -495.2207881 -137.6850384
286.3224672 -63.02342135 -136.9847322 R
-211.2237629 392.2251439 197.3173743
538.9711061 -412.7496057 -411.8109938
-128.8771323 -499.2657232 237.3890863 R
-398.1225352 409.993851 165.0493611
-398.6787819 499.5717736 178.6157357
-14.60293274 226.5403506 51.31171778
-144.6219781 -489.9160601 -396.1652112
356.5429852 -424.3488803 469.8572531
205.9419163 -259.1426395 413.372008
171.6267703 -527.044592 -440.726496 R
224.4225681 -507.0720099 -252.0696729 R
181.8475267 -132.5360254 447.8430245
228.8361971 -295.5453533 322.0321338
134.444403 -227.5696317 98.37285783 R
-200.4814645 -425.6017377 -119.9446745
-195.1895543 -69.42703769 342.5067424
-94.57160782 37.35329591 -216.149053
511.0342687 -533.8048823 -224.5214249 R
-138.7762794 -455.8123651 192.4977619 R
-223.9001167 -295.6249674 -48.6907734 R
210.4538026 -318.5995944 -29.31351892
-315.2516694 498.5518708 57.63170821 R
520.245072 -475.8598514 462.2148054 R
480.5081241 381.9928624 17.11249719 R
-25.80360112 -373.7759422 125.1520066
-514.9009638 -292.7090628 -111.4356024 R
-281.5199509 -129.6684265 -165.0744349 R
-394.0315999 428.0846904 -115.6860505
-482.2622642 -479.4794917 -514.2109212 R
-140.4958588 22.7721349 501.8954204 R
-332.4922445 -114.9546362 523.9226685
346.0744134 -226.5662425 456.1550685
-311.2982811 315.4699525 -229.6743596
437.9696511 -140.5234923 -79.40099684
5.37634067 -272.3979672 -521.5647923
101.3950488 66.67657272 -378.5372797
50.32848889 444.0801746 -233.4451305
-367.9504472 270.0033888 -111.6027123
-408.2722482 -179.8426233 -146.797317
-455.9046155 428.2162929 170.186879
148.293807 -462.5826536 -168.6414432
-413.3752932 151.9710152 -316.0560379 R
313.8325099 516.4941799 241.1426322 R
78.24556197 -425.4251778 200.4083019
262.2752536 113.7143434 -222.6168864
-279.525378 -67.2702025 373.729152
-291.7732075 -492.7971228 -315.7184988 R
486.9157802 426.438456 -132.2732462 R
453.021974 -127.1892837 248.7634206 R
-81.07524107 43.41406041 41.17245326
-320.2187848 -335.1743552 163.8471922
202.8410556 -248.1037105 292.0889191 R
-265.2829902 220.418305 371.2922224
79.84534538 -298.5430063 30.55696992
-483.5354995 -97.21028565 518.619598 R
369.8186423 -212.6763469 -35.97100267
248.2245935 267.1251241 449.3934266 R
-190.3244258 -532.432238 282.687146 R
-91.99212955 263.7345241 -61.72516744
-304.443457 479.0795425 329.6227369
101.1614723 -62.33690563 -426.3437415
517.9075975 244.3707499 -375.1172534 R
464.8068493 -448.9890869 -387.9421766
-313.4895007 -531.9983645 502.6346153 R
48.72157511 -181.0758931 293.4085203
366.4215397 137.5502775 334.4563756 R
491.9743045 182.8055733 -83.65750969
130.3775876 147.4374633 -244.3034525
156.9731478 400.5384686 380.5696417
196.1020139 13.88569517 -516.9558179
-70.0629026 -298.9927154 -463.8421608
254.9031222 -262.4089763 -137.1528315
326.7708822 23.46070325 -87.01457797
395.2019012 -139.2319852 -320.1979723
-202.6350331 197.1721506 209.8731446
-108.8298021 451.9770096 -445.5291742
383.9428188 -320.6015216 222.5745596 R
-464.3130074 214.3278037 -517.2295162
-423.9242785 -395.2446381 462.8107965
-318.3660423 387.6594755 400.158847
-294.7974313 -70.3527236 238.2164964
-232.8421807 225.3176242 44.86402326
-279.3562237 84.62652511 321.030383
-451.6804119 -284.3343507 316.8534181
-92.72332695 -381.6687104 -78.92284123 R
14.04578532 465.3158583 210.1910268
274.5498532 -146.0814632 70.9903458
61.50657823 268.9826818 -485.3313201 R
-139.149099 -383.4699754 -36.27885889
193.8928915 -118.576743 169.2349753
-488.5222967 439.703894 -485.8946999 R
409.2515218 503.6046724 295.9325421 R
-316.4611026 347.0650282 -286.8852999
325.7589619 339.4110485 -4.485553199
-426.9883262 405.7725942 -278.5417229
-512.8396084 404.4001481 407.8049095
-383.9557043 -154.819944 -234.5834137
-313.0619618 -10.87032819 141.2548192
-134.8646374 -451.7909839 -92.19633088
-410.9334652 411.6207461 298.8161989
-472.2355927 152.2044661 507.7317155 R
108.8922713 -126.2670181 -536.4208506 R
-162.1513505 312.1712591 370.0199706
-76.12964425 -429.0090534 174.8138646
322.1482238 94.29944551 471.9397344 R
226.6987152 -175.2693448 -207.3121724
512.0900445 -315.5859624 -44.96817041 R
386.4364358 -272.6571952 -34.90524326
196.6405357 360.6760819 347.0594424
497.0633763 54.23074369 -541.2457668 R
464.6857532 454.8325149 -416.4281679
-502.6260871 476.2982839 98.4304183 R
311.2714795 -113.8813294 -359.2039511
-308.6888385 -274.1546728 -441.110776
-10.5226676 458.6948489 -343.0436027
152.1045851 -286.3799491 -136.7264259 R
-459.9358302 370.9178312 151.8952892
137.6467729 263.7699789 187.0801328
-404.6572539 462.4612995 450.739211
-206.0600327 -452.915248 50.10388873
-190.0868328 91.26798349 -322.2203148
364.5057987 70.45865776 339.0039694
295.5827156 107.0417876 -212.4859871
-510.8077849 419.0221625 -117.3033364 R
-128.1902751 -313.7391687 507.5833993
-364.9957072 -348.3807502 -86.24578228 R
218.4815233 -69.52078316 -30.13810765
-450.4518324 96.21673688 136.9922004
-249.6233663 192.6849975 263.6853567
0.02731388148 0.4975958549 179.9364928
305.9581541 235.2908293 397.0204766
21.95044828 159.3820882 -124.7304355
53.40133055 -296.7608667 -193.040901
-51.14738533 203.9030282 107.1277613
68.12300659 324.9074724 309.3480737
108.1344528 516.7051614 162.0893687
452.2018384 -53.18061462 144.326067 R
-516.0144573 161.185311 125.5114924
108.000073 426.5821771 320.8540329
-448.2887406 -100.582999 169.0622341
-346.0689257 212.6765261 105.2477386
53.9046783 242.5640541 -73.9875688
422.6117113 425.1087087 82.71970346
-357.5773575 -117.9404812 217.7909018
92.3522235 486.1786593 -138.7978636
-223.2852763 -407.7122604 -43.79960086
-329.6602899 -257.4790205 -306.5575728
-185.3763522 -174.4353934 -454.5761261 R
-529.1227919 -145.9861471 120.1977735 R
27.64318044 406.3812113 249.705723
272.1781176 -65.69355374 -492.5268861
-99.24970207 308.4216121 -104.8757988
168.8262096 473.9041987 -59.01001232
436.2084716 -501.0016954 313.4725083
504.7073847 -143.9224517 -448.0249935 R
329.7250235 -3.513815259 13.25331172
443.3183168 -350.8191243 -144.0147708
-87.80345995 203.0151949 133.827561
451.2058486 -505.4603354 482.7382905
160.5967544 -225.0536703 -514.3539718
314.612694 155.7297337 516.6330049 R
193.9826949 354.0817331 -235.667891
-77.74323961 -216.5304992 -515.6357286 R
-448.00088 103.7925122 -222.3073363
291.2351328 -401.2667939 200.6657835
-395.4395834 308.8479145 366.30644
-234.8210109 -192.87988 369.8836503
184.5273273 113.9544275 -141.7488359
452.9523687 -522.5975037 -459.8426368 R
-418.2455057 -143.7553547 279.0521647
438.9722131 -522.258203 278.2838799 R
-302.0310672 -295.847803 508.2978867
106.4230424 57.82415723 -436.5733337
320.1609794 -461.7834794 -457.4073038
393.5308143 -448.0746785 138.5186505
-419.780943 175.125035 -81.64511527
176.5900397 276.4885545 -240.6516232
65.70642959 -21.21304322 -10.62641631
330.5536458 -501.1334163 209.8003292
59.22723937 -174.0696084 291.4355901
95.93815912 12.91046613 -414.4694131
-159.0622155 -397.9614162 -439.5520509
500.9228889 -353.1052386 345.6465168 R
267.212226 -76.17669846 184.8899361
177.7468875 430.4273595 -385.4776304
91.34032162 202.6858857 118.9839782
-350.2205957 -179.1084197 -482.7329189
311.2607579 -274.7848187 57.32511603
49.7126833 70.52729419 256.6134046
159.6883073 -393.8875537 -445.228053
128.0117735 328.7249904 -185.7546662 R
52.63303476 1.13540577 166.6430924
373.4234773 448.6723181 -196.3044451 R
-493.3672953 232.0443758 -457.808775
-220.839467 -548.9621949 94.30993886
-358.4485163 172.2681859 -403.4964494
-499.4424007 305.810137 204.425644 R
-213.4652042 282.0854494 16.59007052
281.9169548 509.7172051 -392.711885 R
-231.9002826 -406.813388 26.96899862
-444.8925483 283.0041974 -493.2759984
-30.46984684 384.0929286 67.37643564
262.0449872 323.5533234 -462.5567471 R
-388.2597956 -237.7829083 250.9023432
205.7785782 -395.1016835 177.145537
-386.0267619 -163.2746401 -234.2538312
-367.0347926 353.3367588 -223.175083 R
145.430798 241.0721798 -142.3867742
509.9735051 -357.1846921 -230.8447021
-204.1034724 -304.3243367 427.3686882
-253.566887 -520.4524757 -287.9414532
-126.6534558 137.6450813 -449.2694268
214.688715 57.77916975 207.6118442
-393.3466328 57.49711454 426.4827907
-437.7922862 78.59043201 7.962899529
-331.4984076 -416.2553659 208.8916507 R
-111.9124184 -333.6016943 469.0246354
-543.9434313 527.9196769 332.0792015
-397.4846767 522.4305199 369.7153585 R
294.2126013 237.7341063 -34.16093922
335.8659453 242.8106262 -493.9168357
-123.1216315 -352.9787436 143.0120131 R
319.6325793 38.87867586 -232.8588441
520.0889866 276.8676987 -414.7079361 R
-300.9461561 252.0646155 -70.69145464 R
-505.4735364 -167.1144735 -363.3937758
296.2163181 -445.2744303 259.2791872
5.042266321 -338.480086 192.4941304
-363.4252942 118.5724488 508.7073623
-485.2039707 28.51299333 273.884516 R
-2.055525969 -132.9282735 502.4741188
2.793104898 170.6142195 492.7949746
259.2286507 215.3961614 -65.68276816
416.8715116 429.0247843 162.6619129
-404.9301954 312.8619432 160.6802365
-466.6881967 -40.91816653 -264.9925601
167.1431644 216.0651573 362.8188581
514.6344409 149.6671397 414.2621391 R
1.21291208 241.9894375 -188.18012
415.2418153 232.9818779 -159.2610593 R
-272.9265392 270.962237 148.6587923
92.32834012 78.97655127 -178.6644313
-3.123657602 -413.407 -59.34607429
-0.8231352495 -68.52828091 -27.78885517 R
266.7901675 -120.3814047 142.1651692
275.1205094 476.5391478 476.7202056
380.7011457 -406.4224618 100.9678432
498.0161837 -454.2282076 -255.1830661
464.1409488 -436.0623225 -429.5240236
-450.7152446 183.7244246 478.8058076 R
227.23409 311.4175168 437.1568011 R
79.51661997 209.3587106 -199.5464564
260.811409 -333.3859991 275.795554
-412.757401 239.1587366 402.3497789
242.9066435 453.3947182 284.7068713
268.4256105 134.0606323 115.8830757
-175.9064277 -191.7677284 268.2682651 R
57.32258254 88.63614975 -333.6392846
84.75786079 -472.728662 -14.98839218
380.4292777 46.26214139 314.0512542
-140.4791791 430.8246284 152.4132458
95.04801485 291.4283627 -426.460166
-508.2690732 90.65568231 -367.3815272
-240.6325737 -348.4368732 534.3397489 R
-151.6151288 467.9946496 -456.9408758
-383.8222313 529.6802777 226.6291606 R
348.4614246 -93.39597465 136.2943587
-97.82869605 -16.06680526 83.91549903
0.2440223459 -489.2790894 41.70197256 R
-412.1039365 453.7399372 -133.4841312
159.0779677 -173.7087234 355.6716637 R
384.8729369 222.6363398 -120.6933002 R
-465.3501214 118.3938962 501.8871218 R
-84.84547562 -470.8002098 161.226225
-181.9200829 -101.3336571 520.6647355 R
-209.3935699 139.6708001 -191.0459778
208.5927459 47.07673953 -238.1412677
65.6500264 411.4326539 -225.5139328
221.0698293 -293.6516423 387.5077481
-131.565231 287.385795 -16.12140962
367.7044045 -33.1698602 -287.3606991
242.4515423 -57.40477089 -59.07040479
-199.6505323 -120.3861145 104.7572428
4.026754999 236.9791038 452.7650943
-211.6199038 340.5511771 -152.3500442
30.41755755 -58.17164936 125.7024137
-428.9720268 349.2885927 -141.1179133
-188.2892757 -14.84935919 -262.7097542
190.2726462 -393.7992759 -197.319527
-407.9281443 -465.1783119 108.1785452 R
313.3046008 22.1227464 508.637017 R
196.5080095 430.3127786 -427.1157959
90.50939468 -330.857515 -308.5373179
-88.117136 161.4948576 23.63821659
-434.0008356 132.6904684 11.86468071
-360.9713012 -192.510946 -386.8009525
-520.4175512 16.40804995 -69.05858862
182.7968846 402.4652338 -437.4055488
232.0687396 196.2422551 12.70870472
-419.5456602 367.1205813 305.9299822
-239.0473698 1.804006048 -132.8241679
19.8590108 236.275999 -255.879076
451.400703 254.3168712 -353.3336834 R
-101.2045997 436.1800268 138.3455199
133.8040841 -197.7387993 -498.954487
64.67077852 -410.5292325 518.5566007 R
501.4201034 -224.6708974 -9.557866139 R
456.7265021 364.8210981 -387.6876229
68.99395257 46.68483099 458.5484668
-201.9454475 -201.1211775 90.93240185
-398.0664882 -531.3513761 -50.1494849 R
-491.7660604 506.4069056 -261.1270718
82.78578942 494.1643441 41.60838649 R
214.1035833 -39.55702071 -465.876181
151.0831766 171.3232533 55.12830322
-478.8720001 -549.8893984 474.8031471 R
390.5194389 448.9236508 11.24808634 R
-263.0536891 -58.85409259 371.7485284
-221.6239329 -268.1695739 -247.9844844
-544.3268461 454.7514901 -378.4636078 R
-169.0750938 -304.3209364 -214.9876461 R
-439.2932568 21.5638886 -161.5515442
-435.6911075 492.347679 231.6176869 R
512.6562158 466.9780514 350.3099782 R
120.3917362 61.51979759 -89.67655887
-120.4352917 364.3057311 -213.7553558
-180.6691804 108.5783893 -518.7432002
-145.1160751 423.632991 237.2280737
-69.22747682 -53.92638449 26.22932492
-40.83787743 338.4806347 498.8496236
203.7547275 208.011947 -481.7819297 R
88.09983092 -279.6250129 407.7080354
-75.29379138 -380.9298428 -427.7495256
65.15145807 -116.4598048 -450.2149431 R
-40.01796999 -145.3731709 111.0088277
416.0381376 435.5626412 -7.74456826 R
-297.2607249 398.8171479 402.2111853
65.66989726 -56.46555793 -28.61233161
-123.7739659 -287.4198154 -154.1409412
401.4027153 -19.28245443 -205.8155652
479.5587131 -103.0062471 403.3855866 R
257.1891582 294.8540244 -150.3007379
-217.5113337 423.8755064 -152.1922436
-374.954446 -132.1299437 -389.7227742
-131.3591674 -390.6338098 -385.0348766
-98.96073114 324.6381 -265.7666188
-171.666455 -109.4904341 -191.4966121
369.5664045 -479.3310457 78.58861603
53.34514651 -338.440061 382.7860775 R
-430.396399 -265.6575198 75.46785701
-349.3978545 -517.7403452 -129.8233197
-509.8295014 -63.13790943 401.4028334
303.8319746 -493.3668007 106.5410021 R
-133.8840038 389.1176166 83.63423382
125.6469885 -471.2088835 -341.872405
-85.51718813 -3.940172035 31.42954105
89.18097861 -329.2289049 5.135808955 R
-252.4588286 -329.8443106 304.0855429 R
188.0323813 176.5112009 244.7980808
290.571463 -113.7445627 145.0417046
-121.7711534 49.73031248 421.2916526
23.53487526 406.6611268 -254.9424612
-453.7077425 161.8651894 -77.43604442
472.0421778 -256.8426555 -62.38147471 R
180.1902382 -24.4809532 75.74798894
-163.3158559 -13.20311004 373.5618603
-350.9074378 257.8312641 -519.7752911
418.6791128 -547.2257547 -27.56991504 R
447.7445636 45.98149083 481.4883077 R
218.1685523 -43.31917463 394.1429597
86.05851216 272.7068054 -286.8169416
250.2530613 -259.4256772 133.1906628
186.2080377 -123.6686421 377.8323883
408.413138 -422.7234549 -88.49746293 R
