9.947335921787580650e-11
1.102389962074282832e-10
9.515899125227876802e-11
1.060086507126859689e-10
1.275825074910650959e-10
1.142806763564713082e-10
1.313484052590212893e-10
9.308967665105917015e-11
1.501813057466780923e-10
1.247858365991155082e-10
1.621806076179402851e-10
1.138340109913463383e-10
1.092529599817165815e-10
1.005115830887206523e-10
9.867124307204397444e-11
1.082607685884333208e-10
1.626861816606981017e-10
1.106084552987476776e-10
1.174904902907580289e-10
1.357524601349024511e-10
1.163706892875722074e-10
1.001981287860135191e-10
1.102928939112471696e-10
1.156771577170695623e-10
1.031391268658013958e-10
2.072829934281577287e-10
1.398439829919773923e-10
9.607908423885838668e-11
1.852431399999674571e-10
9.897487889951889491e-11
9.364722070199117488e-11
1.276582930340532085e-10
1.237439785982662488e-10
1.538534844767604728e-10
1.081630470737629643e-10
1.082700848169687590e-10
1.033042538434651370e-10
1.079553441763056847e-10
9.920230050886774833e-11
1.394502747064789446e-10
1.006932599684777994e-10
9.413920064780066867e-11
1.861393918141583667e-10
1.516137440813077668e-10
1.059317035082036743e-10
1.097654276374984460e-10
1.229800283090086867e-10
9.918675703154162866e-11
1.230214358438228532e-10
1.009953190917674875e-10
1.080636930150453350e-10
9.265123511009098645e-11
1.017532164683428186e-10
1.440650240184315711e-10
1.025936832068398512e-10
1.154319592182483434e-10
1.329125435347582919e-10
1.445436450986620741e-10
1.262061343588979003e-10
1.414134611358379528e-10
1.320616346772396837e-10
1.110008705196582183e-10
9.533331330681708473e-11
9.369288417701319939e-11
1.740928944305374987e-10
1.483465783401589620e-10
9.328683711157674962e-11
1.557732971584522161e-10
9.413345763657487128e-11
9.176902211508777223e-11
9.562433341899337456e-11
1.139913006662877533e-10
9.880267417604650049e-11
9.496856006108560014e-11
9.658921810349553318e-11
2.396702803632297069e-10
1.050358039575513927e-10
1.509224990123594312e-10
9.400240174801820813e-11
1.244291096425572083e-10
1.017775056224292908e-10
1.162706035917394406e-10
1.011492734891369779e-10
1.161700443125520273e-10
2.193260761568790846e-10
1.017941921630910861e-10
1.050772511996293103e-10
2.070589950013535535e-10
9.346950850354520440e-11
1.363200158561707498e-10
9.444552893976669010e-11
3.516406889447931553e-10
1.254065438051238264e-10
1.574148173835325639e-10
9.238998861960654917e-11
1.125941496384118380e-10
9.520512533736916410e-11
1.559973873167667749e-10
1.249217768146668540e-10
1.092186459719323973e-10
1.233067909634568675e-10
1.048386612014442309e-10
9.413760539765589106e-11
1.118247634347115469e-10
9.373052187273992994e-11
9.342374951227667391e-11
1.418720479256846365e-10
9.384527524848484649e-11
1.003923662548941265e-10
9.950573342198550413e-11
1.940607666999185807e-10
1.786276032103736403e-10
1.185435413317117370e-10
1.140445875480451604e-10
1.006484318741344619e-10
1.066343513332038302e-10
1.563755672396669106e-10
9.543471485725959530e-11
1.103845226680837929e-10
1.455966633910348611e-10
1.131642456495062508e-10
1.199404718276485338e-10
1.640319928983081036e-10
9.817073970270361965e-11
1.162224560748996628e-10
1.186527609381863530e-10
1.060545081332707418e-10
1.096588305561750562e-10
1.419836528395985568e-10
1.076775308865559915e-10
1.147620415688206309e-10
9.974195332616154759e-11
1.028662047106901453e-10
1.080706207112715712e-10
9.767309091543375023e-11
1.171942322171830665e-10
1.070419129372209452e-10
1.106134424657742905e-10
1.156419858996182563e-10
1.063727320319184995e-10
9.248092315769677171e-11
9.366853274763784288e-11
1.070392041583939386e-10
1.235346093870814717e-10
2.308876980761177216e-10
1.096515719617997332e-10
1.569068617712073118e-10
9.816274303072727855e-11
1.153314282309758020e-10
1.234569910622028002e-10
9.839518294706832052e-11
1.002953641254624558e-10
1.253253457953679341e-10
1.068607202673790457e-10
1.036729685963373253e-10
1.207656279686895561e-10
1.121531106704908592e-10
1.042681818582902121e-10
1.074910261237564362e-10
9.976485092601248308e-11
1.049360400335775262e-10
9.580074207943416385e-11
1.288425238626514681e-10
9.502964828523255224e-11
1.052598255441619189e-10
1.069620500601892599e-10
9.476209331052155084e-11
1.613420076351448792e-10
1.055267450729128929e-10
1.170337269046241058e-10
1.064906520420652364e-10
1.461680697467454545e-10
1.313389886665508420e-10
1.321342188927454864e-10
9.206760194508924067e-11
1.550316041138812396e-10
1.035431464755022601e-10
1.236824316115294253e-10
1.172329460684915626e-10
9.701965707287787595e-11
1.535789529632686678e-10
1.854265722257398493e-10
9.991910034199810842e-11
1.524760864147233391e-10
1.048528883797676455e-10
1.930955251803460587e-10
1.076393729455698316e-10
9.488874540415300337e-11
1.264589493396854694e-10
1.066121777445926292e-10
9.423566931848265939e-11
1.936767026369496926e-10
1.241428821311893137e-10
9.794892823396425902e-11
1.118144718375886276e-10
1.226183298901192833e-10
1.951761207951102267e-10
1.150171918415100379e-10
9.440193467939865376e-11
9.855713034906982199e-11
1.216117655956610681e-10
1.750903794272425915e-10
1.013691310381857368e-10
2.044530307169474029e-10
1.031541479661549269e-10
9.904142906863160740e-11
9.624240296871226134e-11
1.014223489119639842e-10
1.254594095192113317e-10
9.796387312605887122e-11
1.361607083315173875e-10
1.041746368811806446e-10
1.937038548603477140e-10
9.308790457549664585e-11
1.465939104462573518e-10
9.526623867426606324e-11
1.148953068734131232e-10
1.016530259681646435e-10
1.012490019890261228e-10
1.057801111078725218e-10
9.822239677306997048e-11
9.477430527946489233e-11
1.086607351179582499e-10
1.059852121627810820e-10
1.012702543078875010e-10
1.038626783551645221e-10
9.503914077867414375e-11
1.199309213172528211e-10
1.358186854251282216e-10
1.044227131084148490e-10
1.008621862057730904e-10
9.641547831413208883e-11
1.067321530894597754e-10
1.072966977306708463e-10
1.716170619957252289e-10
1.549863375991407968e-10
1.646173219980734070e-10
9.603551243995639684e-11
1.072981204170882148e-10
1.696154191282372708e-10
1.090055478745976313e-10
1.029786350443756257e-10
9.242792805017719318e-11
1.039285297160828059e-10
1.357338147009898907e-10
1.079679378947618191e-10
9.684457005700343292e-11
9.239615065077823299e-11
9.388237976475358889e-11
9.234051717865964736e-11
1.222922423376798254e-10
1.608657825820394252e-10
1.230114638025674090e-10
1.215519537195540422e-10
1.013420642596486193e-10
1.173486259229234227e-10
1.246829542746863010e-10
1.426776228400212757e-10
1.185548844556711510e-10
9.231650300579555210e-11
1.010815408444224414e-10
1.329610195678206638e-10
1.191297933428988145e-10
1.239208085299155766e-10
1.465055357267141837e-10
9.875265965657462255e-11
1.078082279062532933e-10
1.310707849314904204e-10
9.698003015526922167e-11
1.120072673212005539e-10
9.812244343220437845e-11
1.069616220828468211e-10
9.647795000365234338e-11
9.656379082829142973e-11
9.498122365706351976e-11
1.373178686201951377e-10
9.419310619889609165e-11
1.267900225774832027e-10
1.697841219050261421e-10
1.098549326828197897e-10
9.714605776229297268e-11
1.151269255287949131e-10
1.021341064585302589e-10
1.105714610003247161e-10
1.124175333072439233e-10
1.003226778451613444e-10
9.896907680038934879e-11
1.782045568007130647e-10
1.844484896571844182e-10
1.011876177427841009e-10
9.821501864712075524e-11
1.048411293024630716e-10
2.200138948638509350e-10
9.254943706892106121e-11
9.977834470868376248e-11
1.406397323457823748e-10
1.082472164581900720e-10
9.329921787579126161e-11
1.313895214320494615e-10
1.229940425902351142e-10
9.574149923955485588e-11
9.452455830099713866e-11
9.660497071579900559e-11
1.266191652144837201e-10
1.531055389070821993e-10
1.257487088391284442e-10
1.011176598720340367e-10
1.748037703763951979e-10
1.274598225628751384e-10
1.242730570536839198e-10
9.248383954798009118e-11
1.516274105005912131e-10
1.185178528161646564e-10
1.401813364000524582e-10
1.054738994783033022e-10
1.865133253047857191e-10
1.093986544768543753e-10
1.454431208609380169e-10
1.425204445321836176e-10
3.873858191298702929e-10
1.196697020407828295e-10
1.333048616594715812e-10
1.138253646746607039e-10
1.520039694623543115e-10
1.689564434120892569e-10
1.145437517844747896e-10
9.341218624275226678e-11
1.048970109248243470e-10
1.036285370434950409e-10
9.506824592033915614e-11
9.642250814718556019e-11
1.080648240940336003e-10
1.089336853479380474e-10
9.182952336416012260e-11
1.077614650842053938e-10
1.158256022581488357e-10
9.389964818049905290e-11
1.114570449435037733e-10
9.888277360820552544e-11
9.283193229331940337e-11
1.082335216518894675e-10
1.797810528467496233e-10
9.894388002249727082e-11
1.497668466765961741e-10
3.462299079066369786e-10
1.741875141826794984e-10
1.384753222392238357e-10
1.061488996736785034e-10
1.144112042551177837e-10
1.235163722881715047e-10
1.060497650667987102e-10
1.208933402905092670e-10
9.577890296022936079e-11
1.138869571474561902e-10
9.318532494003205462e-11
9.898999349711825618e-11
1.041857318574283089e-10
1.671786176147444571e-10
1.193087038941360562e-10
1.108256304082792811e-10
1.089656917509359376e-10
9.548482885435036591e-11
1.217668504828757693e-10
1.090338884858180170e-10
9.535098257137516043e-11
1.374835610602761670e-10
1.790743139639697743e-10
1.016118512585186801e-10
1.087125039675348959e-10
1.662685397042476420e-10
1.246571285051697293e-10
1.173108665695917899e-10
1.521621828503307618e-10
1.368517083955364964e-10
1.211151457012414851e-10
1.017906166773006280e-10
1.252474567529316259e-10
1.420251787803152423e-10
1.419265233902247908e-10
1.057497121768521569e-10
1.253652056146086306e-10
1.264082984794868672e-10
9.375678034669453990e-11
1.567696935584950199e-10
9.865945422268564805e-11
9.639032346005140156e-11
9.219992414622431992e-11
1.163115749264472629e-10
2.239316159710544413e-10
1.119864385685767381e-10
1.259816829396872466e-10
1.043619449873922362e-10
1.463502254640321270e-10
1.166983901542446882e-10
1.059699674815482574e-10
1.528146938999190773e-10
1.293082406176796312e-10
1.219385546951286465e-10
9.827725637655947370e-11
1.002553626808020942e-10
9.533236665820648765e-11
9.475781086544494736e-11
9.630638030287917904e-11
1.832067727754270535e-10
9.375261784713848176e-11
9.210094200307134573e-11
1.141312839318683922e-10
1.228212284156092798e-10
2.182323245855746776e-10
1.115226688692914036e-10
9.555224157252249197e-11
2.052883461188988745e-10
1.219993450304612317e-10
9.552877784942121507e-11
1.077318394442773832e-10
1.170819777991104923e-10
1.134565504912251493e-10
1.196887095731873611e-10
1.227581386858659773e-10
1.127361948224414266e-10
1.315650621405973076e-10
1.311314352248425782e-10
1.918635397990029938e-10
1.305576175344458660e-10
1.353730882129805439e-10
1.009246442135228500e-10
1.258482298729229143e-10
1.100937187623918256e-10
9.759444204105570197e-11
1.191939115876851163e-10
1.132617087059741691e-10
1.220579482696316644e-10
1.253845727381331077e-10
1.032789552534429459e-10
1.008540761942071768e-10
1.298240418907555919e-10
9.470482142193439147e-11
9.265948471620375369e-11
9.368102956772415536e-11
9.541201415075944011e-11
2.090110601987044497e-10
9.516325789630257472e-11
9.277410392272738237e-11
1.081520273761419883e-10
1.972032445505985705e-10
1.076346910447855950e-10
1.729089509859657654e-10
9.322861216159495188e-11
1.086307612198615538e-10
2.105516775105319882e-10
9.502458528280245545e-11
1.032289304524676316e-10
9.621564346474723015e-11
9.414063635270755413e-11
1.092787243040521380e-10
1.000121855053974411e-10
1.163926847849410319e-10
2.642185185907608426e-10
9.330018255029229914e-11
1.031030389485148581e-10
1.099510586050171245e-10
1.001547690395045737e-10
9.287100513087489129e-11
1.029550365360040571e-10
9.460098844324762963e-11
9.571131548887847748e-11
1.096505948112181055e-10
1.444824678044780823e-10
1.025876166913040202e-10
1.157908691811768388e-10
1.014743472727744990e-10
9.258861420196334713e-11
1.240491824299926066e-10
9.480792073162861931e-11
1.342746018670237107e-10
9.440654950393134586e-11
1.289340162580788576e-10
1.034512314280396348e-10
9.726626881347020513e-11
1.291718729633676800e-10
1.015131814111508355e-10
1.106914106351301420e-10
1.125388978052102784e-10
1.217896462540813104e-10
1.105756182031147404e-10
1.151485937982542809e-10
1.499152331259332259e-10
1.119717741897600844e-10
9.281352109373985264e-11
1.136743667732312534e-10
9.644062742697181251e-11
1.056779345985168204e-10
3.680027622003995999e-10
1.102489995853744110e-10
2.684642187013248898e-10
1.224219826188817962e-10
1.087244583800260331e-10
1.105418023187879571e-10
9.818688509167764606e-11
9.523813395932116479e-11
9.189357426972428873e-11
1.861903415869296632e-10
1.087835103686075993e-10
9.180718599532791105e-11
1.113850536267368462e-10
1.257495756131843342e-10
1.083852093894574478e-10
9.269247671607874015e-11
1.826742625542607373e-10
1.105573254877358984e-10
1.161546485731551417e-10
1.024988024777435667e-10
1.036518546888911065e-10
9.633374311047711892e-11
1.152590197977156705e-10
1.078017105169231530e-10
9.685297309203079416e-11
1.983945277412285678e-10
1.017846572900968191e-10
1.166793536808168315e-10
1.367939733243733062e-10
9.894372729763596886e-11
1.149369747866813625e-10
1.157647801095400286e-10
2.632171655755418094e-10
1.622034019484095518e-10
1.461385416056222016e-10
9.862790916161180903e-11
9.521997255935102528e-11
1.088730190601110333e-10
9.515883322521140139e-11
9.378783389417101338e-11
1.411064526084712264e-10
1.496865985662485979e-10
1.162073317655765391e-10
1.444034958523830173e-10
9.260803550090793159e-11
9.423184410818876053e-11
1.238790368594002301e-10
1.003679348794202682e-10
1.312487262847762745e-10
9.940295530061591076e-11
1.212421522672233992e-10
1.068945537827539601e-10
9.510635553913663028e-11
1.125102393600857408e-10
9.686931050093243615e-11
1.355284508390688973e-10
1.262933747203186810e-10
2.143782317649546654e-10
1.147549320710211797e-10
1.340278240750659804e-10
9.208907090060030576e-11
1.006087037954042720e-10
1.179815846008715960e-10
1.174224035924759117e-10
1.092071591758206497e-10
1.058043095311009010e-10
1.158221426668748607e-10
1.213052924516349166e-10
2.900323335404126572e-10
1.374226212354462433e-10
1.060612630893536707e-10
1.172601970706607873e-10
1.165796321872965355e-10
1.546595392961025459e-10
1.166129691578835240e-10
1.121277882924260090e-10
9.222867492048887143e-11
9.436580492026986507e-11
1.071134600111720688e-10
1.487638569238066187e-10
1.117120595900672357e-10
1.691643160944242413e-10
9.819887730556409720e-11
1.633506973800720610e-10
9.996769571853671946e-11
1.345968394068822819e-10
1.012569346490588565e-10
9.187141349204071972e-11
1.105110275415727826e-10
1.161388528124466602e-10
1.668100600855074170e-10
1.035419722926891223e-10
9.494734522698856218e-11
1.145237303924793294e-10
9.467577727985621818e-11
9.701297587956196825e-11
1.159451687188326186e-10
1.152211966210291573e-10
9.784996426824307465e-11
1.201804358670089886e-10
1.093870443346140315e-10
1.035965594741630692e-10
1.061491869026135246e-10
1.075634474157247238e-10
1.084876874280247962e-10
1.196662105741960124e-10
9.668728444727568601e-11
1.524347605601648160e-10
9.855820308714211716e-11
9.357203380552826539e-11
1.100640866038000349e-10
1.391327930374057715e-10
1.086653783140788683e-10
9.379935663322717185e-11
2.715067898139405552e-10
9.717492028116398498e-11
9.199779756615227407e-11
1.014018718926346076e-10
1.238166700205215454e-10
1.345686020208367195e-10
9.382271838608115884e-11
1.286150613614793781e-10
1.154061996149941435e-10
1.105670264999339016e-10
2.186424700747788317e-10
1.029334987665161720e-10
9.457684172356979473e-11
1.276230943244318526e-10
1.097730980161092173e-10
1.263197708851796925e-10
1.053879398086887605e-10
1.202440636192241651e-10
1.088085287027057893e-10
1.157144509375754945e-10
1.852590202236663208e-10
2.091800858575463473e-10
1.354015269393641989e-10
1.675756509823952521e-10
1.814416976841177995e-10
9.428729636644600801e-11
1.145059907615701837e-10
1.272244382268317592e-10
1.327110429870092715e-10
1.078085112631864082e-10
1.565455486868595097e-10
1.453532615984080294e-10
1.426110873667127659e-10
1.430637687711424853e-10
1.992876227641496580e-10
1.619005040082403068e-10
1.516504307238903018e-10
9.215702705328686302e-11
9.503961538156931075e-11
9.280996768735437752e-11
1.603323673056056837e-10
1.339356339044755333e-10
9.502569283475334919e-11
1.037116676577940782e-10
9.573253930768005284e-11
1.035494575085219062e-10
1.342449019064727229e-10
9.188102793319305103e-11
1.368868910337974111e-10
1.032658625749407106e-10
9.811505872988783229e-11
1.728851472924912522e-10
1.230938697006657571e-10
1.211597967334210958e-10
9.500227361633970144e-11
1.059478161286821349e-10
1.730969369110988780e-10
1.019743140383155684e-10
1.088968958967095675e-10
1.085478379519085546e-10
1.364966797117951688e-10
1.531020991645620736e-10
9.419517895025356227e-11
1.099505015652100995e-10
1.154591815184505774e-10
1.180056734665696910e-10
9.719369240949735316e-11
1.189865214433332096e-10
1.056423182424665450e-10
1.118432862213337267e-10
1.074638926488889861e-10
2.494794573641947418e-10
1.205125470741945428e-10
1.083059316392587957e-10
1.124778885837909806e-10
1.044406316093532732e-10
1.047169352500163962e-10
1.110532020966973431e-10
1.029792249464579831e-10
1.410912267894876699e-10
1.302067164339528560e-10
1.195259609501653807e-10
1.316732141239638748e-10
9.972527005925398218e-11
9.663568964264717859e-11
1.484028246705651057e-10
1.063834828200284137e-10
9.458875689750343599e-11
1.183835934348822024e-10
1.168620710201412381e-10
1.035067413888936649e-10
1.022074633344231287e-10
1.004785885425752392e-10
2.379727624783205866e-10
1.325098657757856413e-10
2.087902738507903695e-10
9.431310061697041970e-11
9.211053547753201160e-11
2.752512468692992161e-10
1.178748348465969596e-10
9.794184026805439379e-11
9.335627944083205738e-11
9.731710609759693661e-11
9.493831974901748873e-11
1.782383233386643037e-10
1.716147038155687253e-10
1.174823427366142479e-10
1.037487424056114138e-10
1.144597489047507748e-10
2.354096471754929595e-10
9.569276092569452597e-11
2.314161419531279881e-10
1.155025387824128546e-10
1.277466190660713792e-10
1.165796321872965355e-10
9.994196242468662514e-11
1.295357234515428704e-10
1.984651412176538055e-10
1.380946307819059501e-10
1.100874590286728764e-10
1.176125130449747063e-10
1.181685531543760738e-10
1.431425026692306486e-10
1.157790232505029482e-10
1.286221028099703211e-10
9.755161767247176705e-11
1.803932848577728980e-10
9.592650718810711882e-11
1.739767933859687358e-10
1.449387782647334663e-10
9.483328398017830276e-11
1.073363844898854209e-10
1.152209292807674246e-10
9.880909645394891448e-11
9.739068599998691476e-11
1.063530914707370035e-10
1.386029636777354449e-10
1.375593592075862345e-10
1.208164193031407663e-10
9.234862884008075848e-11
9.180620760770545789e-11
1.248916344307378065e-10
9.299797325416512587e-11
1.180026625936670909e-10
1.187095516363681678e-10
1.395585989733702447e-10
1.189702753039305469e-10
1.868883549118211515e-10
1.327999628484556853e-10
9.456047607713937213e-11
9.178484386999138657e-11
1.447790430900516248e-10
1.051063716478567140e-10
1.032599777519353336e-10
9.523560733733150722e-11
1.031327938675334557e-10
1.050763818239772123e-10
1.237801406586239913e-10
1.020782411618525148e-10
3.165918745725172137e-10
1.370630301804339093e-10
1.146086323028502393e-10
1.625346935090000272e-10
9.468355489085926324e-11
1.037121073472486548e-10
9.462179477697235883e-11
1.297852624392337488e-10
1.099850333650430972e-10
1.016146862172913408e-10
1.139529745997606567e-10
1.250458913979175442e-10
9.897426816625728360e-11
9.281222895973653259e-11
1.018388764672839744e-10
1.323853851241685337e-10
9.708085671541218033e-11
1.237491272338202869e-10
1.075963778882215184e-10
1.353649619023834013e-10
1.265465297404782014e-10
9.513528462551622690e-11
1.503070903516324196e-10
1.109288966051701386e-10
9.406818910688623614e-11
1.189850918609528824e-10
9.296926947241525671e-11
1.233423095378896439e-10
1.023153360006183670e-10
1.028408118580788329e-10
1.064482541190354309e-10
1.209641978956213565e-10
9.340817092565921160e-11
1.055922645531288600e-10
1.278861459168970110e-10
1.205080487922766055e-10
1.197338257242635900e-10
1.461246442032416894e-10
1.010161681649974601e-10
1.186780331301323830e-10
1.980419621250207276e-10
1.433287918419545407e-10
1.421861722662557028e-10
1.157617182995722017e-10
1.270700436910715447e-10
9.684877165426082072e-11
1.002479646573087118e-10
9.909101097651582465e-11
1.106853189391982314e-10
1.184227498660428182e-10
9.668962200981555060e-11
1.693039192414864554e-10
9.303118256356985926e-11
9.637094561884797156e-11
9.210012895657155805e-11
1.043584465993238610e-10
1.221105558002396981e-10
1.049988371769533007e-10
1.223206610626129559e-10
1.800480543937294048e-10
9.484944995352757784e-11
9.604193958396791533e-11
9.365827785684962640e-11
1.118434234171454415e-10
1.060790828691785856e-10
1.152290829145935304e-10
1.066563778716488914e-10
9.231082317924007942e-11
1.044675771358359612e-10
1.037904925697704303e-10
1.008103624159394226e-10
1.452194731919917382e-10
1.058443415268276081e-10
9.914712675903342497e-11
1.106230006526827925e-10
1.316039772556869346e-10
1.462596606253759225e-10
1.218078547186187981e-10
1.211436779644539536e-10
9.936005290878685021e-11
1.077925005746027498e-10
2.324156237479004921e-10
9.752470875274612538e-11
1.088544762382343913e-10
2.841113525529029473e-10
1.537348123672788493e-10
1.171888324576618002e-10
1.568966594163212813e-10
9.591552223361161509e-11
9.584770499591443588e-11
9.526213394366156213e-11
1.731428993007299215e-10
9.195856311359891315e-11
1.132693071964885934e-10
1.167957773743691094e-10
1.049280611373719055e-10
9.517495080346062090e-11
9.262098105387328131e-11
1.004062385473182357e-10
1.415256057507408174e-10
1.037478632967851444e-10
9.411048252519662192e-11
9.766026983174172085e-11
1.834097864509595692e-10
1.015729008698621999e-10
1.081473649006149152e-10
9.599992119574218901e-11
1.045252346969837428e-10
1.123363776857975119e-10
1.031308791731615439e-10
1.009341000497196511e-10
1.397244480539509609e-10
1.153622765651289527e-10
1.031448704537166945e-10
1.145210427241696553e-10
1.319249107814338273e-10
1.176618686007701408e-10
1.549827281535757116e-10
1.152193252277989187e-10
1.082714963055580906e-10
1.108055756713980897e-10
1.083732222395103743e-10
1.330826722996836444e-10
1.251711415389421597e-10
1.514799665072667752e-10
1.042579699104081986e-10
1.133070216734814464e-10
9.718640113318495721e-11
1.291216705318199133e-10
1.069173896773092658e-10
1.136795065593366620e-10
1.133314352616006048e-10
1.332467257665362488e-10
1.409405704249810610e-10
1.107082997125141139e-10
1.457266659748454618e-10
1.654007527003693397e-10
1.271084430442455554e-10
1.500009985815720189e-10
1.214861181355744696e-10
1.043740427884816051e-10
1.109020858951852710e-10
1.184510659585175096e-10
1.152052889307375145e-10
9.740245427077433176e-11
2.131601197560578800e-10
9.282854099663448195e-11
9.206467402084249576e-11
1.324995751547008706e-10
1.688440512220933685e-10
1.036420295740196906e-10
1.572480004172192078e-10
1.076112788673824610e-10
9.722812558784790286e-11
9.953992151813063204e-11
2.505876429275478451e-10
1.480734379799025028e-10
1.045253802616583680e-10
1.167690921535619387e-10
1.133837733365157499e-10
1.107777704029083507e-10
1.114716309594169507e-10
1.128572594006048756e-10
1.069804516686752526e-10
1.043195201087165957e-10
1.230960143856206476e-10
1.217195914873526096e-10
9.555665030007109809e-11
1.751710011440397038e-10
9.659732864005592099e-11
1.062851134963292330e-10
9.716747260735965254e-11
1.025689712883620325e-10
9.212809414927820358e-11
1.620997146723313591e-10
1.090237876211680084e-10
1.265955319102790408e-10
9.262567342585921470e-11
1.065360415528010781e-10
9.941056041673470014e-11
9.861703478884462796e-11
1.066422184110565814e-10
1.148835141954986781e-10
9.274404656145058937e-11
1.026834605363939617e-10
1.091875451290042816e-10
1.203779205809451939e-10
1.411884905540822028e-10
9.305745248341612661e-11
1.341396195151014794e-10
1.021546035046567834e-10
1.551749576915832512e-10
9.878386397486259005e-11
9.780692925348785786e-11
1.010677496892249349e-10
9.725557142469493895e-11
1.029106290101227564e-10
1.236208578144220034e-10
1.455587540713813480e-10
9.388205995306649898e-11
1.019836846601692152e-10
1.000445583408168224e-10
9.416232911743635156e-11
1.036863094729166317e-10
1.020935473472848190e-10
1.009857182521985170e-10
1.945447737510831920e-10
1.880574081040718558e-10
1.208644999400086451e-10
1.241536511253013967e-10
9.358277802675757633e-11
9.531374756369414797e-11
1.029463333915445731e-10
1.093047632724424843e-10
1.071493603120305103e-10
9.447272665590796300e-11
1.062828182174185741e-10
9.177065333418677617e-11
9.978304441535352211e-11
1.109856778928084906e-10
1.031722591008343081e-10
1.255666942946107701e-10
1.167718666082122614e-10
1.529577775080503616e-10
1.102690039590710300e-10
1.419422276415262856e-10
9.423901626604262667e-11
1.115122153287267360e-10
9.536375945088914610e-11
9.930434689852003905e-11
1.117554506744343526e-10
9.887345197621643054e-11
1.276051250416700339e-10
2.030365207932855025e-10
1.015742442042697177e-10
1.172765186888017238e-10
1.007583649891845384e-10
1.054070151473678129e-10
9.418194454394478372e-11
9.348299162450218007e-11
1.225927570012008807e-10
9.227121817402640645e-11
1.003495325067900860e-10
9.446079867663055957e-11
1.074566465708503549e-10
1.247875818405338496e-10
9.496476069416094432e-11
1.141630896135538032e-10
1.376949490028427860e-10
1.178077291403548487e-10
9.515425034036583567e-11
1.762069278391108008e-10
1.454701563725912308e-10
9.982790928396418383e-11
1.447441215174441020e-10
9.812951998228995533e-11
9.830444574212873831e-11
1.294646424600365646e-10
9.272901468402559383e-11
1.644566214498949801e-10
3.134038352712721713e-10
1.862439135339649619e-10
1.049599735377707788e-10
9.350225027466163255e-11
9.830797834046599257e-11
1.404542605102981313e-10
1.701931243073407430e-10
1.360390399781142141e-10
1.008705959855031214e-10
9.293942867015334682e-11
1.154029959965534431e-10
1.819800514185204950e-10
1.526535192747062741e-10
1.333757950547972695e-10
9.920946198224945244e-11
9.300555104901568037e-11
1.116392502756274450e-10
1.743394077488709483e-10
1.038421838131474420e-10
9.764497528756156671e-11
9.476130027791304525e-11
1.522298697130522248e-10
1.218003424239743818e-10
9.672047320236287209e-11
1.424754927204444227e-10
9.482694372453393175e-11
1.099577428901035595e-10
9.826650170372508545e-11
9.746127697309350698e-11
9.811752035136283614e-11
9.225741785463277413e-11
1.131818976082204826e-10
1.128289440161359519e-10
1.404279558221908415e-10
2.248648490132183079e-10
1.192790098446113927e-10
3.798898985699846197e-10
1.286225884146744157e-10
9.463592809429138823e-11
1.132473246275687892e-10
9.303843564398929475e-11
9.444250654826401937e-11
1.166626945370018589e-10
1.012754919560391570e-10
1.355189409536109264e-10
1.023151876884110957e-10
9.692001891002915882e-11
9.530427900687472849e-11
1.084373752389760390e-10
1.135234639986208400e-10
1.336568513915169190e-10
9.651884978249030050e-11
9.257501717151667970e-11
9.604930682268690916e-11
9.731710609759693661e-11
9.518332468070822018e-11
9.350610158820190404e-11
1.172729649573553223e-10
1.311406261390334335e-10
1.173536246222148328e-10
1.612950081508145050e-10
1.773677306706603326e-10
9.398163523808380440e-11
1.134596666638290137e-10
1.581364850419783720e-10
1.626932981715863266e-10
1.091478873165251535e-10
1.255798358143892557e-10
1.054981593483743927e-10
9.904066610041246067e-11
1.088990024564830064e-10
9.458939233655703514e-11
9.931119747225908990e-11
9.456365406645113803e-11
1.189340069171346646e-10
1.096457089440143889e-10
1.199951808471860876e-10
1.313171732777588826e-10
1.193429283129124563e-10
1.035804207244582894e-10
1.243107104224695646e-10
1.351200435495968160e-10
9.897793251636571261e-11
1.069687548429438813e-10
9.300861425955510927e-11
1.187240060225451731e-10
1.206335599811453368e-10
1.163474973236188794e-10
1.017995551857441643e-10
2.042619596093149660e-10
1.427296125026013671e-10
1.002917419280348934e-10
1.267168578184673679e-10
9.897686375984610302e-11
1.147829654016427316e-10
2.203673316397822773e-10
9.425447462662975078e-11
9.857015576313141759e-11
9.609052288849513507e-11
1.352313970620117464e-10
9.961859108486007947e-11
1.204418427924575253e-10
1.405491014576224615e-10
1.332074067337076652e-10
9.760077926909850824e-11
1.678199405680873912e-10
9.234392415239580561e-11
1.229394926567018241e-10
1.516485387660722413e-10
9.509196717046506666e-11
9.196963489871856735e-11
9.369784990707584492e-11
1.595490269395935798e-10
1.463667062430618072e-10
1.262115652845778557e-10
1.610535485841095394e-10
1.046707108843939248e-10
9.193315872754321818e-11
1.087431612122337104e-10
1.150054101000962329e-10
9.781433430693179348e-11
1.501612691927758932e-10
9.794615473553665020e-11
1.125897849247018467e-10
1.011919606260821963e-10
1.335375361824314636e-10
1.319951871503089054e-10
1.242158698906900392e-10
9.525723963951459750e-11
1.442979215345957572e-10
1.014830113996584339e-10
1.178229357069733894e-10
1.148504086324805323e-10
1.082281562628739590e-10
1.019344432875660859e-10
1.164922815154756108e-10
9.205279882603529796e-11
1.020373652907355302e-10
1.068632902303543095e-10
1.139374520331805268e-10
9.952138524805522000e-11
9.396278215991687090e-11
1.287996058598250453e-10
1.413790426054763659e-10
9.286874511079504392e-11
1.028047800247675741e-10
1.380907519199317401e-10
9.843906672011066610e-11
9.848308673194693692e-11
1.153782988254413551e-10
1.462131118196674580e-10
1.404834828867909660e-10
1.209274282301006869e-10
1.244603495925414649e-10
1.006994262256858808e-10
9.402332394051818690e-11
1.302752820875264542e-10
9.229589189091065904e-11
1.142455326545769819e-10
1.572287540912868777e-10
1.256623767161182614e-10
9.972618011859984384e-11
1.362099032671071820e-10
1.079522309241448637e-10
1.018658277016821088e-10
1.041927386782082614e-10
1.169892837711454149e-10
9.404583869590609525e-11
1.308024590104307809e-10
9.279656058227834412e-11
1.001668570308940874e-10
9.619216485294064679e-11
1.423548939696286932e-10
9.406212302624027614e-11
1.219493666302816273e-10
1.240054430597441340e-10
9.798420730105632522e-11
1.033992222659905401e-10
9.428251712340080257e-11
1.077786135136246398e-10
9.256255169168251577e-11
9.246245081681366343e-11
2.518918747917507397e-10
1.416522892190510681e-10
1.242856926854859816e-10
1.162219254265327684e-10
1.077830065287345116e-10
9.977061251171778537e-11
9.465085341304113473e-11
2.035643561165335925e-10
9.431803776323520986e-11
1.151372250894540612e-10
1.207431763470826709e-10
9.281158288683216988e-11
1.634783957546107631e-10
1.008630872829479784e-10
1.115684617779272343e-10
1.285579889009313849e-10
9.658875016974343450e-11
1.257114326079134603e-10
1.034629817418650160e-10
1.204276975775859194e-10
1.194989036410864501e-10
9.886764466918472162e-11
1.642537390397076629e-10
1.256931005482788722e-10
1.922934708766556184e-10
1.528879723544879611e-10
9.610885358202000359e-11
1.531977613382722980e-10
9.311995847158820319e-11
1.718266381504438623e-10
1.105706295433551248e-10
1.139649864466201540e-10
9.930541257048296348e-11
1.550149011884873665e-10
1.325441627969883656e-10
9.866052598719564960e-11
1.340825028207848268e-10
1.194534508319664208e-10
1.118044538870033189e-10
1.143326340057389431e-10
9.419486006802697246e-11
1.341685208796127085e-10
2.007946947059021255e-10
1.139415015767636925e-10
1.545231087173094017e-10
1.319183800638499588e-10
1.150236178008471704e-10
1.273240515319218261e-10
1.906091048691391694e-10
9.244624434996994986e-11
1.405961640241901151e-10
9.615944295729143933e-11
1.439980599779811355e-10
9.828048257760554174e-11
1.543046002841968138e-10
1.018005979669960456e-10
1.095737948604369652e-10
1.068528672676256845e-10
1.177530499647269994e-10
1.327976017726527382e-10
9.395271517799616813e-11
1.089866037723107759e-10
1.091693293246134507e-10
1.192327053415716347e-10
1.444765462182717006e-10
1.906564270335439861e-10
9.328136982301651610e-11
9.256174219415165759e-11
9.285421526103102521e-11
1.040650914831355540e-10
1.364932221575112385e-10
1.187562949449516463e-10
1.087728268494437450e-10
9.501714857001307478e-11
1.117550388030722418e-10
9.347480564687129428e-11
1.243554811744464649e-10
1.005865765281210225e-10
9.993287870136954800e-11
1.437752000877262666e-10
1.322541672899492844e-10
1.705435158246094830e-10
1.413186807264980982e-10
9.870843876440319143e-11
1.199758287364712153e-10
1.099663762321607091e-10
1.378753253932724521e-10
9.648762994740563007e-11
9.207703581348673561e-11
1.033145482293290441e-10
1.051938354221582798e-10
1.025846573015222253e-10
1.214632725283507224e-10
9.426196396231541131e-11
1.177934386460482163e-10
1.340925700129150258e-10
1.417117460262591401e-10
9.294975292307459971e-11
1.857093463624302402e-10
1.299357471336780220e-10
1.110965422626550511e-10
1.027888279799688618e-10
1.169631648907386571e-10
1.214019919972126616e-10
1.227343620498000437e-10
9.830889986959125985e-11
1.017995551857441643e-10
1.480697888371710602e-10
1.080570477167763454e-10
1.155069404158904901e-10
1.012049882975704130e-10
1.306366811584610166e-10
2.197617867696551471e-10
9.823807368078410099e-11
2.160704008310322578e-10
1.483559004504542343e-10
1.006774668273606722e-10
9.978668276492182594e-11
1.541978341772019377e-10
1.072770629722430573e-10
1.239430064758852304e-10
1.141174002072875332e-10
9.570361101004453188e-11
9.594831690696224661e-11
3.245233536443333183e-10
9.316069647564262265e-11
1.042452766980527837e-10
1.109431288533201045e-10
2.250985581091316553e-10
1.029706710768476514e-10
1.128552176337460517e-10
1.374184966337128253e-10
1.028229449938010573e-10
1.311963563663052373e-10
1.553341494039399833e-10
1.227801411313044133e-10
1.175203166342491098e-10
9.979744553616232907e-11
1.184581114391086979e-10
1.075468368912098352e-10
9.892280204137311335e-11
1.324410117551438884e-10
9.472782900683557430e-11
9.866144463438160579e-11
1.016349765335454591e-10
1.450349826395245923e-10
1.682118091724883903e-10
1.217473628689371894e-10
9.245937177938227997e-11
1.398620352657133807e-10
1.178304072699854746e-10
1.137077717490925268e-10
1.490721705560728204e-10
1.882062469821017248e-10
1.056747627176105023e-10
1.105052044428455120e-10
9.646920609815551127e-11
1.192967751841795930e-10
1.086697399462420391e-10
1.302129618990043226e-10
1.101490690779265411e-10
9.992727671183601672e-11
9.240766295606962248e-11
1.166975970221015395e-10
1.054941163756938280e-10
9.423216288090267307e-11
1.025004313442349260e-10
1.082340864161424208e-10
1.503871545448418544e-10
1.331692552113928107e-10
1.371228471338049001e-10
1.274385287167002550e-10
1.436842084255239773e-10
9.199584432981803948e-11
1.508600011125284134e-10
1.460955427706479262e-10
1.101875774259516029e-10
1.226826212921645261e-10
9.664675883653712358e-11
1.656155423362948704e-10
1.425551765712265330e-10
9.524066052266095104e-11
1.043556769693257722e-10
2.024707550098819158e-10
1.256359836608258346e-10
1.263399964556490778e-10
9.290619066542175050e-11
9.644515678150953695e-11
2.422259725396884860e-10
1.408329525066308751e-10
1.152602224767388350e-10
1.031587128233154838e-10
1.126083339356264336e-10
1.126148800070861708e-10
1.108700161544862128e-10
9.296668897735884988e-11
1.168290603706880917e-10
9.906919761207075164e-11
1.284176420894854100e-10
1.569714292164898323e-10
1.205211576612293666e-10
1.327295870199516392e-10
1.322998932875552594e-10
1.089975496050401980e-10
1.215073012056051650e-10
9.479016292451171720e-11
9.223062384166329660e-11
1.058142467664167159e-10
1.130865483912556848e-10
1.128063416992117105e-10
2.194668333475817521e-10
1.452343196378925473e-10
1.445426585478803860e-10
1.891603729338166570e-10
9.484057481567101546e-11
1.129052996539028903e-10
1.048446135938240474e-10
1.007975906563422850e-10
1.736304169893244336e-10
1.656061029474851106e-10
1.517973097438139635e-10
1.790661345569457337e-10
9.983972884626908391e-11
1.267258363242733714e-10
9.473322318115963509e-11
1.714899628298776458e-10
9.334245887724952681e-11
2.265119173522787647e-10
1.392645500618242500e-10
1.204964811069326380e-10
1.738245293375217150e-10
9.270719042205299938e-11
9.405509871571826757e-11
2.523823013848361790e-10
1.321541378691480418e-10
1.615674783899104217e-10
1.253065917008894761e-10
1.263078068664778063e-10
1.013164870710651803e-10
1.009800173758008573e-10
1.202811447505292862e-10
9.772312539558710857e-11
9.604476113807112726e-11
1.151035144373976577e-10
1.103374671230126480e-10
1.077277281463512752e-10
9.401709562207575015e-11
1.432018597782785745e-10
1.273436475965639648e-10
1.674865396371608700e-10
9.436930701248799759e-11
9.361372176743913067e-11
9.497631668895162105e-11
1.355670642533554583e-10
9.394136871781880735e-11
1.325466460728692738e-10
1.518936905960865144e-10
1.225773097279737873e-10
9.725200539964008706e-11
1.247711258584294500e-10
9.880022749790562022e-11
1.327850874576136876e-10
9.687693380005962147e-11
9.495130353313474732e-11
2.608992111583959774e-10
1.169805780446493261e-10
1.518555856113432997e-10
9.756924413334492228e-11
1.157679749661362003e-10
1.201232230084462383e-10
1.395410775939664594e-10
1.139876574759847565e-10
1.116286688617094319e-10
1.013314451771034157e-10
1.164201078107594367e-10
1.573340236099315931e-10
9.381743843512844779e-11
9.963301300277703625e-11
1.199847310466033876e-10
1.038893159708590171e-10
1.497996790946769647e-10
1.221672074326471775e-10
9.560670836553906734e-11
9.502505994930735920e-11
1.358281769449294802e-10
1.237977160993290643e-10
9.902342164693454649e-11
1.191623754138559473e-10
1.712335321656476057e-10
9.541453668485103525e-11
1.304685609017869647e-10
1.435706735607465086e-10
1.320886799346013109e-10
9.516515412880833250e-11
1.123048033087879859e-10
9.792319369253545895e-11
1.369563132908532169e-10
1.087351460573900689e-10
9.316568701684779308e-11
1.273496483636146729e-10
1.058840724213704944e-10
1.779570688425866826e-10
1.170606229924661797e-10
1.142084936128728774e-10
9.341716502621627199e-11
9.419183063976191619e-11
1.097100475329552052e-10
1.385267552324275219e-10
1.169209417661429186e-10
1.040845248921016292e-10
1.093558454783494589e-10
9.205914327495206283e-11
1.060821004757652927e-10
9.482171273437461340e-11
9.412085384280034330e-11
1.027359344070899889e-10
1.073343933455885268e-10
9.491408975293232516e-11
9.177636240125200157e-11
9.608488205950452334e-11
1.254236714531310366e-10
1.385020649298193696e-10
1.143588741875526211e-10
9.594094288314463617e-11
9.350449689109500801e-11
1.164248764556926563e-10
1.017019392635533365e-10
9.613798838891856413e-11
1.038433550251753113e-10
1.070122556708000015e-10
9.499720933733870957e-11
9.797943218263474772e-11
1.461744740590926282e-10
9.911282014012743968e-11
1.154482398963894289e-10
9.799375692709306958e-11
1.196170619560315441e-10
1.175019223154749946e-10
9.854517629071630221e-11
1.756595968763916715e-10
1.237400856030367367e-10
1.036738482608287886e-10
1.828260368285749705e-10
9.545299810203645345e-11
1.259393970305048323e-10
1.051936906671749161e-10
1.540027750268212447e-10
1.225936432684929810e-10
9.253389170633299514e-11
9.317824282788488066e-11
9.537921589558321827e-11
9.788126607745375088e-11
1.506900231528043175e-10
1.300680476300684227e-10
9.576680315528892219e-11
1.405630307180051874e-10
9.531879712414820075e-11
1.354189358253056220e-10
9.981305732871493484e-11
1.169300472555467858e-10
1.354108119222423900e-10
9.560088517846247084e-11
1.795481615940688193e-10
1.010376132829792301e-10
1.168129482102350134e-10
1.283337344660195804e-10
9.502822433965591060e-11
1.405557292402073695e-10
1.601562878011718583e-10
9.221909220052377845e-11
1.316297961023340038e-10
1.665045306439840026e-10
2.125155261018684256e-10
1.478116806723678076e-10
1.055597978927033605e-10
1.078923562913111737e-10
1.986345239367521329e-10
1.338971951750853529e-10
1.269508551575090383e-10
1.105301586902307220e-10
9.670130908086636483e-11
9.669554361361857138e-11
9.821179056451093607e-11
1.538330366420504521e-10
1.045725338811742089e-10
1.132960340570707421e-10
1.314766028708026649e-10
9.257242706282901584e-11
1.093938986453432541e-10
1.382813878732925121e-10
1.225394440420012974e-10
9.658188691347220458e-11
9.331818820595734346e-11
9.769965522153130838e-11
1.029451532545943187e-10
1.342045521983116179e-10
1.279711638789964770e-10
1.152437849128610735e-10
1.099326749873728698e-10
1.861516911523381555e-10
9.349486820237065198e-11
9.422562785166060569e-11
1.040171519044928642e-10
1.224028398638262414e-10
1.019457513043651038e-10
1.350509593763534843e-10
1.209429316162080326e-10
1.373077793389935360e-10
1.390900590257519643e-10
9.701996781625750366e-11
9.679989877154365332e-11
9.581205271648453569e-11
9.203962067096473624e-11
1.401055417318008195e-10
1.272138970345294269e-10
1.010656508908185017e-10
1.264346736490120602e-10
1.554236706168076483e-10
9.523181729436893171e-11
1.802677313034746566e-10
2.771806545189277206e-10
1.105862877310275339e-10
1.191810643982694634e-10
9.389357257331133988e-11
9.404855292229090436e-11
1.301025466673677977e-10
1.383458692564265900e-10
9.589449082093680617e-11
9.761808888648337753e-11
1.284278536552475397e-10
9.679149170494592064e-11
1.032386428080947786e-10
2.369667870939194795e-10
9.981578538382491054e-11
1.091155071035930671e-10
1.126769147813831321e-10
1.198249175921109214e-10
1.134088501547146801e-10
1.258504571676348292e-10
1.535435016141220918e-10
1.102245454813418155e-10
9.756754345594664753e-11
1.156305263922653822e-10
1.328871788619485959e-10
1.080373925076767012e-10
1.078085112631864082e-10
1.014023203332653190e-10
2.006836736382084028e-10
1.058834967044634208e-10
9.815736033439859483e-11
9.484437853516287567e-11
1.062099205481328290e-10
1.151892456158598271e-10
1.052505659566695932e-10
1.450552003204237480e-10
1.306664988317067969e-10
1.018415569799925249e-10
1.869329991170029919e-10
9.963756691316520522e-11
2.450202033233749822e-10
1.226614893798179626e-10
1.025352244467763898e-10
1.095641566322277156e-10
1.345611334154718577e-10
1.351616652160993840e-10
9.470878859582640244e-11
1.035305233996141995e-10
1.087465358596282414e-10
9.802332479856942459e-11
9.883325318098979997e-11
1.016498936227775644e-10
1.406246868894696443e-10
2.396294321811472928e-10
1.226755354968744411e-10
9.536107800778236994e-11
1.824079445997790420e-10
1.064859259781807971e-10
9.440082072666118511e-11
1.319872352178733129e-10
1.163163474645151863e-10
3.641814615962635928e-10
1.039466690090310384e-10
9.636156802000980051e-11
1.502190402063285595e-10
9.800053358708331170e-11
9.601152489604214557e-11
1.101049854983598030e-10
1.127671186368293632e-10
1.359618068720405401e-10
1.058850799193671567e-10
9.679211447253112698e-11
9.456111168247807837e-11
9.664800600011379831e-11
1.298801457641385620e-10
9.676081606165917032e-11
1.222088558521118640e-10
1.306035034950360405e-10
1.291516730740903001e-10
3.921032847414110602e-10
9.335113711469534820e-11
1.104774717170346994e-10
1.112617617045917487e-10
9.557082000475210828e-11
9.281449018391287631e-11
1.499731931975081136e-10
1.232979729090719285e-10
1.128556259897035340e-10
1.735527188631674570e-10
9.607485320355260598e-11
9.387518377120763460e-11
1.066725376703213344e-10
1.020436090780117782e-10
1.029758329691048635e-10
1.065798399886474824e-10
1.367443869536166648e-10
1.525793059258480965e-10
1.040079417842288507e-10
1.043963403394801997e-10
1.285755987265877877e-10
1.491752088318683437e-10
9.814690178596356571e-11
1.629013357540688609e-10
1.086324500825385853e-10
1.083021216434141870e-10
9.498708007058319969e-11
1.352355799722667513e-10
1.438444565678083132e-10
9.864812351755621937e-11
1.368026004367058010e-10
1.579345304363916258e-10
1.036870424445838118e-10
1.010915833670823859e-10
1.385632716161284185e-10
9.734995198244030294e-11
9.652774581761695597e-11
1.126560580719905895e-10
1.393365568011986719e-10
1.796052761149003768e-10
9.693634643113224873e-11
1.028570521053808828e-10
1.157776921807822603e-10
9.538662790273183006e-11
2.383027791940939777e-10
1.061962832504693707e-10
1.034701782324863281e-10
9.656269872821731271e-11
1.766056431141462685e-10
1.102301036490823242e-10
1.160787055255391567e-10
1.019429244030607820e-10
1.432121373141755284e-10
1.427840231642540550e-10
1.084544301175535796e-10
9.701484043912672750e-11
2.440854348544632213e-10
1.027350477196067586e-10
1.058060378046002500e-10
1.200372300204255679e-10
1.721747771896246121e-10
1.326277440454776420e-10
1.963940892371451933e-10
2.365674805816771642e-10
1.128309861990010311e-10
1.286048628035254209e-10
9.600368469246381817e-11
9.503075578555154301e-11
1.201739941683942258e-10
1.042336035850007446e-10
1.186591445652390121e-10
1.041755128379492405e-10
1.056470773110548887e-10
1.199005875804115981e-10
1.585491208886070647e-10
1.017597735496748788e-10
1.285344248670696033e-10
9.344141320076278090e-11
1.101176419862261108e-10
9.704280507085402188e-11
1.084727509261903957e-10
1.043055209604093577e-10
1.050543555410316211e-10
1.689298578071706159e-10
1.037863914502270292e-10
9.237555508633788902e-11
1.233380276310665478e-10
1.210095379538521969e-10
9.710212888575388567e-11
9.223257272680361463e-11
2.206831844741177841e-10
1.003842230411620533e-10
1.099596924062817171e-10
1.041223597908662039e-10
1.165429783512064309e-10
9.642407027140783215e-11
9.363359799858881700e-11
1.107107913527569714e-10
2.022241248343443617e-10
9.349502868762606604e-11
1.444923366429435677e-10
9.628229540386695585e-11
1.001570356351263550e-10
1.453916540250506348e-10
1.747963446169171584e-10
9.736079519245284989e-11
1.132977975644921033e-10
1.006446703336576678e-10
1.105272476153916270e-10
9.590029840537528206e-11
1.500820541929189368e-10
1.191162909170326045e-10
1.507665287029623303e-10
9.640422964829361856e-11
9.519185589271822397e-11
9.338246931898010388e-11
2.128274883350600286e-10
9.930373793861988494e-11
9.510856896526508619e-11
1.080454529358812208e-10
1.204030042640324275e-10
9.819180512932915942e-11
1.026200171235178599e-10
1.175740398984270483e-10
9.558908046860172194e-11
9.596369093636772459e-11
1.050162347273355701e-10
9.357572224195186780e-11
1.007776037672852067e-10
9.865838244798805130e-11
1.762493230479425763e-10
1.803038696622498371e-10
1.270732338003635002e-10
1.150303111744808717e-10
1.284611578730788523e-10
1.188032824340990999e-10
1.737940252046343428e-10
1.054272432670644594e-10
9.673200123583941281e-11
1.456640727134483085e-10
9.564006767222189442e-11
1.018545119212508898e-10
1.560871905244778941e-10
1.329375501353597348e-10
1.065416245823879309e-10
1.418449704875613312e-10
1.040688907451079602e-10
1.055342513115929279e-10
9.606168893982754911e-11
1.031074584709542343e-10
1.160457656554719089e-10
1.065157114355342286e-10
1.084748646914218608e-10
9.953612334818877100e-11
1.220738342764031785e-10
1.295403081500051936e-10
9.195872594241869053e-11
1.287418771738562304e-10
1.246664862088277120e-10
9.246471952382935158e-11
9.343450865220471816e-11
1.576797373207297072e-10
9.210679575248856565e-11
4.009880798274618659e-10
9.378735375316172256e-11
1.360465531273528356e-10
1.266549770849279977e-10
1.079257651081829978e-10
1.159232319031664022e-10
1.668030974969143866e-10
1.726836381582689756e-10
9.553019526438169160e-11
9.223988072518712797e-11
1.324419584144668492e-10
9.847403872784539911e-11
9.480776219265604573e-11
9.403130843610350287e-11
1.082899853193162922e-10
9.546781158753755252e-11
1.038167070912294029e-10
1.025010236537072259e-10
1.436340643570355989e-10
1.357558183910502625e-10
1.163478949342210958e-10
1.341136387398078082e-10
9.819472629962545869e-11
1.046078868900917781e-10
1.010914334851016891e-10
9.712277607081318376e-11
1.466086350342356278e-10
1.274895553125121948e-10
9.270007635783929493e-11
1.495883363777946271e-10
9.260285683633946931e-11
1.094234098545456136e-10
9.867522344415593913e-11
1.293183906216168860e-10
1.256502340349654089e-10
1.954178883572480923e-10
1.389437468998581145e-10
1.284508270810469227e-10
1.094545918586735254e-10
2.607893484261772521e-10
1.277833752874235884e-10
1.229600776423267551e-10
1.054366337397752303e-10
1.024481482334792980e-10
9.273418718351457422e-11
1.377143911220677314e-10
1.182676239228258785e-10
1.318894040137809983e-10
9.609569339388366984e-11
9.221015837173185062e-11
1.261836679027531011e-10
1.418027295679799836e-10
1.576720168503743278e-10
9.737519953718659130e-11
9.908170648882716311e-11
1.012928493242329735e-10
1.373546660693537320e-10
1.049999970921162329e-10
1.148920907935637289e-10
1.087237552111283807e-10
1.257145290086779729e-10
1.328922521353974468e-10
9.233548763544315829e-11
9.551192495029913206e-11
1.241028042739662317e-10
9.878493455822099977e-11
1.984659718335970991e-10
1.434140208315632671e-10
9.180946886430138361e-11
1.097979189362878921e-10
9.943139582696170386e-11
9.229719034771144553e-11
1.237712265648631059e-10
1.173949225358316831e-10
1.210566553691080044e-10
1.316382427813323470e-10
1.129748106754102857e-10
1.760455600859633733e-10
1.080844749381241839e-10
1.050146400568776216e-10
1.335868707048447264e-10
9.222412729760427209e-11
1.003355024849904178e-10
1.439334892003528172e-10
1.594697835625480899e-10
2.033701155239629668e-10
9.906111187102232878e-11
9.972966861210988245e-11
9.484675579206430915e-11
1.523986578044165038e-10
2.010904886454821428e-10
1.115505866237379393e-10
1.127243409964724282e-10
1.015006364188365738e-10
9.784287002972514637e-11
1.014120361208607304e-10
9.256740854678998512e-11
1.095035165566645545e-10
1.554161608009064075e-10
1.002136859464834215e-10
1.714730666840284282e-10
1.617979380359142806e-10
2.455701938143890009e-10
1.699350774659733846e-10
1.267574411562689706e-10
1.022125104937771204e-10
9.463799235684273051e-11
1.176765667543468129e-10
2.116353380053698910e-10
1.820275390213595336e-10
9.516531214669149986e-11
9.656191865011894095e-11
9.300119791375340157e-11
1.132915573534342468e-10
1.161679208684351592e-10
1.271321155424062037e-10
1.141049979608127986e-10
1.452999119347194288e-10
