Fracture Radii List After Isolated Fracture and Cluster Removal
Format: xRadius yRadius Family# (-2 = userPolygon, -1 = userRectangle, 0 = userEllipse, > 0 is family in order of famProb)
34.8999 34.8999 3
42.3158 42.3158 1
32.1157 32.1157 3
39.3223 39.3223 2
55.6522 55.6522 2
45.2713 45.2713 3
58.772 58.772 1
30.8187 30.8187 1
75.5577 75.5577 1
53.3868 53.3868 3
87.2714 87.2714 1
44.9401 44.9401 1
41.6089 41.6089 3
35.586 35.586 1
34.3741 34.3741 3
40.9032 40.9032 3
87.7822 87.7822 2
42.5821 42.5821 1
47.6847 47.6847 2
62.521 62.521 3
46.8361 46.8361 2
35.3782 35.3782 3
42.3546 42.3546 3
46.3141 46.3141 3
37.3502 37.3502 2
138.255 138.255 2
66.1007 66.1007 1
32.7004 32.7004 1
111.98 111.98 1
34.5727 34.5727 1
31.1657 31.1657 3
55.7142 55.7142 3
52.5541 52.5541 2
79.0588 79.0588 3
40.834 40.834 2
40.9098 40.9098 2
37.4624 37.4624 3
40.6871 40.6871 3
34.7218 34.7218 1
65.7522 65.7522 3
35.7067 35.7067 3
31.4734 31.4734 3
112.998 112.998 2
76.9146 76.9146 2
39.2688 39.2688 3
41.9756 41.9756 3
51.9474 51.9474 2
34.7116 34.7116 2
51.9802 51.9802 3
35.9078 35.9078 2
40.7637 40.7637 3
30.5471 30.5471 3
36.4147 36.4147 3
69.891 69.891 2
36.9807 36.9807 3
46.1302 46.1302 3
60.0911 60.0911 2
70.327 70.327 3
54.5318 54.5318 3
67.4985 67.4985 1
59.3718 59.3718 1
42.8658 42.8658 3
32.2261 32.2261 3
31.1942 31.1942 1
99.6755 99.6755 2
73.8362 73.8362 3
30.9412 30.9412 2
80.9186 80.9186 3
31.4698 31.4698 2
30.004 30.004 3
32.4108 32.4108 3
45.0566 45.0566 2
34.46 34.46 3
31.9953 31.9953 3
33.0267 33.0267 3
181.51 181.51 2
38.6484 38.6484 1
76.2584 76.2584 3
31.3877 31.3877 3
53.101 53.101 3
36.431 36.431 1
46.7606 46.7606 2
36.0105 36.0105 1
46.6848 46.6848 3
153.698 153.698 3
36.4422 36.4422 3
38.677 38.677 3
137.975 137.975 3
31.0549 31.0549 1
63.012 63.012 2
31.6657 31.6657 1
372.443 372.443 3
53.8858 53.8858 3
82.5248 82.5248 2
30.3858 30.3858 3
44.0267 44.0267 3
32.1449 32.1449 1
81.137 81.137 3
53.4959 53.4959 3
41.5844 41.5844 3
52.2065 52.2065 3
38.5125 38.5125 3
31.4724 31.4724 3
43.4643 43.4643 2
31.2177 31.2177 2
31.0264 31.0264 1
67.9095 67.9095 1
31.2894 31.2894 3
35.5069 35.5069 2
34.9212 34.9212 1
122.182 122.182 3
104.599 104.599 1
48.4892 48.4892 3
45.0961 45.0961 1
35.6769 35.6769 1
39.7586 39.7586 3
81.5062 81.5062 3
32.2904 32.2904 2
42.4206 42.4206 1
71.2907 71.2907 1
44.4456 44.4456 2
49.5661 49.5661 3
89.1487 89.1487 3
34.0479 34.0479 3
46.7243 46.7243 1
48.573 48.573 3
39.3542 39.3542 3
41.8992 41.8992 1
68.0097 68.0097 3
40.491 40.491 2
45.6295 45.6295 2
35.0768 35.0768 3
37.1651 37.1651 1
40.7686 40.7686 1
33.725 33.725 3
47.4595 47.4595 2
40.044 40.044 1
42.5857 42.5857 1
46.2877 46.2877 1
39.5759 39.5759 2
30.4419 30.4419 3
31.179 31.179 3
40.0421 40.0421 3
52.3875 52.3875 3
169.239 169.239 3
41.894 41.894 2
82.0262 82.0262 1
34.0427 34.0427 3
46.0549 46.0549 2
52.3258 52.3258 2
34.194 34.194 2
35.4426 35.4426 3
53.8204 53.8204 3
39.917 39.917 2
37.7135 37.7135 2
50.2074 50.2074 1
43.7039 43.7039 3
38.1205 38.1205 3
40.3596 40.3596 1
35.0919 35.0919 1
38.5796 38.5796 3
32.523 32.523 3
56.6872 56.6872 3
32.0339 32.0339 3
38.8031 38.8031 3
39.988 39.988 2
31.865 31.865 2
86.4272 86.4272 3
38.9878 38.9878 2
47.3377 47.3377 3
39.6582 39.6582 3
71.8162 71.8162 3
58.7641 58.7641 3
59.433 59.433 2
30.1873 30.1873 2
80.1977 80.1977 3
37.625 37.625 3
52.5051 52.5051 2
47.4889 47.4889 1
33.3032 33.3032 3
78.7945 78.7945 1
112.188 112.188 1
35.1937 35.1937 1
77.7369 77.7369 3
38.5223 38.5223 3
121.045 121.045 2
40.4641 40.4641 1
31.9449 31.9449 3
54.7368 54.7368 1
39.7431 39.7431 1
31.5339 31.5339 1
121.729 121.729 3
52.8722 52.8722 3
33.9038 33.9038 3
43.4568 43.4568 2
51.6613 51.6613 2
123.502 123.502 3
45.8199 45.8199 1
31.6383 31.6383 1
34.2996 34.2996 3
50.869 50.869 3
100.749 100.749 1
36.1574 36.1574 3
134.737 134.737 3
37.3604 37.3604 2
34.6163 34.6163 2
32.8047 32.8047 3
36.193 36.193 3
53.9284 53.9284 3
33.9135 33.9135 2
62.874 62.874 2
38.0564 38.0564 3
121.761 121.761 3
30.8176 30.8176 2
72.209 72.209 3
32.1836 32.1836 3
45.7289 45.7289 3
36.3475 36.3475 1
36.0771 36.0771 1
39.1635 39.1635 3
34.0815 34.0815 3
31.8727 31.8727 2
41.187 41.187 2
39.306 39.306 3
36.0913 36.0913 3
37.843 37.843 3
32.0399 32.0399 3
49.5587 49.5587 3
62.5782 62.5782 3
38.2265 38.2265 2
35.8191 35.8191 2
32.9154 32.9154 3
39.827 39.827 2
40.2229 40.2229 1
97.0342 97.0342 3
80.1538 80.1538 2
89.7461 89.7461 3
32.6726 32.6726 3
40.2239 40.2239 3
94.923 94.923 2
41.4324 41.4324 3
37.2413 37.2413 3
30.4092 30.4092 3
37.888 37.888 3
62.5049 62.5049 1
40.696 40.696 3
33.1906 33.1906 3
30.3896 30.3896 2
31.3126 31.3126 3
30.3553 30.3553 3
51.404 51.404 3
85.9495 85.9495 3
51.9723 51.9723 3
50.8221 50.8221 1
36.1393 36.1393 1
47.5768 47.5768 2
53.3043 53.3043 2
68.6343 68.6343 2
48.4979 48.4979 2
30.3405 30.3405 2
35.9653 35.9653 3
60.1322 60.1322 3
48.9398 48.9398 2
52.695 52.695 3
72.1274 72.1274 1
34.4273 34.4273 3
40.5832 40.5832 2
58.5393 58.5393 1
33.2777 33.2777 2
43.5974 43.5974 1
34.0165 34.0165 2
39.9877 39.9877 1
32.9554 32.9554 3
33.0104 33.0104 2
32.0033 32.0033 3
63.8796 63.8796 3
31.5072 31.5072 3
55.0058 55.0058 1
95.1001 95.1001 2
42.0398 42.0398 3
33.3846 33.3846 3
45.9019 45.9019 1
36.6707 36.6707 3
42.5554 42.5554 3
43.8973 43.8973 3
35.4607 35.4607 2
34.5689 34.5689 3
104.135 104.135 3
111.081 111.081 3
36.0361 36.0361 3
34.0767 34.0767 1
38.5142 38.5142 3
154.603 154.603 3
30.4842 30.4842 3
35.1008 35.1008 2
66.8077 66.8077 2
40.8936 40.8936 1
30.9489 30.9489 2
58.8065 58.8065 1
51.9585 51.9585 1
32.4853 32.4853 3
31.7154 31.7154 2
33.0368 33.0368 3
54.8669 54.8669 2
78.3397 78.3397 2
54.1618 54.1618 3
35.9894 35.9894 1
100.44 100.44 3
55.5519 55.5519 1
52.9762 52.9762 3
30.4437 30.4437 3
76.9276 76.9276 1
48.4695 48.4695 3
66.4 66.4 1
38.9512 38.9512 3
113.424 113.424 1
41.713 41.713 2
71.1498 71.1498 2
68.4926 68.4926 1
446.574 446.574 2
49.3565 49.3565 3
60.4241 60.4241 2
44.9337 44.9337 3
77.2862 77.2862 3
94.2327 94.2327 3
45.4669 45.4669 3
31.0192 31.0192 3
38.5527 38.5527 1
37.6832 37.6832 2
32.0583 32.0583 2
32.9199 32.9199 3
40.7645 40.7645 3
41.3812 41.3812 1
30.0411 30.0411 3
40.5502 40.5502 2
46.4256 46.4256 3
31.3234 31.3234 3
43.1967 43.1967 3
34.5124 34.5124 2
30.6589 30.6589 3
40.8839 40.8839 3
105.869 105.869 1
34.5524 34.5524 2
75.1672 75.1672 2
361.77 361.77 2
99.7771 99.7771 3
64.8929 64.8929 1
39.4199 39.4199 3
45.3683 45.3683 3
52.373 52.373 3
39.3509 39.3509 2
50.307 50.307 3
32.5091 32.5091 1
44.9793 44.9793 2
30.8781 30.8781 3
34.5826 34.5826 1
38.064 38.064 3
92.3821 92.3821 3
49.0777 49.0777 2
42.739 42.739 3
41.404 41.404 3
32.3222 32.3222 3
50.9907 50.9907 3
41.4526 41.4526 2
32.2373 32.2373 3
64.0242 64.0242 2
105.09 105.09 3
36.3199 36.3199 3
41.2238 41.2238 1
91.4414 91.4414 3
53.2836 53.2836 1
47.5481 47.5481 2
77.4371 77.4371 3
63.4736 63.4736 2
50.4802 50.4802 3
36.4398 36.4398 3
53.7577 53.7577 3
68.047 68.047 3
67.9584 67.9584 3
39.1424 39.1424 3
53.8525 53.8525 1
54.6957 54.6957 2
31.2341 31.2341 3
81.8918 81.8918 2
34.3664 34.3664 3
32.8993 32.8993 1
30.2687 30.2687 3
46.7915 46.7915 1
159.805 159.805 1
43.5822 43.5822 2
54.3501 54.3501 3
38.1848 38.1848 3
71.9841 71.9841 3
47.0837 47.0837 3
39.2954 39.2954 2
78.0609 78.0609 3
57.072 57.072 1
51.1256 51.1256 3
34.1172 34.1172 3
35.4161 35.4161 2
32.2255 32.2255 1
31.8623 31.8623 3
32.8456 32.8456 1
109.683 109.683 3
31.2315 31.2315 1
30.2078 30.2078 3
45.1604 45.1604 3
51.8217 51.8217 1
152.264 152.264 2
43.2444 43.2444 2
32.365 32.365 2
135.771 135.771 3
51.1734 51.1734 3
32.3501 32.3501 2
40.5293 40.5293 1
47.3743 47.3743 3
44.6611 44.6611 3
49.3712 49.3712 3
51.7718 51.7718 3
44.1309 44.1309 1
58.9539 58.9539 3
58.5901 58.5901 2
119.601 119.601 3
58.1103 58.1103 1
62.1938 62.1938 1
35.8607 35.8607 2
54.2422 54.2422 1
42.2113 42.2113 3
33.6741 33.6741 2
48.9892 48.9892 3
44.5174 44.5174 3
51.2195 51.2195 2
53.8681 53.8681 3
37.4452 37.4452 2
35.8137 35.8137 3
57.4996 57.4996 3
31.8289 31.8289 3
30.5522 30.5522 1
31.1868 31.1868 2
32.276 32.276 3
140.424 140.424 3
32.1184 32.1184 2
30.6231 30.6231 1
40.8262 40.8262 3
125.918 125.918 3
40.4608 40.4608 2
98.4083 98.4083 3
30.905 30.905 1
41.1657 41.1657 1
142.371 142.371 3
32.0307 32.0307 1
37.4112 37.4112 3
32.7876 32.7876 2
31.4743 31.4743 3
41.6273 41.6273 1
35.2552 35.2552 2
46.8527 46.8527 3
217.924 217.924 2
30.9495 30.9495 3
37.3257 37.3257 2
42.1088 42.1088 3
35.3495 35.3495 3
30.6831 30.6831 1
37.2253 37.2253 3
31.7635 31.7635 1
32.4661 32.4661 3
41.8933 41.8933 3
70.2712 70.2712 1
36.9766 36.9766 3
46.3995 46.3995 3
36.2278 36.2278 3
30.5084 30.5084 2
52.7974 52.7974 3
31.8939 31.8939 3
61.2509 61.2509 2
31.6412 31.6412 1
56.7627 56.7627 1
37.5624 37.5624 3
33.4621 33.4621 2
56.9592 56.9592 3
36.2538 36.2538 2
42.642 42.642 2
43.9862 43.9862 1
51.0086 51.0086 2
42.5584 42.5584 2
45.9181 45.9181 3
75.3069 75.3069 2
43.5715 43.5715 2
30.6475 30.6475 3
44.822 44.822 3
32.9315 32.9315 3
39.0926 39.0926 1
405.597 405.597 3
42.323 42.323 3
224.536 224.536 2
51.5063 51.5063 3
41.2323 41.2323 3
42.534 42.534 2
34.0584 34.0584 3
32.1658 32.1658 3
30.0804 30.0804 1
113.056 113.056 1
41.2743 41.2743 2
30.0274 30.0274 3
43.1444 43.1444 3
54.1625 54.1625 3
40.9914 40.9914 3
30.5726 30.5726 3
109.086 109.086 2
42.5452 42.5452 3
46.6732 46.6732 3
36.9166 36.9166 1
37.6991 37.6991 3
32.8631 32.8631 1
46.0007 46.0007 3
40.5786 40.5786 1
33.196 33.196 3
127.348 127.348 2
36.4358 36.4358 2
47.0693 47.0693 1
63.4234 63.4234 3
34.5523 34.5523 2
45.76 45.76 3
46.3799 46.3799 1
216.378 216.378 1
87.2944 87.2944 2
71.789 71.789 2
34.3458 34.3458 1
32.1543 32.1543 3
41.338 41.338 3
32.1156 32.1156 1
31.2535 31.2535 2
67.224 67.224 3
75.0917 75.0917 1
46.7129 46.7129 3
70.1992 70.1992 2
30.5204 30.5204 3
31.5315 31.5315 3
52.6617 52.6617 3
35.4907 35.4907 1
58.6884 58.6884 3
34.8536 34.8536 1
50.5795 50.5795 2
39.9407 39.9407 3
32.0824 32.0824 2
43.9652 43.9652 3
33.2065 33.2065 2
62.3277 62.3277 2
54.6025 54.6025 1
147.261 147.261 1
45.6242 45.6242 1
61.04 61.04 1
30.2005 30.2005 1
35.6505 35.6505 3
48.0591 48.0591 3
47.6329 47.6329 3
41.5762 41.5762 2
39.1803 39.1803 1
46.423 46.423 3
50.6289 50.6289 3
259.544 259.544 1
63.971 63.971 2
39.3589 39.3589 3
47.5096 47.5096 3
46.9939 46.9939 2
79.8372 79.8372 3
47.0191 47.0191 3
43.6854 43.6854 1
30.2864 30.2864 2
31.6156 31.6156 1
40.0942 40.0942 3
74.2261 74.2261 2
43.3822 43.3822 1
94.4502 94.4502 3
34.0662 34.0662 3
88.4557 88.4557 2
35.2258 35.2258 2
61.5268 61.5268 2
36.0824 36.0824 2
30.0668 30.0668 3
42.5118 42.5118 3
46.6613 46.6613 1
92.0006 92.0006 3
37.6242 37.6242 1
31.9819 31.9819 3
45.452 45.452 2
31.8106 31.8106 3
33.2989 33.2989 3
46.5155 46.5155 1
45.9724 45.9724 2
33.8396 33.8396 3
49.7522 49.7522 1
41.7047 41.7047 3
37.6614 37.6614 2
39.4201 39.4201 2
40.4106 40.4106 2
41.0641 41.0641 3
49.3538 49.3538 2
33.0896 33.0896 3
77.6974 77.6974 3
34.3003 34.3003 2
31.1188 31.1188 2
42.19 42.19 1
65.4718 65.4718 2
41.1903 41.1903 3
31.2607 31.2607 3
229.331 229.331 3
33.4032 33.4032 3
30.1444 30.1444 3
36.1793 36.1793 3
52.612 52.612 1
61.5026 61.5026 1
31.2753 31.2753 2
56.4997 56.4997 2
46.1109 46.1109 1
42.5522 42.5522 3
152.801 152.801 1
37.2107 37.2107 3
31.7483 31.7483 2
55.6854 55.6854 3
41.9811 41.9811 3
54.6239 54.6239 3
38.8917 38.8917 3
49.8016 49.8016 3
41.2921 41.2921 2
46.3421 46.3421 3
111.998 111.998 2
140.637 140.637 3
62.2183 62.2183 3
92.7939 92.7939 3
107.71 107.71 3
31.5663 31.5663 3
45.4388 45.4388 3
55.3597 55.3597 1
59.9204 59.9204 2
40.5834 40.5834 1
81.6724 81.6724 1
71.0674 71.0674 3
68.5743 68.5743 2
68.983 68.983 3
128.425 128.425 1
86.989 86.989 3
76.9495 76.9495 1
30.2423 30.2423 3
32.0402 32.0402 1
30.6453 30.6453 3
85.4159 85.4159 2
60.9613 60.9613 3
32.0314 32.0314 2
37.7399 37.7399 2
32.4796 32.4796 2
37.6293 37.6293 3
61.2255 61.2255 1
30.0727 30.0727 3
63.5042 63.5042 2
37.4363 37.4363 2
34.0117 34.0117 3
98.3829 98.3829 2
52.0376 52.0376 1
50.5151 50.5151 3
32.0166 32.0166 3
39.28 39.28 2
98.609 98.609 2
36.5632 36.5632 3
41.355 41.355 2
41.1068 41.1068 3
63.1652 63.1652 3
78.3364 78.3364 3
31.5085 31.5085 3
42.1084 42.1084 2
46.1506 46.1506 3
48.0775 48.0775 3
33.4153 33.4153 3
48.8295 48.8295 1
39.0679 39.0679 1
43.4778 43.4778 2
40.3405 40.3405 3
195.688 195.688 3
50.0103 50.0103 2
40.9352 40.9352 3
43.9415 43.9415 3
38.2388 38.2388 3
38.4287 38.4287 2
42.9037 42.9037 3
37.2417 37.2417 3
67.2104 67.2104 2
57.8178 57.8178 1
49.2454 49.2454 1
59.0448 59.0448 3
35.0658 35.0658 1
33.0565 33.0565 3
73.8887 73.8887 1
39.5834 39.5834 2
31.7558 31.7558 2
48.3666 48.3666 3
47.2076 47.2076 3
37.6002 37.6002 3
36.7201 36.7201 2
35.5641 35.5641 1
179.107 179.107 3
59.7502 59.7502 2
140.146 140.146 2
31.5825 31.5825 2
30.2137 30.2137 3
235.297 235.297 3
47.9776 47.9776 3
33.8992 33.8992 2
30.9844 30.9844 3
33.4949 33.4949 1
31.9762 31.9762 3
104.172 104.172 3
97.0317 97.0317 3
47.6785 47.6785 1
37.7652 37.7652 1
45.4044 45.4044 2
175.507 175.507 3
32.4543 32.4543 3
169.966 169.966 3
46.1831 46.1831 2
55.7865 55.7865 2
46.9939 46.9939 3
35.2088 35.2088 1
57.2604 57.2604 2
127.433 127.433 3
64.5588 64.5588 1
42.2068 42.2068 2
47.7776 47.7776 3
48.202 48.202 3
69.0542 69.0542 3
46.3906 46.3906 2
56.5055 56.5055 2
33.6464 33.6464 3
106.546 106.546 2
32.6031 32.6031 1
99.5509 99.5509 3
70.6879 70.6879 2
31.9099 31.9099 2
40.2508 40.2508 1
45.9722 45.9722 3
34.4642 34.4642 3
33.5424 33.5424 3
39.5622 39.5622 3
65.0051 65.0051 3
64.0904 64.0904 1
50.247 50.247 2
30.3603 30.3603 1
30.0268 30.0268 3
53.4717 53.4717 1
30.7618 30.7618 1
48.0752 48.0752 1
48.6166 48.6166 3
65.848 65.848 3
48.817 48.817 1
113.852 113.852 1
59.9957 59.9957 3
31.738 31.738 3
30.0137 30.0137 3
70.5419 70.5419 3
38.6971 38.6971 2
37.4323 37.4323 3
32.1642 32.1642 1
37.3459 37.3459 2
38.6764 38.6764 2
52.5829 52.5829 2
36.6331 36.6331 1
305.887 305.887 3
63.6575 63.6575 2
45.5152 45.5152 3
87.629 87.629 2
31.8155 31.8155 3
37.7402 37.7402 1
31.7766 31.7766 1
57.4674 57.4674 2
42.1332 42.1332 2
36.3218 36.3218 3
45.0282 45.0282 3
53.5956 53.5956 2
34.5723 34.5723 1
30.6467 30.6467 3
36.4722 36.4722 3
59.645 59.645 3
33.3426 33.3426 1
52.5582 52.5582 2
40.4338 40.4338 2
62.1868 62.1868 3
54.8079 54.8079 3
32.1007 32.1007 1
75.6764 75.6764 3
42.8137 42.8137 2
31.4289 31.4289 2
48.8284 48.8284 1
30.744 30.744 1
52.2347 52.2347 3
36.7928 36.7928 2
37.1479 37.1479 3
39.6286 39.6286 1
50.3623 50.3623 1
31.0167 31.0167 1
39.0332 39.0332 1
55.9008 55.9008 1
50.0068 50.0068 3
49.4061 49.4061 3
71.7762 71.7762 3
35.9217 35.9217 2
48.5924 48.5924 3
126.924 126.924 3
69.2228 69.2228 3
68.1917 68.1917 3
46.3776 46.3776 2
55.2338 55.2338 2
33.1933 33.1933 3
35.4112 35.4112 3
34.6488 34.6488 3
42.6376 42.6376 3
48.3966 48.3966 3
33.0911 33.0911 3
94.5964 94.5964 3
30.7824 30.7824 3
32.8869 32.8869 3
30.2073 30.2073 2
38.1824 38.1824 3
51.2609 51.2609 2
38.6229 38.6229 1
51.4264 51.4264 1
106.164 106.164 2
31.9201 31.9201 2
32.6767 32.6767 3
31.1726 31.1726 3
43.4779 43.4779 3
39.3713 39.3713 3
45.9783 45.9783 3
39.774 39.774 3
30.337 30.337 3
38.2573 38.2573 1
37.7937 37.7937 1
35.7846 35.7846 2
70.9448 70.9448 1
39.2081 39.2081 1
34.6856 34.6856 1
42.5926 42.5926 3
58.9866 58.9866 1
71.9006 71.9006 1
51.0229 51.0229 3
50.5025 50.5025 3
34.8254 34.8254 1
40.5721 40.5721 3
171.345 171.345 1
33.629 33.629 3
41.3248 41.3248 2
249.698 249.698 3
78.9445 78.9445 3
47.4554 47.4554 3
82.0162 82.0162 1
32.5961 32.5961 3
32.5529 32.5529 3
32.181 32.181 3
98.6581 98.6581 3
30.1203 30.1203 2
44.523 44.523 3
47.1574 47.1574 3
38.5741 38.5741 3
32.1258 32.1258 3
30.5284 30.5284 3
35.5161 35.5161 3
67.5989 67.5989 3
37.7646 37.7646 3
31.4554 31.4554 3
33.7167 33.7167 3
109.911 109.911 3
36.2938 36.2938 3
40.8229 40.8229 3
32.6499 32.6499 1
38.2969 38.2969 1
43.8379 43.8379 1
37.3446 37.3446 3
35.867 35.867 3
65.9948 65.9948 3
46.078 46.078 3
37.3541 37.3541 3
45.45 45.45 1
59.2566 59.2566 2
47.8152 47.8152 1
80.1503 80.1503 1
45.971 45.971 3
40.9108 40.9108 2
42.7245 42.7245 2
40.9829 40.9829 2
60.2354 60.2354 2
53.6963 53.6963 1
76.7874 76.7874 3
38.1135 38.1135 2
44.5508 44.5508 1
33.4106 33.4106 2
56.9177 56.9177 3
39.9567 39.9567 2
44.8258 44.8258 3
44.5688 44.5688 3
60.3747 60.3747 1
67.0759 67.0759 2
42.6542 42.6542 1
71.4101 71.4101 2
90.5486 90.5486 1
55.2651 55.2651 3
75.3877 75.3877 2
50.7705 50.7705 1
38.1931 38.1931 2
42.7943 42.7943 3
48.4183 48.4183 3
45.9605 45.9605 2
33.55 33.55 1
145.696 145.696 2
30.6568 30.6568 3
30.1855 30.1855 2
59.7415 59.7415 3
94.1152 94.1152 1
37.6924 37.6924 3
82.3609 82.3609 1
40.4443 40.4443 3
33.4375 33.4375 1
34.9437 34.9437 3
197.321 197.321 3
73.5815 73.5815 3
38.297 38.297 3
47.1372 47.1372 1
44.6074 44.6074 3
42.7044 42.7044 3
43.2073 43.2073 3
44.2198 44.2198 3
40.0009 40.0009 3
38.1557 38.1557 1
52.0393 52.0393 2
50.9536 50.9536 1
32.3678 32.3678 1
100.836 100.836 3
33.0319 33.0319 3
39.5148 39.5148 1
33.3984 33.3984 1
36.964 36.964 3
30.2245 30.2245 1
87.1898 87.1898 3
41.4454 41.4454 3
54.8477 54.8477 3
30.5313 30.5313 3
39.6899 39.6899 2
34.8586 34.8586 3
34.3387 34.3387 3
39.7641 39.7641 3
45.7201 45.7201 3
30.6045 30.6045 2
37.0414 37.0414 3
41.5622 41.5622 3
49.9056 49.9056 3
67.2973 67.2973 3
30.7987 30.7987 3
61.1355 61.1355 3
36.6845 36.6845 1
80.3368 80.3368 3
34.4477 34.4477 3
33.8117 33.8117 3
35.9561 35.9561 3
33.4552 33.4552 2
37.1952 37.1952 3
52.4561 52.4561 3
71.2559 71.2559 3
31.3124 31.3124 2
36.5695 36.5695 3
35.2766 35.2766 3
31.4879 31.4879 3
37.7226 37.7226 2
36.6434 36.6434 3
35.9014 35.9014 2
122.754 122.754 3
115.191 115.191 1
50.2845 50.2845 3
52.8808 52.8808 1
31.1255 31.1255 3
32.2137 32.2137 2
37.2194 37.2194 2
41.6459 41.6459 2
40.1194 40.1194 3
31.6828 31.6828 2
39.5132 39.5132 3
30.005 30.005 3
35.1039 35.1039 2
42.8548 42.8548 3
37.3727 37.3727 3
54.0149 54.0149 1
47.1393 47.1393 1
78.198 78.198 2
42.3374 42.3374 3
67.9725 67.9725 1
31.536 31.536 3
43.2368 43.2368 2
32.2454 32.2454 3
34.7888 34.7888 2
43.4138 43.4138 3
34.5063 34.5063 3
55.6707 55.6707 3
132.992 132.992 3
36.2947 36.2947 3
47.522 47.522 2
35.75 35.75 3
38.9049 38.9049 1
31.5002 31.5002 1
31.0633 31.0633 2
51.6411 51.6411 1
30.3126 30.3126 1
35.4785 35.4785 3
31.6753 31.6753 3
40.3354 40.3354 3
53.3882 53.3882 3
31.9929 31.9929 2
45.184 45.184 1
64.2089 64.2089 3
47.9264 47.9264 3
32.1127 32.1127 2
101.957 101.957 3
71.1746 71.1746 2
35.1335 35.1335 3
70.51 70.51 1
34.0211 34.0211 3
34.1349 34.1349 3
57.2015 57.2015 3
30.5952 30.5952 3
89.5819 89.5819 1
300.137 300.137 3
113.117 113.117 1
38.5961 38.5961 2
31.0753 31.0753 3
34.1372 34.1372 3
66.6426 66.6426 3
95.5301 95.5301 1
62.7687 62.7687 3
35.8247 35.8247 3
30.7255 30.7255 3
46.1085 46.1085 3
108.31 108.31 1
77.9066 77.9066 3
60.4844 60.4844 2
34.7265 34.7265 2
30.7665 30.7665 2
43.3292 43.3292 3
99.9403 99.9403 1
37.829 37.829 3
33.7068 33.7068 1
31.8645 31.8645 1
77.5017 77.5017 1
51.017 51.017 3
33.1109 33.1109 2
68.4521 68.4521 3
31.9059 31.9059 1
42.1136 42.1136 3
34.1102 34.1102 2
33.588 33.588 1
34.0133 34.0133 3
30.3041 30.3041 3
44.4586 44.4586 1
44.199 44.199 3
66.6192 66.6192 3
161.056 161.056 3
49.0548 49.0548 3
430.509 430.509 3
56.5059 56.5059 3
31.7855 31.7855 1
44.5068 44.5068 1
30.7869 30.7869 3
31.6638 31.6638 3
47.0567 47.0567 3
36.0948 36.0948 3
62.3195 62.3195 2
36.7927 36.7927 1
33.2391 33.2391 3
32.2077 32.2077 3
41.0284 41.0284 1
44.7105 44.7105 3
60.7236 60.7236 3
32.9816 32.9816 3
30.5 30.5 2
32.6814 32.6814 3
33.4949 33.4949 1
32.1311 32.1311 3
31.0777 31.0777 3
47.5193 47.5193 2
58.5978 58.5978 3
47.5806 47.5806 1
86.38 86.38 1
103.22 103.22 3
31.3747 31.3747 3
44.6634 44.6634 2
83.2356 83.2356 3
87.7894 87.7894 2
41.5339 41.5339 3
54.0255 54.0255 3
38.968 38.968 3
34.6158 34.6158 3
41.3565 41.3565 2
31.7562 31.7562 1
34.7933 34.7933 2
31.74 31.74 3
48.7891 48.7891 2
41.8898 41.8898 1
49.6085 49.6085 3
58.7458 58.7458 3
49.1041 49.1041 3
37.6504 37.6504 2
53.0063 53.0063 1
61.976 61.976 3
34.5747 34.5747 3
39.9927 39.9927 2
30.7684 30.7684 3
48.6277 48.6277 2
50.1045 50.1045 1
46.8186 46.8186 2
36.4458 36.4458 3
134.501 134.501 3
68.6812 68.6812 2
35.4402 35.4402 3
54.9463 54.9463 1
34.574 34.574 3
45.6451 45.6451 2
155.069 155.069 1
31.5457 31.5457 3
34.3081 34.3081 3
32.7077 32.7077 3
62.0718 62.0718 3
34.9955 34.9955 1
49.9553 49.9553 3
66.727 66.727 1
60.3413 60.3413 3
33.6782 33.6782 3
93.0477 93.0477 3
30.3574 30.3574 3
51.9153 51.9153 3
76.9477 76.9477 3
32.0733 32.0733 2
30.1271 30.1271 1
31.1973 31.1973 2
84.6351 84.6351 3
71.9993 71.9993 1
54.5362 54.5362 3
86.1377 86.1377 3
38.3969 38.3969 2
30.1047 30.1047 3
41.2456 41.2456 1
45.8111 45.8111 3
33.8165 33.8165 2
75.5388 75.5388 3
33.902 33.902 3
44.0235 44.0235 3
36.039 36.039 1
60.622 60.622 3
59.3158 59.3158 3
52.9305 52.9305 2
32.1779 32.1779 2
70.103 70.103 2
36.2336 36.2336 3
47.938 47.938 3
45.6954 45.6954 2
40.8801 40.8801 3
36.5364 36.5364 3
46.9279 46.9279 3
30.1782 30.1782 2
36.6056 36.6056 2
39.9188 39.9188 2
45.0167 45.0167 1
34.9315 34.9315 2
31.3629 31.3629 2
56.6518 56.6518 2
67.4677 67.4677 3
30.6817 30.6817 3
37.1235 37.1235 3
64.5554 64.5554 2
34.2226 34.2226 2
34.2513 34.2513 2
46.09 46.09 2
71.8577 71.8577 3
66.6686 66.6686 3
50.3336 50.3336 3
53.126 53.126 3
35.7108 35.7108 1
31.4008 31.4008 3
57.8749 57.8749 2
30.3278 30.3278 2
45.2452 45.2452 2
82.342 82.342 2
54.0921 54.0921 3
35.0664 35.0664 2
62.9166 62.9166 1
40.6849 40.6849 3
36.4903 36.4903 3
38.0688 38.0688 3
47.304 47.304 3
31.4149 31.4149 2
58.3148 58.3148 3
30.637 30.637 3
35.3575 35.3575 3
32.7726 32.7726 1
68.3435 68.3435 1
31.4251 31.4251 3
51.1341 51.1341 2
52.7625 52.7625 3
33.9267 33.9267 3
37.527 37.527 3
31.5633 31.5633 1
40.5623 40.5623 1
30.4923 30.4923 3
30.4305 30.4305 3
199.251 199.251 1
67.7124 67.7124 3
52.9863 52.9863 3
46.7239 46.7239 3
40.5654 40.5654 1
35.0957 35.0957 2
31.7949 31.7949 3
133.641 133.641 1
31.5856 31.5856 1
45.9096 45.9096 2
50.1899 50.1899 1
30.6463 30.6463 3
88.5854 88.5854 1
35.8197 35.8197 1
43.2777 43.2777 1
56.4527 56.4527 1
33.0264 33.0264 3
54.1317 54.1317 3
37.5704 37.5704 2
49.9443 49.9443 3
49.2245 49.2245 3
34.5025 34.5025 3
89.3748 89.3748 3
54.1169 54.1169 2
120.104 120.104 3
78.1311 78.1311 1
32.7194 32.7194 3
78.4282 78.4282 1
30.8375 30.8375 3
97.2565 97.2565 1
42.5548 42.5548 3
45.0371 45.0371 1
34.7895 34.7895 3
80.1815 80.1815 3
59.7792 59.7792 3
34.3671 34.3671 3
61.0867 61.0867 2
49.1894 49.1894 2
43.4495 43.4495 3
45.3099 45.3099 3
31.5083 31.5083 2
61.1602 61.1602 1
130.252 130.252 1
45.0197 45.0197 3
79.7052 79.7052 3
59.2511 59.2511 1
45.8247 45.8247 3
55.441 55.441 1
118.139 118.139 3
30.4205 30.4205 3
66.7689 66.7689 2
32.7517 32.7517 1
69.8301 69.8301 3
34.1193 34.1193 2
79.494 79.494 2
36.4465 36.4465 3
41.8383 41.8383 3
39.9115 39.9115 3
47.8847 47.8847 3
59.9937 59.9937 3
31.3566 31.3566 2
41.4189 41.4189 3
41.5492 41.5492 2
49.0191 49.0191 1
70.2658 70.2658 1
118.194 118.194 2
30.9378 30.9378 1
30.4918 30.4918 2
30.6727 30.6727 3
37.9814 37.9814 3
63.1622 63.1622 2
48.6525 48.6525 3
41.2667 41.2667 3
32.026 32.026 3
43.4135 43.4135 3
31.0582 31.0582 1
53.0421 53.0421 3
35.6358 35.6358 3
35.2028 35.2028 3
69.6276 69.6276 1
59.5342 59.5342 1
95.8992 95.8992 3
67.4137 67.4137 3
34.3984 34.3984 1
49.5935 49.5935 2
42.1198 42.1198 3
64.3667 64.3667 2
32.9616 32.9616 2
30.1931 30.1931 2
37.4694 37.4694 3
38.7575 38.7575 1
36.9746 36.9746 2
50.7526 50.7526 3
31.5504 31.5504 2
47.9155 47.9155 2
61.0953 61.0953 3
67.7657 67.7657 3
30.7319 30.7319 2
112.509 112.509 3
57.5924 57.5924 3
42.9351 42.9351 1
37.1127 37.1127 2
47.2842 47.2842 1
50.7046 50.7046 2
51.753 51.753 3
34.1378 34.1378 2
36.4458 36.4458 3
73.5781 73.5781 2
40.759 40.759 2
46.1864 46.1864 1
36.0477 36.0477 1
58.1763 58.1763 1
154.271 154.271 2
34.0917 34.0917 3
149.448 149.448 2
73.8449 73.8449 1
35.6962 35.6962 3
35.1063 35.1063 3
79.3909 79.3909 3
40.2091 40.2091 3
52.7127 52.7127 3
45.1501 45.1501 1
32.4612 32.4612 1
32.617 32.617 1
320.413 320.413 3
30.8628 30.8628 2
38.1048 38.1048 2
42.824 42.824 2
161.37 161.37 1
37.2359 37.2359 3
44.2183 44.2183 3
63.9674 63.9674 3
37.1358 37.1358 3
58.6445 58.6445 1
80.4914 80.4914 2
51.7892 51.7892 2
47.7074 47.7074 1
35.1134 35.1134 3
48.4237 48.4237 3
40.3989 40.3989 2
34.5386 34.5386 1
59.692 59.692 3
31.8434 31.8434 3
34.3677 34.3677 3
36.3354 36.3354 2
70.7759 70.7759 3
93.4555 93.4555 2
50.9754 50.9754 2
30.4286 30.4286 3
66.1167 66.1167 3
47.9437 47.9437 2
44.8467 44.8467 2
74.5148 74.5148 3
115.362 115.362 2
39.0904 39.0904 1
42.5076 42.5076 3
32.9498 32.9498 3
49.0685 49.0685 3
41.1934 41.1934 3
57.823 57.823 2
42.2511 42.2511 1
35.1991 35.1991 3
30.3967 30.3967 2
47.0831 47.0831 1
38.9652 38.9652 1
31.5317 31.5317 3
36.9177 36.9177 3
40.8843 40.8843 2
75.752 75.752 2
60.3089 60.3089 1
63.7096 63.7096 3
55.5345 55.5345 3
69.545 69.545 1
30.1432 30.1432 1
76.1992 76.1992 2
71.7494 71.7494 2
42.2788 42.2788 3
51.7121 51.7121 2
33.0636 33.0636 3
90.7692 90.7692 3
68.5239 68.5239 2
32.1674 32.1674 1
38.1805 38.1805 3
132.298 132.298 3
54.0708 54.0708 3
54.6403 54.6403 1
30.7049 30.7049 3
32.9344 32.9344 3
185.156 185.156 1
66.9799 66.9799 3
46.0016 46.0016 3
37.3635 37.3635 1
44.0371 44.0371 3
44.0419 44.0419 3
42.7711 42.7711 3
30.7424 30.7424 2
47.1826 47.1826 3
34.6345 34.6345 3
56.3372 56.3372 3
82.0895 82.0895 3
50.017 50.017 3
59.9361 59.9361 3
59.5728 59.5728 3
41.4267 41.4267 3
50.7871 50.7871 3
31.8827 31.8827 3
30.2876 30.2876 3
39.1872 39.1872 3
44.3884 44.3884 3
44.1824 44.1824 1
153.883 153.883 3
70.9584 70.9584 3
70.3261 70.3261 2
116.461 116.461 1
31.9145 31.9145 2
44.2551 44.2551 1
38.5166 38.5166 2
35.7761 35.7761 3
99.1796 99.1796 2
90.7595 90.7595 1
77.0893 77.0893 2
105.081 105.081 3
35.1413 35.1413 1
54.9536 54.9536 2
31.8468 31.8468 3
96.8995 96.8995 2
30.9758 30.9758 3
163.275 163.275 3
65.5881 65.5881 3
49.9978 49.9978 3
99.3876 99.3876 3
30.5817 30.5817 1
31.4207 31.4207 3
199.979 199.979 3
59.4498 59.4498 3
86.6538 86.6538 3
53.8053 53.8053 3
54.6142 54.6142 2
36.1222 36.1222 1
35.8976 35.8976 1
49.8304 49.8304 1
33.7574 33.7574 3
32.6785 32.6785 1
45.8844 45.8844 3
42.3867 42.3867 1
40.5264 40.5264 2
31.3969 31.3969 3
69.1079 69.1079 2
55.457 55.457 2
92.7014 92.7014 3
31.6178 31.6178 3
31.1448 31.1448 3
32.0002 32.0002 1
62.361 62.361 2
31.3495 31.3495 1
59.7813 59.7813 1
77.1811 77.1811 3
51.6289 51.6289 3
33.4529 33.4529 1
53.375 53.375 3
34.4584 34.4584 2
59.9831 59.9831 3
33.2114 33.2114 2
31.9844 31.9844 3
212.819 212.819 3
47.2974 47.2974 2
77.1448 77.1448 3
33.6578 33.6578 1
46.3823 46.3823 2
49.7078 49.7078 3
65.8325 65.8325 1
45.0539 45.0539 3
43.3215 43.3215 3
36.1322 36.1322 1
46.8734 46.8734 3
82.4454 82.4454 3
31.272 31.272 3
35.005 35.005 2
49.6004 49.6004 2
37.8612 37.8612 1
75.1981 75.1981 1
51.3055 51.3055 1
32.3996 32.3996 3
32.031 32.031 1
62.5864 62.5864 3
52.5969 52.5969 3
34.6045 34.6045 3
48.9649 48.9649 2
96.628 96.628 2
32.2776 32.2776 3
58.036 58.036 2
69.442 69.442 1
59.3946 59.3946 3
32.1196 32.1196 3
43.8148 43.8148 3
33.8871 33.8871 1
63.5646 63.5646 2
41.2399 41.2399 2
30.8659 30.8659 3
55.4619 55.4619 3
39.2357 39.2357 3
103.864 103.864 3
47.3581 47.3581 2
45.2177 45.2177 3
31.0223 31.0223 3
31.5064 31.5064 2
41.9359 41.9359 2
64.9381 64.9381 1
47.2522 47.2522 3
37.9947 37.9947 3
41.6824 41.6824 2
30.1821 30.1821 3
39.3734 39.3734 3
31.9026 31.9026 3
31.4619 31.4619 3
37.0769 37.0769 2
40.2494 40.2494 2
31.9609 31.9609 2
30.0085 30.0085 3
32.7041 32.7041 1
53.8996 53.8996 3
64.9164 64.9164 3
45.3294 45.3294 3
32.6123 32.6123 1
31.0767 31.0767 3
46.877 46.877 2
36.3803 36.3803 3
32.738 32.738 1
37.8298 37.8298 3
40.0232 40.0232 1
32.0134 32.0134 1
33.9236 33.9236 1
71.8221 71.8221 2
34.6631 34.6631 1
46.1424 46.1424 3
33.9329 33.9329 1
49.3158 49.3158 3
47.6934 47.6934 3
34.2918 34.2918 3
101.364 101.364 1
52.551 52.551 3
37.7141 37.7141 1
109.256 109.256 3
32.302 32.302 3
54.3159 54.3159 3
38.7574 38.7574 3
79.2027 79.2027 1
51.6418 51.6418 3
30.4746 30.4746 2
30.8737 30.8737 3
32.2552 32.2552 3
33.8599 33.8599 2
76.0383 76.0383 3
57.7024 57.7024 3
32.5014 32.5014 1
66.7394 66.7394 2
32.2169 32.2169 2
62.2333 62.2333 3
35.1237 35.1237 3
47.2591 47.2591 2
62.2263 62.2263 3
32.3959 32.3959 2
105.612 105.612 3
35.936 35.936 1
47.1704 47.1704 2
56.2682 56.2682 1
32.033 32.033 3
66.7329 66.7329 1
85.2401 85.2401 1
30.2805 30.2805 2
59.0083 59.0083 1
91.6849 91.6849 2
144.871 144.871 1
73.3378 73.3378 1
39.0107 39.0107 3
40.6426 40.6426 2
127.637 127.637 1
60.9285 60.9285 2
55.1367 55.1367 2
42.5256 42.5256 3
33.0986 33.0986 3
33.0949 33.0949 3
34.0746 34.0746 2
79.0391 79.0391 3
38.3294 38.3294 1
44.5427 44.5427 3
58.8796 58.8796 2
30.4984 30.4984 3
41.7096 41.7096 3
64.7226 64.7226 3
51.599 51.599 3
33.022 33.022 1
30.9607 30.9607 1
33.7422 33.7422 1
37.2186 37.2186 3
61.191 61.191 2
55.9705 55.9705 2
45.9893 45.9893 1
42.0956 42.0956 2
113.012 113.012 3
31.0707 31.0707 3
31.5276 31.5276 2
37.9486 37.9486 3
51.4912 51.4912 3
36.544 36.544 3
61.9166 61.9166 1
50.3457 50.3457 3
63.8708 63.8708 3
65.4341 65.4341 1
33.3034 33.3034 2
33.1619 33.1619 1
32.5302 32.5302 3
30.1701 30.1701 2
66.3327 66.3327 3
55.3511 55.3511 1
35.9547 35.9547 3
54.7171 54.7171 2
80.5784 80.5784 3
32.1618 32.1618 2
106.407 106.407 1
238.399 238.399 3
42.5661 42.5661 1
48.9793 48.9793 3
31.3196 31.3196 3
31.4166 31.4166 2
57.7311 57.7311 1
64.7792 64.7792 1
32.5827 32.5827 1
33.6894 33.6894 3
56.3456 56.3456 2
33.1565 33.1565 2
37.4178 37.4178 3
177.69 177.69 1
35.1255 35.1255 3
41.5108 41.5108 3
44.0874 44.0874 3
49.4766 49.4766 3
44.6259 44.6259 1
54.244 54.244 3
78.7604 78.7604 1
42.3054 42.3054 2
33.6567 33.6567 2
46.2791 46.2791 1
60.0696 60.0696 2
40.7451 40.7451 2
40.5834 40.5834 2
36.1796 36.1796 1
130.117 130.117 3
39.2353 39.2353 3
34.0392 34.0392 3
31.9169 31.9169 3
39.4624 39.4624 3
45.9485 45.9485 1
38.7967 38.7967 1
70.7944 70.7944 3
58.2012 58.2012 3
36.474 36.474 1
113.903 113.903 1
35.008 35.008 2
189.181 189.181 3
51.6954 51.6954 2
36.9412 36.9412 1
41.8314 41.8314 1
61.4962 61.4962 3
62.0118 62.0118 1
31.8314 31.8314 3
37.6164 37.6164 1
41.248 41.248 3
33.9521 33.9521 3
34.48 34.48 3
36.3454 36.3454 1
66.7943 66.7943 3
181.452 181.452 3
51.7065 51.7065 2
32.2437 32.2437 1
108.788 108.788 3
39.6549 39.6549 3
31.6376 31.6376 2
59.3091 59.3091 3
46.7951 46.7951 3
397.736 397.736 1
37.9004 37.9004 3
32.8809 32.8809 3
75.5933 75.5933 3
33.9373 33.9373 3
32.6573 32.6573 3
42.2194 42.2194 1
44.1536 44.1536 2
62.7019 62.7019 2
39.2364 39.2364 3
33.1569 33.1569 1
31.7384 31.7384 2
33.0644 33.0644 3
57.5462 57.5462 2
33.1368 33.1368 3
51.3383 51.3383 3
58.1486 58.1486 3
56.9425 56.9425 3
456.825 456.825 1
30.9812 30.9812 3
42.4876 42.4876 3
43.0549 43.0549 2
32.3768 32.3768 3
30.6481 30.6481 3
75.3615 75.3615 2
52.1995 52.1995 3
44.2186 44.2186 3
99.0964 99.0964 3
32.6977 32.6977 3
31.3081 31.3081 2
39.7853 39.7853 2
36.6098 36.6098 3
37.2394 37.2394 2
39.7205 39.7205 3
63.3803 63.3803 3
77.8356 77.8356 3
37.9423 37.9423 3
38.2084 38.2084 2
56.4672 56.4672 3
74.6114 74.6114 3
34.0324 34.0324 3
88 88 3
41.1669 41.1669 2
40.9325 40.9325 3
32.007 32.007 3
62.0754 62.0754 3
69.6905 69.6905 3
34.359 34.359 3
63.4309 63.4309 2
83.0364 83.0364 2
37.7231 37.7231 3
35.972 35.972 3
64.9702 64.9702 3
33.5161 33.5161 3
32.9873 32.9873 2
44.0721 44.0721 3
65.6517 65.6517 3
105.675 105.675 2
33.2496 33.2496 3
37.1589 37.1589 2
46.3896 46.3896 2
32.2599 32.2599 2
179.573 179.573 3
39.4529 39.4529 2
37.5753 37.5753 2
33.0097 33.0097 3
102.39 102.39 3
42.3094 42.3094 3
46.616 46.616 3
36.5421 36.5421 3
69.1172 69.1172 3
68.7303 68.7303 2
41.0405 41.0405 2
33.3001 33.3001 3
187.83 187.83 2
37.0763 37.0763 3
39.1815 39.1815 2
49.6411 49.6411 2
97.6263 97.6263 2
59.8499 59.8499 3
124.951 124.951 3
177.129 177.129 2
44.2005 44.2005 3
56.4913 56.4913 2
32.6523 32.6523 3
32.0346 32.0346 2
49.7472 49.7472 3
38.0968 38.0968 2
48.5779 48.5779 3
38.057 38.057 3
39.0712 39.0712 3
49.5352 49.5352 3
83.6433 83.6433 2
36.4191 36.4191 2
56.4333 56.4333 3
31.0374 31.0374 3
42.2285 42.2285 3
33.3181 33.3181 3
41.0535 41.0535 3
38.1461 38.1461 2
38.6612 38.6612 3
94.2049 94.2049 2
37.7909 37.7909 2
30.3769 30.3769 2
52.2313 52.2313 3
50.3977 50.3977 2
33.3563 33.3563 3
30.2888 30.2888 3
155.486 155.486 2
35.5015 35.5015 3
42.115 42.115 3
38.0206 38.0206 3
46.9662 46.9662 3
32.9209 32.9209 3
31.1572 31.1572 3
42.656 42.656 2
131.996 131.996 3
31.0708 31.0708 3
70.2802 70.2802 2
32.8302 32.8302 3
35.351 35.351 3
71.1026 71.1026 3
100.432 100.432 3
33.5231 33.5231 3
44.544 44.544 3
35.6744 35.6744 3
42.5235 42.5235 2
32.5864 32.5864 3
75.4641 75.4641 3
48.9294 48.9294 2
76.1107 76.1107 2
32.9082 32.9082 3
32.1365 32.1365 3
31.0007 31.0007 3
145.27 145.27 2
34.7884 34.7884 2
32.0838 32.0838 3
40.7508 40.7508 3
49.9251 49.9251 3
34.0616 34.0616 2
36.9985 36.9985 3
47.7483 47.7483 2
32.3884 32.3884 3
32.6268 32.6268 2
38.6349 38.6349 3
31.1211 31.1211 3
35.7628 35.7628 3
34.3657 34.3657 2
102.003 102.003 3
106.447 106.447 2
55.2364 55.2364 2
45.8297 45.8297 3
56.373 56.373 3
48.6886 48.6886 2
99.3549 99.3549 3
38.9189 38.9189 3
33.1183 33.1183 2
71.3526 71.3526 2
32.4208 32.4208 2
36.4827 36.4827 2
81.2246 81.2246 3
60.1123 60.1123 3
39.6938 39.6938 2
67.8852 67.8852 2
37.984 37.984 3
38.993 38.993 3
32.6893 32.6893 3
37.3287 37.3287 3
46.5912 46.5912 3
39.6757 39.6757 3
41.055 41.055 2
34.9412 34.9412 3
51.232 51.232 2
57.2642 57.2642 2
30.1204 30.1204 3
56.6042 56.6042 3
53.2911 53.2911 2
30.4319 30.4319 2
31.0331 31.0331 2
82.7854 82.7854 3
30.2114 30.2114 3
476.426 476.426 3
31.2532 31.2532 3
62.7752 62.7752 3
54.896 54.896 3
40.6662 40.6662 3
46.499 46.499 2
91.9934 91.9934 2
98.168 98.168 3
32.351 32.351 3
30.2933 30.2933 3
59.6928 59.6928 3
34.2454 34.2454 3
31.8938 31.8938 3
31.4058 31.4058 3
40.9239 40.9239 3
32.3114 32.3114 3
37.8116 37.8116 2
36.9181 36.9181 3
69.4995 69.4995 3
62.5239 62.5239 3
46.8189 46.8189 2
61.1133 61.1133 3
34.0635 34.0635 2
38.3537 38.3537 3
35.9719 35.9719 2
33.3696 33.3696 3
72.2226 72.2226 3
55.5762 55.5762 2
30.5773 30.5773 3
74.9993 74.9993 2
30.5172 30.5172 2
41.7307 41.7307 2
34.3767 34.3767 3
57.0804 57.0804 2
54.0823 54.0823 3
123.789 123.789 3
65.3051 65.3051 2
56.3645 56.3645 3
41.753 41.753 3
212.651 212.651 3
55.8166 55.8166 3
51.9316 51.9316 2
38.9254 38.9254 2
36.8824 36.8824 3
30.5984 30.5984 2
64.2259 64.2259 2
48.2778 48.2778 2
59.2267 59.2267 2
32.711 32.711 2
30.275 30.275 2
54.5136 54.5136 2
67.8473 67.8473 2
82.7778 82.7778 2
33.5324 33.5324 2
34.6427 34.6427 2
36.1064 36.1064 2
63.9117 63.9117 2
38.6237 38.6237 2
45.7265 45.7265 2
41.2318 41.2318 2
54.1342 54.1342 2
60.0739 60.0739 2
30.3522 30.3522 2
32.3394 32.3394 2
52.8402 52.8402 2
34.4484 34.4484 2
127.434 127.434 2
69.3 69.3 2
30.0288 30.0288 2
41.9989 41.9989 2
34.8723 34.8723 2
30.3286 30.3286 2
52.5758 52.5758 2
47.612 47.612 2
50.4345 50.4345 2
59.0154 59.0154 2
44.3062 44.3062 2
101.782 101.782 2
40.7784 40.7784 2
38.6338 38.6338 2
60.664 60.664 2
30.2836 30.2836 2
35.4692 35.4692 2
69.7714 69.7714 2
84.5563 84.5563 2
133.402 133.402 2
34.6292 34.6292 2
35.0687 35.0687 2
31.9184 31.9184 2
77.6629 77.6629 2
130.612 130.612 2
43.2647 43.2647 2
44.1222 44.1222 2
36.2454 36.2454 2
33.835 33.835 2
36.1861 36.1861 2
30.4953 30.4953 2
41.788 41.788 2
80.5711 80.5711 2
35.3885 35.3885 2
96.8816 96.8816 2
86.8857 86.8857 2
189.978 189.978 2
95.2587 95.2587 2
54.9793 54.9793 2
36.7235 36.7235 2
31.7868 31.7868 2
47.8264 47.8264 2
143.748 143.748 2
108.363 108.363 2
32.1197 32.1197 2
33.0092 33.0092 2
30.7638 30.7638 2
44.5394 44.5394 2
46.6832 46.6832 2
55.2844 55.2844 2
45.1409 45.1409 2
71.0185 71.0185 2
