Format: x y z  (R = removed from domain due to fracture isolation)
-504.449744 91.38499516 -138.781996 R
-18.39123235 200.5832826 241.739259
-40.06029463 357.4513837 -93.81083845
-82.35115886 -397.0822789 -71.68964056 R
514.5503466 547.6520736 -48.57125928 R
-403.7853754 155.1177891 57.58017943
-358.4169714 25.05184245 510.2725661
175.2523161 20.08069009 -235.5622062
25.84061144 -301.1243183 440.9886211 R
-407.6502618 228.1033732 -17.74349671
131.4556601 538.9183582 -95.20839914 R
-152.9958482 492.7502607 -398.8312768
288.7907308 -338.1478008 246.1213718
471.179637 404.5991126 496.077995
-394.687935 181.2228489 354.0532848
451.9422125 -255.2345905 485.8190269
359.9103293 -9.001151093 -133.525135
-323.8944634 367.2372072 71.6612588
218.9650705 -353.9536137 317.8889944
-332.5664072 -173.2325597 402.6443864
-77.79778309 -42.86820106 129.6377583
198.7258256 301.7456236 -505.5773264
-247.72862 -443.5818791 -392.1080809
341.6401102 -229.1121512 -366.4540501
124.3512062 191.3804471 -475.6053043
-382.6652684 -394.7766109 21.20382733
-129.1592617 -20.96375073 -384.2614124
-233.1002675 250.7321334 -481.6781681
-380.0862224 433.1071932 -160.0124508
145.5457903 -259.5954531 -353.618179
-539.317357 -115.8819487 45.48415771
119.4882599 320.9696442 -399.1130655
-350.6712053 136.4535822 29.51775884
411.3289223 264.6951832 -449.8646652
110.8519078 -331.2289435 -495.0498897 R
-289.0822546 -476.4689758 62.08680209
-14.88539477 -47.84368611 -454.9079577
526.2227943 59.68357903 276.6748053
237.6786518 -109.5565521 -214.8813359
-480.9353076 171.9901078 441.5091029
429.1530411 -462.1186808 -194.2338239
-392.4060842 260.8554389 421.7847586
72.34158122 -485.0971158 249.5359582
309.2115929 316.9667737 -184.8216717
-16.65607249 477.1501441 301.2944995
396.7499371 -472.5573629 -71.66798716
498.0021435 252.2525876 386.7898742
271.1541363 -95.34719639 498.1904315
67.06920334 -520.7009355 -141.9311185
123.9641247 -296.0410324 -147.0515575
253.9262408 437.8653841 -180.9446995 R
167.2729934 50.91264162 -271.5566354
-443.3350349 -177.7019738 194.6232576 R
-268.6953343 -88.49033825 398.9023175
-392.2600287 -338.1208136 345.4215377
143.2479865 343.8452571 278.6589337
234.9672336 -297.140494 -320.3303694 R
-497.0513366 -424.5046809 449.2606719 R
138.1537499 273.8321139 192.3085555
345.7428344 -498.2501021 152.599683
-221.5065843 319.4178779 28.85204916
140.2951482 -296.9669802 -99.89598146
-93.25751689 -160.6269311 530.5757692 R
283.8191948 -275.8663613 499.026358
289.3331904 90.51129562 526.8554487
-92.87808216 -251.1946574 -495.3181067 R
76.80013689 -209.834722 -524.5967372 R
305.114909 120.7558729 99.67110477
-99.63671592 320.5253247 309.4018633
430.1568221 500.4705449 447.9594183 R
-16.88928665 -129.3837349 18.3632464
-142.020422 -385.3487487 -459.1087577
178.1802528 114.1398219 -130.0767718
-258.0619025 394.4033939 148.4169233
-202.384407 -411.6993259 485.3017589 R
475.4848182 -15.78493167 -88.11517072
290.8960481 14.86248697 36.11554333
141.7165867 226.9881805 -211.2087959
72.55693184 160.1660199 437.1970512
519.163609 486.1199744 98.87029754 R
-488.3760729 163.8031105 212.1971832 R
469.5550557 319.076806 -541.7960723
453.5342723 495.4232135 -473.8396424 R
-73.68510458 362.2370062 402.1265576 R
-328.4431058 535.290101 297.289772 R
536.8347556 433.8486274 -503.8019024 R
-401.6075574 541.571526 299.9710379 R
16.41036053 493.7099629 -372.1591239
-64.37316477 -7.92250219 526.4163693 R
147.5267133 259.5427448 516.7672042 R
179.0390156 404.5292742 -58.57930344
545.9493099 -355.7510839 -371.4904412
-48.87037464 -304.2678298 150.0430341 R
-146.0560397 -310.4784787 426.2420908
370.8352247 408.3672316 -235.9026283
342.3683669 -516.0882624 -227.1348884 R
-415.2474683 -198.346676 -82.20864302
-291.5628375 -36.45234088 -478.4876839
-479.0701007 -398.9161564 -485.4782091 R
60.54162349 294.4897495 302.8186994
-498.7079073 199.5038819 -6.948899775
-100.2547358 -388.7981294 213.7674308 R
250.0904373 469.8056584 397.2271664
-45.5962879 -456.6572774 279.7173095 R
-268.841132 -59.60482345 102.5515551
-355.6404077 57.68076991 121.8046627
-333.4041413 -369.1320932 483.065753 R
-369.9529453 -535.2144647 -150.6154277 R
180.1841585 416.1972337 -113.7517638
-400.4748449 -224.7922965 -401.4850818 R
-178.8703728 438.1933866 -284.9434734
-406.0958265 -231.1343799 -8.29380557
289.5526963 316.5007948 -515.2964294
-256.5273868 301.7996516 -398.2771915
365.7194306 -429.8500086 367.9701211
-243.8679443 -96.94756932 -180.1521155
-526.6630035 -93.39204104 -7.185805258
-429.9733947 -39.98517421 -243.4152566
12.73843034 -35.13238342 -326.4626496 R
24.92864584 369.5233544 151.4237091
245.1792108 450.5353177 167.1629397
-468.6386251 -130.7178443 -433.1972038
-238.8935042 70.2138212 139.8905171
80.42896464 120.1851174 15.04071871
-300.8530058 327.9606267 245.7534124 R
494.1023471 115.7058267 129.108654
111.0936207 296.4150829 324.8138607
177.3461181 478.6056399 -201.7533556
47.9691172 -71.91385937 -372.4957489
370.3068049 258.1614898 -522.6903536
-133.7493026 443.3922122 378.9144808
191.4665273 -123.8274107 -454.5833079 R
-221.0740647 -529.0752292 527.1809037 R
207.3367015 237.3304191 -383.2122892
-161.1343002 -104.6741212 121.495388
276.7121959 -270.1536729 370.9155912
-31.76051639 -417.0925567 -52.98985494 R
-149.7219419 173.2997556 206.3671705 R
-386.8799726 443.331892 -110.0429857
-43.20514624 254.1757518 341.7772086 R
-319.0843957 209.0505479 405.5763417
-98.22862773 315.4480439 254.5063486
-471.380237 -222.525977 -462.3068867 R
342.8019584 -73.96449124 7.558826897
-456.503357 -217.7728513 -155.0438269
-479.6174465 412.4272954 -191.9527392
-68.31818639 415.4097777 -316.0097493
206.9113634 -68.80079931 -120.8285084
196.9926506 451.8500605 -390.2724222
498.4546703 377.2982326 -61.03953633 R
164.4999265 390.5049645 -440.4389784
304.7335675 93.01524218 -391.5380724 R
241.7974212 -111.4347622 -369.1764921 R
-379.4927904 -224.3028925 -462.1065062
-395.8797637 294.7000125 -354.5211278
382.4630501 -62.38142075 529.9123723 R
-252.3865275 145.0962414 -175.9056644
-139.0011107 -47.88327454 128.8802557
397.4594005 -23.91163699 158.7829756
-447.0605062 -169.73214 377.0909406
-153.6566703 446.490247 439.8156678
409.9774333 226.4563702 244.4955815
483.143229 -489.9328637 -233.690812
107.377994 70.65810912 215.7920859
-134.8161117 -351.3670049 -368.6056486
-37.43367446 -9.343025616 204.1927076
-360.5293927 -412.9325763 -64.37114092 R
45.32133644 -101.0670117 -356.4200245
317.5536676 146.4429315 289.3871865
-494.0070486 -314.5331891 -403.6735037
447.1085718 -189.0050956 -119.8562622
175.2685838 -254.668742 394.1997495 R
-194.7003603 42.61601346 -156.3686882
306.1599391 21.65519626 68.26004373
80.21672938 -153.9386418 -404.6604751
-205.8247216 495.355682 -348.7045892
-245.0668161 357.098355 -125.1871884
-226.8146471 66.70945263 488.6039997 R
449.5289614 -273.1595623 -61.27442361
-92.749478 411.4200083 -518.5948715 R
-48.34238297 -317.4736978 500.97293 R
-270.5793289 383.0678096 286.3175684 R
-165.5243015 80.49093108 486.0371071 R
93.33429711 271.8641598 -183.4827323
-192.3052613 451.2620132 417.7025453
-20.13406864 -329.747602 398.0763078
134.6717901 -127.6649995 -307.6972483
510.2088336 289.7805855 -81.26486319
375.4589941 439.7438973 226.4280794
304.9092447 236.5292372 -451.7302781
-498.8240948 -146.8377329 -11.09699811
-491.2116464 88.57008253 99.34786343
383.8909161 26.40460648 178.8428858
52.78324771 470.8089822 -28.60184997
-15.65337978 -258.1525497 272.501882
-51.22865589 405.6910918 150.8053414 R
-83.80056793 -501.8491235 -195.38809 R
-27.9706179 -516.5450102 -304.550921 R
-252.2551515 -191.1796327 507.5311983
267.7567128 242.3849336 -210.8556185 R
-280.92141 -525.9130128 332.0864676
1.529244248 -3.266814635 -115.4945406
-513.1520881 -149.4323334 19.66929711
478.5247204 -285.6507094 190.4351785
-273.1583891 424.3715285 -434.460778
405.9833309 69.82231207 45.49717961
-422.6471768 -408.9484983 -408.1425706 R
7.15894144 -119.4333273 49.61414513
-344.0086689 425.3087044 47.05934391
-355.5995826 -115.8226587 411.9614153
522.7845958 25.40201337 199.2702901 R
-485.9801664 -134.4585079 499.1488511 R
-169.2030253 373.2453689 -509.1056661
83.93192277 -474.1321559 -111.8840082
81.04512811 262.855172 -341.6551682
434.5834904 -303.6581159 116.8450134
-71.74075273 42.41965127 -192.7507339
234.3756283 452.7724955 -208.9691517 R
-267.1586539 -490.4802294 96.60120388
-442.0863394 -421.6398098 74.89590049
-402.6205309 23.11621237 -403.1436168
542.8634055 317.6752202 1.109096912 R
246.6713561 -402.2856027 465.9449206
331.794298 209.7045637 -201.8282473
218.67558 211.8770486 93.86701666 R
-305.3280386 -221.3987136 -423.7157353
153.2524596 149.5357317 -88.04713149
-242.3301924 174.3617144 -71.53477866
-377.8217423 23.97618721 162.2854243
33.44599888 276.0985153 -393.2147868
125.7471417 -117.6004637 -239.0874009
77.29104924 490.2033154 28.8789711
-251.3345081 -187.5703516 -444.2339053
-301.4292236 -358.6586296 -341.2409519
441.294498 -278.1782922 157.6802675
-156.5968448 -18.01864117 524.0082058 R
430.4182967 -218.08048 -303.4716851
-352.4853037 -147.8596048 -231.560029
271.2804543 71.07973523 -226.1275582
289.6840658 476.9623482 -43.35849351
179.3148963 -467.5052481 261.1390013
292.6984161 258.8172952 244.3255953
-302.3397062 205.666044 -212.2638626
-460.6008615 -130.6122157 184.9654744 R
-207.9825095 -330.0092383 -24.73703006
472.1766391 -124.521637 -18.83235101
-23.61818199 244.6481455 -56.83558508
257.3931382 -103.792672 -378.745165 R
158.895368 271.3975014 -485.6497234
-423.5423212 -461.559896 -325.3082023
-403.9676241 -138.8205993 -254.3410789
-22.43827262 209.4432375 474.9933781
64.73276245 -29.76302127 -278.5685864
-414.1883614 -367.9331641 400.1640962
341.3163133 407.8095641 -418.5269935 R
-0.2822259618 375.509825 222.0852923
-173.8612923 404.4302172 -135.1587016
-296.4226756 121.9816318 354.6926603
96.02860005 485.6544716 345.8840137
87.2568316 -434.9031553 239.8113216
489.8682717 -428.3555269 -241.3448839
171.7514571 -80.35319471 122.5477732
-244.5523287 -171.4910065 -477.8243838
510.4384492 353.9586077 -318.1761414 R
316.8028551 200.64977 173.647157
489.124255 140.2585968 -220.691982
-260.1132824 210.9898839 182.0064012 R
-226.8308816 334.1392388 -486.4700508
-240.2697141 -197.7991006 -251.255896
-127.7930393 -283.5146705 76.77394536
-299.2152075 -509.04748 163.9985331
-39.7981848 231.5211949 -229.0384164
197.7271103 204.0545232 297.9694289
86.57044505 -137.0324186 -466.4484262
-221.1240274 484.7330907 -508.9980778 R
-344.3018528 274.8131959 -283.0205723
335.6187066 -210.7153199 30.10200105
483.4019175 -390.6824776 200.4595242 R
211.8056924 290.825974 438.9010957
398.3268287 127.4764193 510.0434422
-304.3854002 -389.5035462 304.3064542
-265.5826192 -538.9068296 98.11185081
-398.4997254 142.5749737 -206.5917883
-201.0045928 528.2807702 -419.7057162 R
510.1506674 16.99397475 428.728311
419.0723412 359.5291787 179.1077928
-35.8403197 86.3757687 -304.8164841
-402.4323169 334.323932 -192.7857738
281.9018343 460.5012914 361.4311984
-384.639334 -79.05582503 453.7197463
109.760018 -246.8882349 57.08524673
20.01026486 266.3919258 187.2191663
-259.6515547 437.2087831 -77.72336456
61.17785942 75.32666311 -147.8449909
100.4538335 203.848083 215.7056415
-353.7928717 -77.96036196 449.8712542
-74.78751646 -33.51630959 394.7822148 R
357.5061079 -465.4842452 209.9194816 R
122.1173212 -337.5225499 504.0289477
-369.1467032 -377.4838803 71.4714619
290.6149001 -310.6159704 314.6363117
229.7458232 -252.1184564 463.681397
-207.4788419 -338.9290573 171.7416649 R
-68.79916773 -302.7631635 -312.322018
-323.7953847 250.1115989 393.829238
-1.524194253 438.4369996 -533.2183123 R
-459.4126646 -176.7153408 316.9212382
34.89212994 209.7668237 -166.9339606
-170.250557 -389.0587681 108.9353539
55.6949234 -74.44770578 219.3844614
-389.4886038 -290.8960406 186.4072658
426.4837061 -64.52002972 474.7610894
241.7699864 -332.8304858 165.5307105
110.1620343 -344.9848067 44.5384544
-166.9495234 -476.5940767 -72.54476178 R
520.6821117 453.4513563 -193.2838553 R
87.19045658 33.66552655 469.764485 R
57.71978694 -277.832236 100.1008622
424.5012449 437.552491 169.8151738
-244.4731717 187.9238589 231.4281002
-307.6932847 59.71241129 -94.62569263 R
122.2148117 -55.3485681 328.4605189
-525.5142563 -85.94355248 480.7276896 R
-544.3618815 207.8370793 357.4327972
322.9602345 277.03318 -346.0815905
-158.6257167 -189.0523337 193.2065782
351.6870493 341.5418603 486.5352748 R
282.606106 152.8530389 -498.326844 R
379.2228146 -371.3943343 213.0553335
-180.2127001 192.6759766 -28.2699846
-496.3649645 149.9026953 148.0154964 R
380.2284843 -162.9077067 290.1438557
18.16309044 56.36650363 160.8346983
50.24073543 -124.6371515 429.3971457
-216.50957 203.3949446 -97.63901076
411.9246797 290.4410309 -390.8573149 R
-360.6686434 -361.7104178 -198.0184918
8.459192006 -129.6651448 396.5912939
-468.6858399 41.56877367 67.06463518
243.2856767 229.6498739 540.0751549
-280.2242686 -32.85211865 294.0167399
-50.8578437 -243.5379922 40.99724915
411.7511807 239.6640753 -89.4922163
218.558242 -112.3394219 222.210589 R
367.6778757 23.62538173 -95.66305161
-397.0390397 44.59770541 17.6431948 R
445.6385834 132.5966925 -264.5311411
364.690959 -313.7134856 268.1662377
-270.564896 206.3153025 80.988318
-510.7575116 418.8320527 152.1499287 R
-474.8882532 105.1943018 186.3309636
466.8910846 252.1491768 -390.2961972
-167.4076147 219.7106472 -107.6983776
-331.2050587 -208.7830307 -336.7717901 R
-489.5363269 -315.8883953 90.71266916 R
-96.5407236 -111.7698413 -462.3975885 R
94.22373217 -316.2484324 146.7963971
-261.7327335 -384.3559421 70.42699848 R
-314.8107178 -412.2564543 75.42219954
-381.1842586 223.4993651 -411.8764678
338.9326239 430.9868442 27.74378916
180.6723857 197.5930208 376.6146809
-291.942398 -402.0538789 316.0429779
-53.35686176 -212.7008343 -246.8526262
-47.20492962 -279.521092 -67.50618662 R
448.7199625 -472.1542086 87.68027972 R
-216.1209234 260.0973737 58.98634548
-129.7685339 -181.8765328 354.8799069
445.8555917 -163.5505462 -207.3893877
153.6834656 310.8341003 -221.2464007
315.1290166 238.6120599 526.6689631
501.3607778 -51.6688071 -338.3543026
-68.75301974 -137.8450147 474.4410427 R
351.442891 -150.7691171 -424.6850899
355.8943236 -476.5414866 249.4779532 R
220.522376 -441.7357659 -330.7746539 R
271.9551507 -35.78973282 123.9478163
-313.9768413 -60.49150932 66.30026957
232.5961772 263.7434314 -434.8775341
-315.8060126 -289.368153 382.6930242
-485.0054917 -247.7798134 -26.79811121
-492.3728697 207.4127465 75.89925275
417.6727293 267.1276256 -103.159582
171.9454845 391.0355816 500.1891873
-430.7051018 439.2283845 70.15104338
34.04942234 474.7709189 -441.7673739
-35.11139255 -108.928345 -362.3620002
260.3312133 260.380758 152.2667853
-296.0112513 397.6861845 30.77210217
319.084757 261.9675645 261.2373211
420.4210094 -475.4929128 -111.2974227 R
234.9768385 -371.2236931 452.7678717
-465.3966619 -354.6938286 164.9723556
-499.8504794 442.8509212 372.6039139 R
104.1533559 -377.8231167 -28.7742134
-532.6679746 163.4301685 -249.0080883
-482.0155912 -70.57449781 246.9112674
199.0195699 -484.7010423 30.33105332
121.4528842 505.883329 -457.9319659
-219.7971497 -442.1634683 -46.21130465 R
-136.143185 7.900597439 461.4712471 R
150.2047802 -308.7443946 -513.9521291 R
-362.1209365 -342.3856879 -131.0800665
-354.5964085 -487.1846033 -18.11073266
352.9390717 461.6684245 -248.3641196
185.6848295 -266.4002286 -154.0501024 R
-355.6278941 -39.04869572 -193.5507816
-7.246897107 -256.3201797 -367.0466948
-80.75564276 510.5560952 -37.54222493
55.34017586 -279.8566203 -270.4009508
60.66212281 -357.971348 415.8423685
-47.43131265 460.5247228 -436.6687018
313.5845033 -199.4715872 27.80988164
173.331711 51.79808735 134.486081
-458.7264641 -28.21020228 -299.5805006
-52.2499486 479.7976551 73.40503047
-332.8482612 -144.8115844 340.1311757
-210.1902652 280.2086993 -0.972286912
133.3772143 -22.70781974 491.7638358
273.9492207 -303.3839642 -228.6597192
321.4029004 -418.4661759 279.1498072
-101.6398068 112.3156561 -467.0623844 R
-28.62313653 531.8097459 -270.9677782 R
-462.6395354 -398.5950633 461.5698236 R
277.6489826 -128.7682696 -180.9831571
-256.3893637 -539.5732761 37.70012281
193.1260931 -239.2702205 -161.8671591 R
148.9508369 191.3165894 365.3783288
154.1321518 71.34185871 -525.8146689
473.8191613 469.8216643 -104.4836683 R
-134.306661 -469.138455 266.1608961
-71.84960428 -204.2713734 -431.0216423
-93.3457427 -185.7299391 149.387179
-7.834565005 132.5202556 287.9247041
-35.6870278 15.90416329 -110.6120349
85.45273456 108.7099148 117.7961618
322.5504214 319.4934482 282.8369984
-407.4921813 -418.2224338 323.2351944
525.5722403 144.5090018 331.1433913
327.7956448 261.6784031 412.5364127
-442.2260805 99.97208675 -207.2994335
134.1002443 493.7271022 237.6007418
523.2889852 406.9446383 440.9880105 R
-271.4801898 295.7428108 462.7062813
464.7942727 315.2418023 -366.2667561
-300.1897713 257.5589615 -367.2214917
-397.1928717 257.8670132 371.9381783
212.9956564 382.4772399 218.1569852
-501.671634 223.2854405 100.8777007
-365.6557502 -65.07286055 334.1246124
107.0656644 541.7590503 417.67005
-449.7501307 497.1751936 -440.3210224
236.0963556 274.0254946 -275.3970534
-202.2597777 279.1902238 -516.7081354
210.2235645 299.6145792 -59.63594156
417.2760442 -170.5216261 20.61983046 R
-195.1696256 131.6079617 -508.1940276 R
-308.778083 290.3830585 -121.5043557
-108.6262498 -305.1728501 -122.6337673
-486.2883873 513.3568986 384.1357228
-286.7515404 279.1950845 316.2354701
44.95002962 263.0328345 102.4291899
-493.0900721 179.6168549 399.4698483
520.8084208 -501.8671317 153.6671621 R
-257.6398387 177.9816038 -370.1466211
-228.6319974 -397.1245925 147.2032579
-501.7542959 269.6531198 206.9813769 R
225.4949979 -10.77630748 451.3310471
262.3127872 308.3871708 -421.7161729 R
-192.1135181 159.380318 539.0457041
-322.8631955 -462.8817179 241.1692875
112.4504542 167.4479492 -101.7442263
152.2337504 -224.1815804 -82.04627808
-87.95191297 -296.710087 -161.8317792
-253.4867168 -48.01568266 -225.389917
161.6048414 -228.6754158 -33.28736731
-271.0522324 -279.098679 479.1856138 R
167.5336609 363.2604055 -374.6943513
370.6290569 -187.3419112 -224.5675134
-386.4974279 527.436712 -330.4291104
-484.2529102 254.225191 -224.4062265
-416.8022009 265.8559733 -132.1371397
-369.87919 437.8445356 304.4392439 R
277.2598374 -151.3942851 -45.1333756
347.3537374 -193.9442795 349.7121629
-258.8893716 501.6701986 -283.4647423
-226.2465223 -130.6206182 -433.7293411
168.8283109 419.4689253 -429.4963368
-383.1173642 19.74404391 313.6735064
117.7320714 -450.3939326 456.8390289 R
52.16746674 83.55169401 -349.7774725
197.964289 36.57845024 190.4564867
-219.8338633 -476.2328869 -327.4441349
-68.7933544 220.5011035 81.76058064 R
-107.8333737 -4.399574532 -31.451384
317.6278609 -467.8764384 180.510055
384.3149724 -360.7195188 -265.1892839
-262.5037302 248.3872333 -179.6393604
-430.962025 317.320932 -400.1716332
493.5108385 112.0772189 303.8943753
-349.6485573 515.3933733 -490.4606065
468.8059171 181.6446558 -153.0475547
-126.9916332 88.35736485 -284.7852596
129.401187 173.4814845 397.2422709
-169.7901635 -538.4925213 413.5419529 R
57.52801085 -331.087268 481.136732 R
-186.2034168 -76.30395578 426.399336
95.20992569 -448.7677158 -68.25376248
164.2998593 -356.7655133 -57.37752948
-37.75639542 210.54698 -442.8038056
-321.8559588 -381.8397128 -160.5933429
357.4780322 -296.8195909 -100.9100485
284.8709779 109.0310008 -18.23783963
394.5249056 77.34974022 498.092948
-269.1651923 402.2199528 499.8814673
-470.9339879 67.46954678 478.2432378
-302.0679332 24.79512909 -458.541325
-103.3013553 7.708931124 -92.39182434
190.1678103 398.700521 -138.74154
-518.5935107 495.8876097 -228.7602384
237.7735621 -185.2663283 372.831033 R
410.5878668 464.6008899 -96.72563561 R
17.70259049 -173.0721174 311.233816 R
-51.41881594 -89.57137428 344.9323185 R
405.9692258 -149.43842 66.17222664 R
-185.6742581 -396.5500079 338.3362882 R
-199.9497824 187.5336728 58.66477373
120.2722924 -411.4174501 -278.1285672
-247.0775704 210.1115794 476.5818127
-320.4334109 -90.36751069 33.32438572
136.8883903 -119.366418 -506.1504033 R
361.3402563 -273.6912296 -248.3353401
-43.1394024 -148.4883263 90.29684885
142.1102031 327.4958178 330.8005804
383.6060535 405.2080354 -489.6101563 R
501.3350773 -453.0062487 -27.30074375
-145.0308278 -311.0889649 381.8506282
-180.8643611 -387.7886291 -375.8286305
-26.90879638 10.40023643 -34.23561067
-239.2355355 -84.32319646 -258.611891
500.3127482 153.0955209 119.3816979
522.1388566 -301.0019771 16.71027356
309.8106319 417.1348657 288.1794208
-221.1132401 23.77798101 195.9956809
420.0563044 -355.5819713 258.1240083 R
-447.7406558 -363.8190837 385.9127466
0.3459782959 -306.7080412 486.7764067 R
467.7251812 316.420342 266.1593622
-527.9553216 386.8146169 109.4605535 R
170.9722859 -332.264819 -250.5098645
-475.4383402 -31.51533776 183.7655526 R
-191.0824684 492.1914639 -515.7527183 R
82.11122701 330.6318564 -139.7149711
229.3990428 -292.231665 -0.7216100231
-239.5897536 130.2873966 -351.0678396
-363.0682443 503.1423192 -190.311729
399.8705673 157.1174006 416.2404268
-495.1328402 144.9566918 249.5012832 R
-345.1281063 146.3018003 138.0241279
-345.3507312 -370.1876868 -420.8283585
-439.0010035 -255.6750718 -278.8526172 R
-119.8764473 -163.809432 158.8108308
-539.8679898 -98.36653894 268.5360307
-182.573407 -40.44738483 -51.9430892
-440.3887988 329.2429499 -373.391834
247.3431364 178.4966574 -374.2462762
-458.9802983 416.9251529 476.263406
-88.5285611 -249.990878 -40.3073801
-344.3916476 29.43364928 144.2102582
-67.11129151 78.72119752 -114.2472131
477.073584 -220.5080482 2.104235746 R
-72.35368646 454.4489622 424.9089973 R
-308.8038441 -426.3467857 -80.48825433 R
-27.62745018 -117.3189843 321.4240007 R
-300.312658 -138.4303998 -460.5049828
111.2296229 351.7359622 297.2304891
-262.5542216 -511.7598239 -294.509274
-405.4071124 -183.7628278 329.063928
335.1700133 -464.4533341 -496.5882571 R
-456.4232098 -79.01199555 -107.7138157
133.2303094 116.1670357 -77.39485155
-400.3339324 494.2876719 92.66849239
-523.415278 26.14722971 65.08082186
491.5493514 -206.4726636 -165.6641721
-356.6309029 207.2534356 133.8875204
-443.9952535 -307.5572303 -73.63715144 R
-217.2627773 507.4429318 -260.3886431
-13.72558353 -229.5183996 -99.20248307 R
268.140633 56.13677386 49.76681992
276.6522063 -96.05435229 -129.9838543
-403.733278 -406.7249636 -513.5721758 R
273.9868378 -421.4412704 -38.80911493
-466.3063221 202.7552077 77.84294079
-234.6693447 -256.2039639 -336.8451349
66.32558356 401.6381708 -476.3293176
-234.3436225 237.3678644 -219.6963448
393.8266798 7.991000098 -109.8440521
508.3781414 -483.5509478 -50.36544062
-100.04262 323.8821418 -525.9474333 R
77.66293547 368.0175441 447.937515
-177.5990027 -135.8734509 91.56444519
110.1153565 466.8109546 306.5952228
234.5383177 308.8469555 231.3098777
18.56312086 71.1783787 -113.5352792
96.77567496 145.1173854 -326.6721341
-390.0294889 235.7684192 506.3266032
140.2791261 331.8862493 -20.01918853
-182.0272913 487.6414273 -130.1858461
258.6976251 146.7538635 -248.3250268
428.7180646 543.2744496 -330.1420958 R
-328.2802333 98.76907464 133.3113405 R
-366.1686056 -144.2935019 94.85972857
57.67541475 -73.23557927 -335.1568383
-107.815699 506.8837445 -69.75587579
-299.3895819 -67.72190847 313.875006
-118.806159 -185.6674174 -483.5537449 R
-147.1019702 -466.9774522 34.79727445 R
300.3614849 272.3360572 152.6950597
-128.2152537 -495.8026669 -411.2283702
-470.9398222 -448.4591185 422.5635925 R
-106.2710768 503.4637295 243.2292058 R
-417.6507014 405.9697769 220.7356743
-320.5351212 228.9671823 -244.7096771
-359.0703063 -499.1316188 423.5627123 R
533.848038 -417.3274255 147.4860696 R
472.4017738 -385.5887129 -266.6606165
118.6644191 -369.7239671 313.9708631 R
-325.1586115 518.0909031 33.66142684 R
378.5111131 -11.00554785 418.1470523
60.95074802 -132.1966172 -7.390051874 R
-57.98000758 48.85036028 81.12722008
162.789116 -174.882886 336.8767429
50.72741106 -438.0582117 -337.2144788
-215.7307263 -117.6241668 128.4963371
-472.7375063 304.0588453 -48.86142211
494.5761927 478.6905012 258.1282875
270.1424419 -208.9474478 1.193987078
73.57180915 -423.7119284 -317.4754552
354.9870328 -102.7324705 -240.2561249
-396.7386607 -246.7635831 -212.6595767 R
-197.6963171 -502.3069725 -549.3081665
-450.2585875 -128.6234139 -121.5118314
-292.7326737 -410.1091748 -188.7875778
-514.2208486 -224.8294334 246.0000204
-159.3777676 262.3163337 -465.9728255 R
91.88672365 -424.2164176 -291.7954886
40.73677973 424.8593639 267.2829526
13.15585448 282.3100086 -325.5109226
60.96901438 262.9651803 -331.163298
-291.949527 254.9064575 -186.3266853
311.8677302 -8.241381108 67.14689753
-247.9058633 -262.2127032 47.60384065 R
190.0061669 367.976386 -109.1808723
84.74309787 -445.9483304 52.84228646
-65.84986411 -316.1145555 -448.2106133
358.8539272 396.7088259 -474.8201678 R
-76.60432611 215.9452345 161.6534306 R
159.0741163 -370.4205233 -511.4234013 R
105.2510481 377.2513466 -389.3973735
-11.94847032 -121.2293409 10.54872474
368.8026949 173.4020959 296.3973396
466.3383979 -496.9198789 -44.82104135
-178.0803482 459.0604128 -300.8102552
231.9570269 -318.9686207 103.4548786
237.9001711 28.14914459 420.5798383
-355.3046677 -421.8141534 215.8594086
267.7449872 -429.1519437 107.2767763 R
-108.4997676 436.035376 46.21686336
-424.409547 -426.514681 198.248014 R
-450.7697364 191.2829736 -288.7788116
-281.3519331 6.260455926 -159.6616155 R
-38.60302503 -100.8200112 -255.3259792 R
-443.4941078 144.533487 -410.2159565
-353.0246311 248.2642896 -461.4883598
127.7489985 154.5897283 79.91055072
-401.6836475 328.4977901 32.38802155 R
-146.6995263 -30.51522014 -424.0709738
15.74186274 167.5931981 486.1937108
-351.323114 -181.0011297 13.7792956
-470.0121601 478.8116376 54.31079686 R
-13.06391079 388.4394936 421.9976465 R
-143.7736188 -298.9199605 -135.5082979
526.7419117 -126.8150724 496.0836512
-439.6995192 239.0526781 -90.12501819
-453.6690026 430.4779733 -305.8712938
-142.6161189 -308.936891 -286.671789
-171.6286872 -442.8788117 -241.0934216 R
364.0760466 -337.8549488 -57.9264393
-69.5378158 229.8042276 -58.65983616
67.59500442 441.1892489 -502.0400116
-267.2951116 -35.37585115 -386.9541455
228.1985267 383.4053992 118.2414239
-523.951352 -162.6782784 -433.0081513 R
392.5842151 372.1051003 -320.3896495 R
407.482049 -387.4539759 231.6165401 R
-262.4642173 56.67389616 -203.3016819
310.3736137 122.4129115 -225.0331802
-258.2286803 -527.7130768 -208.7339815 R
-10.10806742 -200.7594447 92.78532532
-58.66115925 21.91016838 7.080893246
238.7153555 359.0961838 -447.444123 R
444.9756314 -324.9077936 424.3448927
436.237089 38.41013037 487.765944
229.6201144 436.2988469 410.2718802
206.481702 448.9965223 -282.3376298 R
400.0301446 284.7499735 132.8374198
57.29491914 -362.0844845 -139.8541563
5.455482114 -284.5347595 112.5517402 R
124.2365459 -444.2393636 154.1368435
498.3903211 -128.5977544 130.9662179
-430.2438571 174.6044945 -405.8929524
-403.9612889 50.94759194 69.46072711
-92.53370715 281.9508011 398.2406975
-178.9929636 509.29068 -265.8227809
-280.7204623 -301.0465958 -83.64613823
149.5628935 505.5504869 202.1649985
505.2925538 433.9254756 302.8873241
-141.827267 85.77702207 203.0318298
-236.3292463 -489.721872 -488.3217771
-449.1873315 416.796128 -112.6863579
3.326764383 -160.8527173 115.9818118
236.0148014 -50.87321644 441.6283448
-58.0152066 -79.70873474 -98.91341013 R
294.7997621 23.82699783 259.3482052
-373.0835906 381.4995146 -225.257916
-223.6785299 497.2430015 -272.9978929
69.15852885 60.90736975 -205.2042818
135.8326981 113.2066506 49.43120812
13.50159756 -471.8255752 464.20037 R
506.5348152 119.2826191 -228.0669315
-419.8539885 -137.9453091 -157.7779726
397.8281544 -183.2611573 -90.5671416
-42.76537542 -445.0684205 104.5842736 R
-529.9320911 -527.398295 309.7732211 R
-436.4843649 -392.8789593 1.382414418
-440.0610732 56.70361417 -244.6848425
-424.2367069 349.303564 -156.7971734
123.8275547 -492.570415 402.6069878
59.42449058 412.1394094 -236.2259053
-319.4233848 531.8029572 416.3760633 R
93.8212051 -275.5232303 -298.5664111
482.3735978 -425.8884923 -339.1338893
-19.56721941 41.95194006 541.8078621 R
-242.2447697 -184.4031897 317.4203289
181.6591568 250.7120343 333.5581892
-389.9734663 -115.0059914 495.6082954
-476.0981643 -322.8609831 -440.6216968
247.2385533 198.6317833 -234.9968249
325.4662891 392.0257848 -267.7535575 R
-174.3043175 -264.3919251 -403.5869958
478.9850127 -281.4911415 440.243483
-308.8453684 -320.1891323 225.0281201
-242.8378575 480.3690947 -15.43851167 R
92.24870245 389.725424 418.0947895
-271.1489613 -164.122215 -377.3884526
-290.1447775 -516.7857777 -489.9952591
77.00068087 286.8971409 -89.85433238
173.5154402 352.9229372 32.64375276
-156.1344416 316.9317166 395.0214339
-42.32941739 490.6435348 -380.0633265 R
402.4987552 -31.83256104 -291.1033058
-166.7948863 -194.7213903 -73.70037633
-12.49693691 157.977028 -75.83589453
381.9819983 108.8495929 -436.5556438
198.9493025 72.82944112 444.0078967
242.489809 111.3500655 -143.5684718
218.700902 -345.612931 171.8384341
-131.4991367 312.3517509 491.5390172 R
442.3160207 -429.0408009 -312.3491141
180.0541667 269.5503638 59.49318224
-121.0195036 262.182876 -449.8630704
-360.1847149 535.3315053 144.3635048 R
-311.1811646 218.6909459 96.25178115
317.8076352 265.3852809 -344.6910345
-353.4300665 -41.11089977 -392.0476635 R
-145.7735446 389.5026338 -392.2775517
-120.3866334 -183.6869298 -289.7693235
514.5024573 -164.5958647 -136.1288578
420.5698051 -163.1280691 -144.9959718
-298.605404 -94.49242323 380.4364771
71.08801181 87.8247228 443.2228966 R
279.717598 -362.9273503 -277.6102658
-419.368015 -406.0895806 120.1841761
426.7013618 -292.1886449 10.43363082
283.0092271 422.3310447 472.8297725
-478.6232422 222.9256815 -158.1422099
147.6383611 325.7476342 -216.6656623
24.1161366 -38.33690447 368.9083248 R
-151.3566554 -314.4747227 460.119576
331.0406337 451.0723765 -159.6372878
-154.188557 -476.2674651 -516.0935471
-9.356653248 290.9027627 8.433832205
412.7295038 17.28305673 362.8288228
-58.02057385 -33.08024001 -94.39670896 R
-144.7526941 503.2606194 275.0615297
-11.58351435 -471.795746 -107.4153417 R
445.2694471 354.1759733 411.3263168 R
12.59963656 -57.82750552 -200.6549539
320.9136128 151.037902 -517.1365709 R
-220.1429882 -116.407839 340.2227043
-480.6514466 524.819186 459.5904007 R
-519.1567921 -301.5380106 -159.7837281 R
-403.2846772 -408.0133115 -142.06083
-387.1600633 502.3619753 479.8658194 R
-369.5359607 31.96177434 348.8354412
-332.1322015 -81.84125616 50.09927538
-457.8044727 -482.488129 399.8740745 R
110.0277373 109.7642412 90.19642076
-29.18074544 280.6839228 316.6931112 R
-389.0297448 22.19874524 -208.0942133
-402.3433691 403.381854 106.8480952
-181.5949002 234.9127612 -472.013123 R
40.77811075 -60.44634567 -20.39707724 R
-324.9888769 -392.1397143 -449.9011149
-413.1901459 371.0576051 13.96943797
465.7812554 -316.8924796 -355.5439889
-63.45429071 416.2438119 -373.7142193
156.2319544 95.20556368 -431.9378043
-126.1430173 231.1935984 -465.7692496 R
397.5934065 -135.3991763 230.1702984
256.7390547 -166.8080539 184.893213 R
246.6155772 -421.4504399 -193.7184324
-429.7469762 14.62924438 -43.99771723
-29.78499919 -263.6921897 -204.3598327 R
-110.110891 76.13412502 -301.3939408
356.428701 -345.6585629 -129.6925613
-211.9261835 -435.1325822 356.5332995 R
-20.68489986 161.977701 244.3897694
247.6747518 -367.0069117 308.4833075
136.1489782 -524.2518407 444.7897123
94.30869516 219.1475927 -226.7778202
-164.8315479 268.6658412 -11.60169225
-509.9439015 -536.0166336 117.2726051
450.1637342 50.12259649 271.9599373 R
12.13898775 457.2849433 -229.1700487 R
40.37168811 506.8523575 75.89146638
-113.3227572 -185.8334368 -61.55221588
432.4908458 -217.8262046 83.13654791
-541.4423033 345.2370115 81.64333689
-342.3510021 510.0715774 -128.8047902 R
231.1384083 465.3616534 -446.4966732 R
-312.7280789 155.0423983 -155.2410249
-35.45742913 459.2455984 -372.050924
-35.88305054 -410.8858327 -323.0375284 R
-490.2572938 274.9869002 -465.4706606
345.4233395 392.0616972 -56.53493952 R
-193.1259365 181.0906211 -306.7696163
-49.17880833 144.6916356 506.5735919
-494.8026429 324.519257 -502.1406263 R
116.4375253 107.6602772 -419.1456924
-290.2569718 -182.6858938 -89.72723525
145.252264 40.27699373 300.2921244
-125.1925584 -242.8570882 -39.21061202
-361.5200902 361.4016218 288.3439186
-217.7737689 426.1456151 298.672751 R
511.3012958 143.8967336 66.14985259
205.3649776 131.4520508 -319.595713
181.9950353 132.3277354 -250.9952048
441.2285409 -512.3270524 -302.5001321 R
276.7968331 -91.24085955 475.2473304
214.0360435 21.46153141 -45.45959517 R
77.03655523 -164.0616901 469.0799629
-503.3940337 -18.79960431 475.2438979
444.9930949 192.014126 72.41509934 R
42.90653081 284.4311434 -361.1518084
25.31016119 147.8290852 502.2289554
-192.7036938 -490.1518726 -273.5476459 R
483.5238455 -231.4296148 -75.41450437 R
-321.7735426 83.21237548 240.2010045
439.2961831 38.50094573 476.2225852
138.7252309 -365.7263883 -112.9211442
-323.3426281 -278.5531121 367.9243494
258.5899282 -427.7861868 -85.20121908
54.77456143 217.16678 124.7618879 R
96.16821122 512.8710841 -259.4082997 R
349.7755113 231.3461451 224.6813946
-194.0232893 449.4141996 -165.5924918
175.9522158 -278.1647042 146.187922
91.54849068 -160.9347842 -84.2489781
-307.1609977 196.4994452 -372.3763819
-442.3226014 -37.66205951 -475.5366528 R
116.4017646 501.7567178 126.6360933
-114.4520919 353.6137924 -486.4143228 R
367.5640329 180.5642614 -404.2636466
185.1565128 484.0654616 -452.8894027
-454.2077254 -416.4941686 -374.9833582 R
-511.7385009 474.4300471 368.0036889
-311.9658179 -279.1699831 11.9331093 R
260.4709248 -483.4681196 -490.7007421 R
-504.051058 46.31685965 455.3823597
-107.4749183 193.4102314 153.8150185 R
253.3420052 -38.3681669 395.4916421
-301.0340562 404.0434911 36.3673013
80.86211 490.5133731 500.5331017 R
-381.6598897 -321.0332552 295.1163951
-374.8471208 -37.9513559 -347.5967224
-30.65825154 60.22042169 -422.3126779
-64.74846945 -417.709573 -317.0778181 R
-492.9257245 523.0911186 494.0785176 R
-302.3731443 43.02399616 205.2499866
-123.086921 -29.73538828 -92.99195655
185.9417176 243.8152492 -3.037722767
414.670227 -526.8680361 -443.4847031
399.3444346 449.0210654 68.96893058
67.09725399 94.31913496 -124.6148647
-191.470206 -10.79813584 392.3587548
234.2071032 289.0402575 253.9700065
-433.3670979 311.1870463 -274.6387912
-494.9411932 256.8510047 -415.6693849
164.6978395 191.8712813 171.9216342
-503.0600059 487.0108656 -429.8675989 R
305.8467141 -54.65733803 234.9549569
304.3821854 -395.1507354 323.7278439
204.5502326 340.5161195 533.1263993 R
-147.0075415 -457.9816275 -73.84358027 R
-290.9244968 -245.6618686 178.8410687
29.08322983 130.7589475 210.9617921
12.54931062 -173.709363 -140.1880928
-454.0846104 -400.9463768 -448.0179368 R
-218.7058216 -274.3858972 -401.974567
145.3811853 -41.26807571 -155.4592533
432.1530314 481.3159996 440.7725644 R
380.6244017 452.1355799 75.2152842
11.11820595 83.78868604 71.36013564
364.5015283 412.4741026 457.8223514
139.6407364 -385.8894226 410.15766 R
-143.2994719 182.7627559 -193.6095392
327.2722157 -92.37735368 188.0726593
146.3770492 122.2778933 200.8562418
-413.2039458 422.0773547 387.7908467
-479.2250457 282.2500783 -430.0914217
-314.2117163 133.3120165 -377.1813191
-410.4799412 -16.81521081 250.4312534
387.4191459 151.3239665 297.8799267
-295.3112843 278.3947751 262.3704479 R
-28.6179869 31.55442911 -498.144227
169.4344605 -231.1994792 -257.9543789
262.0685062 -273.747495 304.9047101
518.2134964 -415.3127024 -70.304537 R
277.0897102 -142.8302118 -96.22380801
187.0739889 455.2770323 460.6989447
178.014333 97.37133815 -241.93849
422.7332888 -457.0951054 470.194064 R
-123.7305793 -72.52106816 51.44308581
-454.9369968 517.1229065 -262.6098317 R
261.8450937 -260.6579824 -434.8485973
-180.3275236 296.7335771 -67.54549772 R
-127.4071029 -296.7892624 406.0961591
32.40274005 -66.2393191 192.0276734
-429.1879338 101.9288679 -422.3903118
131.7021838 67.72034496 -431.569745
336.9674237 -332.3195655 282.5944637
36.77224757 -268.1136294 1.068569849
-243.2909136 469.2583981 -409.0687032
467.9674401 -500.8303022 416.1602995 R
266.9316214 -312.8873613 3.312824147
153.2010595 301.2852789 -144.8605194
-278.2297596 350.3787846 -404.1225606
-78.31355864 446.172189 78.43161648
-80.46506234 -199.2844147 215.7894184
115.2544033 -260.5203963 -411.894127
-185.9617658 -27.4459478 -507.7992114
409.0470364 35.35779195 542.3182602
-326.7434141 9.77756117 419.8054331
365.5971022 -387.023325 91.04271462
107.8474899 -108.005013 134.4381577
-516.2494546 371.6989823 40.40274836 R
-0.8066679235 106.3191898 407.3058299 R
192.5669817 425.6437422 47.71974374
-446.9884437 35.53441645 344.0252415
-44.73575912 -499.5977555 -437.8123598
-256.3222934 -326.7002414 -263.1320465 R
299.748477 500.1581489 -131.6595628 R
102.8226463 400.2545476 -348.9612175
188.0340559 179.2310064 415.5371485
-502.2881971 -478.0333323 332.7926856 R
-491.3939955 -291.337716 330.2878114
181.548929 307.6939294 128.07642
-260.1156942 259.3228428 -235.942377
243.9982714 -317.2364203 520.2504682
26.24290072 -16.1290449 -499.6648637
-361.3680887 -94.07183435 -208.9595895
-384.7162632 -392.4048326 -452.0114299 R
82.28210797 210.185681 393.4430038
493.5285193 -76.5824766 8.778794002
-425.8341301 -458.8787431 -213.6096248
415.525468 -273.6378683 -164.097955 R
327.9860935 110.2913453 13.49844752
447.3013867 -491.4391099 -415.4780061
-139.592089 -294.7076758 109.3901872
-461.5391222 -361.2262761 519.2947522
-279.1060738 -287.4423825 -192.456454
297.2474563 -184.339141 10.81987673
-445.4167656 -209.5811123 -228.9195688
90.43322731 87.65731663 -212.9077734
-116.5870449 118.4976992 101.6354711 R
179.7394981 -306.3696337 -418.7003249
235.2663504 -469.7386188 251.8102668
120.2729008 475.937059 -374.9172903
492.9305229 -172.8346449 78.69495056
-214.667189 333.1674376 -528.9512284
-165.8537203 -322.8995281 198.8368303 R
147.8458934 -490.2515915 -362.1856151
148.8887946 -436.6173383 81.6531897 R
-481.4277525 -503.3680707 -22.68615128 R
-418.3102488 180.969678 -420.2782058
345.8427291 -45.44979593 424.105174
349.4126413 -14.04710979 199.0864323
-133.7766156 -372.2009918 -239.6949481
307.6408682 -397.6815677 -318.7624045
-194.2792406 29.97686524 306.7925397 R
-488.6153806 34.28864725 -516.497248 R
321.1449003 -427.0427645 252.6317186
288.9431141 -233.0268339 250.7900915 R
485.6869131 549.9929051 111.8743709 R
-359.1862988 -488.3927642 -374.8397296
391.4795112 532.1803173 272.4786775
-79.05833552 416.3996439 234.8410642
-410.5440037 425.3345806 398.3466327
211.1474167 15.95919177 -287.6657061 R
161.4303199 117.9705536 55.64162513
449.9594558 305.2886309 -379.8525307
268.1346383 -234.0921718 308.5872639
378.4286983 182.022851 99.26533109
-117.025794 503.5424658 -318.8128278
451.6383162 -195.5113701 -193.6433439
430.2024595 -140.8533139 -443.6477756
-302.1357966 126.0021265 -170.1115101
-199.2293115 356.4426426 -144.6152172
406.6060365 -107.722524 -44.77181887
-41.06381296 -220.4155147 129.2977459
-287.6704155 -410.0518806 383.9910824 R
399.8779882 247.2036691 -129.5090842
-203.5590231 97.594365 246.3731771
-409.0222941 166.2581251 -8.744408043
352.1024503 324.8279039 383.0894252
255.178995 -519.1984753 -422.0326247 R
-388.0884606 -397.4930899 18.09298765
-479.5243098 -466.8854175 172.8586509 R
123.7643047 -396.1203435 -471.1513061 R
-180.7712611 -349.0595985 268.0124492
321.3571046 205.1461866 -205.6040043
-523.445791 -226.4564264 -384.7574107 R
-145.4317191 388.166711 306.4136832
-113.3687801 77.85053376 -346.4598868
177.2518406 -474.7925608 98.90929331 R
368.5066853 84.085948 433.1429578
8.861836826 -360.5264663 -467.6906981
-187.1551845 -303.8285443 -84.74588925
-210.8188643 -424.8843284 261.2335296
434.1198971 -82.40841808 -477.8718097 R
3.297686762 290.8134528 471.8252789
42.6473126 -34.76197553 -196.8078997
-354.3378954 -363.8020398 -7.870086843
507.4628862 -422.5993508 281.3980297 R
439.3736264 -513.5312277 -394.1438345
-306.745346 -318.2185192 253.5477774
219.8574368 6.368443536 -240.3034518 R
320.1437554 451.144023 273.4896221
-485.6421963 -36.84334579 192.7072438 R
-353.7433576 -263.6887321 482.6186696 R
-138.3782693 478.5532907 -450.9378645 R
505.5035284 331.3434999 -333.562132 R
-413.7286936 361.7798949 -96.76520592
51.22099029 276.1606224 -468.6602908
-236.2639768 -108.3085854 509.3688197
-312.2086688 -2.846301363 -458.9205628
121.6119674 -71.27475557 -485.9349954 R
80.71623482 -271.6508386 -427.0865474
515.5478019 -387.0244835 -89.56254385 R
26.31420728 337.3872737 232.7668003
150.5575852 283.6408075 -144.4774929
62.57372155 44.21606389 279.4375521
-139.6042863 -520.6730409 -116.674308 R
-343.2496593 -517.7737858 -298.1499116 R
-327.3959124 -29.93404316 345.2576491
-153.3050344 343.0835323 426.703349
496.5856386 497.2086263 -178.5178341 R
403.3174696 -476.1592623 -15.0582694
-43.94707148 -102.8159414 92.90003341
-383.6980324 -519.6231568 116.5081488
-39.78941244 -352.9676279 -423.8166317
458.690957 192.5402325 -22.38577499
-310.4600486 313.9684612 330.0061009
15.87461739 -28.97346146 -492.2097026
-223.1999607 -482.5017262 247.0304494
-0.4494242683 460.5907075 -9.922948713
290.0367192 -477.0858427 142.5468493
312.6389926 -395.0756417 123.7914625
-16.39896284 357.9503984 229.417797
-52.86472957 255.8390964 -59.11866352
-77.47398783 103.5252 234.6153874 R
65.76674834 -2.312350299 -337.9631809
472.7122507 66.65790408 -276.9015292
-402.2586325 453.2558836 18.29916925 R
117.2995027 120.8749322 480.8996415 R
-251.027102 272.1057745 468.6280665
337.4875228 -455.2154438 -125.098863
-484.7472262 -170.1155703 302.8570961
-522.163455 254.3702685 169.0195764 R
229.0860954 349.0253576 65.16137157
-451.6919145 505.5978507 -263.7999635 R
-100.6441385 -151.4639943 -62.0139917
-49.78148888 220.8580661 -136.7700962
54.38489813 -508.469893 61.74219137
-158.4489166 -114.4381377 -127.719548
473.4774071 152.3882846 149.1547164
-417.6165727 -135.1729545 -350.6102867
72.73324438 -479.1443926 -502.2588242 R
244.8173588 396.3391177 -365.0744962
-119.7150996 -11.27547889 -408.7974508
497.7158883 136.1837701 -309.773518
497.8241091 -474.7876684 -264.3835077
139.172319 -229.3018912 467.5216487 R
-431.6264629 194.933212 5.61360022
-337.8907165 453.5822397 138.2128496
417.3140783 -88.05888279 -174.676512
245.5947775 105.6203412 -276.8139373
274.1868944 148.2168717 120.4181542
-109.0498912 -270.4417145 -357.5642961
-61.2728116 -179.4532812 -134.6477737
235.446353 -466.0560942 430.6915791
389.6652023 132.2127466 -108.5770655
16.19715532 -174.8575528 -82.61244655
393.5018928 -494.7186614 -49.10144855
-22.81357932 -476.364086 -11.52435897
-419.0474858 488.8599343 128.0724554
-1.602030744 -95.85073097 255.747515
-474.0356724 152.8795169 319.2653824
-275.0345554 -488.2545268 412.0225481 R
539.238566 299.4141377 497.4884275
-290.4733811 199.0973586 388.5473673
208.2063654 59.74652156 457.36759
-514.8850119 5.3060227 435.9343496
223.9746115 74.78753955 -116.7243308
-350.9304919 250.5320526 349.2983777
-181.0250519 67.92327323 -13.97706771
-282.6543744 -85.94840386 -242.3371565
-367.6050606 -332.2644588 232.8933515
331.7286093 92.01310567 -202.4198865
462.4667025 -190.5193858 167.5990422
-246.6557674 -83.20631438 -28.96267383
-413.3343227 -498.8260828 -79.97258668 R
-475.0517523 68.37292315 213.6616507
277.9500165 -173.248503 -273.0679969
-85.38299297 -399.1964705 -102.3695432 R
-143.8638569 130.3473232 -432.4232386 R
451.3255056 245.3190649 92.22257251 R
373.6488141 -62.83126379 -351.2983974
-33.69491713 -146.5630451 280.7259261
-216.0968023 -426.7311144 449.3655467 R
342.3442808 264.8277174 -500.0199395
-162.7365949 -334.9748983 137.1102391
-161.4818733 181.0187898 507.7319504 R
39.55482578 -156.8260133 449.8356329
-28.47123508 351.2155866 43.66228078
459.0535961 -237.1795389 164.7532658
528.7682332 68.69085824 483.0283788 R
-179.7819524 -281.1771977 486.0842004
341.7957988 296.2671527 -151.6205536
479.7793218 517.575509 179.8567385 R
512.6024913 173.5493523 -7.717681647
-191.0507869 355.452887 -343.7390034
-230.3067998 490.9486205 298.2246141 R
196.2975194 395.927086 -157.4629064
-238.4905152 311.1467182 -332.9731366
179.2402495 -493.9248482 -143.5836172
325.3633853 236.343444 493.237544
-424.6129833 263.1739383 422.3656232
-482.2587273 -383.2193203 99.92025877
-375.1059917 -24.25310226 -193.8027718
-44.40249966 114.5031773 -171.0662355
542.4261256 306.7595789 -474.522381
-447.7673447 36.42620876 439.2470262
102.1586054 -480.0717046 -284.9775317
190.9687907 -381.7129584 -81.43312051
-382.852257 332.3659112 -468.8846176
325.5214381 -175.6383342 310.0940955
-236.5104796 -288.3881257 -424.0463283
117.8919689 35.07808318 -391.5554471
96.04141558 145.7855895 -216.962457
-56.20456605 330.3603768 -330.6446607
53.85660849 331.0976835 140.9562076
-63.07070968 81.59137872 -57.36302947
-239.6810528 143.8436012 -287.3297015
490.1599363 41.51224818 -227.7198272
38.93793149 367.9800504 24.66490352
-281.5523828 -352.1252339 341.0029459 R
99.26199182 85.39492732 -461.4497604
-293.0940433 -500.5341629 -174.7411107 R
211.6801243 -144.61487 -201.6288391 R
-17.12812232 -141.6557804 155.5547227
269.4781242 -144.4256795 -4.276911232
81.37196005 -142.1470859 -356.9134429
-342.1963829 -7.268974377 479.0782081
253.4225458 72.9186439 85.00333164
-200.5322603 495.7979685 493.2624641
-503.7868797 -348.9620497 350.9640887
82.19645322 76.22247671 -85.70722961
-225.9831187 -41.86206652 -511.1711137
496.6633049 -301.3815395 -301.7157223
-300.8898069 -184.2864634 -111.3261412
103.332704 -503.8317914 33.3830221
72.42830351 325.1089509 515.9266171
465.5943081 328.129498 -115.24291
-255.7864399 93.88209828 484.2721921 R
-276.1629155 -313.6403493 -244.3444411 R
-48.27917876 -499.3448694 -79.91654375
-426.6892856 33.83263661 -376.9533847
-417.7749385 350.8171128 69.2963951
-481.202588 396.6366098 -529.0450395 R
40.27296178 102.7940416 -47.91494006
367.2809166 -411.2890047 170.0875244
-448.7650786 189.1669593 380.0375466
-402.4640669 -416.1634513 -443.8318462 R
499.1483293 175.8897452 -37.31209245
311.5247404 319.2114879 84.63617277 R
-441.085405 -15.93373122 205.7478802
229.3758916 408.6265021 166.2463983
533.7717808 511.4661581 225.8621867
-270.3612692 51.59248107 391.6413923
485.9909346 323.0023411 112.2189168
-203.9089824 -56.927194 -297.3419404
450.9769583 484.9586619 -377.815133 R
341.038554 -169.4932507 -221.331948
79.1097356 179.8898903 -459.0534163
-468.4384161 266.3774542 -342.8828666
389.167743 463.4139129 477.7684461
358.076165 170.90644 -459.0040625 R
11.86741753 -211.3310551 238.0223506
473.1620009 543.710713 -45.3604913 R
264.4645381 -283.2843234 -431.1096871
540.8076565 -78.84974319 -204.7959834 R
-70.65732354 156.1156748 197.1744381 R
-475.460149 331.0184773 -404.2234572
181.9188868 -336.6577767 443.9458807
-206.530604 -339.8121969 -423.9552466
213.6431362 116.2959261 231.375863 R
-299.2750642 -375.7127824 502.5732739 R
-0.1537109618 261.3064258 128.334155
-443.5049117 -233.0085604 51.82627363 R
-139.0641489 387.3178342 11.90260419
517.2696001 376.8499528 -433.8210142 R
456.4231761 141.6075446 -67.80626596
404.899968 410.2569636 -335.1681918 R
46.99044119 -8.549908866 -3.37472618
268.8395982 -221.5420594 -72.09934782
366.7971 -266.7849985 475.4645288
450.416925 -143.8677483 -242.8427507
-427.4330495 232.5016669 -29.69723464
275.5498533 184.3749469 143.1118524
295.1531161 -53.81340999 30.76708643
397.0364844 410.2648947 454.4331331
-404.7735715 50.65413909 148.3575755 R
-0.6808024501 516.0654075 -444.5897658
513.9454562 172.1921832 -292.3861181
-372.6766051 310.5887259 -229.9731771
233.4830051 -288.2209847 -84.37189854
-303.9773813 393.6850851 -287.353551
373.8363713 -395.0109032 353.634023
-402.6169611 507.3605661 -307.0101243
352.3868723 35.26507528 -200.1967889
373.3234458 370.7318641 -144.6741965 R
-478.5869507 332.2234101 -427.3344967
-98.70771363 -315.2282882 397.0077264
284.6541188 -233.6586105 447.6070952
-62.9302064 265.7881109 375.6918722
-391.3248467 -98.76926304 226.3534996
247.6345518 -167.4533404 -355.3197172
79.36238813 377.5906373 360.8605967 R
-37.0085192 229.7946308 -57.74157606
198.7813465 -413.0834169 -503.9505708 R
-86.12830968 -297.5272426 432.9208588
480.54357 -117.8114552 -424.5422308 R
-105.925293 -167.9036477 251.9948857
-418.401425 408.3271046 -125.9086105
-304.9500144 -441.7041707 440.3037903 R
-174.2262481 -374.9901992 -356.1514319
274.85045 -369.0736282 -208.2548109
-412.7488189 190.1980221 444.0327344
98.71837862 403.9370041 187.4049339
-92.24848671 149.100134 -172.5842054
239.9842069 -4.495884801 -236.9628089 R
-91.46482113 -90.28982531 -18.77843479
82.89526717 -330.3727719 144.2077733
-178.3038363 -2.917280347 -195.9835787
105.4714759 -539.2687857 -407.6776622
451.7539791 198.1790667 -280.5021915 R
423.6776388 -490.0615004 29.9230336 R
415.8330208 308.0867358 245.557055
-55.90157076 346.6007112 303.1354398
-343.0094737 142.2332469 -103.5086355
-514.931242 -345.3952863 221.3210339
-229.8482843 -405.0984296 -36.26893493 R
370.9351982 241.346425 435.5824731
48.12493466 417.0942359 487.7924952 R
322.1891134 294.5458054 -238.1389104
-378.0134159 -438.3592699 411.8187811 R
234.9860072 29.31899523 477.5677529
-529.8500747 -421.5935511 -215.4505477 R
-337.7151741 -289.1854033 360.1633629
287.4166071 -114.444062 -465.8087563 R
-520.6011842 -128.5311966 50.97040526 R
129.5135608 407.8605934 357.4570159
257.3087507 355.0317458 5.004763557
-318.6712878 -76.50587427 -94.5470105 R
280.0916641 -514.2074218 441.9905254
15.53448895 -186.8986518 486.3205553 R
-298.7210191 393.7847768 -459.9685678
102.8202871 -23.48495393 488.8504669
-256.7934812 392.9626676 22.65319651
-197.3299919 -120.5345833 -363.7832365
357.6105762 311.3311583 420.8960893
107.7437563 -314.1061255 48.38361429
281.6616035 -17.63983578 -63.52455666
-471.1024877 -533.7720882 469.0797657 R
-74.28716819 378.6466611 -169.9952374
422.0080288 484.6627269 73.4830579
-520.47661 9.437107303 -79.50278939 R
382.1069538 -336.0549506 62.49598925
313.4493801 391.5430214 -7.291717762
-496.8365039 208.224705 -45.33504399
384.4710758 -480.6048097 266.6115424 R
-241.5363502 -7.906401905 446.899547
-135.2096162 455.5199527 -9.510038663 R
-396.2407567 -305.8746265 459.259343 R
-526.4774233 219.457862 297.7852329
189.5189992 375.4265282 0.3671102236
-499.2600278 -516.7403365 -168.1252118
-287.4381863 -258.292823 231.5909295
-384.7529489 240.4850439 -478.8224209
-533.1515326 -15.13931361 -94.34898353 R
-128.3606839 518.6081402 80.57589979 R
387.264051 104.1196204 -438.2661543
-91.76741703 -432.0238432 123.4013955 R
-474.2526379 -179.9886804 473.2937535
446.8170733 367.3215676 -270.6205702 R
47.83002246 -54.4821114 -413.7540334
-178.7228532 -81.24500288 -319.3129284
183.5638721 -478.0722241 -151.4654923
-108.1230444 -316.5539004 -302.6796502
175.7212668 155.6272101 -173.1296553
95.69842245 -292.9152103 3.036233274
497.5267515 -59.71634323 214.6803727
-485.2843526 -144.2953155 -481.9049839
43.22006901 -362.8032387 -116.9604655
377.246805 314.0344816 -63.89378417
-409.9187953 -237.7051907 -305.4794197 R
296.8418468 -134.1303673 503.2680361
-74.3509165 128.0053642 502.6430349
510.8536459 289.2634338 -233.2306478 R
-266.414152 496.1483302 504.9307731 R
519.7420912 82.34313094 -54.27667745 R
381.1835585 53.59572588 32.34506422
-462.1752259 52.35210109 341.3459329
-282.8313052 -533.2637284 -46.82031664 R
-182.1977354 168.4952442 -326.7034331
67.19994256 126.9931744 -316.4053765
-78.61456299 -177.2082845 104.6832303
410.0449137 -298.1856645 -69.28445493
-321.1779716 -288.8118865 12.67379069 R
7.018732819 -501.5752823 -269.7614001 R
-176.3652241 -152.1803873 203.1391894
160.3262971 458.388446 388.7040552
-258.446474 132.4404915 5.61894353
380.8367044 -365.2679168 -283.6885382
-439.6240204 192.5065338 86.34387143
-185.8322633 -161.622182 243.7152962
37.060399 325.7691627 -392.6555705
-23.44703584 93.42174559 -481.0876888
368.8383029 -302.6883423 41.58939079
-291.0716768 286.2436625 417.5502922
-263.7884634 111.8922979 247.2820077
-138.0785633 510.5011811 -135.9832841 R
291.8595498 460.6663155 -384.1377673
-541.0417904 -455.5990501 163.236704 R
-122.8615376 528.7057192 160.2509194 R
-24.75765684 -463.5807116 255.3085931 R
319.2339141 197.4250725 -118.7685139
211.3475247 -13.68243539 -351.4361908 R
-458.9711621 61.09854018 -115.8364381 R
331.2982443 181.9020628 385.6574156
-387.9388317 159.5859618 -177.4192675
-29.44755176 -185.0024855 -197.6219933
57.87787432 421.8838308 -432.303155
498.0672191 -229.3910315 334.9574063
-396.9118246 -97.30346769 150.2172362 R
-352.1104682 366.733317 165.4624638
340.4892399 -458.1661212 133.118314
143.7665556 -335.8542482 -408.2266719
-294.1996117 208.4641267 88.22367141
481.1078776 -499.4842617 431.3969051 R
217.8332684 -39.10075286 72.02510821
-24.95932114 42.06847014 -536.1326699 R
-305.6916323 -284.2908778 -231.6205939
532.608495 -153.0387445 314.9343976 R
493.1766213 -29.87218782 -140.2884553 R
-129.1877369 501.7761235 56.92901623 R
322.6704751 -366.0259834 99.06317034
460.7093123 -313.3599124 96.517156
-250.540909 217.401381 340.9785297
-391.4366061 353.31385 -109.4558893
319.4488299 444.11321 419.4349542
-459.095004 -446.1331046 -430.6500034 R
320.7915466 190.501625 -381.6212192
254.3843606 12.86016789 459.2345583
126.1112457 261.4212594 509.7666693 R
-544.7868828 341.1560687 -111.2234247 R
-363.8993245 -369.5063473 463.09654
-385.5052958 -79.34141736 -35.65413946
301.5514562 -473.1958416 -340.1667621
168.4616957 -34.04316442 225.5588053
487.4071084 -30.66289291 302.7993057 R
453.7551542 -479.0278416 464.9169172 R
164.3382897 357.9196359 -88.69884677
-152.3673524 468.0331339 249.5662941
-201.2862331 -438.3537268 223.1681615
352.7576333 510.7496215 314.2299538
-73.04902388 31.30810536 288.9087517
427.9514903 322.6036983 -263.8129028 R
-326.4106953 -192.1608021 -409.4172039
-118.568984 24.62583592 423.7854309
-400.9447987 -156.7368484 398.2664199 R
181.621331 89.74523638 394.7360926
-181.3669222 -506.6533229 203.8168764
304.6220433 -130.7280877 -290.5388421
-341.0153186 265.3873236 300.9859972 R
240.8509277 -470.2158221 398.5316573
287.3274927 -391.497193 217.5283909
-517.5451199 -61.41786797 379.2466638
-190.4531711 303.3317569 -135.0811653
288.3446301 245.2905551 225.2170689
-211.197704 473.6958018 156.3486806
234.6988166 369.112633 96.21825676
46.97132619 -5.830513726 -394.7032256
-487.8449224 339.9947242 -257.4431102
-365.8349975 57.13555437 -340.8522617 R
318.8220583 504.2333041 71.97224674
-504.8341121 -3.809977603 -84.86574936 R
79.04276794 -177.4984614 -96.0398194
138.7380121 214.6029877 -409.086089
304.9365634 302.3083181 -157.147952
409.8214682 24.43043656 454.633553
-154.5097745 -462.3526781 -261.8535592 R
-154.6270904 -75.67961243 -349.5591114
-452.282234 208.7342955 236.1297614 R
-457.7644276 492.7386054 -67.03157948
-437.6756909 -358.8981266 376.3277747
-153.2957136 -355.7796459 -159.2920232
-206.861844 -214.4412316 78.07081136 R
341.7926499 26.48607376 509.9407322 R
-200.2467724 -301.6102962 373.2716167 R
251.7275248 -246.9948487 390.3088656
-234.7328378 378.4349333 -484.7369904
131.3678308 141.1472039 -208.5267243
-83.80183213 -488.9941019 207.8507996 R
-63.63917202 -142.4498878 279.1953846
-97.05268319 -55.6686077 -367.0941754 R
-309.6864052 335.4697084 412.0338954
-427.5373393 -345.4266038 -136.7442649
-36.76208582 -50.45573366 -432.667717
431.0930679 470.741805 312.3788769 R
-320.0448054 -501.172142 -205.0960175 R
-93.03683459 -270.7170067 365.2149658
-457.1875087 66.13180001 -468.615773 R
-132.9673679 -330.9665422 -157.4629285
257.6235283 167.5095786 -442.5992635
-275.6402289 282.9390466 -251.174821
-322.1366593 -38.99893565 516.6121205
-78.91864494 -524.3016588 466.5177226 R
-244.3792249 490.5352201 -279.465441
-448.0652475 22.07961185 -195.6238421
-135.2845298 521.8834791 98.17422234 R
-448.2919278 -366.2045703 -136.3873775
-107.704521 -306.9546216 348.5886608
-460.9859108 -415.6505492 61.18794233
476.5128781 -468.6054834 -515.7260581 R
-2.293744491 -61.95049927 269.1461726
-512.2819551 477.3225467 351.152603
-3.366038301 45.74293988 526.5658973 R
37.61613883 -97.7040624 -449.2256933
-442.0851555 450.8244467 178.3417632
-156.3743794 -157.6873063 -93.07628209
157.5831136 -363.3685784 335.3680251 R
381.3847199 -51.64710737 99.1605828
227.6661572 -33.72133662 166.8487866
-213.0674533 -314.582938 -67.11851952
-502.567418 -140.9294329 -315.1156358 R
-149.9922666 -5.959240294 -104.6725565
429.7721743 234.1631268 -81.31587804
187.9801862 -157.329667 175.458642 R
-488.1153328 288.3831709 65.32574258
-72.04758908 192.7468612 249.3377424 R
131.3233416 446.367088 -513.039621
-42.778729 260.2266208 -301.2337789 R
282.3395645 426.0677548 255.4577307
354.4167971 -258.300059 -283.608612 R
457.242247 501.3632755 357.9647745 R
513.6863826 -125.1458016 -298.1259143
58.97306844 246.8833538 547.4489115
503.341057 -104.1232912 2.197722141
123.1699666 249.9760173 15.17597395
-491.7699086 185.839776 -274.8197166
304.7733677 342.4537154 79.04347429 R
-110.6958014 375.9526868 -238.5427088
472.4431515 175.4145238 -497.9665092
-415.3947067 81.56478344 -460.9108374 R
323.8201426 -280.7572377 -357.8973407
-374.9723001 201.2157712 -66.77208114
-12.85523352 379.0732288 -110.3475827
-260.2713239 -320.4651737 265.2581406
184.9333784 -298.6594295 148.7303048
-475.0236206 -393.4524702 -482.3357556 R
-476.8492322 -280.742191 357.5294017
-85.53243084 326.3575191 -156.1596827
-518.4441215 -438.4803887 -480.7123187 R
60.28589789 222.5585902 219.7099428 R
336.0488525 499.6771503 451.4219811
-0.2504207555 -137.6512513 -349.2063996
118.3450109 -363.6401233 128.9985209
164.6966748 -277.1188823 440.7383871
-162.3520656 -438.8526893 -145.0336674 R
-315.47311 178.9182386 435.1192723 R
371.0367218 -28.93951294 307.9495572
157.4705332 -39.51936892 153.0037631
477.6696897 -292.9522732 -96.29043662 R
309.9904983 -375.6821288 -378.209965
-439.1367941 395.9192012 -186.9430213
-271.5707771 -28.55102472 332.3271618
-311.238701 -477.2254553 133.3643478
-46.15993701 93.19623461 142.6489332
128.8111696 146.248148 236.4969789
-384.8398097 256.2410968 63.85517873 R
-205.8803515 -271.7525068 -148.2010596
448.0943836 -469.6441357 -433.2701855
481.7744551 16.97941584 405.7827213
-355.4739391 334.1668319 527.5673055
-196.3585179 -66.97960848 -71.08067234
300.5111682 318.5765104 -5.265317808
-187.6578319 -448.1572474 44.33514416 R
453.960568 -476.1343141 531.5150267 R
-373.5956552 9.041661721 -48.40289405
-191.88373 -421.6544761 -451.6128038
-210.9632649 -259.1318246 139.5026953
246.2598925 85.61180202 132.7530414
-267.9640679 -409.9735507 233.2865574
337.4052643 10.89466451 284.1465351
432.2913106 88.20817808 -43.16101835 R
213.9089737 435.4696701 -150.0054077
-298.3900943 37.13517377 310.1754051
-1.920671925 -135.5666078 293.2748205 R
57.04482857 -525.6647479 -185.1157851 R
345.441954 -218.113583 153.1872703
355.5545684 121.0078288 231.2727446
163.0907324 -6.966798855 -443.0836175
218.748754 -437.3564071 490.3299177
-467.694051 -269.2528736 333.0691555
-324.719772 399.1002752 102.8074135
122.7202908 65.5288947 126.9476219
-276.2329486 -249.8075834 -37.92766162
503.2484546 86.99273968 116.2933963 R
273.035951 183.9856783 -442.3733732
-303.1522844 496.5230208 -192.2345401
527.4512422 -162.9605669 465.6342121 R
-284.1168715 -225.8197995 -81.85707495
-198.5987997 262.8027728 -136.3643265
258.3945627 155.980456 -272.2910972
-239.1122449 99.60801583 326.5167
-303.8549775 354.2830863 18.764638
-144.338628 -37.94074671 -146.2190117
45.35264385 -7.316244733 427.3701976
-439.7968028 461.2254729 -485.7952659
472.5139799 -196.0811295 -505.159079
319.7925199 46.59211469 -8.393302724 R
-282.0461323 46.11146596 92.46369262
-86.80674118 485.1435968 338.8213633 R
177.4981188 -48.54376368 -306.8577936
-517.1289558 -42.3282897 -177.5647 R
510.0469463 88.24084434 373.320622
-343.0766582 235.0645131 -339.4104804
287.7307124 -398.421929 -148.8961708
-517.7515026 445.1439626 -419.6579768 R
252.1336587 -279.1338326 -41.05269531
-89.87698145 -272.6763381 -494.7740627
288.854553 155.4252987 364.1536617
-495.0739272 -245.995881 -15.34674681
-39.67207602 128.2195126 -156.7796829
324.4030551 -67.98893142 81.9773212
103.7992627 -466.3011613 196.0253623
272.4707413 285.0996858 -472.5227417
70.06165001 368.065064 -494.7348286
-412.5048478 184.9240496 31.10383665
225.9566586 -460.3713261 -238.5514186
274.2247756 -43.22716342 -526.09959 R
484.255841 350.9426756 198.8134366
427.2841547 278.540538 2.832408767
56.0350226 -477.175786 244.5652009
-173.75409 -256.784839 -402.9558011
-40.44059844 60.80309625 -533.3999778
-407.2466179 510.8927921 509.4590061 R
140.3035267 339.0574888 -341.4213149
347.677179 -80.73121817 432.7748459
-352.7116004 346.3758923 -46.87368779
305.6915688 226.2701955 406.6293354
-403.59502 -225.2387228 -480.3449041
368.6931503 -347.3326485 -484.5688279
353.3450826 516.7595398 419.7303175
188.0182397 -83.61774783 -433.5877966 R
279.7531608 -519.7088334 -448.1227707 R
-170.1174441 -103.7759578 67.12718933
-348.6451663 -484.0619732 -22.98768315
-233.1009604 256.2949958 87.35055528 R
-263.0267402 266.0287898 179.157602
-197.7412283 424.3600039 -124.7516236
-330.3327687 -200.0357851 -57.01518216
-40.65268364 -512.5190811 -354.2850968 R
-301.3164883 -113.5836033 114.1365525
72.28146314 -44.29281622 -433.728925
112.1304789 -174.5140915 468.5492093
-488.3146795 -59.01792337 433.8674655
-168.5428958 462.6789036 446.3269004
37.43176072 134.3993548 462.4301979
129.0724972 167.8876719 231.3761832
96.71958102 287.6334146 -207.2912874
341.8024197 -387.1564336 262.1509687
-36.60203366 428.9125435 -412.85625
218.8322476 -105.5079872 -262.3668345
170.8760271 402.4868643 -152.0983917
-254.9427054 78.8125613 219.4616029
107.671784 -529.9374236 520.1212185 R
233.5704051 -140.2306299 425.5315584
-44.68113782 202.312819 196.491691 R
77.70273856 -91.00126271 -406.0457865
-80.51221748 290.8544079 457.3763247 R
-181.4620567 247.2447627 -376.4317435 R
-292.8213423 -472.3769227 279.9493938
-180.1569483 150.2325605 20.32794283
-82.59403822 -320.9215282 -495.3193438 R
-278.9990393 6.547961398 300.753613
427.0886 -319.6524655 401.6621667
-49.9791404 -443.2098534 83.18936239 R
-111.2996483 -189.2666625 382.3489966
-142.9460501 -351.8472006 91.43587704
-171.172199 339.5123965 -330.2637633
155.7497268 352.9596645 -325.8946665
-315.1554342 500.8980885 -400.5005649
447.9114029 187.9410633 -356.9516383
423.3652784 -104.9006079 -222.0239912
-24.43554125 -100.6491902 320.2277186 R
411.9501292 -283.766362 -368.636689 R
135.8328329 509.9445977 28.04557436
323.541168 534.7225629 188.368995 R
-245.2153096 226.447842 -130.7245787
-185.7549087 58.27374233 345.6843762
178.5962416 246.8570113 -272.854405
-91.3870065 402.8988108 -511.6736155 R
104.0661577 -227.6919501 -309.1371851
-516.8154223 319.4141029 113.6279924
191.0088796 -260.5978331 223.4598886
-359.4442405 -156.4536976 29.41032171
-9.272102343 -204.574259 483.2748639 R
-4.374721414 -217.0457275 411.5255227
-390.0112341 -153.2384919 -37.24231007
315.0192775 -144.0933407 -235.9304754
298.2610982 140.2544796 160.4879744
-65.37136018 -313.4315173 474.9237868 R
-347.7657961 -386.2231688 171.0777939
-315.8134344 441.9187206 -29.78356105
327.279492 36.10184131 327.4107501
301.2496049 -342.1660453 -344.1273474
375.5861369 -526.8695853 -307.5014751 R
44.81107736 509.8460973 -315.0249386 R
157.0138369 -68.02247965 169.8510715
-162.1071961 334.592765 101.6389309
121.3431041 465.9445485 -224.7946157
33.70545738 -204.7890607 -448.0200397
-481.6041906 -326.1697717 -493.0622162
93.29649999 -11.46498366 -366.6002375
-152.6419408 153.6223711 -181.0056895
486.7256773 155.2724673 389.5539233
-417.736907 68.78045068 -234.2966697
-452.1157315 -16.03586344 99.85055371 R
49.7327019 -333.093394 209.7313587
51.49509157 523.0402494 189.8462225 R
-441.9346047 437.5815733 524.7067973
-33.32203121 -81.43855378 -278.7143703 R
90.51195182 -421.6517055 135.2652531
-235.1115762 -456.3968575 135.0421723
39.48024414 -505.1554999 71.98325222
-457.7574477 -66.34012957 435.0325514
-269.9175635 -546.8955115 -445.3482084 R
123.2353286 -476.6041524 299.2993363
120.1843416 -503.5439914 -105.1526584
-214.4216025 396.0275714 -21.69198071 R
-267.6541015 364.846786 22.10728812
36.61844385 -365.4801023 -188.0504377
453.2396821 198.0789613 338.6517967
-145.6338891 -393.938706 -191.2101453
-136.6194382 -68.52505464 314.6618651
-407.0536198 -493.6474384 51.18653498
530.4383878 259.8339323 402.3690541 R
-298.5577341 -237.0988997 -400.546153
428.8173379 -406.9975625 -244.7859523
-478.3221236 410.8294435 241.2360979
222.7216924 -258.3883593 -439.5767643
-356.4496019 -248.4289954 250.6173047
-429.4467484 -73.55877923 -343.307733
-400.8225116 -539.1803358 206.9680646 R
-368.6812073 257.7155122 454.1797236
79.08318401 -309.9474953 -244.7482291
351.7145383 -436.3270163 397.0586837
51.12965005 237.1971818 -47.66332111
-359.9390604 328.3686391 -78.76708551
-65.3602043 -466.5344204 -417.9604558
-419.0024074 359.101372 218.1714721
53.20450019 -340.1522033 244.7313938
-48.46614847 438.7307636 192.5002408
400.3981582 318.4044738 118.7667995
-252.3912276 -114.0329533 155.3910903
-291.0022371 484.7195008 283.4548095 R
510.3420194 -311.1360596 -187.5444527
-342.5992882 319.3986034 329.8319552
50.90508861 397.1053786 -248.407596
400.4309744 265.982229 388.9791045
-405.4401136 -321.7247369 -176.9101529
358.9759304 -291.40203 75.91012587
-87.89303984 251.6457886 -343.8944586 R
-76.73722962 547.0744163 -244.5963502 R
-298.8087102 -402.6258868 73.62882739
173.6160603 -451.0592685 -251.562409
-482.0243613 509.9716644 117.9880138
507.4744201 114.5078545 411.2519046
96.69472049 -114.3321106 -445.5509055
469.2900081 -500.6505403 251.7350492 R
213.2409074 407.5436692 110.5821859
348.2598991 402.8403496 -477.370451 R
-403.4477513 238.9715981 432.7775213
258.4490438 98.38291894 -118.9211831
-38.83560253 -318.6495353 -264.125685
-427.8574109 -304.314666 363.6259309
440.3428686 -51.0334499 -167.6654873
55.80638173 185.3761436 -184.4582847
-139.8180663 362.1557808 53.4037445
-34.86787028 43.07245861 42.02430352
-78.16114625 11.28560627 -96.16271085
273.6566684 -209.5045417 -322.7934071
217.5252787 -370.1691818 265.6300564
77.94206922 172.8614827 -55.76712947
377.2929306 -39.78554246 282.9505678
-72.09423743 -414.214718 137.97966 R
98.4001562 422.4375223 -68.49833887
-409.3002446 -332.9082298 266.5249024
-248.8504749 495.0414528 371.0976555 R
-527.8715415 -299.0972552 -67.11958119 R
453.0478926 408.7238231 120.0549101
471.0215554 446.8472762 102.038965 R
53.32271147 256.5384454 195.2772449
446.6328097 -463.4741633 198.0954921 R
334.8748737 -205.9292128 24.3487888
-236.4577346 -120.8098168 -316.3506409
87.57124441 412.4095008 128.6525286
372.4355597 -335.2317502 511.1267219
132.3708845 367.8461235 -309.4373471
-379.2206447 141.8392397 -278.6274123 R
-479.0289138 381.6983452 320.4849221
-425.657888 -311.0980975 499.9807681
519.683592 -109.7094586 361.1647281
514.1618188 82.2676326 379.0311802
-460.1178807 520.4849937 494.143214 R
67.08598318 -542.2240019 -213.1921099 R
-25.76055124 -36.74692421 -289.9587338 R
230.3131995 -198.6892528 117.8611104 R
-309.0742612 18.4658681 -314.5378051 R
10.06497768 408.7067622 491.4869277 R
515.1594743 180.4679979 -38.46540686
-265.3938394 -239.3346624 287.9284272
413.2611878 432.0898253 488.551248
-29.10427178 -360.7377251 -19.02138994
385.394297 -198.0421955 -516.2142223
-392.2665052 158.2422201 -184.9424436
-211.8417479 -494.9761517 494.1716643 R
-412.8475315 -260.8147033 483.9070477 R
-419.4065347 -41.48783101 -413.9119803
-96.16162117 261.638892 158.3230305 R
46.18132773 186.6411857 -325.2680722 R
-183.8856945 -207.9024876 358.4675706
-539.5568641 -138.5039806 -165.9233834 R
307.1322396 104.2373215 389.8092581
526.544357 270.5240888 282.6027997
63.18113348 -137.1463111 169.028321
161.2231647 199.0194306 40.66546426
-177.1280563 -476.9132913 198.2360195
-496.3602113 -113.6802485 -124.1081023
-316.2020076 -473.0577526 -414.4031574
397.1825504 12.51024217 400.3351623
476.9920405 -519.5352514 -396.5757572
-42.68063524 -494.5907496 -531.9760264 R
217.5765283 -410.1342825 -94.10329978
65.87647445 -527.592145 -245.2283737 R
364.858935 -143.6080827 -179.9985782
-401.5801019 388.6633575 -26.03312168
-361.2062569 -321.8793296 -260.3019898 R
-515.2520115 307.4331956 301.6098624 R
373.6375796 481.7152298 -209.0533518
-292.3881179 -162.4836478 351.0571773
119.4111997 5.327809937 396.7738775
207.1947882 -167.7471784 -461.930503 R
-495.1823169 92.17410547 -366.7961015
-452.6143204 145.3371159 40.62376798
501.0531912 -228.2512461 57.6522576
473.9117792 -443.8847307 -248.8732145
-271.2274961 -403.0378773 -463.4568409
468.1413408 286.3365742 -78.44234322
-87.57491878 -209.7703127 229.8596398
77.64496693 87.22626223 -431.8796383
-168.1502343 268.4330224 300.0218331
52.20887454 -25.19381752 -358.4753305
-88.33240489 -321.4702368 358.5778875
-255.7995562 -98.57778627 -404.7200011
-138.4521964 369.647494 477.7673438 R
143.6555795 21.57541666 -20.46636972 R
-74.01226541 -241.302072 424.4923844
159.2558668 -75.21771653 -188.4948718
352.3909685 -307.2140511 -108.6368192
-177.5509171 538.3462835 -321.3446173
-454.9734006 -79.84649921 -189.9646245 R
-531.6153899 45.00420957 462.2286397
-308.1020803 175.8232389 312.8507106
496.5900075 328.2705322 189.4500065
-450.04049 237.9416023 -241.229689
436.1734465 -58.04524279 134.1451769
59.11831897 -268.3963157 22.27413329
275.6872529 347.8918651 517.5802952
-457.0547473 375.2492484 486.7686348
502.5301284 -82.17000381 36.15104495
-489.6840518 522.5145802 72.3241052 R
194.9796708 -85.43005598 -163.9778788
120.7586169 425.3092424 -158.9584724
491.2500221 145.7559801 399.3354446
419.9876745 226.3540478 109.2530785 R
214.0149497 -228.3525264 -366.092853
231.3834692 218.0903277 55.85768311
-412.0181457 -415.4929363 -260.3988453
88.22372371 285.4592706 -81.05794585
-393.3329944 -105.2417265 -27.73980083
-31.30572429 -430.1707971 -519.5917796 R
387.1786479 471.1316153 134.4890553
220.2299125 334.1174154 -23.35033492
265.5704731 205.2635199 -6.492375074
-290.7303686 257.5812167 31.19071807 R
-457.9771749 82.55578854 -312.6851833
251.6702219 -169.8090682 -2.318483153
204.6632 -480.0742898 113.2911388 R
443.7339415 -218.3733276 489.9672901
-282.3977073 -52.15444671 -122.6451153
-170.8130544 188.4763691 -114.000449
-13.78521555 -483.1912957 512.6167921 R
162.1898752 -371.4779902 -2.505885581
148.9198996 529.9774621 30.96846388
476.9103713 153.5482187 -512.2023713
-148.0657033 469.2493827 -498.2750828 R
-199.2238458 -81.02070226 -438.9088142
-159.5835528 6.295471731 -138.896369
-458.005502 -53.55182006 -455.9992878 R
477.4927806 -535.1078182 -134.3258 R
423.3427239 -168.4119363 -530.9932671
390.6138621 -428.5417963 -172.0752567
-467.3074973 124.5417729 -3.84031612
-391.9567029 389.4635214 -228.4879698
-150.0994597 -73.99241516 -391.8157139
-209.2828735 -186.0395908 50.16593927 R
247.1231142 -218.899984 -124.4130261
-36.82845733 0.6589541488 415.9593158 R
476.6365176 162.1234232 420.7389141
-160.2019105 -86.05705763 324.8571328
-123.0210424 209.8529143 -273.7526014
272.3036012 -359.7437617 -382.2810161
-232.3167857 -32.36863991 43.22732186
-489.7715636 18.0994602 -107.3258119 R
-59.14447698 -101.7974036 77.78173821
-142.4894419 124.6256082 278.7550915 R
413.7828672 61.04526028 494.33577
-151.5754854 -383.6253318 218.193908
-19.77782364 -452.7642009 -202.2990637 R
-212.7919022 -19.99819839 -407.2087169
-468.2249961 -134.8933181 -109.1995251
144.584606 -383.8199244 210.4570672
275.5807546 332.0504656 250.7777366
499.0381226 296.746755 -483.0404391
404.5086544 -328.9834987 -258.3561758
-438.6310642 520.5370538 -159.0301022 R
-29.90474773 21.3375789 8.542999386
-512.0937356 -446.9057815 88.85041692
346.071651 -5.074314079 -92.23710162
359.2346381 118.9031264 256.8604983
396.7243775 -180.9176402 441.0595218
321.7151534 -184.2706394 335.5342353
-244.4592133 129.8614881 -458.434147 R
-259.3261284 -15.8620338 115.7217584
253.8056137 -462.4070817 -393.1383834 R
-222.2527485 103.2458078 14.43640252
240.835655 178.7572248 366.8985288
-229.4120208 -73.53170812 -475.1034247
-142.4167992 396.1636102 -138.7815219
-72.92067099 -338.906123 159.9893431
510.7081886 175.569998 -351.1661317 R
496.8284087 -452.7194852 185.0293468 R
-400.1593028 431.446409 -89.28715131
313.7833166 -539.8000094 384.6020944
-251.1027712 343.8567841 342.0999514 R
-184.6404082 -378.6342043 -457.7124592
171.5561835 471.5018527 -326.0304025
78.68769318 -249.6392702 -60.2956578 R
-181.9781849 -481.131779 -452.8177243
356.3293098 12.83054722 -352.070679
328.0008744 -380.9469091 -353.2709458
360.8503309 -529.0705214 -168.9929937 R
218.8436867 335.6412566 424.7829488
93.41055535 450.1053987 -464.5982712
395.630222 296.5940531 234.1987213
-470.1439483 422.3414145 -275.925188
338.1405868 443.536558 50.57127342
284.8420744 274.271319 -291.8203546
11.08825925 -70.54429751 141.8842603
-243.9841681 -436.1530289 32.72537492 R
-248.5487084 384.4680576 -183.5300895
462.3518942 -312.1718683 -285.3326227
-406.0156256 22.8291792 -185.8052623
505.7754062 -337.510537 -430.4623245
177.4516862 286.1935751 371.6281658
-512.7046339 118.1552429 236.4665134 R
255.1459277 512.635881 53.93897324
95.84656496 11.51361086 381.4102597
-349.7332037 455.9827559 -117.8097547
120.2232795 205.4534702 508.6587822
-5.409565511 -76.55041118 -247.2924474 R
62.189273 -20.6616079 517.0077352 R
-176.7574209 -387.7975663 486.2242783 R
155.0757609 75.51613142 430.6953924
320.9537351 -451.9400541 306.4931786
291.8480855 514.8642231 -28.58363049 R
-433.2319431 124.0319308 -416.6677061
340.4519679 413.4007346 277.6126424
260.0806285 268.7263358 467.5608753
258.0997788 -413.9751281 -455.9945967 R
325.6075915 208.3235159 437.0914747
316.2520641 -120.5496737 -337.0332489
505.8145885 -228.3395167 265.9035064 R
189.5680165 -156.5797142 -30.25653383
14.91664502 -390.5133574 500.5957542 R
417.1932184 -133.0653072 183.3434022
-469.4737483 453.3023615 -471.8799937
-400.8647474 264.6599183 -465.7397095
49.05971285 -369.1262747 -293.6648367
541.4625929 87.94189697 -341.614017
-238.6106708 267.594775 355.2156812
-483.995694 -275.187797 275.4655426
183.9971227 -466.7456763 -250.6935961
515.4122172 -95.00878468 421.9548144 R
46.26269516 -147.1234007 -323.0295522
339.0553407 -351.7502612 161.8153812
161.9679416 -296.0414117 -84.54938177
-219.5272518 449.1470852 -69.84078659
84.39459132 45.96418782 9.057065418
156.5799829 532.5399825 -464.7885004
314.5309335 -530.6631793 -89.56118835
362.7267316 176.016755 -60.99068272
38.91420104 116.6429811 -90.00613705
97.68650204 353.0709711 28.39765785
-336.6490504 -414.6200835 -294.7827715
144.5975693 -506.2819677 13.34912879
-437.1630697 159.6584293 297.8160583
205.5996556 343.5848109 491.3760223 R
456.4646092 6.603660176 -225.3676954
-320.9936893 335.9489481 -383.1892037
-229.5988355 -64.80217698 -181.9056526 R
-416.2239616 -184.8749054 -102.5664424
-450.2350231 542.3184712 129.602034
303.7459994 -430.1147792 -16.35033116
-412.8846364 -325.8202421 286.672071
325.7211594 -164.1203484 -263.156046
-490.4905978 -429.4810723 101.2590243
129.1882931 -344.0585354 437.4748568
314.7124603 452.902071 399.0044202
-483.7087095 -74.3641963 -34.10643992
380.3176259 194.710017 -379.4189752
-469.5548959 300.8075285 443.8011835 R
333.3088312 54.50495027 -349.4764806
-294.1905185 -7.271583128 357.1159917
-174.1431945 -222.0145412 257.6053248
-385.7728133 203.1967032 324.3142375
525.6236246 -364.5866131 409.8392758 R
513.5056399 -495.0516309 334.2644915 R
252.4465594 289.1386211 549.1155589
148.3834803 261.1589682 483.4878167
105.0808344 258.3207489 375.5086771
359.8875125 372.715289 266.7600127 R
86.16417334 77.6692429 -363.6660178
380.8023824 -42.75013962 -419.221982
28.65733954 327.0001547 83.43364853
-406.9622718 262.7683779 482.4842692
-463.100134 199.9161693 -180.9865532
-227.4532786 -410.7887071 239.1142827
136.853031 -156.8328949 -211.1453749 R
16.04149246 360.3395599 -132.5950928
117.3110063 -206.453381 294.6284907 R
169.3445386 -266.7099029 -457.872247
144.4767149 257.6451236 -297.6566095
481.1751166 73.46784472 178.1134418 R
-1.103149105 489.2533453 -296.7947263 R
-15.29670034 454.6960743 152.0343476 R
99.93994216 286.4630865 -209.7074819
228.6655588 -403.1969218 -427.6249127 R
-414.4929623 294.2613296 -493.0423851
340.8819861 -368.595738 -454.063844
97.79247412 104.1231385 139.7643014
446.0297245 -168.3700007 204.4559556
293.334925 369.4503106 421.5867934
110.3752734 431.0062329 -526.5568047
-242.6321068 512.4870533 -239.8882933 R
78.25882983 481.002374 178.8455473 R
-338.7414819 457.7687875 354.8310594 R
91.39537458 251.6791872 157.1204875
263.5621282 319.4025126 -178.9834688
465.9516607 -230.2413727 272.754381
-290.9180269 146.7056613 95.74069137
-475.1987786 496.1331621 -316.493823
514.798516 -343.9121157 -336.9430697 R
-314.8436461 -81.52651796 -35.30717272
-285.8468729 -2.505886737 -435.8643006
-477.2933488 336.4236131 -330.6858096
-316.1392168 -385.5642309 -35.90626408
-182.5908897 445.1033151 -517.6591377 R
182.0738301 278.507814 428.7020608
-524.3767098 -153.1396692 38.20946581 R
-66.04716808 -485.4517957 -332.936858 R
-118.7300534 174.3865364 74.53485588
-179.1089124 -457.4850378 274.9106594
100.2100821 224.1275124 -209.0176831
-73.03292638 175.7027849 -53.07627736
350.6977439 -132.5042815 -387.274665
490.8189541 97.2522614 462.5480995
64.11512963 140.0438218 256.6072086
284.0199598 339.2320464 371.1722432
-295.0736901 124.0504384 428.2506842
223.0639018 413.72212 -351.462753
-465.1245546 492.862947 -516.8685888
-70.4481754 -233.9889838 -445.0883939
-346.1020764 -129.6842258 -10.70373392
45.80961996 -486.4059651 248.932554
141.8045985 279.5638942 -380.5268923
-344.8163251 356.7525487 484.7423524
2.699557871 410.8407569 -421.3208525
-323.0306672 472.6711999 -259.1340308
-29.89112688 179.4453687 -363.525071 R
196.5717768 -370.7252465 190.8907388
18.70986456 238.0124358 405.0209899 R
-315.6604394 -218.9884492 145.1106321 R
452.6380376 161.8286627 -182.0396999
-58.7803392 -57.46677262 -243.2743541 R
-449.2286666 246.2056829 460.8962183
149.4100111 -412.0699663 -310.607625
207.9355328 -480.8282399 -535.9647583 R
-93.5876628 255.7185394 -149.5807041
83.02686536 180.6145378 470.4426072
-139.4240066 273.0028145 -40.08799078
69.77056566 -309.9262534 178.2435004
-72.92201584 339.668392 98.65311594
481.9087158 524.7292718 51.99727208 R
-320.6659303 288.3190978 385.8304476
156.6029382 -417.7463697 -383.2054379
-185.4921097 -266.4839677 23.64927905 R
403.6946253 -333.4775488 8.87658869
-353.6013224 175.0233948 -73.26940133
-322.6921983 -159.8581625 73.12601361 R
80.96327167 -243.2361736 -495.4420361
-484.425363 452.8977288 162.619227
299.9835225 10.08702194 335.7095879
-369.590695 263.069754 176.3105364
129.4515495 -508.7971792 339.6120457
182.0019719 -62.29503163 423.8926544
477.412113 -209.1850941 406.8703583
22.19061233 204.3740213 244.3237131 R
-498.0156494 -79.91702458 -281.6461817 R
-245.9533979 -219.444624 -503.1794687
489.453841 181.5059862 -111.8430577
167.8030385 -445.2194586 198.6067325 R
321.8359562 -494.4683468 -105.0038048 R
-226.9670411 64.42900635 484.0583442 R
-30.3136836 249.4051181 -254.6099195
-70.28634299 -414.9422702 330.6870218 R
493.0356107 155.1108167 93.40921898
-109.3429261 5.664068849 -109.9258067
-500.4732939 425.7006251 189.8425282 R
-442.4184312 -331.2289174 -345.1440852
-216.1366316 427.3875801 -319.8627768
-227.557372 -67.28949968 438.8392547
-295.5785036 -131.7438767 359.0400949
278.6727569 -99.0124675 -506.5561071 R
265.2606132 -289.5314368 477.8577606
-509.8394678 -399.8610891 -41.27619281 R
401.0371965 -362.3210129 525.844798
69.4092239 -61.18783879 -318.8733092
269.7342156 -404.6293522 256.0771136
105.0439712 -303.3511225 472.5640741 R
376.5080435 -309.2907733 486.8953316 R
-261.6592403 10.07928291 454.0780127
30.00153937 505.2194259 -431.1282515
65.73967742 -190.5433056 397.1498463 R
262.8610491 23.81415155 -347.9002441
-488.5243925 -169.11543 314.4204305
-14.38336346 338.4317624 -174.0314197
59.09001242 -498.2954844 -40.5295839
393.6985182 512.775374 -293.4066379 R
318.7339545 523.3737878 -308.3899394 R
101.9249642 -459.4613261 458.2167944 R
233.250893 54.28695926 360.1441757
149.5562116 -491.9961632 323.5440386
-14.20000878 419.7430086 -226.129709
293.2341031 -341.1585693 189.0914171
318.8980862 311.2541644 139.2528696
-25.08069455 -252.1163765 393.9037272
488.810013 125.1984503 -283.5121326
368.1738316 63.17908226 -168.5713538 R
230.1937741 -377.2490547 -155.0612943
516.032739 -202.1160929 -185.0011908
-125.8883054 23.70123447 30.18788835
332.9939705 71.3557464 280.8412844
278.5699397 -49.34136263 -174.421095
497.1762497 -66.96135904 -353.2457052
-41.4644166 -99.69510246 90.51115362
272.2104456 -475.1922049 170.4773931
-90.18158813 -373.7969478 -9.565002486
-277.3002355 246.8383075 326.0176056
-519.7553554 -107.9028248 76.94170237 R
-54.81012308 -357.9108677 -502.1608045 R
214.0528491 489.4075008 -270.6961121
-225.5647749 132.8302396 -204.8448706
-161.2165521 275.7840092 161.4333633 R
262.7650478 358.6161448 286.2498281
269.9410054 -279.3666325 153.6258746
35.02426636 -422.5735019 -67.12551632 R
444.2221134 -460.138646 40.81466158 R
-372.4786456 -368.0826368 -68.73555196 R
29.31696174 294.2166633 301.292559
-396.3243 -335.3265959 486.9606033
-433.8700562 -261.7171858 -135.8313548 R
-289.1288574 -259.266682 266.1154467
184.9866363 -92.14864681 -31.32059908
512.4779635 -334.8935306 -9.719748647
-355.6649754 173.1231321 -121.3101957
-118.8464429 -41.9425825 332.1991273
-465.1309215 157.7650734 -210.2707375
-193.7342287 205.4262762 -514.0304172 R
-403.2230954 -39.86519413 -58.51958932
156.2851854 262.5900042 -157.4940546
-258.7402898 235.0386361 -210.8431342
513.1678209 -275.1419215 238.0941448 R
-49.02963272 -271.6208342 417.6712145
-474.2003649 547.9122824 -48.98244935
296.120574 312.6865203 413.9649824
-146.5523064 263.9752192 457.1350307 R
-130.694061 -335.9938 416.7429777
392.7052172 200.7406098 169.6260978
385.4337204 -337.0142757 10.9826971
-479.8026618 383.5614439 246.0573584
-525.5808142 198.1074696 -215.1561628
-378.7849464 180.828067 -53.8036476
126.9134375 172.0666122 28.93555644
66.11365497 -477.2143504 465.60259 R
-254.8322309 217.7281417 441.3003227
-458.0001311 -320.9503986 460.1629432
-279.3711428 -170.244404 -219.6323521
-12.3622861 -155.0135355 -358.1789126
-442.9901606 -314.1984707 254.578912
-510.590916 161.022272 347.8735555
-303.9041838 254.964407 -499.5198088 R
474.9871878 382.4005482 495.0965706
-397.3804212 356.6745304 -39.22024302
-206.3224863 -470.0783326 252.7383682
468.4040952 494.6113681 116.1360056 R
398.9071609 -345.2273861 400.9242847
419.4987855 -47.70117025 393.1335714
135.504328 -390.4666908 472.3936825 R
485.1022834 -337.6820543 489.5552352 R
154.636047 462.3815513 434.873973
-91.12599587 274.7326656 266.2413698
-1.718513833 165.8261651 300.8320337
-360.3902689 -267.208693 -75.80242275 R
-296.1475112 421.7963943 -222.8482472
-37.22875443 -289.1329917 -301.7294655
-506.1966067 484.0211818 -240.0150106
460.4330534 505.5525924 40.13661403 R
465.3255873 188.5984549 335.0771736
268.4758359 -417.3623074 262.4304995
-15.90914514 98.54806266 460.0892481
-206.213484 -484.5817626 -496.1317273
425.0426904 -386.7249993 -52.95156388
537.7093849 354.9927442 -375.5720294
448.7587278 -468.6798631 -417.2435771
-169.7623967 160.1095379 139.0807769 R
203.7421482 151.7653574 -391.0202755
-123.0474365 -108.3626011 -254.6920319
145.3916455 168.0961461 -495.277098 R
288.019746 -276.3888498 -124.9183601
-360.0778108 -167.8615499 153.3356742
-144.1652544 -224.0153617 429.1127975 R
301.5039116 91.58854262 -319.2534205
136.3923536 -238.8486923 -78.702945
-336.6078714 -436.3955606 -61.95382501 R
-416.3277783 -171.6496617 33.4462628
-437.9766601 -20.08287934 329.1849023
-219.3275049 -321.147287 -130.0266494
329.3003564 287.4006099 359.0591932
-343.7601817 -118.4159255 -243.3609014 R
-137.0969553 85.65616476 144.5111103 R
343.5252088 -173.6085434 109.3842953
49.270361 -288.5534978 -263.3453732
539.2250385 444.7081818 -423.0505114 R
101.5527829 -260.0574435 -504.5554453
-335.8159487 1.417376132 309.7350308
-380.3162077 389.0142931 -265.8814551
-521.852881 -375.8137955 153.6500338
55.59655015 -370.2585358 -252.5765047
-124.534257 -187.5532325 -49.3618936
-185.8694529 -339.4974428 270.688879
345.4185292 -546.0318453 -369.5735174
332.8725602 -174.5747367 357.1406654
-469.187411 -186.7933831 158.7201466 R
-305.6336946 -187.2286148 106.1718756 R
-167.2138 161.8684212 239.1896928
42.59491691 -189.127677 542.6962296 R
-92.61956205 432.8717924 -219.9844708
-374.861099 351.4673359 -220.9026174
149.4832422 -133.5980423 -495.1949119 R
48.10382674 -83.9249463 101.4498981
80.81880822 -26.14720792 -97.03708959
-315.5442718 -448.3100238 -261.7734166 R
70.63566958 95.94953783 534.7530235 R
346.3999714 -331.4586174 266.5912012
79.91458223 17.40790739 462.0427001 R
325.8514326 -492.2285137 -55.48654729
-211.3161463 514.7557831 178.0854787
-222.8769613 -88.74366658 345.2371436
340.8816524 -162.5305315 415.9179607
-100.8919852 257.3126375 -421.5258996 R
72.27174608 394.4147029 -303.8804073
-272.3261936 -309.8999534 -188.0441061
433.4772237 175.0489154 428.989134
-166.6978209 -479.806772 279.8541008
333.8512771 405.0387673 -101.3139913 R
-468.2157116 511.6602377 404.8337898
-477.0673433 149.0886054 426.040584
-394.2683723 -476.7462556 407.0277459 R
364.0425794 301.1469452 443.514102
51.22113941 291.0417488 -33.16229439
389.0401053 -304.4657607 -291.3837849
426.49785 -84.65631291 218.6617012
-237.4564677 -23.572261 -313.6621997
-56.64918995 -170.6477314 56.46044739
-71.15486446 -454.2658136 -12.64281781
218.9839164 20.04203293 210.8441095
422.8342711 173.2712608 327.7866256
84.54497135 249.9169264 312.9479509
-457.8492872 -236.966967 51.27477394 R
330.39808 -141.176526 286.6086129
154.4157324 495.1610213 127.0921977
-218.044236 -317.7416392 -108.6929318
-199.8384886 -430.252942 193.6650783
205.4210643 420.5950014 167.7432816
230.7973619 -294.7772467 436.0854109
447.0488891 -113.947773 -192.2821288
-426.7543294 3.797610761 -144.6388649
146.1464432 323.6438519 -467.6357752
-141.7883136 -93.99867499 -100.1913187
195.9430008 389.4303758 -395.2721031
-72.51524684 385.1059523 491.4804277 R
67.55895438 44.99089246 -125.7464543
-411.8301633 477.2809343 237.1179752 R
11.93958177 -183.983528 72.83843984
-237.055798 -166.0512091 207.8106939
456.0569384 337.154436 122.2864413
-515.1364264 -274.8285177 3.313333804
-493.7644473 -468.2912036 -179.5472814
-279.3678305 -24.77247146 -439.2413673
260.3128925 -197.8995198 -238.1891399 R
105.6240319 158.3796607 26.57202631
-109.78877 166.9447411 -502.9787498 R
332.591201 100.4892322 117.7529068
299.3908713 -287.6102188 -303.6702659
466.0809453 -129.8884993 170.6038923
465.2532266 -128.5822441 125.2550614
-366.9745848 214.2078612 437.690428
-31.55446901 -461.4637243 -3.239634638
13.75159366 -283.1543596 504.6440851 R
464.8977868 -85.51781981 -491.41693 R
-256.1302535 162.645109 469.666448
-78.20634546 -195.0735076 -365.3589176 R
130.1941672 -244.1482505 -403.8166973
11.88444297 -20.17236268 -397.9887259
225.2059546 -235.1648939 -460.395283
-126.8181214 382.0899891 264.9546108
-225.9562534 240.7222037 -123.653379
222.8678528 -98.8324446 -315.6078013
496.4322421 -247.5681229 -351.2305575 R
-483.8278153 7.322731059 364.8763264
-44.76276953 387.0552008 434.0406833 R
-203.4930232 259.4855683 -151.005424
491.2363057 252.5173675 -142.3842858
10.44614956 273.7249065 -361.7094195
75.46226852 -18.80902077 54.92903134
-266.1848053 299.1577229 8.288741968
71.98361043 281.8285906 172.0688042
-176.6614523 397.6566351 410.2663502
-314.8870593 463.3038065 380.6287192 R
-457.2696711 -451.5957456 470.8145206 R
475.0698351 -403.9741117 -115.4901844 R
-513.0985898 462.8301827 -280.1844389
383.6227054 213.4959745 -208.6005199 R
-485.6306374 -34.41480624 36.4463607
-23.75676881 -344.3546802 24.01889101
486.6728109 -88.31220024 475.798131
-280.0900329 -163.7425994 17.33821988 R
512.6481337 299.5844577 -141.816514
-292.9446152 338.6233412 -406.6498344
-392.1056028 174.2964494 117.8838802
-190.1787987 440.0432288 495.5798006
-200.2551437 125.3782771 233.9733955
303.6460357 429.5966404 479.5892338
-67.83150083 -538.7820074 -188.2914006 R
470.4829646 -79.06618561 -284.0860425
312.0269208 242.7456824 277.4205397
-469.5665579 -404.9006269 6.152271814
-500.313465 32.88598581 177.3675068
-212.8949835 -268.916508 479.0769273
-124.3931408 172.1456618 -180.6179159
341.2511548 474.2060751 -456.9813576 R
262.0638321 -57.22068434 333.2669538
355.3393647 106.979332 -440.3793126
171.0757838 273.2944325 -387.3969726
-224.6514654 188.1362266 -284.1757789
425.2883899 -89.34629625 380.2604432
-22.25171658 -384.6948997 -65.19770755 R
-482.8017553 -378.2399333 406.9989909
-198.7545985 302.3944107 -325.4734312
378.2778545 542.1265874 79.20653908
145.1576418 -448.2374329 -381.5276913
56.99200771 309.5289172 447.2937722
-375.1869271 85.31645129 -453.181272 R
-47.00491383 -363.2422928 -417.7510064
-452.0942874 276.6927873 282.0424182 R
251.2554621 262.2892504 415.5495006
281.0552139 285.2776712 35.06570148
32.33359622 -23.90339061 44.61705132
176.8614955 -436.7441359 -217.2874912
24.11483843 -100.3033484 206.1297928 R
510.779077 -77.97295078 -1.712973957 R
427.3482192 200.6059123 -3.305767818 R
-249.5185111 274.7966061 -130.8032693
393.2524694 -304.8260859 355.971604
-405.3126299 391.0728381 -26.63787292
142.4266883 243.1053651 -419.32891
49.33599181 -288.4404411 263.2056994
102.5620055 -164.1385158 -259.3014826
292.6689691 113.4049987 377.977543
-157.9103913 159.8540068 -276.6604958
-475.3327459 465.1615808 -150.6568979
-118.6820425 38.06245836 -243.5404578
-291.9526689 352.7349964 273.6326745 R
-77.51887364 -324.7049151 -296.6159443
166.1958062 179.1417465 -116.6704984
-136.6318291 215.1042676 -20.04161778
96.56365667 231.1828754 -304.3831168
-275.3267897 353.4867109 -228.3953506
-45.03740508 -254.909879 -450.4423906
-258.8868608 -127.7915949 -221.1061455
266.3821615 -60.03738346 -107.4350959
480.4504039 392.6261711 363.6104121 R
-273.8447596 23.06682162 -19.31017528
-301.5455812 -389.2146946 -369.1597934
-254.3661591 312.6136773 -100.3666857
-28.07035002 58.52163896 -342.3487046
-508.1628678 204.6786501 101.256124
-38.18242537 -268.3341482 359.6580075
-41.19571974 -236.330219 -376.595889 R
-263.6731054 -51.94127063 -21.11261158
-132.5231123 356.5799645 290.6926086
464.7210796 3.316787048 359.8465125
295.1197465 -73.69762638 -497.6298727 R
-469.1592775 118.4658369 -307.0561077
-411.1645897 -404.1843064 429.6415459
-222.6819892 234.6748393 -54.84262862
-420.4626186 266.395954 457.7803596
111.7830857 -169.0301296 -116.7944822
285.6126689 184.7142354 365.4962942
288.1161766 -400.6656226 -401.8903836
-143.2404548 -190.243711 302.6713951 R
114.5088095 59.44031652 -402.9583564
445.1708144 -354.3859391 148.6344807
98.15478544 -423.3494929 -261.3559096
-237.3585225 490.8741243 36.97656045 R
314.5607087 53.86740775 -501.020475 R
-342.6681524 -481.8879338 18.74967993
-365.9317795 -545.6979435 49.75017467
-445.3754513 153.7722184 -81.62901125
184.9554907 -246.7475356 -423.263555
-497.9148513 -512.892018 -207.7568769 R
261.6479144 -452.4641425 -34.70481684
-359.6485855 210.1539896 -99.29465882
-131.4651866 393.5926213 -257.6468053
-289.2263164 389.0899145 110.6680632
487.7713327 -27.32971105 514.0184247 R
333.8558087 491.1681002 -344.2296868
78.70053634 59.75093158 -71.91652024
381.102311 307.816612 298.1903879
217.8033343 129.9126942 434.5507455 R
-401.2934625 -42.6692811 380.9021115 R
288.3417993 -259.1111781 -288.6879067
-105.5525645 -279.2472697 218.748004 R
59.10164968 -445.8886557 -39.47278528 R
417.7655163 -268.5099129 -111.2633108
-58.70659958 -544.374878 359.620943 R
200.3334304 517.7752955 174.9342292 R
-217.23122 -136.9010727 277.04309
-437.1860074 226.6436805 305.5385309 R
83.29684578 -469.1584764 258.8059182
-239.5561301 -79.00753 212.4503612 R
315.9173013 -232.2539143 10.60255476
-5.741229516 244.3405645 409.1744481 R
290.7016076 40.8839132 466.2362515
372.1257595 -458.8979674 -370.2865464
-412.0358811 -171.1230746 89.56200043
-13.82552252 -412.2378331 310.5336946 R
342.883911 -296.23558 -536.2401699
-43.97445966 98.41802521 115.3791428
-323.1423668 -439.6789272 -406.9713153
-20.49846767 -340.7037686 178.3025142
-222.0353639 300.6080935 -400.559171
377.9413343 105.2384601 -517.6575143 R
-219.8465275 -430.1906865 -97.84772151 R
-163.2237827 199.9682856 -36.51545233
276.4497994 -16.37107331 46.03047935
15.66389035 433.0786427 9.356256695
130.716259 127.3328826 233.9892356
-523.9459758 -94.85962313 -490.4308955 R
429.2262638 -174.2806101 232.0560495
-139.3529721 189.0753438 -421.138247 R
-59.59808169 -149.5621024 -117.297478
-123.9200337 427.3147003 478.690152
452.1443178 10.347956 -435.2922378 R
381.4118577 -143.7979975 -453.6848986
171.5696906 -198.9519914 -85.50663504
20.41778858 549.0703481 -177.0593606
342.0059075 489.1560133 -170.3724375
-312.7787557 -283.5410227 -392.3341018
-466.1040656 -455.6850203 -464.9115155 R
-333.4837616 105.5603085 -429.1655927
531.5670391 -473.4434359 337.4834268 R
192.7049062 366.7826118 400.5208649 R
-288.1340933 526.0816996 -406.2301467
236.3903154 -412.2076977 -189.6446217
528.1066786 -381.3796351 113.2175084
189.4306771 -451.0143944 -349.5884014
495.3128685 203.4459716 4.527068874
-120.0742351 310.2514897 264.1183938
-321.4536985 -505.0721583 497.8948305 R
-321.8284724 253.2405108 -210.9385097
-487.0723081 -317.4005911 317.8270179
241.3238639 -473.258185 322.7387415
-353.5752135 -266.6515975 515.1716327 R
491.9573794 -24.91027704 -186.8301108
-189.4554389 388.2460342 -232.2247486
251.2123051 378.5780898 -281.5788676
-187.481692 -293.0403196 -208.3566276
-267.1866543 312.856391 -285.7321323
-376.6563218 -519.7046 47.21771006
-150.9777997 -73.6253491 231.859617 R
203.9759765 -139.1023437 -68.45816771
67.64942546 -398.1618845 224.5866994
196.1783248 -63.2388847 287.2528396
139.9780853 303.1782257 -0.8237803974
-188.9966495 -280.4822651 -93.65585696
92.68989895 64.98246988 165.9757996
-420.4663038 206.5549773 293.0967194 R
-242.5281819 -373.2353906 317.5546026
-458.1167496 423.4646083 -303.5688061
272.9573326 -361.6008275 481.5392905
-213.9538218 100.4101918 -111.8524337
365.4494264 -494.8557495 -266.4075567 R
-246.7007801 -142.4919153 43.44207609
-193.3692442 -398.1634152 -423.2473055
-512.8612557 59.902537 385.9792711
249.9550714 -460.993047 -187.5513752
24.31692704 456.7121015 -52.75015778
-436.7748738 -163.3614924 -88.19720919
330.7745081 269.4207862 353.1051366
-249.648629 -73.87483592 421.1983147
-291.2279826 -529.5676985 -127.9008348 R
83.37716019 126.2960276 361.7893208 R
244.5105943 -195.9691894 -178.9487116 R
-370.952417 410.004943 522.9433822 R
220.5507938 353.5167356 -494.9281237
-489.2175258 -458.5938026 30.61597378
259.6357579 -540.9441962 413.078526
128.4518867 41.22123058 -374.3064653
533.7063512 418.1152967 -200.1921518 R
425.0732397 327.3979209 480.2385661 R
-83.4706727 38.3829205 59.11578373
482.9640869 -20.25906463 -47.84704832
-466.9368028 94.79621849 370.0939127
294.0296806 -307.9021815 -229.9651468
-496.2207225 485.1089025 504.7877123 R
239.5124294 220.0613885 440.0160217
8.066377406 481.618518 -361.7089463
-311.3821979 382.7686662 -146.3606787
378.7936316 -438.1353126 -240.2953362 R
-231.2725463 324.3756752 221.6067657 R
489.1924683 -32.87247416 -21.30937406 R
-87.48123779 340.1428363 -194.4747232
223.0509896 286.7728974 446.8903009
392.608629 -12.99143968 -200.9244596
471.2885547 -14.05500575 411.2669124
79.81039069 34.23383728 -27.40969381
-252.3206858 -504.7670718 20.55866213
34.04030105 274.0321461 -393.6333375
-356.5574435 -302.6610111 -401.5415196
-336.2808917 277.098402 -56.30913657
-494.3659956 -314.9906551 -369.8102953
-442.1507209 499.8761081 -81.65795065
499.0400014 523.2926504 91.30548683 R
427.6976948 -161.8755001 -343.1770075
-490.2540606 -201.8838252 -56.37170416
-56.55460682 404.8429956 474.0830006 R
169.5569381 484.9169291 29.14389833
1.32876124 -355.5857466 -490.7743275
-240.4272998 -376.1200796 -453.8231255
132.8835092 520.2852421 57.7751082
240.231774 42.11492553 235.6538777
470.0474447 257.0277881 -34.41186448
-472.0711513 -516.6603299 185.1486616 R
-347.0288671 469.0621138 -489.3437569
-240.3007153 153.311469 265.8741606
-342.2702107 -258.1590286 51.79192596 R
84.18323857 135.9306663 -133.3794592
206.2916288 -207.6574326 -190.0213182 R
155.8089093 -75.33343158 358.3015566
496.8956657 -494.5741635 -316.8447407
-543.7668567 242.0870283 -290.1538398
-408.0870633 -108.4298375 -358.7126991
83.82202959 167.8429743 536.3858304
121.2607778 488.5844857 314.5133848
-441.1651998 508.2557182 -283.1860484
406.1514801 159.3082553 -11.30303443 R
386.5837599 -198.9786866 -3.595726186 R
-373.1411557 450.0300382 312.5186538 R
61.16580371 -125.0249644 -412.6290892
298.849039 -524.9326011 -507.6627975 R
-359.6531128 465.2304016 -306.2450266
-373.5196817 196.3078779 -482.0784379
-485.7341199 269.1593168 -20.61199673
168.5180898 -431.8833584 422.9881051
438.015516 420.3321528 -121.3903691 R
123.6229884 234.3433211 522.2396493 R
-388.3130188 301.7944744 275.6779078
-376.3692104 175.471024 -249.2520382 R
-454.6979834 -198.8615791 -45.2193306
-50.97153953 -306.7925013 355.2421699
-511.2234693 -27.51600996 -507.3014116 R
-407.3549312 327.344272 245.4286084
-38.04937811 124.2966418 -421.4958493
142.5005727 269.010374 -495.2559997
-208.5941155 175.4879453 -68.13915889
-441.8469897 435.4696812 26.45186339 R
256.225762 414.989797 269.1015181
-3.30964808 -291.3159886 316.2048879 R
-453.1075063 288.0160064 -49.43206024
430.5986784 -169.0064841 434.2515624 R
-457.919487 358.3399322 528.5436943
112.5955563 103.5381493 327.9957635
-242.1022854 -442.9857163 -344.6965511
241.1362523 -396.647431 205.2566327
-19.6521324 18.22579294 -71.59570566
128.4523598 66.93294467 339.771932
158.7673918 282.4610579 294.2505251
516.2356538 -433.5856644 260.9618163 R
414.6024026 -449.429825 357.1211948
542.0458583 146.908006 -180.485825
231.5731351 91.708274 -444.5196947
284.485215 -512.5337934 120.6266651
70.71629694 190.7251494 479.3549074
-343.3835171 249.832494 -192.265993
376.1755871 399.2695429 -402.9978479 R
-336.7202762 256.9288915 -518.2023022 R
103.5392687 261.1750654 31.5623783
195.8127701 -226.3456123 -418.4003037
338.6006421 -117.5368462 -366.5101225
-316.1240637 27.34964407 -485.3741921
-427.9321996 70.45660889 -168.9979818
504.8277587 -432.1276323 -329.7260496
368.558817 -80.05795414 -245.3419374
91.9821909 105.3275269 178.2897805
-302.7129052 -515.718583 -104.4354508 R
104.1424529 -44.27978761 317.9557992
193.3467329 -318.245841 443.3776736
-407.232892 164.1849118 -441.7434033
210.6643039 -114.9507434 -49.88523994
-204.4161556 526.0742722 522.3382078
125.1202359 219.8138674 -64.11296942
-366.6904039 431.0609123 -481.2305941
452.2112816 -296.6334625 415.2728375
50.44431071 -67.70575226 138.7424423
-36.73505079 444.9739826 53.28038668
-293.7970523 445.9243875 521.3049624 R
-243.1241604 -538.9922373 291.636286
-530.1404179 134.5724708 243.299632
513.6300746 47.15804114 284.1752724
-178.3842798 119.6702269 220.0145186
-244.7549 -315.358724 446.570204
-421.0237673 -482.8546378 -533.7498892 R
480.1686761 -51.74384659 238.6278801
-156.5759453 223.8920702 -115.8544655
-37.39082795 24.50941206 -469.7665234
45.38512672 -351.9918373 171.0967065
148.3317128 -508.0013626 -152.3778656
-115.2256058 152.4716883 -401.7035955 R
456.644597 452.8927715 221.4426606
-328.8898347 365.5926708 -325.4929428
-481.7461882 -64.37337098 402.8086128
-169.8942294 475.2983176 281.6946758
-1.376621584 -28.63883909 132.0551908
115.1889716 323.3687659 -426.1380533
-120.2774815 -77.74582616 155.236229
-94.88390664 -379.9369808 27.37798861
260.4957618 370.8194881 55.97287844
57.73444945 -408.3356404 316.0029011 R
527.3687106 -72.89689272 -511.1537529
25.21399301 457.1457754 -453.5891654
13.50069807 -164.1278722 -429.4797835
-444.7402381 -369.8045451 -398.41028 R
87.93373858 -119.0023475 -227.892426
-505.4485947 -502.4946942 -450.2946097 R
-381.8810918 489.235613 522.9321877 R
-497.6266821 490.37453 -37.38308833
379.8083001 381.4051118 41.19593827
362.7967554 -0.6536926481 418.2487652
182.6778784 -164.2461688 402.6151232
491.3040151 402.4848049 226.4468429 R
-490.7901445 274.6046054 248.9726096 R
299.5626568 -308.5625674 506.6105275
470.6596971 106.8214622 -454.8520167 R
268.4978151 4.267895674 -104.7571988
